# vtk DataFile Version 2.0
VTK example
ASCII
DATASET UNSTRUCTURED_GRID
POINTS  128  float
-0.000399 -0.000115 -0.000131
-0.000390 -0.000114 -0.000129
-0.000381 -0.000114 -0.000127
-0.000372 -0.000114 -0.000125
-0.000363 -0.000114 -0.000123
-0.000354 -0.000113 -0.000122
-0.000345 -0.000113 -0.000121
-0.000336 -0.000113 -0.000120
-0.000327 -0.000112 -0.000119
-0.000318 -0.000112 -0.000120
-0.000309 -0.000112 -0.000120
-0.000300 -0.000111 -0.000121
-0.000291 -0.000111 -0.000122
-0.000283 -0.000111 -0.000124
-0.000274 -0.000110 -0.000127
-0.000265 -0.000110 -0.000129
-0.000257 -0.000110 -0.000132
-0.000248 -0.000110 -0.000136
-0.000240 -0.000109 -0.000140
-0.000232 -0.000109 -0.000144
-0.000224 -0.000108 -0.000148
-0.000216 -0.000108 -0.000152
-0.000208 -0.000107 -0.000157
-0.000201 -0.000106 -0.000162
-0.000193 -0.000105 -0.000166
-0.000185 -0.000104 -0.000171
-0.000177 -0.000103 -0.000175
-0.000169 -0.000102 -0.000179
-0.000161 -0.000101 -0.000184
-0.000153 -0.000099 -0.000187
-0.000145 -0.000098 -0.000191
-0.000137 -0.000096 -0.000194
-0.000128 -0.000095 -0.000197
-0.000120 -0.000093 -0.000199
-0.000111 -0.000091 -0.000201
-0.000102 -0.000089 -0.000202
-0.000094 -0.000086 -0.000203
-0.000085 -0.000083 -0.000203
-0.000076 -0.000081 -0.000203
-0.000068 -0.000077 -0.000202
-0.000060 -0.000074 -0.000201
-0.000051 -0.000070 -0.000199
-0.000044 -0.000067 -0.000197
-0.000036 -0.000062 -0.000194
-0.000029 -0.000058 -0.000191
-0.000022 -0.000054 -0.000188
-0.000015 -0.000049 -0.000183
-0.000009 -0.000044 -0.000179
-0.000003 -0.000039 -0.000173
0.000002 -0.000035 -0.000168
0.000006 -0.000030 -0.000161
0.000011 -0.000026 -0.000155
0.000014 -0.000021 -0.000148
0.000017 -0.000018 -0.000140
0.000020 -0.000014 -0.000132
0.000022 -0.000010 -0.000124
0.000023 -0.000007 -0.000116
0.000024 -0.000004 -0.000107
0.000025 -0.000001 -0.000099
0.000025 0.000001 -0.000090
0.000025 0.000004 -0.000081
0.000025 0.000006 -0.000072
0.000025 0.000009 -0.000064
0.000025 0.000011 -0.000055
0.000024 0.000014 -0.000046
0.000023 0.000016 -0.000038
0.000023 0.000019 -0.000029
0.000022 0.000022 -0.000021
0.000022 0.000025 -0.000012
0.000021 0.000029 -0.000004
0.000021 0.000032 0.000004
0.000021 0.000036 0.000013
0.000022 0.000041 0.000021
0.000023 0.000045 0.000028
0.000024 0.000050 0.000036
0.000026 0.000056 0.000043
0.000028 0.000061 0.000050
0.000030 0.000067 0.000056
0.000034 0.000073 0.000062
0.000037 0.000079 0.000067
0.000041 0.000086 0.000072
0.000046 0.000092 0.000077
0.000052 0.000099 0.000080
0.000057 0.000105 0.000083
0.000063 0.000111 0.000086
0.000070 0.000117 0.000088
0.000077 0.000122 0.000089
0.000084 0.000128 0.000090
0.000092 0.000133 0.000090
0.000099 0.000138 0.000090
0.000107 0.000142 0.000089
0.000115 0.000147 0.000088
0.000123 0.000151 0.000086
0.000131 0.000154 0.000084
0.000139 0.000157 0.000081
0.000147 0.000160 0.000078
0.000155 0.000163 0.000075
0.000163 0.000166 0.000071
0.000171 0.000168 0.000068
0.000179 0.000170 0.000064
0.000187 0.000172 0.000060
0.000195 0.000174 0.000056
0.000203 0.000175 0.000052
0.000211 0.000176 0.000048
0.000219 0.000177 0.000044
0.000227 0.000178 0.000039
0.000235 0.000179 0.000035
0.000243 0.000179 0.000031
0.000251 0.000180 0.000028
0.000259 0.000181 0.000024
0.000268 0.000181 0.000021
0.000276 0.000182 0.000017
0.000285 0.000183 0.000014
0.000293 0.000183 0.000011
0.000302 0.000184 0.000009
0.000311 0.000185 0.000007
0.000319 0.000186 0.000005
0.000328 0.000188 0.000004
0.000337 0.000189 0.000003
0.000346 0.000191 0.000003
0.000355 0.000193 0.000004
0.000364 0.000195 0.000004
0.000372 0.000197 0.000006
0.000381 0.000200 0.000008
0.000389 0.000202 0.000010
0.000398 0.000205 0.000012
0.000406 0.000208 0.000015
0.000414 0.000211 0.000018
CELLS  127 381
2 0 1 
2 1 2 
2 2 3 
2 3 4 
2 4 5 
2 5 6 
2 6 7 
2 7 8 
2 8 9 
2 9 10 
2 10 11 
2 11 12 
2 12 13 
2 13 14 
2 14 15 
2 15 16 
2 16 17 
2 17 18 
2 18 19 
2 19 20 
2 20 21 
2 21 22 
2 22 23 
2 23 24 
2 24 25 
2 25 26 
2 26 27 
2 27 28 
2 28 29 
2 29 30 
2 30 31 
2 31 32 
2 32 33 
2 33 34 
2 34 35 
2 35 36 
2 36 37 
2 37 38 
2 38 39 
2 39 40 
2 40 41 
2 41 42 
2 42 43 
2 43 44 
2 44 45 
2 45 46 
2 46 47 
2 47 48 
2 48 49 
2 49 50 
2 50 51 
2 51 52 
2 52 53 
2 53 54 
2 54 55 
2 55 56 
2 56 57 
2 57 58 
2 58 59 
2 59 60 
2 60 61 
2 61 62 
2 62 63 
2 63 64 
2 64 65 
2 65 66 
2 66 67 
2 67 68 
2 68 69 
2 69 70 
2 70 71 
2 71 72 
2 72 73 
2 73 74 
2 74 75 
2 75 76 
2 76 77 
2 77 78 
2 78 79 
2 79 80 
2 80 81 
2 81 82 
2 82 83 
2 83 84 
2 84 85 
2 85 86 
2 86 87 
2 87 88 
2 88 89 
2 89 90 
2 90 91 
2 91 92 
2 92 93 
2 93 94 
2 94 95 
2 95 96 
2 96 97 
2 97 98 
2 98 99 
2 99 100 
2 100 101 
2 101 102 
2 102 103 
2 103 104 
2 104 105 
2 105 106 
2 106 107 
2 107 108 
2 108 109 
2 109 110 
2 110 111 
2 111 112 
2 112 113 
2 113 114 
2 114 115 
2 115 116 
2 116 117 
2 117 118 
2 118 119 
2 119 120 
2 120 121 
2 121 122 
2 122 123 
2 123 124 
2 124 125 
2 125 126 
2 126 127 
CELL_TYPES  127
3
3
3
3
3
3
3
3
3
3
3
3
3
3
3
3
3
3
3
3
3
3
3
3
3
3
3
3
3
3
3
3
3
3
3
3
3
3
3
3
3
3
3
3
3
3
3
3
3
3
3
3
3
3
3
3
3
3
3
3
3
3
3
3
3
3
3
3
3
3
3
3
3
3
3
3
3
3
3
3
3
3
3
3
3
3
3
3
3
3
3
3
3
3
3
3
3
3
3
3
3
3
3
3
3
3
3
3
3
3
3
3
3
3
3
3
3
3
3
3
3
3
3
3
3
3
3
POINT_DATA  128
VECTORS Position float
-0.000399 -0.000115 -0.000131
-0.000390 -0.000114 -0.000129
-0.000381 -0.000114 -0.000127
-0.000372 -0.000114 -0.000125
-0.000363 -0.000114 -0.000123
-0.000354 -0.000113 -0.000122
-0.000345 -0.000113 -0.000121
-0.000336 -0.000113 -0.000120
-0.000327 -0.000112 -0.000119
-0.000318 -0.000112 -0.000120
-0.000309 -0.000112 -0.000120
-0.000300 -0.000111 -0.000121
-0.000291 -0.000111 -0.000122
-0.000283 -0.000111 -0.000124
-0.000274 -0.000110 -0.000127
-0.000265 -0.000110 -0.000129
-0.000257 -0.000110 -0.000132
-0.000248 -0.000110 -0.000136
-0.000240 -0.000109 -0.000140
-0.000232 -0.000109 -0.000144
-0.000224 -0.000108 -0.000148
-0.000216 -0.000108 -0.000152
-0.000208 -0.000107 -0.000157
-0.000201 -0.000106 -0.000162
-0.000193 -0.000105 -0.000166
-0.000185 -0.000104 -0.000171
-0.000177 -0.000103 -0.000175
-0.000169 -0.000102 -0.000179
-0.000161 -0.000101 -0.000184
-0.000153 -0.000099 -0.000187
-0.000145 -0.000098 -0.000191
-0.000137 -0.000096 -0.000194
-0.000128 -0.000095 -0.000197
-0.000120 -0.000093 -0.000199
-0.000111 -0.000091 -0.000201
-0.000102 -0.000089 -0.000202
-0.000094 -0.000086 -0.000203
-0.000085 -0.000083 -0.000203
-0.000076 -0.000081 -0.000203
-0.000068 -0.000077 -0.000202
-0.000060 -0.000074 -0.000201
-0.000051 -0.000070 -0.000199
-0.000044 -0.000067 -0.000197
-0.000036 -0.000062 -0.000194
-0.000029 -0.000058 -0.000191
-0.000022 -0.000054 -0.000188
-0.000015 -0.000049 -0.000183
-0.000009 -0.000044 -0.000179
-0.000003 -0.000039 -0.000173
0.000002 -0.000035 -0.000168
0.000006 -0.000030 -0.000161
0.000011 -0.000026 -0.000155
0.000014 -0.000021 -0.000148
0.000017 -0.000018 -0.000140
0.000020 -0.000014 -0.000132
0.000022 -0.000010 -0.000124
0.000023 -0.000007 -0.000116
0.000024 -0.000004 -0.000107
0.000025 -0.000001 -0.000099
0.000025 0.000001 -0.000090
0.000025 0.000004 -0.000081
0.000025 0.000006 -0.000072
0.000025 0.000009 -0.000064
0.000025 0.000011 -0.000055
0.000024 0.000014 -0.000046
0.000023 0.000016 -0.000038
0.000023 0.000019 -0.000029
0.000022 0.000022 -0.000021
0.000022 0.000025 -0.000012
0.000021 0.000029 -0.000004
0.000021 0.000032 0.000004
0.000021 0.000036 0.000013
0.000022 0.000041 0.000021
0.000023 0.000045 0.000028
0.000024 0.000050 0.000036
0.000026 0.000056 0.000043
0.000028 0.000061 0.000050
0.000030 0.000067 0.000056
0.000034 0.000073 0.000062
0.000037 0.000079 0.000067
0.000041 0.000086 0.000072
0.000046 0.000092 0.000077
0.000052 0.000099 0.000080
0.000057 0.000105 0.000083
0.000063 0.000111 0.000086
0.000070 0.000117 0.000088
0.000077 0.000122 0.000089
0.000084 0.000128 0.000090
0.000092 0.000133 0.000090
0.000099 0.000138 0.000090
0.000107 0.000142 0.000089
0.000115 0.000147 0.000088
0.000123 0.000151 0.000086
0.000131 0.000154 0.000084
0.000139 0.000157 0.000081
0.000147 0.000160 0.000078
0.000155 0.000163 0.000075
0.000163 0.000166 0.000071
0.000171 0.000168 0.000068
0.000179 0.000170 0.000064
0.000187 0.000172 0.000060
0.000195 0.000174 0.000056
0.000203 0.000175 0.000052
0.000211 0.000176 0.000048
0.000219 0.000177 0.000044
0.000227 0.000178 0.000039
0.000235 0.000179 0.000035
0.000243 0.000179 0.000031
0.000251 0.000180 0.000028
0.000259 0.000181 0.000024
0.000268 0.000181 0.000021
0.000276 0.000182 0.000017
0.000285 0.000183 0.000014
0.000293 0.000183 0.000011
0.000302 0.000184 0.000009
0.000311 0.000185 0.000007
0.000319 0.000186 0.000005
0.000328 0.000188 0.000004
0.000337 0.000189 0.000003
0.000346 0.000191 0.000003
0.000355 0.000193 0.000004
0.000364 0.000195 0.000004
0.000372 0.000197 0.000006
0.000381 0.000200 0.000008
0.000389 0.000202 0.000010
0.000398 0.000205 0.000012
0.000406 0.000208 0.000015
0.000414 0.000211 0.000018
VECTORS Rotation float
0.615260 0.024841 -1.320022
0.615913 0.025273 -1.324599
0.617836 0.026522 -1.338170
0.620950 0.028432 -1.360054
0.625154 0.030753 -1.389139
0.630283 0.033198 -1.424379
0.636137 0.035452 -1.464681
0.642502 0.037209 -1.508994
0.649222 0.038190 -1.555568
0.656063 0.038260 -1.604138
0.662879 0.037408 -1.653726
0.669551 0.035800 -1.703566
0.675976 0.033764 -1.753357
0.682103 0.031772 -1.802739
0.687956 0.030415 -1.850719
0.693551 0.030257 -1.896997
0.698955 0.031786 -1.940706
0.704239 0.035321 -1.981045
0.709457 0.040958 -2.017206
0.714642 0.048559 -2.048332
0.719768 0.057853 -2.073866
0.724784 0.068360 -2.093042
0.729583 0.079628 -2.105383
0.734017 0.091270 -2.110525
0.737933 0.102947 -2.108201
0.741151 0.114511 -2.098315
0.743529 0.125890 -2.080985
0.744953 0.137132 -2.056571
0.745289 0.148474 -2.025485
0.744475 0.160171 -1.988464
0.742474 0.172550 -1.946395
0.739177 0.186062 -1.899943
0.734552 0.201082 -1.850071
0.728465 0.218058 -1.797375
0.721102 0.237043 -1.743427
0.712058 0.258619 -1.687808
0.701612 0.282426 -1.632092
0.689252 0.308837 -1.575396
0.675053 0.337225 -1.518422
0.658469 0.367460 -1.460150
0.639277 0.398649 -1.400382
0.617028 0.429884 -1.338348
0.591218 0.460060 -1.273155
0.561003 0.488205 -1.203199
0.526326 0.512644 -1.128446
0.486741 0.532191 -1.047860
0.442759 0.545436 -0.962017
0.395264 0.551364 -0.871827
0.345396 0.549393 -0.778347
0.295245 0.539496 -0.684268
0.246571 0.522274 -0.591666
0.200975 0.498879 -0.502582
0.159692 0.470925 -0.418820
0.123386 0.440225 -0.341563
0.092230 0.408611 -0.271480
0.065994 0.377719 -0.208713
0.044267 0.349013 -0.153247
0.026491 0.323634 -0.104785
0.012085 0.302452 -0.062927
0.000512 0.286096 -0.027260
-0.008686 0.274987 0.002577
-0.015866 0.269351 0.026855
-0.021319 0.269216 0.045910
-0.025143 0.274505 0.059633
-0.027423 0.285139 0.068192
-0.028024 0.300632 0.071286
-0.026791 0.321110 0.068817
-0.023419 0.346221 0.060515
-0.017543 0.375197 0.046252
-0.008650 0.407778 0.025662
0.004045 0.444124 -0.002101
0.020998 0.482627 -0.036754
0.043351 0.523383 -0.079602
0.072083 0.565423 -0.131305
0.108232 0.607605 -0.192581
0.152318 0.648111 -0.263267
0.206139 0.686418 -0.345646
0.269617 0.720306 -0.438922
0.342445 0.748024 -0.542482
0.423342 0.767947 -0.654750
0.509937 0.778797 -0.773054
0.599949 0.779867 -0.895307
0.687765 0.771184 -1.014631
0.772068 0.753336 -1.130475
0.849513 0.727774 -1.238844
0.918136 0.696600 -1.337195
0.979116 0.660811 -1.427599
1.032081 0.622389 -1.509215
1.077783 0.582702 -1.582820
1.117112 0.542805 -1.649342
1.150920 0.503458 -1.709636
1.179952 0.465165 -1.764392
1.204624 0.428680 -1.813500
1.225891 0.393233 -1.858481
1.243820 0.359704 -1.898389
1.258964 0.327629 -1.933803
1.271579 0.297304 -1.964305
1.282079 0.268250 -1.990263
1.290733 0.240744 -2.011339
1.297881 0.214073 -2.028060
1.303795 0.188984 -2.040060
1.308754 0.165338 -2.047664
1.313020 0.143460 -2.051093
1.316786 0.123527 -2.050654
1.320199 0.105840 -2.046593
1.323422 0.090969 -2.039163
1.326529 0.079247 -2.028525
1.329554 0.070939 -2.014779
1.332492 0.066186 -1.997933
1.335293 0.064998 -1.977872
1.337902 0.067267 -1.954523
1.340173 0.072789 -1.927531
1.341989 0.081250 -1.896785
1.343146 0.092356 -1.861937
1.343403 0.105832 -1.822672
1.342518 0.121400 -1.778893
1.340223 0.138846 -1.730589
1.336282 0.157933 -1.678077
1.330515 0.178391 -1.621971
1.322859 0.199848 -1.563304
1.313464 0.221737 -1.503680
1.302649 0.243415 -1.444881
1.291075 0.263984 -1.389333
1.279523 0.282596 -1.339266
1.269051 0.298249 -1.297307
1.260614 0.310168 -1.265451
1.255178 0.317581 -1.245678
1.253287 0.320111 -1.238938
VECTORS ControlForce float
0.000000 0.000000 0.000000
-0.000305 -0.000353 0.000070
-0.000564 -0.000659 0.000134
-0.000747 -0.000889 0.000175
-0.000828 -0.001011 0.000184
-0.000828 -0.001030 0.000174
-0.000769 -0.000953 0.000164
-0.000683 -0.000799 0.000161
-0.000596 -0.000586 0.000164
-0.000557 -0.000363 0.000177
-0.000582 -0.000163 0.000196
-0.000643 0.000002 0.000216
-0.000718 0.000104 0.000235
-0.000801 0.000104 0.000250
-0.000857 0.000005 0.000252
-0.000838 -0.000157 0.000245
-0.000739 -0.000345 0.000235
-0.000574 -0.000517 0.000223
-0.000396 -0.000655 0.000205
-0.000216 -0.000713 0.000191
-0.000083 -0.000701 0.000175
-0.000012 -0.000625 0.000153
0.000021 -0.000483 0.000132
0.000048 -0.000283 0.000125
0.000078 -0.000048 0.000129
0.000114 0.000195 0.000141
0.000145 0.000421 0.000148
0.000184 0.000628 0.000146
0.000209 0.000785 0.000125
0.000225 0.000888 0.000087
0.000239 0.000936 0.000037
0.000253 0.000932 -0.000013
0.000244 0.000860 -0.000058
0.000232 0.000737 -0.000089
0.000191 0.000545 -0.000115
0.000131 0.000301 -0.000126
0.000075 0.000031 -0.000125
0.000031 -0.000236 -0.000109
-0.000033 -0.000513 -0.000080
-0.000110 -0.000776 -0.000034
-0.000185 -0.000992 0.000023
-0.000238 -0.001129 0.000085
-0.000256 -0.001162 0.000149
-0.000253 -0.001101 0.000225
-0.000205 -0.000928 0.000299
-0.000097 -0.000639 0.000356
0.000042 -0.000276 0.000384
0.000191 0.000125 0.000370
0.000321 0.000507 0.000316
0.000399 0.000804 0.000233
0.000417 0.000986 0.000135
0.000392 0.001063 0.000024
0.000324 0.001038 -0.000079
0.000223 0.000934 -0.000164
0.000107 0.000786 -0.000225
-0.000006 0.000628 -0.000267
-0.000104 0.000474 -0.000283
-0.000169 0.000343 -0.000291
-0.000193 0.000226 -0.000288
-0.000178 0.000106 -0.000268
-0.000128 -0.000012 -0.000239
-0.000056 -0.000113 -0.000220
0.000018 -0.000190 -0.000205
0.000078 -0.000234 -0.000206
0.000111 -0.000252 -0.000210
0.000113 -0.000258 -0.000219
0.000088 -0.000262 -0.000217
0.000052 -0.000278 -0.000196
0.000016 -0.000301 -0.000178
-0.000014 -0.000317 -0.000172
-0.000035 -0.000331 -0.000156
-0.000050 -0.000340 -0.000141
-0.000065 -0.000354 -0.000111
-0.000089 -0.000377 -0.000065
-0.000129 -0.000414 -0.000017
-0.000190 -0.000455 0.000019
-0.000267 -0.000478 0.000041
-0.000361 -0.000491 0.000051
-0.000455 -0.000468 0.000034
-0.000543 -0.000417 0.000000
-0.000607 -0.000321 -0.000044
-0.000641 -0.000191 -0.000088
-0.000648 -0.000048 -0.000129
-0.000614 0.000106 -0.000158
-0.000554 0.000231 -0.000175
-0.000485 0.000288 -0.000180
-0.000399 0.000288 -0.000164
-0.000299 0.000250 -0.000129
-0.000199 0.000170 -0.000081
-0.000120 0.000039 -0.000029
-0.000050 -0.000094 0.000021
0.000006 -0.000213 0.000063
0.000047 -0.000311 0.000096
0.000083 -0.000361 0.000134
0.000113 -0.000366 0.000169
0.000131 -0.000336 0.000199
0.000127 -0.000285 0.000215
0.000100 -0.000208 0.000227
0.000053 -0.000095 0.000244
-0.000016 0.000038 0.000273
-0.000106 0.000160 0.000291
-0.000196 0.000269 0.000297
-0.000276 0.000321 0.000288
-0.000328 0.000301 0.000274
-0.000327 0.000257 0.000277
-0.000274 0.000195 0.000290
-0.000186 0.000099 0.000302
-0.000082 -0.000026 0.000310
0.000024 -0.000152 0.000322
0.000114 -0.000256 0.000342
0.000170 -0.000335 0.000368
0.000177 -0.000401 0.000399
0.000143 -0.000417 0.000436
0.000078 -0.000377 0.000481
0.000010 -0.000263 0.000534
-0.000033 -0.000086 0.000588
-0.000018 0.000142 0.000633
0.000086 0.000437 0.000659
0.000283 0.000772 0.000652
0.000546 0.001058 0.000603
0.000840 0.001257 0.000514
0.001122 0.001369 0.000393
0.001327 0.001348 0.000260
0.001395 0.001194 0.000140
0.001287 0.000944 0.000051
0.000992 0.000636 0.000003
0.000540 0.000317 -0.000010
-0.000000 -0.000000 -0.000000
VECTORS ControlTorque float
0.000000 -0.000004 -0.000000
0.000000 -0.000004 -0.000000
0.000000 -0.000004 -0.000000
0.000000 -0.000003 -0.000000
0.000000 -0.000003 -0.000000
0.000000 -0.000002 0.000000
0.000000 -0.000002 0.000000
0.000000 -0.000000 0.000000
0.000000 -0.000001 0.000000
0.000000 -0.000000 0.000000
-0.000000 0.000000 0.000000
-0.000000 0.000000 0.000000
-0.000000 -0.000000 -0.000000
-0.000000 0.000001 -0.000000
-0.000000 0.000000 -0.000001
-0.000000 0.000001 -0.000001
-0.000000 0.000001 -0.000001
-0.000000 0.000002 -0.000001
-0.000000 0.000002 -0.000001
-0.000000 0.000002 -0.000001
-0.000000 0.000003 -0.000000
-0.000000 0.000003 -0.000000
-0.000000 0.000003 -0.000000
-0.000000 0.000003 0.000000
-0.000000 0.000003 0.000000
-0.000000 0.000003 0.000000
-0.000000 0.000003 0.000000
-0.000000 0.000003 0.000000
-0.000000 0.000002 -0.000000
-0.000000 0.000002 -0.000000
-0.000001 0.000002 -0.000000
-0.000000 0.000001 -0.000001
-0.000001 0.000002 -0.000001
-0.000000 -0.000001 -0.000001
-0.000001 0.000001 -0.000002
0.000000 -0.000001 -0.000001
-0.000000 0.000001 -0.000002
0.000000 -0.000001 -0.000001
-0.000000 0.000001 -0.000001
0.000000 -0.000000 -0.000001
-0.000000 0.000000 -0.000001
-0.000000 0.000000 -0.000000
-0.000001 0.000001 -0.000000
-0.000001 0.000000 0.000001
-0.000001 0.000002 0.000000
-0.000001 0.000001 0.000001
-0.000001 0.000001 0.000001
-0.000002 0.000001 0.000001
-0.000001 0.000000 0.000001
-0.000001 0.000000 0.000001
-0.000001 -0.000000 0.000001
-0.000000 -0.000001 0.000001
0.000000 -0.000001 0.000001
0.000001 -0.000002 0.000001
0.000001 -0.000002 0.000001
0.000002 -0.000002 0.000001
0.000002 -0.000002 0.000001
0.000002 -0.000002 0.000001
0.000002 -0.000002 0.000001
0.000002 -0.000002 0.000001
0.000002 -0.000002 0.000001
0.000002 -0.000002 0.000001
0.000002 -0.000002 0.000001
0.000002 -0.000002 0.000001
0.000002 -0.000002 0.000001
0.000002 -0.000002 0.000001
0.000002 -0.000002 0.000001
0.000001 -0.000002 0.000001
0.000001 -0.000002 0.000001
0.000002 -0.000003 0.000001
0.000000 -0.000001 0.000001
0.000002 -0.000002 0.000001
0.000001 -0.000002 0.000001
0.000001 -0.000002 0.000001
-0.000000 -0.000001 0.000001
0.000001 -0.000003 0.000002
-0.000000 -0.000001 0.000001
0.000000 -0.000001 0.000001
-0.000000 -0.000001 0.000001
-0.000001 -0.000000 0.000001
0.000001 -0.000002 0.000002
-0.000002 0.000002 -0.000000
0.000000 -0.000001 0.000001
-0.000001 0.000001 0.000000
-0.000001 0.000002 -0.000001
0.000000 -0.000000 0.000001
-0.000001 0.000001 -0.000001
-0.000001 0.000001 -0.000001
-0.000001 0.000001 -0.000001
-0.000001 0.000001 -0.000001
-0.000001 0.000001 -0.000001
-0.000001 0.000002 -0.000002
0.000000 -0.000000 0.000000
-0.000001 0.000002 -0.000001
-0.000000 0.000001 -0.000000
-0.000001 0.000002 -0.000001
-0.000000 0.000001 -0.000000
-0.000001 0.000002 -0.000001
-0.000000 0.000001 0.000000
-0.000001 0.000002 -0.000001
-0.000000 0.000002 -0.000000
-0.000001 0.000002 -0.000001
-0.000001 0.000001 -0.000001
-0.000001 0.000001 -0.000001
-0.000001 0.000001 -0.000001
-0.000001 0.000001 -0.000001
-0.000001 0.000001 -0.000001
-0.000001 0.000001 -0.000001
-0.000001 0.000001 -0.000001
-0.000001 0.000001 -0.000001
-0.000001 0.000002 -0.000001
-0.000001 0.000001 -0.000001
-0.000000 0.000002 -0.000001
-0.000000 0.000002 -0.000001
-0.000000 0.000002 -0.000001
-0.000000 0.000002 -0.000001
-0.000000 0.000002 -0.000001
-0.000000 0.000001 -0.000001
-0.000000 0.000001 -0.000001
-0.000000 0.000000 -0.000000
0.000000 -0.000000 -0.000000
0.000000 -0.000002 0.000000
0.000000 -0.000002 0.000001
0.000001 -0.000003 0.000001
0.000001 -0.000004 0.000002
0.000001 -0.000005 0.000002
0.000001 -0.000005 0.000002
0.000001 -0.000005 0.000003
VECTORS Curvature float
-190.464727 221.452862 -34.710983
-608.735407 709.412613 -108.730174
-1310.138146 1531.320074 -231.319539
-1840.853346 2164.417259 -325.965167
-2300.363403 2730.242973 -407.987382
-2672.024066 3214.830853 -470.236005
-2986.936641 3661.128858 -513.630751
-3143.370609 3941.236141 -539.367983
-3217.476929 4141.652387 -550.353086
-3289.485521 4346.314521 -549.763959
-3268.146773 4414.144497 -540.723111
-3241.120983 4430.075633 -526.223324
-3258.680168 4435.170581 -508.822373
-3246.003410 4307.678663 -490.405743
-3232.546597 4079.704237 -472.289221
-3241.893948 3792.854399 -455.505072
-3203.903707 3383.038233 -440.826862
-3131.970285 2902.266090 -428.986577
-2980.454359 2344.454783 -420.680339
-2766.648672 1753.125096 -416.739933
-2466.472979 1137.568592 -417.458521
-2058.995968 501.581558 -423.186756
-1593.150035 -126.445186 -433.519718
-1065.288620 -747.677216 -447.739425
-499.983609 -1361.240198 -464.703267
76.291231 -1965.824548 -483.054936
635.458227 -2533.377184 -501.376193
1151.714866 -3081.182605 -518.152273
1604.585909 -3609.728478 -532.240033
1954.140701 -4067.372739 -542.563020
2213.772999 -4511.222829 -548.155888
2366.284711 -4915.111328 -548.942575
2435.972023 -5339.156798 -544.011961
2354.619603 -5605.463712 -534.746393
2210.786563 -5911.090481 -518.659290
1994.386710 -6145.896425 -499.633988
1721.654748 -6329.714225 -473.383935
1464.599946 -6549.709009 -444.378717
1209.373040 -6697.144826 -408.649756
1026.540145 -6916.258961 -369.329645
909.707976 -7035.729641 -324.334540
898.954765 -7135.890952 -274.717404
1027.001438 -7350.979881 -219.836939
1271.585795 -7535.410751 -162.911028
1632.117493 -7682.564104 -102.250058
2096.336600 -7887.129334 -41.746729
2591.103987 -7958.709478 18.372023
3131.165364 -8082.758441 75.494110
3628.629882 -8127.991561 127.850092
4022.877778 -8033.515776 173.407843
4326.859832 -7904.648164 210.332494
4486.368171 -7665.248251 237.231162
4491.819409 -7320.113265 252.974793
4349.503615 -6884.180571 257.549651
4083.087919 -6387.181780 251.410379
3707.068308 -5839.524884 236.241556
3237.493746 -5249.751815 213.554042
2706.586798 -4652.517944 185.577105
2129.957112 -4055.224701 154.331780
1523.290989 -3466.494383 121.715208
900.252163 -2873.233725 89.219698
279.309834 -2312.941630 58.148956
-319.897092 -1737.270491 29.120029
-920.243211 -1163.377735 2.792452
-1459.431033 -582.505255 -21.441271
-1972.456808 21.338799 -43.419580
-2532.284561 632.362841 -64.302747
-2982.904309 1247.997954 -84.413811
-3327.622177 1818.608613 -104.961889
-3806.886396 2489.333436 -127.570284
-4162.943613 3093.067037 -150.204522
-4429.385602 3661.578897 -177.083218
-4793.926974 4322.773534 -205.000548
-5083.693417 4960.631194 -235.548257
-5188.717113 5428.221543 -265.867967
-5326.395139 5971.181479 -300.719500
-5507.400828 6576.526416 -331.562079
-5482.595276 6974.620087 -362.742220
-5442.069575 7364.636373 -391.140115
-5301.285960 7618.268004 -416.574789
-5241.971803 8007.673943 -437.981472
-5025.367042 8102.728457 -455.329259
-4753.799250 8104.819889 -467.184661
-4635.101338 8272.426321 -474.253513
-4286.839955 7948.183696 -477.021973
-4064.096038 7762.630492 -470.620067
-3946.110018 7646.796675 -463.058120
-3747.221321 7286.569987 -449.864081
-3601.933176 6946.868258 -434.482598
-3460.038580 6565.462947 -417.882872
-3345.131969 6221.120700 -401.144674
-3139.710474 5731.053734 -387.073205
-2986.291492 5394.936712 -372.629287
-2805.779152 5078.891131 -364.883372
-2522.304408 4674.982247 -358.169874
-2225.718633 4333.141792 -357.230655
-1879.464596 4003.318772 -358.724277
-1507.165829 3685.098726 -364.940088
-1120.772547 3439.300167 -372.683392
-729.829376 3203.677154 -383.642574
-307.794453 2866.960887 -394.688396
75.304554 2583.604569 -406.281412
433.685756 2262.477303 -416.968587
767.760096 1958.994486 -426.407584
1066.525073 1598.507370 -434.156025
1326.452320 1184.447398 -440.340547
1570.966110 751.594274 -445.229558
1803.974522 298.998221 -449.211203
2052.449063 -162.367277 -452.633860
2304.933509 -617.171482 -455.702740
2594.260265 -1063.110335 -458.303026
2917.894467 -1485.272525 -460.134162
3257.695564 -1871.773306 -460.444848
3657.903273 -2245.736312 -458.416338
4079.244029 -2594.745129 -453.224291
4505.365108 -2922.112814 -443.910489
4915.254247 -3230.915666 -429.916483
5265.450759 -3507.914850 -410.735754
5531.873724 -3748.235896 -386.235546
5643.349133 -3907.594834 -356.695917
5590.434063 -3974.230147 -322.145914
5324.111878 -3898.402334 -283.669562
4848.785228 -3662.683635 -241.276133
4165.980598 -3243.984257 -196.434396
3290.563621 -2633.264393 -148.739465
2305.682428 -1886.207857 -101.220265
1066.245836 -884.161787 -46.573678
345.425054 -287.996262 -13.981795
VECTORS LocalRotation float
0.406426 0.144994 0.164974
0.402799 0.149219 0.164323
0.394146 0.159323 0.162789
0.379940 0.175986 0.160277
0.361152 0.198192 0.156947
0.338565 0.225197 0.152958
0.312930 0.256345 0.148501
0.285329 0.290574 0.143760
0.256430 0.327297 0.138809
0.227010 0.365673 0.133835
0.197354 0.405291 0.128903
0.167815 0.445427 0.124062
0.138353 0.485610 0.119370
0.108994 0.525072 0.114860
0.079612 0.563111 0.110494
0.050316 0.598733 0.106296
0.021137 0.631217 0.102238
-0.007551 0.659676 0.098300
-0.035223 0.683429 0.094453
-0.061287 0.702012 0.090655
-0.084933 0.715074 0.086886
-0.105427 0.722497 0.083079
-0.121984 0.724197 0.079195
-0.134022 0.720239 0.075205
-0.141115 0.710682 0.071070
-0.143031 0.695642 0.066785
-0.139814 0.675310 0.062337
-0.131719 0.649878 0.057719
-0.119252 0.619615 0.052968
-0.103140 0.584857 0.048102
-0.084209 0.545893 0.043147
-0.063444 0.503155 0.038173
-0.041679 0.456681 0.033220
-0.020092 0.407363 0.028359
0.000671 0.354987 0.023568
0.019602 0.300708 0.018984
0.036512 0.243937 0.014556
0.050895 0.185798 0.010413
0.063038 0.125640 0.006539
0.073134 0.064171 0.003027
0.081889 0.001088 -0.000110
0.090084 -0.063123 -0.002824
0.098836 -0.128954 -0.005071
0.109212 -0.196155 -0.006799
0.122379 -0.265161 -0.008002
0.139224 -0.335504 -0.008652
0.160441 -0.407228 -0.008758
0.186399 -0.479996 -0.008332
0.216952 -0.553265 -0.007413
0.251624 -0.626501 -0.006048
0.289464 -0.698729 -0.004309
0.329362 -0.769216 -0.002283
0.370004 -0.837050 -0.000064
0.410029 -0.901354 0.002247
0.448219 -0.961458 0.004552
0.483473 -1.016789 0.006759
0.514914 -1.066996 0.008796
0.541832 -1.111839 0.010603
0.563734 -1.151271 0.012142
0.580274 -1.185325 0.013392
0.591250 -1.214037 0.014348
0.596600 -1.237561 0.015016
0.596417 -1.255850 0.015410
0.590784 -1.269025 0.015555
0.580071 -1.276885 0.015471
0.564393 -1.279448 0.015175
0.544033 -1.276494 0.014688
0.519254 -1.268045 0.014020
0.490593 -1.254118 0.013160
0.458037 -1.234460 0.012099
0.422197 -1.209356 0.010849
0.383024 -1.178561 0.009357
0.341271 -1.142417 0.007628
0.296740 -1.100564 0.005641
0.250506 -1.053806 0.003385
0.202585 -1.001856 0.000803
0.153756 -0.945301 -0.002047
0.104118 -0.884097 -0.005183
0.054657 -0.819176 -0.008596
0.005914 -0.751197 -0.012261
-0.042008 -0.680174 -0.016145
-0.088182 -0.607722 -0.020162
-0.132774 -0.533818 -0.024369
-0.175115 -0.459961 -0.028615
-0.215381 -0.386755 -0.032908
-0.253551 -0.314946 -0.037239
-0.289738 -0.245332 -0.041457
-0.324515 -0.177827 -0.045584
-0.357754 -0.113450 -0.049584
-0.389697 -0.052331 -0.053439
-0.420467 0.005484 -0.057143
-0.449760 0.059474 -0.060703
-0.477721 0.110256 -0.064171
-0.503762 0.157346 -0.067486
-0.527923 0.201576 -0.070765
-0.549357 0.242241 -0.073995
-0.568025 0.280152 -0.077251
-0.583346 0.314933 -0.080524
-0.595324 0.347406 -0.083886
-0.603618 0.377178 -0.087276
-0.608316 0.404667 -0.090800
-0.609369 0.429353 -0.094428
-0.607053 0.451400 -0.098174
-0.601599 0.470567 -0.102003
-0.593326 0.486610 -0.105884
-0.582506 0.499194 -0.109838
-0.569387 0.507960 -0.113848
-0.554090 0.512722 -0.117902
-0.536608 0.513341 -0.121990
-0.516894 0.509815 -0.126099
-0.494680 0.502196 -0.130244
-0.469771 0.490680 -0.134394
-0.441793 0.475471 -0.138565
-0.410450 0.456809 -0.142729
-0.375426 0.434898 -0.146856
-0.336552 0.409916 -0.150918
-0.293911 0.382065 -0.154874
-0.247816 0.351554 -0.158680
-0.198930 0.318701 -0.162288
-0.148353 0.284052 -0.165651
-0.097454 0.248340 -0.168726
-0.048063 0.212714 -0.171468
-0.001949 0.178440 -0.173847
0.038830 0.147197 -0.175827
0.072622 0.120562 -0.177392
0.097904 0.100145 -0.178521
0.113206 0.087573 -0.179192
0.119583 0.082277 -0.179465
VECTORS q1 float
0.216536 -0.576993 -0.787523
0.213092 -0.577520 -0.788075
0.202864 -0.579068 -0.789637
0.186310 -0.581573 -0.791872
0.164191 -0.584945 -0.794280
0.137216 -0.589048 -0.796363
0.106138 -0.593720 -0.797641
0.071695 -0.598786 -0.797694
0.035210 -0.604126 -0.796111
-0.003095 -0.609556 -0.792737
-0.042356 -0.614958 -0.787421
-0.081780 -0.620236 -0.780140
-0.120856 -0.625302 -0.770967
-0.158945 -0.630109 -0.760066
-0.194882 -0.634666 -0.747810
-0.228098 -0.638979 -0.734627
-0.257692 -0.643093 -0.721128
-0.282989 -0.647050 -0.707986
-0.303501 -0.650876 -0.695880
-0.318890 -0.654575 -0.685449
-0.329138 -0.658107 -0.677173
-0.334194 -0.661426 -0.671439
-0.334174 -0.664447 -0.668459
-0.329194 -0.667070 -0.668318
-0.319350 -0.669198 -0.670962
-0.304692 -0.670716 -0.676242
-0.285295 -0.671533 -0.683850
-0.261268 -0.671573 -0.693346
-0.232622 -0.670723 -0.704285
-0.199541 -0.668912 -0.716058
-0.162286 -0.666072 -0.728018
-0.120944 -0.662052 -0.739635
-0.075892 -0.656750 -0.750280
-0.027291 -0.649960 -0.759478
0.023716 -0.641751 -0.766546
0.077582 -0.631664 -0.771351
0.132752 -0.619878 -0.773387
0.189749 -0.605871 -0.772603
0.247358 -0.589740 -0.768779
0.305816 -0.571058 -0.761820
0.364337 -0.549832 -0.751627
0.422543 -0.525968 -0.738116
0.480081 -0.499421 -0.721180
0.537166 -0.469881 -0.700474
0.592812 -0.437782 -0.675959
0.647050 -0.403057 -0.647203
0.699060 -0.366269 -0.614135
0.748227 -0.327991 -0.576695
0.794146 -0.288746 -0.534750
0.835837 -0.249647 -0.488930
0.872820 -0.211541 -0.439813
0.904709 -0.175294 -0.388296
0.931286 -0.141706 -0.335597
0.952637 -0.111339 -0.282996
0.969094 -0.084517 -0.231764
0.981208 -0.061298 -0.182956
0.989622 -0.041585 -0.137543
0.995047 -0.025112 -0.096179
0.998174 -0.011536 -0.059289
0.999632 -0.000491 -0.027113
0.999965 0.008359 0.000218
0.999627 0.015293 0.022628
0.998980 0.020550 0.040220
0.998313 0.024199 0.052776
0.997826 0.026312 0.060419
0.997660 0.026764 0.062921
0.997856 0.025419 0.060303
0.998376 0.022027 0.052530
0.999074 0.016322 0.039807
0.999721 0.007941 0.022229
0.999993 -0.003652 -0.000363
0.999462 -0.018598 -0.027000
0.997619 -0.037536 -0.057851
0.993869 -0.060812 -0.092333
0.987573 -0.088687 -0.129744
0.978203 -0.120963 -0.168783
0.964888 -0.158326 -0.209582
0.947173 -0.200199 -0.250568
0.924618 -0.246146 -0.290676
0.896958 -0.295511 -0.328844
0.864150 -0.347425 -0.364061
0.825917 -0.401435 -0.395868
0.783687 -0.455215 -0.422628
0.737085 -0.508850 -0.444722
0.687474 -0.560709 -0.461503
0.636478 -0.609381 -0.472811
0.583804 -0.655284 -0.479349
0.531035 -0.697414 -0.481264
0.479024 -0.735542 -0.479076
0.428464 -0.769643 -0.473359
0.379895 -0.799836 -0.464695
0.333700 -0.826348 -0.453644
0.290691 -0.849219 -0.440825
0.249858 -0.869278 -0.426530
0.212276 -0.886410 -0.411360
0.177379 -0.901146 -0.395565
0.145508 -0.913646 -0.379576
0.116087 -0.924326 -0.363517
0.089386 -0.933323 -0.347735
0.064561 -0.941008 -0.332169
0.042300 -0.947393 -0.317265
0.022327 -0.952691 -0.303118
0.004814 -0.957026 -0.289962
-0.010218 -0.960537 -0.277964
-0.022612 -0.963344 -0.267316
-0.031944 -0.965550 -0.258250
-0.037968 -0.967269 -0.250895
-0.040467 -0.968600 -0.245310
-0.039295 -0.969612 -0.241471
-0.034384 -0.970344 -0.239272
-0.025759 -0.970802 -0.238496
-0.013483 -0.970946 -0.238918
0.002246 -0.970725 -0.240185
0.021281 -0.970047 -0.241981
0.043484 -0.968806 -0.243974
0.068662 -0.966889 -0.245789
0.096658 -0.964167 -0.247063
0.127211 -0.960523 -0.247414
0.159950 -0.955857 -0.246480
0.194283 -0.950126 -0.243956
0.229272 -0.943395 -0.239665
0.263838 -0.935837 -0.233662
0.296494 -0.927837 -0.226296
0.325874 -0.919884 -0.218218
0.350412 -0.912666 -0.210362
0.368968 -0.906837 -0.203736
0.380444 -0.903068 -0.199325
0.384348 -0.901756 -0.197772
VECTORS q2 float
0.123578 0.816372 -0.564151
0.120792 0.815986 -0.565311
0.112508 0.814848 -0.568652
0.099096 0.812998 -0.573773
0.081204 0.810490 -0.580097
0.059459 0.807416 -0.586979
0.034573 0.803891 -0.593771
0.007283 0.800045 -0.599896
-0.021203 0.795974 -0.604960
-0.050628 0.791820 -0.608653
-0.080354 0.787672 -0.610832
-0.109977 0.783598 -0.611457
-0.139483 0.779652 -0.610481
-0.168914 0.775857 -0.607877
-0.198006 0.772188 -0.603754
-0.226889 0.768629 -0.598106
-0.255299 0.765128 -0.591102
-0.282908 0.761629 -0.582995
-0.309261 0.758079 -0.574172
-0.333754 0.754437 -0.565184
-0.355909 0.750701 -0.556576
-0.375030 0.746894 -0.549092
-0.390626 0.743090 -0.543350
-0.402295 0.739399 -0.539859
-0.409706 0.735944 -0.539006
-0.412689 0.732861 -0.540928
-0.411205 0.730259 -0.545556
-0.405392 0.728218 -0.552590
-0.395513 0.726807 -0.561535
-0.382060 0.726030 -0.571761
-0.365704 0.725857 -0.582574
-0.347131 0.726268 -0.593325
-0.327244 0.727178 -0.603426
-0.306853 0.728527 -0.612445
-0.287161 0.730076 -0.620102
-0.268561 0.731843 -0.626323
-0.252000 0.733543 -0.631198
-0.237489 0.735210 -0.634874
-0.225231 0.736703 -0.637604
-0.214833 0.738130 -0.639540
-0.205827 0.739598 -0.640804
-0.197482 0.741394 -0.641355
-0.188970 0.743937 -0.640975
-0.179416 0.747804 -0.639217
-0.168238 0.753507 -0.635549
-0.154948 0.761622 -0.629224
-0.139542 0.772466 -0.619536
-0.122336 0.786132 -0.605831
-0.103878 0.802474 -0.587575
-0.085194 0.820844 -0.564763
-0.067227 0.840474 -0.537665
-0.050882 0.860445 -0.506997
-0.036898 0.879810 -0.473891
-0.025692 0.897778 -0.439698
-0.017369 0.913773 -0.405853
-0.011734 0.927485 -0.373677
-0.008416 0.938790 -0.344386
-0.006908 0.947753 -0.318929
-0.006669 0.954539 -0.298011
-0.007180 0.959353 -0.282119
-0.007986 0.962392 -0.271546
-0.008715 0.963822 -0.266403
-0.009091 0.963761 -0.266614
-0.008946 0.962255 -0.272001
-0.008196 0.959262 -0.282400
-0.006866 0.954774 -0.297252
-0.005030 0.948545 -0.316602
-0.002856 0.940404 -0.340048
-0.000583 0.930292 -0.366819
0.001528 0.917970 -0.396647
0.003142 0.902980 -0.429671
0.003931 0.885584 -0.464463
0.003493 0.865320 -0.501208
0.001436 0.842169 -0.539211
-0.002603 0.816214 -0.577745
-0.008779 0.787995 -0.615619
-0.017602 0.757144 -0.653010
-0.029071 0.724451 -0.688713
-0.043187 0.690472 -0.722069
-0.059822 0.655836 -0.752530
-0.078725 0.621205 -0.779683
-0.099899 0.586840 -0.803516
-0.122233 0.554068 -0.823449
-0.146024 0.522600 -0.839980
-0.170560 0.493055 -0.853116
-0.195164 0.465818 -0.863090
-0.220374 0.440346 -0.870363
-0.245694 0.416833 -0.875148
-0.271012 0.395180 -0.877716
-0.296219 0.375283 -0.878304
-0.321154 0.357066 -0.877134
-0.345579 0.340490 -0.874438
-0.368861 0.325647 -0.870572
-0.391254 0.312302 -0.865672
-0.411759 0.300625 -0.860278
-0.430257 0.290484 -0.854692
-0.446146 0.281841 -0.849423
-0.459338 0.274540 -0.844770
-0.469428 0.268444 -0.841175
-0.476533 0.263387 -0.838775
-0.480413 0.259142 -0.837884
-0.481209 0.255521 -0.838539
-0.479099 0.252312 -0.840715
-0.474305 0.249373 -0.844303
-0.467028 0.246595 -0.849162
-0.457535 0.243846 -0.855103
-0.445968 0.241087 -0.861969
-0.432393 0.238308 -0.869624
-0.416768 0.235538 -0.877967
-0.398914 0.232840 -0.886935
-0.378656 0.230273 -0.896434
-0.355548 0.227979 -0.906428
-0.329338 0.226068 -0.916749
-0.299578 0.224728 -0.927227
-0.265868 0.224178 -0.937581
-0.228053 0.224635 -0.947381
-0.186129 0.226336 -0.956100
-0.140480 0.229478 -0.963123
-0.091855 0.234199 -0.967840
-0.041453 0.240521 -0.969758
0.009012 0.248271 -0.968649
0.057743 0.257135 -0.964649
0.102599 0.266524 -0.958352
0.141861 0.275782 -0.950694
0.173808 0.284067 -0.942919
0.197424 0.290667 -0.936235
0.211791 0.294882 -0.931766
0.216635 0.296342 -0.930189
VECTORS q3 float
0.968422 0.024838 0.248077
0.969536 0.025270 0.243640
0.972722 0.026519 0.230453
0.977481 0.028428 0.209101
0.983081 0.030748 0.180575
0.988755 0.033192 0.145814
0.993750 0.035445 0.105850
0.997400 0.037200 0.061720
0.999155 0.038180 0.015217
0.998713 0.038251 -0.033312
0.995866 0.037400 -0.082777
0.990564 0.035793 -0.132295
0.982822 0.033757 -0.181445
0.972730 0.031767 -0.229753
0.960632 0.030410 -0.276153
0.946833 0.030252 -0.320300
0.931889 0.031781 -0.361349
0.916450 0.035313 -0.398588
0.901246 0.040947 -0.431368
0.887083 0.048540 -0.459050
0.874641 0.057821 -0.481310
0.864677 0.068306 -0.497662
0.857753 0.079544 -0.507871
0.854278 0.091143 -0.511764
0.854492 0.102765 -0.509198
0.858400 0.114261 -0.500094
0.865747 0.125558 -0.484477
0.876011 0.136703 -0.462511
0.888514 0.147929 -0.434351
0.902338 0.159487 -0.400437
0.916474 0.171696 -0.361382
0.929985 0.184990 -0.317657
0.941887 0.199730 -0.270105
0.951365 0.216334 -0.219325
0.957589 0.234829 -0.166971
0.960133 0.255746 -0.112862
0.958579 0.278686 -0.058830
0.952678 0.303951 -0.004382
0.942382 0.330870 0.049402
0.927536 0.359246 0.103049
0.908237 0.388174 0.156293
0.884567 0.416765 0.209401
0.856628 0.444001 0.262774
0.824174 0.469042 0.317391
0.787572 0.490483 0.373037
0.746537 0.507422 0.430354
0.701315 0.518791 0.488890
0.652066 0.523850 0.548080
0.598783 0.522170 0.607287
0.542326 0.513704 0.664824
0.483390 0.498852 0.719361
0.422981 0.478442 0.769533
0.362415 0.453711 0.814127
0.303023 0.426143 0.852396
0.246081 0.397335 0.884064
0.192595 0.368801 0.909336
0.143445 0.341970 0.928698
0.099163 0.318014 0.942886
0.060032 0.297862 0.952720
0.026149 0.282210 0.958996
-0.002480 0.271534 0.962426
-0.025883 0.266106 0.963596
-0.044241 0.265976 0.962964
-0.057366 0.271070 0.960849
-0.065388 0.281291 0.957392
-0.068031 0.296124 0.952724
-0.065248 0.315620 0.946640
-0.056889 0.339346 0.938940
-0.043019 0.366456 0.929440
-0.023556 0.396571 0.917702
0.001897 0.429667 0.902985
0.032549 0.464107 0.885181
0.068873 0.499813 0.863391
0.110550 0.535773 0.837094
0.157137 0.570903 0.805840
0.207467 0.603682 0.769757
0.262072 0.633771 0.727773
0.319404 0.659615 0.680360
0.378438 0.680192 0.627793
0.438049 0.694660 0.570579
0.497039 0.702424 0.509463
0.554871 0.703185 0.444578
0.609011 0.696985 0.378573
0.659836 0.684076 0.310897
0.705896 0.665209 0.243327
0.746195 0.641613 0.177554
0.781414 0.613757 0.112668
0.810948 0.582978 0.050003
0.834918 0.550282 -0.010039
0.853623 0.516539 -0.067187
0.867491 0.482457 -0.121222
0.877051 0.448570 -0.171947
0.882859 0.415670 -0.218582
0.885715 0.383176 -0.262077
0.886224 0.351998 -0.301172
0.885108 0.321799 -0.336199
0.883052 0.292944 -0.366610
0.880643 0.265044 -0.392707
0.878435 0.238425 -0.414133
0.876783 0.212442 -0.431417
0.876022 0.187861 -0.444178
0.876321 0.164585 -0.452739
0.877747 0.142968 -0.457296
0.880302 0.123213 -0.458135
0.883954 0.105642 -0.455484
0.888617 0.090843 -0.449563
0.894243 0.079164 -0.440524
0.900777 0.070879 -0.428459
0.908163 0.066138 -0.413359
0.916343 0.064952 -0.395090
0.925179 0.067216 -0.373532
0.934561 0.072725 -0.348292
0.944209 0.081161 -0.319189
0.953835 0.092225 -0.285822
0.963028 0.105635 -0.247826
0.971225 0.121102 -0.205078
0.977759 0.138400 -0.157583
0.981877 0.157277 -0.105742
0.982842 0.177447 -0.050340
0.980069 0.198520 0.007343
0.973321 0.219924 0.065424
0.962837 0.241019 0.121880
0.949508 0.260928 0.174218
0.934709 0.278850 0.220366
0.920327 0.293847 0.258169
0.908233 0.305218 0.286278
0.900226 0.312269 0.303448
0.897411 0.314672 0.309250
