# vtk DataFile Version 2.0
VTK example
ASCII
DATASET UNSTRUCTURED_GRID
POINTS  128  float
-0.000437 -0.000121 -0.000168
-0.000431 -0.000121 -0.000162
-0.000425 -0.000121 -0.000155
-0.000418 -0.000122 -0.000149
-0.000412 -0.000122 -0.000143
-0.000405 -0.000122 -0.000137
-0.000397 -0.000122 -0.000132
-0.000390 -0.000122 -0.000127
-0.000382 -0.000121 -0.000122
-0.000374 -0.000121 -0.000118
-0.000365 -0.000121 -0.000115
-0.000357 -0.000120 -0.000113
-0.000348 -0.000119 -0.000111
-0.000339 -0.000119 -0.000110
-0.000330 -0.000118 -0.000109
-0.000321 -0.000117 -0.000110
-0.000312 -0.000116 -0.000111
-0.000303 -0.000115 -0.000112
-0.000294 -0.000114 -0.000115
-0.000286 -0.000114 -0.000118
-0.000277 -0.000113 -0.000121
-0.000269 -0.000112 -0.000124
-0.000261 -0.000111 -0.000129
-0.000253 -0.000111 -0.000133
-0.000245 -0.000110 -0.000137
-0.000237 -0.000109 -0.000142
-0.000230 -0.000109 -0.000147
-0.000222 -0.000108 -0.000151
-0.000214 -0.000107 -0.000156
-0.000207 -0.000106 -0.000161
-0.000199 -0.000106 -0.000165
-0.000191 -0.000104 -0.000170
-0.000183 -0.000103 -0.000174
-0.000175 -0.000102 -0.000178
-0.000167 -0.000101 -0.000182
-0.000159 -0.000099 -0.000185
-0.000150 -0.000098 -0.000189
-0.000142 -0.000096 -0.000192
-0.000134 -0.000094 -0.000195
-0.000125 -0.000092 -0.000197
-0.000117 -0.000090 -0.000199
-0.000108 -0.000087 -0.000201
-0.000100 -0.000085 -0.000202
-0.000091 -0.000082 -0.000203
-0.000082 -0.000079 -0.000204
-0.000074 -0.000076 -0.000203
-0.000065 -0.000073 -0.000203
-0.000057 -0.000069 -0.000202
-0.000049 -0.000066 -0.000200
-0.000041 -0.000062 -0.000197
-0.000034 -0.000058 -0.000194
-0.000026 -0.000054 -0.000191
-0.000019 -0.000050 -0.000186
-0.000013 -0.000046 -0.000181
-0.000007 -0.000042 -0.000176
-0.000002 -0.000039 -0.000170
0.000003 -0.000035 -0.000163
0.000008 -0.000031 -0.000156
0.000011 -0.000027 -0.000149
0.000015 -0.000024 -0.000141
0.000017 -0.000020 -0.000133
0.000020 -0.000017 -0.000125
0.000021 -0.000014 -0.000117
0.000023 -0.000011 -0.000108
0.000024 -0.000008 -0.000100
0.000024 -0.000005 -0.000091
0.000024 -0.000002 -0.000083
0.000024 0.000001 -0.000074
0.000024 0.000005 -0.000066
0.000024 0.000008 -0.000057
0.000023 0.000011 -0.000049
0.000023 0.000014 -0.000040
0.000022 0.000018 -0.000032
0.000022 0.000021 -0.000024
0.000022 0.000025 -0.000015
0.000022 0.000029 -0.000007
0.000022 0.000033 0.000001
0.000023 0.000037 0.000009
0.000024 0.000042 0.000017
0.000025 0.000047 0.000024
0.000027 0.000052 0.000032
0.000029 0.000057 0.000039
0.000032 0.000062 0.000046
0.000035 0.000067 0.000052
0.000038 0.000073 0.000058
0.000043 0.000079 0.000064
0.000047 0.000085 0.000069
0.000052 0.000090 0.000074
0.000058 0.000096 0.000078
0.000064 0.000102 0.000081
0.000070 0.000108 0.000084
0.000077 0.000113 0.000086
0.000084 0.000119 0.000088
0.000091 0.000124 0.000088
0.000099 0.000129 0.000089
0.000107 0.000134 0.000088
0.000114 0.000138 0.000087
0.000122 0.000143 0.000086
0.000130 0.000147 0.000084
0.000138 0.000150 0.000082
0.000146 0.000154 0.000079
0.000154 0.000157 0.000076
0.000162 0.000160 0.000072
0.000170 0.000163 0.000069
0.000177 0.000166 0.000065
0.000185 0.000168 0.000061
0.000193 0.000170 0.000057
0.000201 0.000172 0.000053
0.000209 0.000174 0.000049
0.000216 0.000176 0.000045
0.000224 0.000177 0.000040
0.000232 0.000179 0.000036
0.000240 0.000180 0.000032
0.000248 0.000181 0.000027
0.000256 0.000182 0.000023
0.000264 0.000183 0.000019
0.000272 0.000184 0.000015
0.000280 0.000185 0.000012
0.000289 0.000185 0.000008
0.000297 0.000186 0.000005
0.000305 0.000187 0.000002
0.000314 0.000188 -0.000001
0.000323 0.000188 -0.000004
0.000331 0.000189 -0.000006
0.000340 0.000190 -0.000009
0.000349 0.000191 -0.000011
0.000357 0.000192 -0.000014
0.000366 0.000192 -0.000016
CELLS  127 381
2 0 1 
2 1 2 
2 2 3 
2 3 4 
2 4 5 
2 5 6 
2 6 7 
2 7 8 
2 8 9 
2 9 10 
2 10 11 
2 11 12 
2 12 13 
2 13 14 
2 14 15 
2 15 16 
2 16 17 
2 17 18 
2 18 19 
2 19 20 
2 20 21 
2 21 22 
2 22 23 
2 23 24 
2 24 25 
2 25 26 
2 26 27 
2 27 28 
2 28 29 
2 29 30 
2 30 31 
2 31 32 
2 32 33 
2 33 34 
2 34 35 
2 35 36 
2 36 37 
2 37 38 
2 38 39 
2 39 40 
2 40 41 
2 41 42 
2 42 43 
2 43 44 
2 44 45 
2 45 46 
2 46 47 
2 47 48 
2 48 49 
2 49 50 
2 50 51 
2 51 52 
2 52 53 
2 53 54 
2 54 55 
2 55 56 
2 56 57 
2 57 58 
2 58 59 
2 59 60 
2 60 61 
2 61 62 
2 62 63 
2 63 64 
2 64 65 
2 65 66 
2 66 67 
2 67 68 
2 68 69 
2 69 70 
2 70 71 
2 71 72 
2 72 73 
2 73 74 
2 74 75 
2 75 76 
2 76 77 
2 77 78 
2 78 79 
2 79 80 
2 80 81 
2 81 82 
2 82 83 
2 83 84 
2 84 85 
2 85 86 
2 86 87 
2 87 88 
2 88 89 
2 89 90 
2 90 91 
2 91 92 
2 92 93 
2 93 94 
2 94 95 
2 95 96 
2 96 97 
2 97 98 
2 98 99 
2 99 100 
2 100 101 
2 101 102 
2 102 103 
2 103 104 
2 104 105 
2 105 106 
2 106 107 
2 107 108 
2 108 109 
2 109 110 
2 110 111 
2 111 112 
2 112 113 
2 113 114 
2 114 115 
2 115 116 
2 116 117 
2 117 118 
2 118 119 
2 119 120 
2 120 121 
2 121 122 
2 122 123 
2 123 124 
2 124 125 
2 125 126 
2 126 127 
CELL_TYPES  127
3
3
3
3
3
3
3
3
3
3
3
3
3
3
3
3
3
3
3
3
3
3
3
3
3
3
3
3
3
3
3
3
3
3
3
3
3
3
3
3
3
3
3
3
3
3
3
3
3
3
3
3
3
3
3
3
3
3
3
3
3
3
3
3
3
3
3
3
3
3
3
3
3
3
3
3
3
3
3
3
3
3
3
3
3
3
3
3
3
3
3
3
3
3
3
3
3
3
3
3
3
3
3
3
3
3
3
3
3
3
3
3
3
3
3
3
3
3
3
3
3
3
3
3
3
3
3
POINT_DATA  128
VECTORS Position float
-0.000437 -0.000121 -0.000168
-0.000431 -0.000121 -0.000162
-0.000425 -0.000121 -0.000155
-0.000418 -0.000122 -0.000149
-0.000412 -0.000122 -0.000143
-0.000405 -0.000122 -0.000137
-0.000397 -0.000122 -0.000132
-0.000390 -0.000122 -0.000127
-0.000382 -0.000121 -0.000122
-0.000374 -0.000121 -0.000118
-0.000365 -0.000121 -0.000115
-0.000357 -0.000120 -0.000113
-0.000348 -0.000119 -0.000111
-0.000339 -0.000119 -0.000110
-0.000330 -0.000118 -0.000109
-0.000321 -0.000117 -0.000110
-0.000312 -0.000116 -0.000111
-0.000303 -0.000115 -0.000112
-0.000294 -0.000114 -0.000115
-0.000286 -0.000114 -0.000118
-0.000277 -0.000113 -0.000121
-0.000269 -0.000112 -0.000124
-0.000261 -0.000111 -0.000129
-0.000253 -0.000111 -0.000133
-0.000245 -0.000110 -0.000137
-0.000237 -0.000109 -0.000142
-0.000230 -0.000109 -0.000147
-0.000222 -0.000108 -0.000151
-0.000214 -0.000107 -0.000156
-0.000207 -0.000106 -0.000161
-0.000199 -0.000106 -0.000165
-0.000191 -0.000104 -0.000170
-0.000183 -0.000103 -0.000174
-0.000175 -0.000102 -0.000178
-0.000167 -0.000101 -0.000182
-0.000159 -0.000099 -0.000185
-0.000150 -0.000098 -0.000189
-0.000142 -0.000096 -0.000192
-0.000134 -0.000094 -0.000195
-0.000125 -0.000092 -0.000197
-0.000117 -0.000090 -0.000199
-0.000108 -0.000087 -0.000201
-0.000100 -0.000085 -0.000202
-0.000091 -0.000082 -0.000203
-0.000082 -0.000079 -0.000204
-0.000074 -0.000076 -0.000203
-0.000065 -0.000073 -0.000203
-0.000057 -0.000069 -0.000202
-0.000049 -0.000066 -0.000200
-0.000041 -0.000062 -0.000197
-0.000034 -0.000058 -0.000194
-0.000026 -0.000054 -0.000191
-0.000019 -0.000050 -0.000186
-0.000013 -0.000046 -0.000181
-0.000007 -0.000042 -0.000176
-0.000002 -0.000039 -0.000170
0.000003 -0.000035 -0.000163
0.000008 -0.000031 -0.000156
0.000011 -0.000027 -0.000149
0.000015 -0.000024 -0.000141
0.000017 -0.000020 -0.000133
0.000020 -0.000017 -0.000125
0.000021 -0.000014 -0.000117
0.000023 -0.000011 -0.000108
0.000024 -0.000008 -0.000100
0.000024 -0.000005 -0.000091
0.000024 -0.000002 -0.000083
0.000024 0.000001 -0.000074
0.000024 0.000005 -0.000066
0.000024 0.000008 -0.000057
0.000023 0.000011 -0.000049
0.000023 0.000014 -0.000040
0.000022 0.000018 -0.000032
0.000022 0.000021 -0.000024
0.000022 0.000025 -0.000015
0.000022 0.000029 -0.000007
0.000022 0.000033 0.000001
0.000023 0.000037 0.000009
0.000024 0.000042 0.000017
0.000025 0.000047 0.000024
0.000027 0.000052 0.000032
0.000029 0.000057 0.000039
0.000032 0.000062 0.000046
0.000035 0.000067 0.000052
0.000038 0.000073 0.000058
0.000043 0.000079 0.000064
0.000047 0.000085 0.000069
0.000052 0.000090 0.000074
0.000058 0.000096 0.000078
0.000064 0.000102 0.000081
0.000070 0.000108 0.000084
0.000077 0.000113 0.000086
0.000084 0.000119 0.000088
0.000091 0.000124 0.000088
0.000099 0.000129 0.000089
0.000107 0.000134 0.000088
0.000114 0.000138 0.000087
0.000122 0.000143 0.000086
0.000130 0.000147 0.000084
0.000138 0.000150 0.000082
0.000146 0.000154 0.000079
0.000154 0.000157 0.000076
0.000162 0.000160 0.000072
0.000170 0.000163 0.000069
0.000177 0.000166 0.000065
0.000185 0.000168 0.000061
0.000193 0.000170 0.000057
0.000201 0.000172 0.000053
0.000209 0.000174 0.000049
0.000216 0.000176 0.000045
0.000224 0.000177 0.000040
0.000232 0.000179 0.000036
0.000240 0.000180 0.000032
0.000248 0.000181 0.000027
0.000256 0.000182 0.000023
0.000264 0.000183 0.000019
0.000272 0.000184 0.000015
0.000280 0.000185 0.000012
0.000289 0.000185 0.000008
0.000297 0.000186 0.000005
0.000305 0.000187 0.000002
0.000314 0.000188 -0.000001
0.000323 0.000188 -0.000004
0.000331 0.000189 -0.000006
0.000340 0.000190 -0.000009
0.000349 0.000191 -0.000011
0.000357 0.000192 -0.000014
0.000366 0.000192 -0.000016
VECTORS Rotation float
0.630097 -0.027029 -0.749537
0.630050 -0.026079 -0.755780
0.629936 -0.023204 -0.774413
0.629852 -0.018394 -0.804847
0.629954 -0.011683 -0.846026
0.630424 -0.003107 -0.897008
0.631469 0.007203 -0.956679
0.633298 0.018979 -1.023810
0.636075 0.031591 -1.095866
0.639915 0.044634 -1.172372
0.644841 0.057386 -1.251573
0.650785 0.069138 -1.331966
0.657634 0.079339 -1.412809
0.665224 0.087524 -1.493354
0.673279 0.093301 -1.571983
0.681606 0.096593 -1.648430
0.689959 0.097462 -1.721691
0.698133 0.096168 -1.790976
0.705961 0.093132 -1.855495
0.713311 0.088905 -1.914309
0.720123 0.084082 -1.966959
0.726352 0.079331 -2.012464
0.732005 0.075253 -2.050388
0.737104 0.072376 -2.080541
0.741674 0.071138 -2.102831
0.745721 0.071852 -2.117515
0.749241 0.074707 -2.124933
0.752212 0.079757 -2.125608
0.754582 0.086960 -2.120192
0.756310 0.096125 -2.109401
0.757360 0.106963 -2.093977
0.757669 0.119207 -2.074516
0.757210 0.132506 -2.051644
0.755927 0.146626 -2.025758
0.753892 0.161115 -1.997711
0.750960 0.176104 -1.967346
0.747258 0.191225 -1.935584
0.742591 0.206799 -1.901976
0.736988 0.222714 -1.866958
0.730192 0.239302 -1.829872
0.722044 0.256595 -1.790500
0.712246 0.274695 -1.748211
0.700428 0.293629 -1.702258
0.686011 0.313514 -1.651384
0.668711 0.333927 -1.595425
0.647960 0.354678 -1.533397
0.623546 0.375136 -1.465374
0.595325 0.394645 -1.391459
0.563188 0.412566 -1.311636
0.527632 0.428011 -1.227161
0.489148 0.440324 -1.138887
0.448474 0.448961 -1.047956
0.406567 0.453575 -0.955785
0.364401 0.454095 -0.863691
0.322917 0.450719 -0.772895
0.282879 0.443871 -0.684314
0.244977 0.434173 -0.598876
0.209668 0.422365 -0.517199
0.177236 0.409242 -0.439735
0.147819 0.395594 -0.366824
0.121465 0.382181 -0.298788
0.098161 0.369706 -0.235971
0.077685 0.358692 -0.178273
0.060142 0.349760 -0.126575
0.045154 0.343197 -0.080425
0.033004 0.339473 -0.041194
0.023254 0.338712 -0.008146
0.015930 0.341057 0.018281
0.011190 0.346489 0.037518
0.008999 0.354972 0.049682
0.009305 0.366569 0.055007
0.012323 0.380786 0.053442
0.018149 0.397699 0.045110
0.026983 0.417025 0.030119
0.039066 0.438456 0.008560
0.054594 0.461396 -0.019220
0.074122 0.486071 -0.053950
0.097904 0.511798 -0.095354
0.126339 0.538143 -0.143586
0.159825 0.564608 -0.198826
0.198713 0.590621 -0.261224
0.243682 0.615821 -0.331680
0.293991 0.638892 -0.408404
0.350559 0.659672 -0.493081
0.412598 0.677120 -0.584342
0.478852 0.690386 -0.680349
0.549771 0.699126 -0.782476
0.623456 0.702568 -0.888234
0.698401 0.700277 -0.996037
0.772931 0.692025 -1.104106
0.845300 0.677852 -1.210531
0.913877 0.658104 -1.313453
0.976679 0.633754 -1.410059
1.034095 0.605102 -1.501454
1.084455 0.573891 -1.584542
1.128293 0.540894 -1.659967
1.165506 0.507586 -1.726763
1.197027 0.474456 -1.785998
1.223229 0.442593 -1.837352
1.245268 0.411630 -1.882601
1.263404 0.382580 -1.921146
1.278435 0.355139 -1.954106
1.290893 0.329287 -1.982018
1.301290 0.304658 -2.005675
1.310006 0.280945 -2.025664
1.317296 0.258221 -2.042155
1.323381 0.236384 -2.055393
1.328421 0.215437 -2.065469
1.332538 0.195453 -2.072347
1.335825 0.176538 -2.075893
1.338379 0.158948 -2.075900
1.340275 0.142766 -2.072198
1.341624 0.128256 -2.064737
1.342519 0.115536 -2.053590
1.343045 0.104711 -2.039000
1.343288 0.095895 -2.021419
1.343307 0.089126 -2.001414
1.343149 0.084384 -1.979716
1.342848 0.081554 -1.957135
1.342428 0.080424 -1.934530
1.341925 0.080697 -1.912784
1.341365 0.082005 -1.892610
1.340793 0.083942 -1.874697
1.340242 0.086123 -1.859464
1.339762 0.088188 -1.847326
1.339385 0.089865 -1.838473
1.339149 0.090943 -1.833131
1.339067 0.091316 -1.831336
VECTORS ControlForce float
0.000000 0.000000 0.000000
-0.000315 -0.000225 0.000147
-0.000587 -0.000439 0.000270
-0.000814 -0.000650 0.000359
-0.000965 -0.000846 0.000395
-0.001037 -0.001017 0.000389
-0.001022 -0.001143 0.000354
-0.000920 -0.001199 0.000293
-0.000771 -0.001190 0.000223
-0.000616 -0.001125 0.000160
-0.000487 -0.001013 0.000114
-0.000397 -0.000863 0.000084
-0.000361 -0.000697 0.000074
-0.000363 -0.000524 0.000081
-0.000419 -0.000378 0.000093
-0.000518 -0.000268 0.000103
-0.000646 -0.000199 0.000102
-0.000764 -0.000150 0.000086
-0.000831 -0.000099 0.000060
-0.000846 -0.000056 0.000025
-0.000773 0.000006 -0.000004
-0.000617 0.000089 -0.000022
-0.000395 0.000188 -0.000023
-0.000164 0.000270 -0.000014
0.000058 0.000332 0.000004
0.000261 0.000371 0.000032
0.000440 0.000385 0.000062
0.000580 0.000370 0.000081
0.000671 0.000330 0.000084
0.000701 0.000269 0.000064
0.000676 0.000208 0.000028
0.000614 0.000171 -0.000007
0.000530 0.000166 -0.000030
0.000426 0.000183 -0.000041
0.000307 0.000204 -0.000044
0.000159 0.000197 -0.000042
-0.000008 0.000155 -0.000037
-0.000179 0.000079 -0.000020
-0.000356 -0.000036 0.000006
-0.000510 -0.000166 0.000047
-0.000599 -0.000269 0.000100
-0.000611 -0.000328 0.000158
-0.000541 -0.000332 0.000216
-0.000394 -0.000285 0.000273
-0.000198 -0.000208 0.000316
0.000018 -0.000119 0.000339
0.000225 -0.000034 0.000333
0.000403 0.000043 0.000298
0.000507 0.000094 0.000244
0.000528 0.000124 0.000177
0.000466 0.000139 0.000112
0.000357 0.000161 0.000055
0.000230 0.000195 0.000009
0.000109 0.000235 -0.000025
0.000018 0.000277 -0.000050
-0.000022 0.000323 -0.000073
-0.000032 0.000346 -0.000084
-0.000010 0.000345 -0.000085
0.000039 0.000320 -0.000080
0.000117 0.000291 -0.000085
0.000198 0.000246 -0.000087
0.000272 0.000190 -0.000085
0.000332 0.000136 -0.000092
0.000364 0.000084 -0.000110
0.000357 0.000017 -0.000120
0.000308 -0.000053 -0.000136
0.000224 -0.000114 -0.000153
0.000115 -0.000158 -0.000174
-0.000006 -0.000182 -0.000214
-0.000121 -0.000198 -0.000248
-0.000207 -0.000200 -0.000262
-0.000254 -0.000192 -0.000262
-0.000263 -0.000175 -0.000236
-0.000246 -0.000146 -0.000197
-0.000218 -0.000112 -0.000155
-0.000192 -0.000091 -0.000108
-0.000179 -0.000082 -0.000052
-0.000187 -0.000084 0.000003
-0.000210 -0.000091 0.000045
-0.000239 -0.000093 0.000068
-0.000265 -0.000091 0.000082
-0.000278 -0.000073 0.000087
-0.000276 -0.000051 0.000084
-0.000259 -0.000034 0.000087
-0.000232 -0.000033 0.000093
-0.000201 -0.000055 0.000099
-0.000184 -0.000109 0.000124
-0.000187 -0.000175 0.000153
-0.000218 -0.000247 0.000179
-0.000285 -0.000331 0.000194
-0.000362 -0.000395 0.000187
-0.000431 -0.000428 0.000157
-0.000465 -0.000420 0.000110
-0.000456 -0.000383 0.000068
-0.000394 -0.000316 0.000030
-0.000271 -0.000211 0.000002
-0.000114 -0.000101 -0.000014
0.000056 0.000004 -0.000011
0.000227 0.000112 0.000016
0.000368 0.000212 0.000071
0.000452 0.000273 0.000125
0.000477 0.000298 0.000167
0.000446 0.000285 0.000194
0.000368 0.000234 0.000212
0.000255 0.000148 0.000227
0.000130 0.000056 0.000233
0.000012 -0.000035 0.000224
-0.000086 -0.000123 0.000201
-0.000151 -0.000195 0.000169
-0.000173 -0.000207 0.000143
-0.000156 -0.000143 0.000127
-0.000121 -0.000026 0.000117
-0.000070 0.000143 0.000111
-0.000015 0.000310 0.000098
0.000044 0.000440 0.000077
0.000125 0.000561 0.000060
0.000224 0.000659 0.000048
0.000328 0.000706 0.000034
0.000423 0.000699 0.000021
0.000488 0.000624 0.000005
0.000511 0.000495 -0.000011
0.000492 0.000351 -0.000022
0.000434 0.000218 -0.000029
0.000354 0.000137 -0.000027
0.000260 0.000082 -0.000022
0.000162 0.000030 -0.000017
0.000077 0.000012 -0.000009
-0.000000 -0.000000 -0.000000
VECTORS ControlTorque float
0.000001 -0.000005 -0.000001
0.000001 -0.000005 -0.000001
0.000001 -0.000005 -0.000001
0.000001 -0.000004 -0.000001
0.000001 -0.000004 -0.000001
0.000000 -0.000003 -0.000001
0.000000 -0.000004 -0.000001
0.000000 -0.000001 -0.000000
0.000000 -0.000002 -0.000000
0.000000 -0.000001 0.000000
-0.000000 -0.000000 0.000000
-0.000000 -0.000000 0.000000
-0.000000 -0.000000 0.000001
-0.000000 0.000001 0.000001
-0.000000 0.000001 0.000001
-0.000000 0.000001 0.000001
0.000000 0.000002 0.000001
0.000000 0.000002 0.000001
-0.000000 0.000003 0.000000
-0.000000 0.000002 0.000000
-0.000000 0.000003 -0.000000
-0.000000 0.000003 -0.000000
-0.000000 0.000003 -0.000000
-0.000001 0.000003 -0.000001
-0.000001 0.000003 -0.000001
-0.000001 0.000003 -0.000001
-0.000001 0.000003 -0.000001
-0.000001 0.000002 -0.000001
-0.000001 0.000002 -0.000001
-0.000001 0.000002 -0.000000
-0.000000 0.000002 -0.000000
-0.000000 0.000001 -0.000000
-0.000000 0.000001 -0.000000
-0.000000 0.000000 0.000000
-0.000000 0.000001 -0.000000
0.000000 -0.000000 0.000000
-0.000000 0.000001 -0.000000
-0.000000 0.000000 0.000000
-0.000000 0.000001 -0.000000
-0.000000 0.000001 -0.000000
-0.000000 0.000001 -0.000000
-0.000000 0.000001 -0.000000
-0.000001 0.000002 -0.000001
-0.000001 0.000001 -0.000000
-0.000001 0.000002 -0.000001
-0.000001 0.000002 -0.000000
-0.000001 0.000002 -0.000000
-0.000001 0.000002 -0.000000
-0.000000 0.000001 -0.000000
-0.000001 0.000001 -0.000000
-0.000000 0.000001 0.000000
-0.000000 0.000000 0.000000
-0.000000 -0.000000 0.000000
0.000000 -0.000000 0.000000
0.000000 -0.000001 0.000000
0.000000 -0.000001 0.000000
0.000001 -0.000001 0.000000
0.000001 -0.000001 0.000000
0.000001 -0.000001 0.000000
0.000001 -0.000001 0.000000
0.000001 -0.000002 0.000000
0.000001 -0.000001 0.000000
0.000002 -0.000003 0.000001
0.000001 -0.000001 0.000000
0.000002 -0.000003 0.000001
0.000001 -0.000002 0.000001
0.000001 -0.000002 0.000001
0.000001 -0.000003 0.000001
0.000001 -0.000003 0.000001
0.000001 -0.000002 0.000001
0.000001 -0.000003 0.000001
0.000001 -0.000002 0.000001
0.000001 -0.000002 0.000001
0.000001 -0.000002 0.000001
0.000000 -0.000001 0.000001
0.000001 -0.000002 0.000001
0.000001 -0.000002 0.000001
0.000001 -0.000002 0.000001
0.000001 -0.000002 0.000001
0.000000 -0.000001 0.000001
0.000001 -0.000002 0.000001
-0.000000 0.000000 0.000000
0.000001 -0.000002 0.000001
0.000001 -0.000001 0.000001
-0.000000 0.000000 -0.000000
0.000001 -0.000002 0.000001
0.000000 -0.000000 0.000000
0.000000 -0.000001 0.000000
0.000000 -0.000000 0.000000
-0.000000 -0.000000 -0.000000
0.000000 -0.000000 0.000000
-0.000001 0.000002 -0.000001
0.000001 -0.000001 0.000001
-0.000002 0.000002 -0.000001
-0.000000 0.000000 -0.000000
-0.000002 0.000002 -0.000001
-0.000001 0.000001 -0.000000
-0.000002 0.000003 -0.000001
-0.000000 0.000001 0.000000
-0.000002 0.000003 -0.000001
-0.000001 0.000001 -0.000000
-0.000001 0.000002 -0.000001
-0.000001 0.000001 -0.000000
-0.000000 0.000001 -0.000000
-0.000001 0.000001 -0.000000
-0.000000 0.000001 -0.000000
-0.000000 0.000001 -0.000000
-0.000000 0.000001 -0.000000
-0.000000 0.000001 -0.000000
-0.000001 0.000001 -0.000000
-0.000000 0.000001 -0.000000
-0.000001 0.000002 -0.000001
-0.000001 0.000001 -0.000001
-0.000001 0.000001 -0.000001
-0.000001 0.000001 -0.000001
-0.000000 0.000001 -0.000001
-0.000000 0.000001 -0.000001
-0.000000 0.000000 -0.000001
-0.000000 0.000000 -0.000001
-0.000000 -0.000000 -0.000001
-0.000000 -0.000001 -0.000000
-0.000000 -0.000001 -0.000000
0.000000 -0.000001 -0.000000
0.000000 -0.000001 0.000000
0.000000 -0.000001 0.000000
0.000000 -0.000001 0.000000
0.000000 -0.000001 0.000000
0.000000 -0.000002 0.000000
VECTORS Curvature float
-281.203235 284.141826 -7.614870
-906.761221 913.228636 -24.393053
-1979.990225 1983.609336 -51.559680
-2852.234269 2832.887705 -71.972560
-3681.792687 3618.940232 -88.791697
-4441.337688 4318.533431 -100.042607
-5171.671610 4980.743895 -106.192569
-5662.922189 5419.649536 -106.841699
-6011.850761 5746.538984 -104.976572
-6321.458870 6076.302822 -100.291612
-6385.102041 6221.651501 -95.656613
-6339.624706 6315.578237 -92.871375
-6268.094643 6437.912646 -93.374653
-6030.423675 6429.045081 -98.408844
-5705.172152 6350.645283 -109.510173
-5377.954917 6267.252959 -126.288240
-4969.864158 6068.248040 -148.726902
-4550.498359 5808.370576 -175.615965
-4088.666191 5428.337692 -205.444687
-3634.251609 4980.423021 -235.911283
-3171.215337 4434.737161 -265.069941
-2677.174371 3760.968310 -290.540431
-2214.457344 3051.007541 -310.716922
-1766.468065 2293.097557 -324.415033
-1347.546608 1519.742511 -331.205341
-966.697969 757.947197 -331.487977
-616.142560 20.692972 -326.255794
-308.851138 -663.558759 -317.010463
-41.862435 -1284.023327 -305.410047
189.505267 -1814.321815 -293.065842
392.535297 -2275.243731 -281.115255
570.822297 -2657.649176 -270.410658
740.031611 -3006.532412 -260.893112
871.727945 -3227.696232 -252.727492
997.638061 -3446.926059 -244.130751
1092.552076 -3609.333349 -235.625022
1164.391700 -3741.996837 -224.671980
1228.653618 -3909.500179 -212.156318
1276.012175 -4066.204854 -196.174747
1343.024332 -4312.584503 -177.564732
1410.500471 -4558.362406 -155.473818
1501.096063 -4851.420462 -130.256836
1651.362341 -5288.701178 -101.500106
1825.963236 -5753.996129 -70.756322
2021.975424 -6231.672741 -36.856971
2250.669584 -6770.758889 -1.946161
2453.946521 -7198.721823 33.931518
2680.151500 -7664.817189 69.672924
2882.201405 -8042.797773 102.976948
3039.703709 -8273.677516 133.528529
3187.463748 -8464.878939 159.232421
3297.077974 -8547.674731 178.900543
3365.828088 -8531.863517 191.506628
3391.262609 -8434.329648 196.328502
3377.353879 -8286.951154 193.092295
3314.980709 -8089.971729 182.128126
3195.781426 -7837.001706 164.093309
3028.055297 -7555.842121 140.078341
2810.862375 -7240.115945 111.373054
2549.293781 -6892.277219 79.346481
2235.935296 -6467.691465 45.335830
1911.017961 -6066.550212 10.283372
1542.636245 -5548.468308 -24.264652
1166.362813 -5036.399473 -58.318225
772.969940 -4414.054009 -90.659525
368.471001 -3716.831469 -121.732621
-13.431549 -3139.673769 -150.890772
-396.424184 -2393.762416 -178.535148
-740.694445 -1619.760241 -205.076416
-1108.226538 -913.637077 -230.787196
-1428.298957 -208.766971 -256.451853
-1715.276654 489.068048 -282.145893
-2031.817993 1153.067222 -308.719074
-2327.077725 1806.578324 -336.201444
-2539.978548 2360.817735 -364.624637
-2787.973055 2932.687060 -395.104432
-3079.115258 3525.379054 -425.635381
-3289.098208 4012.721878 -456.792901
-3519.573741 4500.819232 -487.614888
-3713.284161 4916.240853 -516.911384
-4007.623239 5446.812473 -544.897509
-4196.348476 5794.854819 -567.013590
-4371.939347 6106.193843 -587.783834
-4685.753225 6566.498632 -601.009633
-4760.791013 6658.994167 -608.750359
-4947.251223 6889.649490 -611.627846
-5209.537569 7192.690664 -606.865854
-5321.891481 7284.477112 -597.242621
-5437.879150 7382.525060 -582.440642
-5494.333513 7410.753253 -563.894681
-5538.059679 7441.501665 -542.121830
-5384.469696 7221.205676 -520.125765
-5295.377453 7124.650245 -493.970541
-5152.147683 6954.695330 -472.361881
-4835.381820 6583.621421 -447.891206
-4510.156835 6202.793969 -427.880115
-4129.505586 5770.014339 -407.208565
-3720.307159 5300.509999 -391.428450
-3346.832075 4910.811156 -375.150466
-2981.576257 4540.215748 -364.403165
-2527.922467 4059.972693 -353.345692
-2159.093931 3714.290845 -345.025491
-1799.307950 3391.490588 -337.373140
-1503.436238 3186.681756 -330.655066
-1210.684538 2986.357602 -324.476658
-916.753148 2777.337153 -318.058619
-634.524325 2596.540348 -311.328331
-346.460693 2410.996219 -303.965888
-44.262005 2225.325177 -295.856346
277.628364 2007.748578 -286.908838
624.314478 1771.738512 -277.092882
983.211159 1516.459261 -266.342708
1334.913267 1231.564084 -254.676739
1675.542314 947.441486 -242.033273
1975.500399 657.018935 -228.370581
2218.281483 369.892313 -213.718906
2392.155657 97.601151 -198.068618
2481.439526 -148.853081 -181.538865
2487.898738 -357.493784 -164.271005
2400.343637 -515.626871 -146.438153
2238.315050 -618.542081 -128.250201
2007.649072 -660.358052 -109.846821
1729.111530 -645.656202 -91.384099
1416.947986 -579.502002 -72.966125
1077.709777 -470.013621 -54.502478
734.742867 -334.316215 -36.686339
334.509576 -155.723490 -16.752686
107.310590 -50.550497 -5.185748
VECTORS LocalRotation float
0.731433 -0.088247 0.103795
0.726042 -0.082812 0.103650
0.713024 -0.069749 0.103307
0.691237 -0.048033 0.102750
0.661594 -0.018763 0.102021
0.624695 0.017293 0.101163
0.581149 0.059418 0.100229
0.532367 0.106244 0.099270
0.479325 0.156976 0.098308
0.423563 0.210430 0.097379
0.366099 0.266046 0.096493
0.308353 0.322941 0.095638
0.251206 0.380749 0.094794
0.195696 0.438825 0.093928
0.142472 0.496784 0.092985
0.092322 0.553878 0.091918
0.045480 0.609718 0.090673
0.002372 0.663495 0.089204
-0.036738 0.714365 0.087479
-0.071763 0.761570 0.085478
-0.102514 0.804113 0.083214
-0.128999 0.841228 0.080698
-0.151175 0.872110 0.077972
-0.169201 0.896309 0.075096
-0.183313 0.913587 0.072125
-0.193775 0.923884 0.069129
-0.200928 0.927403 0.066157
-0.205117 0.924491 0.063243
-0.206704 0.915682 0.060428
-0.206035 0.901654 0.057718
-0.203392 0.883079 0.055110
-0.199024 0.860714 0.052610
-0.193083 0.835043 0.050202
-0.185820 0.806951 0.047887
-0.177318 0.776595 0.045628
-0.167909 0.744829 0.043468
-0.157638 0.711377 0.041373
-0.146836 0.676837 0.039402
-0.135461 0.640616 0.037547
-0.123635 0.602783 0.035860
-0.111186 0.562674 0.034354
-0.097993 0.520039 0.033059
-0.083668 0.473960 0.032006
-0.067970 0.424111 0.031228
-0.050522 0.369762 0.030740
-0.031218 0.311017 0.030565
-0.009924 0.247787 0.030710
0.013366 0.180362 0.031180
0.038507 0.109367 0.031960
0.065342 0.035429 0.033032
0.093562 -0.040427 0.034359
0.122918 -0.117444 0.035889
0.153079 -0.194759 0.037566
0.183669 -0.271566 0.039322
0.214323 -0.347293 0.041086
0.244609 -0.421407 0.042784
0.274086 -0.493516 0.044351
0.302271 -0.563223 0.045729
0.328712 -0.630225 0.046867
0.352980 -0.694209 0.047731
0.374651 -0.754714 0.048295
0.393461 -0.811568 0.048548
0.409057 -0.864016 0.048485
0.421362 -0.912095 0.048109
0.430092 -0.954640 0.047439
0.435307 -0.991784 0.046468
0.436911 -1.022773 0.045236
0.435070 -1.047634 0.043756
0.429905 -1.065862 0.042014
0.421468 -1.077423 0.040025
0.410062 -1.082470 0.037834
0.395730 -1.081192 0.035378
0.378767 -1.073759 0.032704
0.359116 -1.060416 0.029796
0.337210 -1.041659 0.026642
0.312929 -1.017535 0.023180
0.286485 -0.988427 0.019480
0.257723 -0.954381 0.015495
0.226897 -0.915836 0.011219
0.194081 -0.873110 0.006661
0.158988 -0.826008 0.001835
0.122093 -0.775452 -0.003165
0.083022 -0.721184 -0.008431
0.042174 -0.664034 -0.013792
-0.000459 -0.604345 -0.019252
-0.044831 -0.542419 -0.024830
-0.090716 -0.478800 -0.030335
-0.138323 -0.413357 -0.035778
-0.186988 -0.347020 -0.041113
-0.236437 -0.280107 -0.046298
-0.286320 -0.212952 -0.051299
-0.335659 -0.146718 -0.056098
-0.384405 -0.081239 -0.060726
-0.431377 -0.017939 -0.065071
-0.476666 0.043452 -0.069244
-0.518854 0.101173 -0.073197
-0.558144 0.155621 -0.076995
-0.593655 0.205702 -0.080608
-0.625867 0.252244 -0.084102
-0.654229 0.294602 -0.087416
-0.679177 0.333544 -0.090666
-0.700405 0.368755 -0.093829
-0.718414 0.401083 -0.096934
-0.733409 0.430949 -0.099967
-0.745649 0.458788 -0.102922
-0.755269 0.484850 -0.105827
-0.762293 0.509183 -0.108677
-0.766739 0.531879 -0.111466
-0.768510 0.552896 -0.114185
-0.767455 0.572048 -0.116821
-0.763365 0.589185 -0.119379
-0.756101 0.604044 -0.121834
-0.745598 0.616494 -0.124195
-0.731954 0.626370 -0.126446
-0.715427 0.633633 -0.128575
-0.696437 0.638283 -0.130577
-0.675568 0.640399 -0.132441
-0.653502 0.640167 -0.134160
-0.631002 0.637874 -0.135726
-0.608880 0.633923 -0.137132
-0.587862 0.628784 -0.138376
-0.568648 0.622997 -0.139454
-0.551709 0.617077 -0.140366
-0.537478 0.611534 -0.141109
-0.526172 0.606778 -0.141687
-0.517984 0.603144 -0.142099
-0.513132 0.600921 -0.142342
-0.511136 0.599989 -0.142441
VECTORS q1 float
0.580589 -0.589008 -0.562127
0.577473 -0.588985 -0.565352
0.568072 -0.588935 -0.574848
0.552394 -0.588925 -0.589938
0.530558 -0.589067 -0.609514
0.502582 -0.589485 -0.632391
0.468591 -0.590316 -0.657229
0.428848 -0.591700 -0.682628
0.384535 -0.593747 -0.706822
0.335763 -0.596532 -0.728981
0.283543 -0.600082 -0.748001
0.228877 -0.604364 -0.763125
0.172359 -0.609324 -0.773962
0.114661 -0.614873 -0.780246
0.057167 -0.620841 -0.781849
0.000354 -0.627104 -0.778935
-0.054707 -0.633485 -0.771819
-0.107078 -0.639818 -0.761030
-0.155833 -0.645954 -0.747302
-0.199983 -0.651756 -0.731588
-0.238981 -0.657147 -0.714875
-0.271980 -0.662058 -0.698360
-0.298639 -0.666471 -0.683104
-0.318865 -0.670387 -0.670005
-0.332665 -0.673815 -0.659779
-0.340299 -0.676751 -0.652843
-0.342066 -0.679183 -0.649385
-0.338375 -0.681083 -0.649329
-0.329696 -0.682396 -0.652408
-0.316559 -0.683074 -0.658179
-0.299530 -0.683079 -0.666097
-0.279065 -0.682353 -0.675660
-0.255686 -0.680875 -0.686319
-0.229718 -0.678603 -0.697659
-0.201917 -0.675617 -0.709064
-0.172087 -0.671788 -0.720477
-0.141025 -0.667242 -0.731369
-0.108253 -0.661791 -0.741831
-0.074135 -0.655462 -0.751581
-0.038049 -0.648005 -0.760685
0.000147 -0.639281 -0.768973
0.040910 -0.629033 -0.776302
0.084718 -0.616958 -0.782423
0.132436 -0.602578 -0.786995
0.183816 -0.585729 -0.789388
0.239275 -0.565995 -0.788922
0.298184 -0.543311 -0.784793
0.359841 -0.517673 -0.776228
0.423609 -0.489089 -0.762462
0.487854 -0.458071 -0.743081
0.551401 -0.425054 -0.717834
0.613012 -0.390622 -0.686754
0.671467 -0.355472 -0.650209
0.725829 -0.320273 -0.608768
0.775408 -0.285643 -0.563162
0.819829 -0.252073 -0.514139
0.858821 -0.220032 -0.462615
0.892357 -0.189845 -0.409460
0.920555 -0.161750 -0.355549
0.943647 -0.135907 -0.301761
0.961954 -0.112425 -0.249007
0.975886 -0.091381 -0.198231
0.986014 -0.072667 -0.149984
0.992807 -0.056467 -0.105578
0.996972 -0.042507 -0.065117
0.999060 -0.031115 -0.030181
0.999759 -0.021931 -0.000418
0.999609 -0.015012 0.023605
0.999091 -0.010525 0.041304
0.998570 -0.008438 0.052783
0.998261 -0.008687 0.058307
0.998252 -0.011440 0.057986
0.998501 -0.016732 0.052109
0.998854 -0.024667 0.041027
0.999058 -0.035362 0.025134
0.998793 -0.048861 0.005099
0.997669 -0.065476 -0.019232
0.995248 -0.085223 -0.047100
0.991062 -0.108194 -0.078035
0.984625 -0.134446 -0.111523
0.975455 -0.163966 -0.146979
0.962946 -0.196955 -0.184238
0.947004 -0.232618 -0.221523
0.926928 -0.271370 -0.259156
0.902679 -0.312524 -0.295804
0.874505 -0.355246 -0.330213
0.841738 -0.399918 -0.362688
0.804856 -0.445581 -0.392000
0.764138 -0.491674 -0.417552
0.719990 -0.537611 -0.438849
0.672974 -0.582766 -0.455511
0.623803 -0.626497 -0.467303
0.573966 -0.667729 -0.474027
0.523118 -0.706808 -0.476204
0.473483 -0.742420 -0.473947
0.425327 -0.774681 -0.467938
0.380023 -0.803122 -0.458886
0.337531 -0.828125 -0.447528
0.298733 -0.849610 -0.434651
0.262701 -0.868339 -0.420685
0.230350 -0.884219 -0.406319
0.201013 -0.897812 -0.391825
0.174444 -0.909446 -0.377461
0.150053 -0.919514 -0.363287
0.127367 -0.928306 -0.349321
0.106358 -0.935946 -0.335698
0.086828 -0.942587 -0.322477
0.068706 -0.948329 -0.309760
0.052010 -0.953248 -0.297679
0.036811 -0.957406 -0.286390
0.023333 -0.960846 -0.276100
0.011645 -0.963643 -0.266940
0.001971 -0.965856 -0.259072
-0.005607 -0.967564 -0.252565
-0.011031 -0.968841 -0.247439
-0.014264 -0.969755 -0.243662
-0.015346 -0.970369 -0.241141
-0.014397 -0.970734 -0.239727
-0.011642 -0.970894 -0.239225
-0.007409 -0.970889 -0.239416
-0.002125 -0.970754 -0.240068
0.003740 -0.970523 -0.240978
0.009673 -0.970237 -0.241963
0.015223 -0.969932 -0.242901
0.019959 -0.969647 -0.243692
0.023579 -0.969416 -0.244288
0.025829 -0.969267 -0.244650
0.026595 -0.969216 -0.244773
VECTORS q2 float
0.446190 0.807675 -0.385454
0.443222 0.807723 -0.388764
0.434213 0.807848 -0.398549
0.419037 0.807978 -0.414221
0.397624 0.808000 -0.434778
0.369772 0.807774 -0.459097
0.335419 0.807140 -0.485818
0.294742 0.805935 -0.513416
0.249045 0.804032 -0.539916
0.198677 0.801348 -0.564242
0.145112 0.797880 -0.585090
0.089911 0.793708 -0.601618
0.034222 0.788951 -0.613503
-0.020816 0.783767 -0.620706
-0.073575 0.778381 -0.623466
-0.123532 0.772942 -0.622335
-0.169879 0.767612 -0.617991
-0.212167 0.762504 -0.611206
-0.250138 0.757691 -0.602773
-0.283599 0.753213 -0.593499
-0.312722 0.749069 -0.584038
-0.337448 0.745251 -0.575091
-0.358008 0.741731 -0.567156
-0.374712 0.738480 -0.560570
-0.387850 0.735474 -0.555564
-0.397794 0.732703 -0.552183
-0.404864 0.730164 -0.550405
-0.409377 0.727858 -0.550121
-0.411643 0.725805 -0.551141
-0.411927 0.724015 -0.553279
-0.410454 0.722499 -0.556347
-0.407378 0.721285 -0.560171
-0.402840 0.720384 -0.564594
-0.396926 0.719828 -0.569471
-0.389873 0.719589 -0.574623
-0.381681 0.719728 -0.579924
-0.372706 0.720184 -0.585172
-0.362921 0.721022 -0.590267
-0.352580 0.722207 -0.595067
-0.341581 0.723815 -0.599511
-0.329920 0.725887 -0.603524
-0.317427 0.728519 -0.607043
-0.303867 0.731843 -0.609976
-0.288855 0.736062 -0.612189
-0.272354 0.741281 -0.613454
-0.254138 0.747690 -0.613492
-0.234352 0.755358 -0.611976
-0.213201 0.764323 -0.608569
-0.190895 0.774611 -0.602940
-0.168017 0.786063 -0.594874
-0.145006 0.798533 -0.584225
-0.122347 0.811809 -0.570962
-0.100552 0.825613 -0.555205
-0.080060 0.839650 -0.537195
-0.061253 0.853609 -0.517300
-0.044399 0.867203 -0.495971
-0.029726 0.880131 -0.473799
-0.017332 0.892146 -0.451414
-0.007202 0.903051 -0.429472
0.000781 0.912705 -0.408619
0.006827 0.921017 -0.389462
0.011217 0.927945 -0.372548
0.014313 0.933533 -0.358206
0.016445 0.937757 -0.346904
0.017987 0.940724 -0.338696
0.019264 0.942417 -0.333886
0.020545 0.942928 -0.332361
0.022040 0.942282 -0.334093
0.023919 0.940512 -0.338918
0.026247 0.937618 -0.346674
0.028995 0.933522 -0.357346
0.032156 0.928302 -0.370433
0.035592 0.921803 -0.386021
0.039160 0.913965 -0.403899
0.042686 0.904717 -0.423868
0.046014 0.894098 -0.445502
0.048824 0.881747 -0.469188
0.050898 0.867690 -0.494493
0.051950 0.851818 -0.521255
0.051668 0.834031 -0.549292
0.049720 0.814250 -0.578381
0.045590 0.792183 -0.608579
0.039282 0.768315 -0.638866
0.030065 0.742135 -0.669576
0.017824 0.713977 -0.699943
0.002622 0.684282 -0.729213
-0.016331 0.652618 -0.757511
-0.038798 0.619604 -0.783955
-0.064695 0.585634 -0.807990
-0.093785 0.551186 -0.829095
-0.125640 0.516820 -0.846825
-0.159660 0.483142 -0.860862
-0.194591 0.451074 -0.871015
-0.230609 0.420519 -0.877487
-0.265878 0.392516 -0.880477
-0.300082 0.367076 -0.880458
-0.332075 0.344574 -0.878063
-0.361764 0.324796 -0.873862
-0.388386 0.307792 -0.868574
-0.412453 0.293096 -0.862541
-0.433232 0.280699 -0.856457
-0.451067 0.270229 -0.850597
-0.466060 0.261420 -0.845250
-0.478526 0.253994 -0.840535
-0.488710 0.247735 -0.836535
-0.496643 0.242479 -0.833396
-0.502415 0.238089 -0.831200
-0.506024 0.234461 -0.830041
-0.507394 0.231517 -0.830031
-0.506377 0.229196 -0.831295
-0.502792 0.227427 -0.833953
-0.496448 0.226161 -0.838087
-0.487287 0.225305 -0.843676
-0.475317 0.224791 -0.850613
-0.460689 0.224551 -0.858686
-0.443743 0.224514 -0.867574
-0.424919 0.224637 -0.876916
-0.404813 0.224883 -0.886315
-0.384105 0.225229 -0.895397
-0.363527 0.225656 -0.903840
-0.343845 0.226140 -0.911390
-0.325672 0.226660 -0.917912
-0.309603 0.227178 -0.923329
-0.295986 0.227671 -0.927663
-0.285166 0.228095 -0.930942
-0.277291 0.228426 -0.933237
-0.272546 0.228632 -0.934583
-0.270953 0.228704 -0.935029
VECTORS q3 float
0.681051 -0.027026 0.731737
0.685624 -0.026076 0.727489
0.699109 -0.023202 0.714639
0.720603 -0.018393 0.693104
0.748600 -0.011683 0.662919
0.781460 -0.003107 0.623948
0.817261 0.007203 0.576222
0.853942 0.018978 0.520022
0.888881 0.031586 0.457048
0.920756 0.044619 0.387580
0.947917 0.057354 0.313312
0.969294 0.069083 0.236001
0.984439 0.079256 0.156836
0.993187 0.087412 0.077068
0.995650 0.093166 -0.001181
0.992341 0.096443 -0.077194
0.983945 0.097307 -0.149609
0.971349 0.096019 -0.217396
0.955587 0.092997 -0.279651
0.937859 0.088788 -0.335467
0.919289 0.083983 -0.384518
0.901197 0.079247 -0.426104
0.884672 0.075182 -0.460111
0.870584 0.072313 -0.486677
0.859597 0.071078 -0.506005
0.852031 0.071790 -0.518546
0.847983 0.074638 -0.524742
0.847297 0.079673 -0.525109
0.849618 0.086850 -0.520199
0.854463 0.095977 -0.510570
0.861284 0.106759 -0.496783
0.869578 0.118925 -0.479261
0.878831 0.132118 -0.458476
0.888639 0.146101 -0.434713
0.898459 0.160419 -0.408702
0.908133 0.175195 -0.380265
0.917171 0.190062 -0.350248
0.925510 0.205328 -0.318231
0.932841 0.220877 -0.284643
0.939082 0.237024 -0.248887
0.944009 0.253788 -0.210805
0.947400 0.271253 -0.169868
0.948940 0.289428 -0.125473
0.948168 0.308403 -0.076577
0.944476 0.327756 -0.023266
0.937103 0.347288 0.035063
0.925292 0.366399 0.097909
0.908328 0.384481 0.164666
0.885503 0.400961 0.234767
0.856603 0.415062 0.306520
0.821541 0.426233 0.378677
0.780543 0.434030 0.449857
0.734181 0.438182 0.518629
0.683201 0.438650 0.583801
0.628483 0.435613 0.644399
0.570884 0.429439 0.699767
0.511412 0.420660 0.749335
0.450997 0.409919 0.792823
0.390546 0.397914 0.830143
0.330953 0.385356 0.861377
0.273125 0.372945 0.886744
0.217991 0.361341 0.906594
0.166045 0.351050 0.921517
0.118595 0.342672 0.931939
0.075654 0.336499 0.938640
0.038832 0.332990 0.942130
0.007683 0.332273 0.943152
-0.017227 0.334483 0.942244
-0.035280 0.339598 0.939909
-0.046565 0.347564 0.936499
-0.051326 0.358415 0.932150
-0.049590 0.371650 0.927047
-0.041575 0.387298 0.921017
-0.027534 0.405042 0.913883
-0.007751 0.424542 0.905375
0.017209 0.445199 0.895266
0.047678 0.467156 0.882889
0.083010 0.489746 0.867904
0.122869 0.512542 0.849826
0.166863 0.535085 0.828155
0.214512 0.556877 0.802416
0.265813 0.577629 0.771808
0.318811 0.596306 0.736735
0.374032 0.612858 0.696064
0.429946 0.626551 0.650062
0.485009 0.636835 0.599339
0.539639 0.643549 0.542802
0.592201 0.646180 0.481404
0.641800 0.644429 0.415696
0.687618 0.638098 0.346429
0.728917 0.627121 0.274587
0.765100 0.611618 0.201359
0.795423 0.592174 0.128967
0.820468 0.568846 0.056985
0.839716 0.542904 -0.011543
0.853843 0.514903 -0.076340
0.863313 0.486069 -0.135750
0.869023 0.456855 -0.189957
0.871731 0.428284 -0.238029
0.872279 0.400103 -0.281152
0.871349 0.373315 -0.318413
0.869559 0.347720 -0.350654
0.867385 0.323369 -0.378253
0.865157 0.299967 -0.401899
0.863099 0.277263 -0.422119
0.861414 0.255361 -0.439042
0.860256 0.234189 -0.452897
0.859779 0.213774 -0.463769
0.860143 0.194210 -0.471631
0.861526 0.175622 -0.476371
0.864093 0.158279 -0.477799
0.867988 0.142281 -0.475765
0.873240 0.127905 -0.470205
0.879797 0.115279 -0.461160
0.887493 0.104520 -0.448812
0.896040 0.095748 -0.433525
0.905101 0.089008 -0.415775
0.914286 0.084284 -0.396203
0.923216 0.081464 -0.375547
0.931554 0.080338 -0.354616
0.939024 0.080609 -0.334269
0.945475 0.081913 -0.315224
0.950817 0.083844 -0.298191
0.955071 0.086017 -0.283621
0.958270 0.088074 -0.271958
0.960496 0.089744 -0.263425
0.961796 0.090817 -0.258265
0.962225 0.091189 -0.256529
