# vtk DataFile Version 2.0
VTK example
ASCII
DATASET UNSTRUCTURED_GRID
POINTS  128  float
-0.000285 -0.000078 -0.000149
-0.000278 -0.000081 -0.000153
-0.000270 -0.000084 -0.000157
-0.000263 -0.000087 -0.000161
-0.000255 -0.000090 -0.000165
-0.000247 -0.000093 -0.000168
-0.000239 -0.000095 -0.000172
-0.000231 -0.000098 -0.000176
-0.000224 -0.000100 -0.000180
-0.000216 -0.000102 -0.000183
-0.000207 -0.000104 -0.000187
-0.000199 -0.000106 -0.000190
-0.000191 -0.000107 -0.000194
-0.000183 -0.000108 -0.000197
-0.000174 -0.000109 -0.000200
-0.000166 -0.000109 -0.000204
-0.000157 -0.000110 -0.000206
-0.000148 -0.000109 -0.000209
-0.000140 -0.000109 -0.000211
-0.000131 -0.000108 -0.000213
-0.000122 -0.000107 -0.000215
-0.000113 -0.000105 -0.000216
-0.000104 -0.000103 -0.000217
-0.000096 -0.000101 -0.000217
-0.000087 -0.000099 -0.000217
-0.000078 -0.000096 -0.000216
-0.000070 -0.000092 -0.000214
-0.000062 -0.000089 -0.000212
-0.000054 -0.000085 -0.000209
-0.000047 -0.000081 -0.000205
-0.000040 -0.000077 -0.000201
-0.000034 -0.000073 -0.000196
-0.000028 -0.000069 -0.000191
-0.000023 -0.000064 -0.000185
-0.000018 -0.000060 -0.000179
-0.000014 -0.000055 -0.000172
-0.000010 -0.000051 -0.000165
-0.000007 -0.000046 -0.000158
-0.000004 -0.000042 -0.000151
-0.000001 -0.000038 -0.000143
0.000001 -0.000033 -0.000136
0.000003 -0.000029 -0.000128
0.000005 -0.000025 -0.000120
0.000006 -0.000020 -0.000112
0.000008 -0.000016 -0.000104
0.000009 -0.000012 -0.000096
0.000010 -0.000008 -0.000088
0.000011 -0.000004 -0.000080
0.000012 0.000000 -0.000072
0.000013 0.000004 -0.000064
0.000014 0.000008 -0.000056
0.000015 0.000012 -0.000048
0.000015 0.000016 -0.000040
0.000016 0.000020 -0.000032
0.000017 0.000024 -0.000024
0.000017 0.000028 -0.000016
0.000018 0.000032 -0.000007
0.000019 0.000036 0.000001
0.000020 0.000040 0.000009
0.000021 0.000044 0.000017
0.000022 0.000048 0.000025
0.000023 0.000053 0.000032
0.000025 0.000058 0.000040
0.000027 0.000063 0.000047
0.000029 0.000068 0.000054
0.000032 0.000074 0.000060
0.000035 0.000080 0.000067
0.000039 0.000086 0.000072
0.000042 0.000092 0.000077
0.000047 0.000099 0.000082
0.000052 0.000105 0.000085
0.000057 0.000112 0.000089
0.000063 0.000118 0.000091
0.000069 0.000125 0.000093
0.000076 0.000131 0.000094
0.000083 0.000137 0.000094
0.000090 0.000142 0.000094
0.000097 0.000147 0.000093
0.000105 0.000152 0.000092
0.000113 0.000157 0.000090
0.000120 0.000161 0.000088
0.000128 0.000164 0.000085
0.000136 0.000167 0.000083
0.000144 0.000170 0.000079
0.000152 0.000173 0.000076
0.000160 0.000175 0.000072
0.000168 0.000177 0.000068
0.000176 0.000179 0.000064
0.000184 0.000180 0.000060
0.000192 0.000181 0.000056
0.000200 0.000182 0.000052
0.000208 0.000183 0.000047
0.000216 0.000184 0.000043
0.000224 0.000184 0.000039
0.000232 0.000185 0.000035
0.000240 0.000185 0.000031
0.000248 0.000185 0.000027
0.000256 0.000185 0.000023
0.000265 0.000185 0.000020
0.000273 0.000185 0.000017
0.000282 0.000185 0.000014
0.000290 0.000184 0.000011
0.000299 0.000184 0.000009
0.000308 0.000185 0.000008
0.000317 0.000185 0.000006
0.000326 0.000185 0.000006
0.000335 0.000186 0.000006
0.000344 0.000187 0.000006
0.000353 0.000188 0.000007
0.000362 0.000190 0.000009
0.000370 0.000192 0.000011
0.000379 0.000194 0.000014
0.000387 0.000197 0.000017
0.000394 0.000200 0.000021
0.000401 0.000204 0.000026
0.000408 0.000208 0.000030
0.000414 0.000213 0.000035
0.000419 0.000217 0.000041
0.000424 0.000222 0.000046
0.000429 0.000227 0.000052
0.000433 0.000233 0.000058
0.000437 0.000238 0.000064
0.000440 0.000244 0.000071
0.000443 0.000250 0.000077
0.000446 0.000256 0.000083
0.000449 0.000261 0.000090
0.000452 0.000267 0.000096
0.000454 0.000273 0.000102
CELLS  127 381
2 0 1 
2 1 2 
2 2 3 
2 3 4 
2 4 5 
2 5 6 
2 6 7 
2 7 8 
2 8 9 
2 9 10 
2 10 11 
2 11 12 
2 12 13 
2 13 14 
2 14 15 
2 15 16 
2 16 17 
2 17 18 
2 18 19 
2 19 20 
2 20 21 
2 21 22 
2 22 23 
2 23 24 
2 24 25 
2 25 26 
2 26 27 
2 27 28 
2 28 29 
2 29 30 
2 30 31 
2 31 32 
2 32 33 
2 33 34 
2 34 35 
2 35 36 
2 36 37 
2 37 38 
2 38 39 
2 39 40 
2 40 41 
2 41 42 
2 42 43 
2 43 44 
2 44 45 
2 45 46 
2 46 47 
2 47 48 
2 48 49 
2 49 50 
2 50 51 
2 51 52 
2 52 53 
2 53 54 
2 54 55 
2 55 56 
2 56 57 
2 57 58 
2 58 59 
2 59 60 
2 60 61 
2 61 62 
2 62 63 
2 63 64 
2 64 65 
2 65 66 
2 66 67 
2 67 68 
2 68 69 
2 69 70 
2 70 71 
2 71 72 
2 72 73 
2 73 74 
2 74 75 
2 75 76 
2 76 77 
2 77 78 
2 78 79 
2 79 80 
2 80 81 
2 81 82 
2 82 83 
2 83 84 
2 84 85 
2 85 86 
2 86 87 
2 87 88 
2 88 89 
2 89 90 
2 90 91 
2 91 92 
2 92 93 
2 93 94 
2 94 95 
2 95 96 
2 96 97 
2 97 98 
2 98 99 
2 99 100 
2 100 101 
2 101 102 
2 102 103 
2 103 104 
2 104 105 
2 105 106 
2 106 107 
2 107 108 
2 108 109 
2 109 110 
2 110 111 
2 111 112 
2 112 113 
2 113 114 
2 114 115 
2 115 116 
2 116 117 
2 117 118 
2 118 119 
2 119 120 
2 120 121 
2 121 122 
2 122 123 
2 123 124 
2 124 125 
2 125 126 
2 126 127 
CELL_TYPES  127
3
3
3
3
3
3
3
3
3
3
3
3
3
3
3
3
3
3
3
3
3
3
3
3
3
3
3
3
3
3
3
3
3
3
3
3
3
3
3
3
3
3
3
3
3
3
3
3
3
3
3
3
3
3
3
3
3
3
3
3
3
3
3
3
3
3
3
3
3
3
3
3
3
3
3
3
3
3
3
3
3
3
3
3
3
3
3
3
3
3
3
3
3
3
3
3
3
3
3
3
3
3
3
3
3
3
3
3
3
3
3
3
3
3
3
3
3
3
3
3
3
3
3
3
3
3
3
POINT_DATA  128
VECTORS Position float
-0.000285 -0.000078 -0.000149
-0.000278 -0.000081 -0.000153
-0.000270 -0.000084 -0.000157
-0.000263 -0.000087 -0.000161
-0.000255 -0.000090 -0.000165
-0.000247 -0.000093 -0.000168
-0.000239 -0.000095 -0.000172
-0.000231 -0.000098 -0.000176
-0.000224 -0.000100 -0.000180
-0.000216 -0.000102 -0.000183
-0.000207 -0.000104 -0.000187
-0.000199 -0.000106 -0.000190
-0.000191 -0.000107 -0.000194
-0.000183 -0.000108 -0.000197
-0.000174 -0.000109 -0.000200
-0.000166 -0.000109 -0.000204
-0.000157 -0.000110 -0.000206
-0.000148 -0.000109 -0.000209
-0.000140 -0.000109 -0.000211
-0.000131 -0.000108 -0.000213
-0.000122 -0.000107 -0.000215
-0.000113 -0.000105 -0.000216
-0.000104 -0.000103 -0.000217
-0.000096 -0.000101 -0.000217
-0.000087 -0.000099 -0.000217
-0.000078 -0.000096 -0.000216
-0.000070 -0.000092 -0.000214
-0.000062 -0.000089 -0.000212
-0.000054 -0.000085 -0.000209
-0.000047 -0.000081 -0.000205
-0.000040 -0.000077 -0.000201
-0.000034 -0.000073 -0.000196
-0.000028 -0.000069 -0.000191
-0.000023 -0.000064 -0.000185
-0.000018 -0.000060 -0.000179
-0.000014 -0.000055 -0.000172
-0.000010 -0.000051 -0.000165
-0.000007 -0.000046 -0.000158
-0.000004 -0.000042 -0.000151
-0.000001 -0.000038 -0.000143
0.000001 -0.000033 -0.000136
0.000003 -0.000029 -0.000128
0.000005 -0.000025 -0.000120
0.000006 -0.000020 -0.000112
0.000008 -0.000016 -0.000104
0.000009 -0.000012 -0.000096
0.000010 -0.000008 -0.000088
0.000011 -0.000004 -0.000080
0.000012 0.000000 -0.000072
0.000013 0.000004 -0.000064
0.000014 0.000008 -0.000056
0.000015 0.000012 -0.000048
0.000015 0.000016 -0.000040
0.000016 0.000020 -0.000032
0.000017 0.000024 -0.000024
0.000017 0.000028 -0.000016
0.000018 0.000032 -0.000007
0.000019 0.000036 0.000001
0.000020 0.000040 0.000009
0.000021 0.000044 0.000017
0.000022 0.000048 0.000025
0.000023 0.000053 0.000032
0.000025 0.000058 0.000040
0.000027 0.000063 0.000047
0.000029 0.000068 0.000054
0.000032 0.000074 0.000060
0.000035 0.000080 0.000067
0.000039 0.000086 0.000072
0.000042 0.000092 0.000077
0.000047 0.000099 0.000082
0.000052 0.000105 0.000085
0.000057 0.000112 0.000089
0.000063 0.000118 0.000091
0.000069 0.000125 0.000093
0.000076 0.000131 0.000094
0.000083 0.000137 0.000094
0.000090 0.000142 0.000094
0.000097 0.000147 0.000093
0.000105 0.000152 0.000092
0.000113 0.000157 0.000090
0.000120 0.000161 0.000088
0.000128 0.000164 0.000085
0.000136 0.000167 0.000083
0.000144 0.000170 0.000079
0.000152 0.000173 0.000076
0.000160 0.000175 0.000072
0.000168 0.000177 0.000068
0.000176 0.000179 0.000064
0.000184 0.000180 0.000060
0.000192 0.000181 0.000056
0.000200 0.000182 0.000052
0.000208 0.000183 0.000047
0.000216 0.000184 0.000043
0.000224 0.000184 0.000039
0.000232 0.000185 0.000035
0.000240 0.000185 0.000031
0.000248 0.000185 0.000027
0.000256 0.000185 0.000023
0.000265 0.000185 0.000020
0.000273 0.000185 0.000017
0.000282 0.000185 0.000014
0.000290 0.000184 0.000011
0.000299 0.000184 0.000009
0.000308 0.000185 0.000008
0.000317 0.000185 0.000006
0.000326 0.000185 0.000006
0.000335 0.000186 0.000006
0.000344 0.000187 0.000006
0.000353 0.000188 0.000007
0.000362 0.000190 0.000009
0.000370 0.000192 0.000011
0.000379 0.000194 0.000014
0.000387 0.000197 0.000017
0.000394 0.000200 0.000021
0.000401 0.000204 0.000026
0.000408 0.000208 0.000030
0.000414 0.000213 0.000035
0.000419 0.000217 0.000041
0.000424 0.000222 0.000046
0.000429 0.000227 0.000052
0.000433 0.000233 0.000058
0.000437 0.000238 0.000064
0.000440 0.000244 0.000071
0.000443 0.000250 0.000077
0.000446 0.000256 0.000083
0.000449 0.000261 0.000090
0.000452 0.000267 0.000096
0.000454 0.000273 0.000102
VECTORS Rotation float
0.819109 -0.333182 -2.046731
0.819072 -0.331784 -2.046019
0.818967 -0.327571 -2.043881
0.818780 -0.320562 -2.040352
0.818465 -0.310822 -2.035515
0.818000 -0.298340 -2.029450
0.817360 -0.283108 -2.022263
0.816531 -0.265126 -2.014058
0.815416 -0.244738 -2.005047
0.814095 -0.221743 -1.995108
0.812562 -0.196329 -1.984188
0.810827 -0.168666 -1.972101
0.808938 -0.138731 -1.958452
0.806895 -0.106568 -1.942747
0.804579 -0.072666 -1.924615
0.801894 -0.037046 -1.903379
0.798609 -0.000113 -1.878528
0.794432 0.037796 -1.849493
0.788997 0.076360 -1.815728
0.781875 0.115191 -1.776824
0.772585 0.154224 -1.732155
0.760638 0.192996 -1.681643
0.745543 0.231332 -1.625002
0.726808 0.269090 -1.561978
0.704054 0.305928 -1.492706
0.676924 0.341612 -1.417149
0.645307 0.375609 -1.335837
0.609345 0.407272 -1.249603
0.569250 0.436065 -1.159006
0.525714 0.461232 -1.065435
0.479757 0.482110 -0.970589
0.432363 0.498358 -0.875726
0.384925 0.509756 -0.782841
0.338580 0.516486 -0.693299
0.295189 0.518974 -0.610111
0.254974 0.518068 -0.533008
0.219311 0.514766 -0.464481
0.187858 0.510037 -0.403628
0.160958 0.504857 -0.351250
0.138037 0.499872 -0.306292
0.118805 0.495540 -0.268372
0.102752 0.491993 -0.236619
0.089344 0.489098 -0.210074
0.077964 0.486503 -0.187532
0.068269 0.483818 -0.168364
0.059817 0.480611 -0.151672
0.052367 0.476588 -0.136992
0.045738 0.471605 -0.123970
0.039810 0.465685 -0.112374
0.034597 0.459120 -0.102293
0.030127 0.452347 -0.093850
0.026467 0.445960 -0.087274
0.023704 0.440670 -0.082856
0.021925 0.437224 -0.080889
0.021223 0.436367 -0.081667
0.021712 0.438804 -0.085486
0.023543 0.445158 -0.092671
0.026943 0.455943 -0.103621
0.032245 0.471529 -0.118848
0.039930 0.492101 -0.139016
0.050651 0.517611 -0.164951
0.065263 0.547718 -0.197638
0.085010 0.581999 -0.238500
0.110990 0.619157 -0.288469
0.145228 0.658422 -0.349767
0.188357 0.697185 -0.422294
0.242978 0.734354 -0.508964
0.309827 0.767262 -0.609989
0.387380 0.792865 -0.722856
0.474097 0.809111 -0.845675
0.568205 0.814397 -0.976789
0.662256 0.807719 -1.107244
0.753319 0.789293 -1.234381
0.837058 0.760281 -1.353363
0.910799 0.722626 -1.461107
0.972896 0.679188 -1.555195
1.025179 0.631159 -1.638101
1.067988 0.581096 -1.709600
1.102726 0.530683 -1.771014
1.130813 0.481216 -1.823737
1.153528 0.433636 -1.869050
1.172107 0.387997 -1.908544
1.187126 0.345767 -1.942157
1.199530 0.306018 -1.971430
1.209767 0.269186 -1.996478
1.218256 0.235527 -2.017361
1.225398 0.203988 -2.034775
1.231462 0.174728 -2.048556
1.236696 0.147538 -2.058703
1.241326 0.122260 -2.065165
1.245551 0.098818 -2.067859
1.249557 0.077215 -2.066679
1.253564 0.057769 -2.061541
1.257601 0.040120 -2.052187
1.261909 0.024846 -2.038721
1.266514 0.011916 -2.020903
1.271535 0.001659 -1.998896
1.276920 -0.005869 -1.972391
1.282706 -0.010371 -1.941711
1.288681 -0.011714 -1.906103
1.294854 -0.009596 -1.866587
1.300979 -0.003731 -1.822920
1.306833 0.006144 -1.775485
1.312074 0.020382 -1.724193
1.316300 0.039327 -1.669017
1.319173 0.062992 -1.610689
1.320249 0.091458 -1.549362
1.319075 0.124634 -1.485247
1.315195 0.162253 -1.418556
1.308162 0.203884 -1.349452
1.297720 0.248626 -1.278565
1.283518 0.295800 -1.205868
1.265608 0.344045 -1.132195
1.244014 0.392286 -1.057842
1.218926 0.439399 -0.983203
1.190832 0.484171 -0.909021
1.160342 0.525650 -0.836005
1.128311 0.563036 -0.765125
1.095704 0.595837 -0.697401
1.063564 0.623843 -0.633913
1.033014 0.647054 -0.575848
1.004934 0.665787 -0.524041
0.980233 0.680399 -0.479430
0.959406 0.691439 -0.442417
0.942968 0.699369 -0.413502
0.931068 0.704686 -0.392731
0.923937 0.707712 -0.380324
0.921547 0.708699 -0.376177
VECTORS ControlForce float
-0.000000 0.000000 0.000000
0.000028 -0.000005 0.000060
0.000065 -0.000005 0.000127
0.000116 0.000001 0.000193
0.000172 0.000011 0.000245
0.000211 0.000013 0.000283
0.000213 -0.000012 0.000313
0.000179 -0.000062 0.000338
0.000113 -0.000133 0.000352
0.000038 -0.000208 0.000366
-0.000033 -0.000289 0.000377
-0.000099 -0.000395 0.000378
-0.000124 -0.000484 0.000381
-0.000105 -0.000542 0.000388
-0.000075 -0.000584 0.000386
-0.000049 -0.000594 0.000378
-0.000034 -0.000559 0.000368
-0.000023 -0.000466 0.000360
-0.000028 -0.000340 0.000354
-0.000041 -0.000192 0.000351
-0.000064 -0.000049 0.000354
-0.000069 0.000093 0.000359
-0.000045 0.000228 0.000363
0.000014 0.000341 0.000365
0.000100 0.000408 0.000361
0.000206 0.000418 0.000350
0.000331 0.000378 0.000325
0.000477 0.000315 0.000277
0.000597 0.000231 0.000210
0.000689 0.000163 0.000124
0.000717 0.000117 0.000032
0.000685 0.000116 -0.000055
0.000612 0.000170 -0.000133
0.000484 0.000240 -0.000189
0.000314 0.000304 -0.000227
0.000113 0.000328 -0.000238
-0.000105 0.000287 -0.000227
-0.000311 0.000181 -0.000197
-0.000489 0.000023 -0.000160
-0.000628 -0.000172 -0.000108
-0.000719 -0.000364 -0.000057
-0.000751 -0.000507 -0.000021
-0.000729 -0.000582 0.000006
-0.000654 -0.000571 0.000032
-0.000532 -0.000477 0.000053
-0.000377 -0.000307 0.000063
-0.000212 -0.000102 0.000074
-0.000056 0.000110 0.000084
0.000076 0.000321 0.000084
0.000174 0.000499 0.000082
0.000233 0.000628 0.000087
0.000254 0.000697 0.000107
0.000249 0.000720 0.000133
0.000234 0.000707 0.000155
0.000228 0.000662 0.000172
0.000244 0.000588 0.000183
0.000288 0.000489 0.000187
0.000353 0.000372 0.000181
0.000425 0.000235 0.000176
0.000487 0.000083 0.000177
0.000521 -0.000075 0.000182
0.000521 -0.000214 0.000177
0.000472 -0.000343 0.000175
0.000381 -0.000443 0.000156
0.000261 -0.000510 0.000121
0.000115 -0.000565 0.000073
-0.000034 -0.000595 0.000022
-0.000179 -0.000598 -0.000037
-0.000309 -0.000564 -0.000117
-0.000399 -0.000471 -0.000213
-0.000458 -0.000348 -0.000293
-0.000497 -0.000221 -0.000358
-0.000512 -0.000093 -0.000397
-0.000506 0.000029 -0.000409
-0.000473 0.000155 -0.000408
-0.000431 0.000250 -0.000400
-0.000370 0.000320 -0.000379
-0.000301 0.000351 -0.000353
-0.000215 0.000352 -0.000330
-0.000116 0.000320 -0.000310
0.000000 0.000279 -0.000283
0.000098 0.000203 -0.000248
0.000172 0.000102 -0.000215
0.000216 -0.000001 -0.000175
0.000233 -0.000081 -0.000134
0.000215 -0.000144 -0.000100
0.000170 -0.000177 -0.000058
0.000102 -0.000184 -0.000009
0.000023 -0.000167 0.000040
-0.000055 -0.000132 0.000085
-0.000124 -0.000102 0.000120
-0.000173 -0.000078 0.000144
-0.000194 -0.000047 0.000162
-0.000191 -0.000008 0.000191
-0.000180 0.000023 0.000215
-0.000173 0.000038 0.000229
-0.000177 0.000038 0.000230
-0.000186 0.000054 0.000232
-0.000202 0.000089 0.000239
-0.000222 0.000137 0.000257
-0.000246 0.000177 0.000264
-0.000268 0.000204 0.000257
-0.000279 0.000214 0.000240
-0.000273 0.000199 0.000228
-0.000239 0.000177 0.000229
-0.000166 0.000176 0.000233
-0.000054 0.000204 0.000228
0.000087 0.000246 0.000208
0.000247 0.000290 0.000171
0.000406 0.000301 0.000118
0.000557 0.000293 0.000051
0.000684 0.000251 -0.000024
0.000776 0.000178 -0.000102
0.000826 0.000109 -0.000180
0.000832 0.000063 -0.000255
0.000790 0.000022 -0.000315
0.000707 -0.000008 -0.000358
0.000592 -0.000018 -0.000389
0.000455 -0.000020 -0.000408
0.000308 -0.000027 -0.000411
0.000165 -0.000034 -0.000404
0.000039 -0.000040 -0.000385
-0.000059 -0.000043 -0.000353
-0.000122 -0.000036 -0.000308
-0.000142 -0.000032 -0.000246
-0.000120 -0.000028 -0.000169
-0.000065 -0.000024 -0.000083
-0.000000 -0.000000 -0.000000
VECTORS ControlTorque float
-0.000000 0.000001 -0.000001
-0.000001 0.000001 -0.000001
-0.000001 0.000001 -0.000001
-0.000000 0.000001 -0.000001
-0.000000 0.000001 -0.000001
-0.000000 0.000000 -0.000001
-0.000001 0.000001 -0.000001
-0.000000 0.000000 -0.000001
-0.000000 0.000000 -0.000001
-0.000000 0.000000 -0.000001
-0.000000 0.000000 -0.000001
-0.000000 0.000001 -0.000001
-0.000000 0.000001 -0.000001
-0.000000 0.000001 -0.000000
-0.000000 0.000001 -0.000001
-0.000000 0.000001 -0.000001
-0.000000 0.000002 -0.000000
-0.000000 0.000002 -0.000000
-0.000000 0.000002 -0.000000
-0.000000 0.000002 -0.000000
-0.000000 0.000002 0.000000
-0.000000 0.000002 -0.000000
-0.000001 0.000002 -0.000000
-0.000000 0.000002 -0.000000
-0.000001 0.000002 -0.000000
-0.000000 0.000001 -0.000000
-0.000000 0.000001 -0.000000
-0.000000 0.000001 -0.000000
-0.000000 0.000000 0.000000
0.000000 -0.000001 0.000000
0.000000 -0.000000 0.000000
0.000000 -0.000001 0.000001
0.000000 -0.000001 0.000001
0.000001 -0.000003 0.000002
0.000000 -0.000001 0.000001
0.000001 -0.000004 0.000002
0.000000 -0.000001 0.000001
0.000001 -0.000003 0.000001
0.000001 -0.000002 0.000001
0.000001 -0.000002 0.000001
0.000001 -0.000002 0.000001
0.000001 -0.000002 0.000001
0.000000 -0.000001 0.000001
0.000000 -0.000001 0.000001
-0.000000 -0.000001 0.000000
-0.000000 -0.000001 0.000000
-0.000000 -0.000001 0.000000
-0.000000 -0.000000 0.000000
-0.000000 -0.000001 0.000000
-0.000000 -0.000001 0.000000
0.000000 -0.000001 0.000000
0.000000 -0.000001 0.000000
0.000001 -0.000001 0.000000
0.000001 -0.000001 0.000000
0.000001 -0.000001 0.000000
0.000002 -0.000001 0.000000
0.000002 -0.000001 0.000000
0.000002 -0.000001 0.000000
0.000002 -0.000002 0.000000
0.000002 -0.000002 0.000001
0.000002 -0.000002 0.000001
0.000002 -0.000002 0.000001
0.000001 -0.000002 0.000001
0.000003 -0.000003 0.000001
0.000000 -0.000001 0.000001
0.000002 -0.000003 0.000002
0.000001 -0.000002 0.000002
-0.000000 -0.000001 0.000001
-0.000000 -0.000000 0.000001
0.000001 -0.000002 0.000002
-0.000002 0.000002 0.000000
0.000000 -0.000001 0.000002
-0.000001 0.000001 0.000001
-0.000001 0.000001 0.000001
-0.000002 0.000003 -0.000001
-0.000000 0.000000 0.000001
-0.000001 0.000002 -0.000001
-0.000001 0.000002 -0.000001
-0.000001 0.000002 -0.000001
-0.000001 0.000002 -0.000001
-0.000000 0.000001 -0.000000
-0.000002 0.000002 -0.000002
-0.000000 0.000001 -0.000000
-0.000001 0.000001 -0.000001
-0.000001 0.000002 -0.000002
-0.000000 0.000001 -0.000000
-0.000001 0.000001 -0.000001
-0.000001 0.000001 -0.000001
-0.000001 0.000001 -0.000001
-0.000000 0.000001 -0.000001
-0.000000 0.000002 -0.000001
-0.000001 0.000001 -0.000001
-0.000000 0.000002 -0.000000
-0.000001 0.000001 -0.000001
-0.000000 0.000002 -0.000001
-0.000000 0.000001 -0.000001
-0.000000 0.000002 -0.000001
-0.000000 0.000001 -0.000001
-0.000000 0.000003 -0.000001
-0.000000 0.000001 -0.000001
-0.000000 0.000002 -0.000001
-0.000000 0.000001 -0.000001
-0.000000 0.000002 -0.000002
-0.000000 0.000002 -0.000002
-0.000000 0.000001 -0.000002
-0.000000 0.000001 -0.000002
-0.000000 0.000001 -0.000002
0.000000 0.000001 -0.000002
0.000000 0.000001 -0.000002
0.000000 -0.000000 -0.000001
0.000000 0.000000 -0.000002
0.000000 -0.000001 -0.000001
0.000000 -0.000001 -0.000000
0.000000 -0.000001 -0.000000
0.000000 -0.000001 0.000001
0.000000 -0.000001 0.000001
0.000000 -0.000002 0.000001
-0.000000 -0.000002 0.000002
-0.000000 -0.000002 0.000002
-0.000000 -0.000002 0.000002
-0.000000 -0.000002 0.000002
-0.000000 -0.000002 0.000002
-0.000000 -0.000002 0.000002
-0.000000 -0.000002 0.000002
-0.000000 -0.000002 0.000002
-0.000000 -0.000002 0.000002
-0.000000 -0.000002 0.000002
-0.000000 -0.000002 0.000002
VECTORS Curvature float
-29.159735 -93.390037 17.229164
-94.789687 -302.729101 54.616542
-209.984034 -667.004676 118.596255
-310.756329 -975.568783 173.145880
-417.663662 -1284.926484 226.814964
-531.984306 -1589.367400 275.906130
-663.122192 -1910.334346 319.723824
-783.130399 -2175.903618 357.241076
-901.488510 -2431.264426 388.068174
-1025.270528 -2724.849796 411.696829
-1114.372998 -2979.620210 428.070818
-1177.471313 -3253.435265 437.617700
-1217.340977 -3596.076301 440.899287
-1193.048820 -3919.303288 438.367859
-1108.268075 -4258.060316 431.724741
-971.090891 -4651.351810 421.429878
-762.542070 -5031.103796 409.140139
-496.823293 -5443.341920 396.007378
-180.440149 -5838.503351 382.871151
172.689674 -6282.250548 371.528922
544.411445 -6732.637794 361.351130
914.077171 -7127.877006 353.999430
1273.738735 -7574.908548 349.004671
1599.482285 -7998.261253 345.527777
1883.838180 -8411.266813 343.816372
2120.446008 -8812.100788 341.871929
2281.427018 -9075.364132 339.043877
2394.220604 -9280.460958 335.008787
2465.977893 -9414.013986 327.778327
2473.884763 -9337.581271 317.637873
2465.244929 -9183.876239 304.940300
2431.386985 -8909.483469 288.959318
2398.026395 -8590.305044 271.277259
2286.032526 -7998.039552 251.477942
2170.278062 -7395.338005 231.252202
2006.757096 -6720.193270 210.249155
1793.208855 -5950.038582 189.393619
1570.936954 -5264.945228 169.294182
1309.925645 -4530.049936 150.249966
1068.711338 -3914.140899 133.034661
829.332776 -3294.757554 117.838668
634.987894 -2759.229596 104.945696
506.150139 -2341.959307 94.483587
440.632359 -1998.763431 86.468730
435.577004 -1713.653926 80.711967
487.015979 -1507.745216 77.083005
564.750705 -1323.283550 75.409908
659.625818 -1181.156669 75.540434
739.019821 -1044.219414 77.422994
775.994798 -891.915050 80.902307
760.840456 -727.798343 85.906871
672.809865 -535.331451 92.306053
503.783736 -312.096110 99.985880
252.351742 -58.983209 108.887143
-79.736095 223.368562 119.005172
-486.656557 534.141620 130.422615
-958.684649 874.278210 143.257924
-1484.571111 1249.272899 157.601110
-2048.508566 1664.384326 173.405715
-2636.945823 2129.925502 190.301641
-3204.509940 2628.868911 207.853161
-3796.884990 3221.732498 224.188923
-4288.705387 3807.405246 239.661972
-4791.310259 4509.233834 249.010132
-5129.316001 5135.592781 256.270874
-5358.874021 5763.334451 251.688579
-5707.313471 6600.036491 241.178442
-5740.795071 7162.023269 221.315817
-5558.111783 7501.648851 188.802247
-5534.274357 8128.304185 146.846542
-5315.282542 8459.542005 96.438323
-4928.182181 8578.348861 39.358016
-4667.611094 8852.640584 -20.406615
-4304.540096 8932.953025 -77.906975
-3831.098453 8669.299227 -133.365865
-3405.444521 8444.566534 -176.513270
-3075.236403 8287.301865 -217.270160
-2676.055649 7828.755137 -247.850297
-2341.418107 7384.432658 -272.702530
-2027.117409 6847.788149 -292.680574
-1793.328366 6462.393478 -307.477309
-1550.469441 5923.645627 -322.420131
-1317.931083 5377.640228 -332.275098
-1140.964694 5033.494503 -343.767358
-904.163948 4465.665105 -354.580698
-682.401629 4056.004828 -365.258932
-456.074479 3749.605069 -378.185846
-191.288515 3368.663075 -392.053923
90.804160 3037.206835 -407.896600
392.352008 2707.966410 -425.617164
720.047577 2397.317949 -445.163830
1034.034959 2030.110278 -466.383970
1398.050798 1696.578179 -488.886340
1763.894470 1355.410463 -511.911739
2120.704750 958.174964 -535.092798
2476.485209 568.295845 -557.565328
2849.865349 148.249623 -578.867346
3192.245775 -269.676828 -598.056599
3612.049728 -731.143907 -614.730814
4011.912850 -1200.772038 -628.270758
4291.590975 -1669.450703 -638.539465
4613.404009 -2170.135257 -645.533101
4884.378093 -2684.310283 -649.024033
5228.905399 -3278.895824 -649.095975
5497.312128 -3869.408067 -646.748653
5672.271046 -4430.440885 -641.394081
5840.056693 -5010.262162 -634.036779
5958.688804 -5567.201984 -625.151077
6061.349096 -6121.942475 -614.968521
6070.623494 -6581.041054 -605.282027
6035.415202 -6981.518426 -594.213639
5936.476255 -7280.158680 -585.123644
5728.657130 -7402.192489 -575.133498
5512.006533 -7450.700649 -565.518647
5237.666591 -7351.156367 -555.601779
4919.358763 -7112.005223 -543.640280
4573.176818 -6756.237258 -528.915699
4196.603812 -6285.970898 -509.681720
3809.113041 -5742.638731 -484.886125
3396.793752 -5121.971221 -453.682212
2980.884158 -4470.873986 -415.365345
2554.835386 -3796.546518 -370.351370
2127.670839 -3122.836497 -318.774161
1701.272916 -2464.057663 -261.876833
1271.504131 -1818.108155 -199.901543
856.624275 -1212.681633 -136.703007
387.362086 -545.266797 -62.956442
124.053920 -173.612252 -19.577356
VECTORS LocalRotation float
0.098268 0.705737 -0.050017
0.097705 0.703939 -0.049691
0.096331 0.699566 -0.048910
0.093983 0.692160 -0.047594
0.090678 0.681905 -0.045780
0.086364 0.668848 -0.043496
0.080951 0.652995 -0.040798
0.074439 0.634597 -0.037750
0.066785 0.613665 -0.034364
0.058074 0.590353 -0.030748
0.048398 0.564555 -0.026950
0.037997 0.536269 -0.023022
0.027142 0.505222 -0.019040
0.016263 0.471301 -0.015071
0.005826 0.434215 -0.011125
-0.003583 0.393901 -0.007264
-0.011431 0.350071 -0.003505
-0.017133 0.302643 0.000141
-0.020199 0.251569 0.003667
-0.020234 0.196600 0.007088
-0.016994 0.137790 0.010400
-0.010389 0.075022 0.013640
-0.000471 0.008368 0.016827
0.012540 -0.062152 0.019972
0.028325 -0.136513 0.023095
0.046427 -0.214373 0.026195
0.066319 -0.295208 0.029272
0.087498 -0.378351 0.032325
0.109481 -0.462909 0.035323
0.131846 -0.547806 0.038245
0.154279 -0.631931 0.041073
0.176480 -0.713964 0.043766
0.198368 -0.793275 0.046305
0.219475 -0.868025 0.048660
0.239742 -0.938032 0.050856
0.258546 -1.001579 0.052843
0.275838 -1.059235 0.054662
0.291024 -1.109861 0.056281
0.304107 -1.154343 0.057732
0.314847 -1.192471 0.059011
0.323429 -1.225066 0.060146
0.330064 -1.252496 0.061155
0.335250 -1.275677 0.062061
0.339524 -1.295272 0.062878
0.343497 -1.312106 0.063636
0.347665 -1.326660 0.064349
0.352426 -1.339474 0.065040
0.357980 -1.350835 0.065724
0.364301 -1.360893 0.066416
0.371167 -1.369667 0.067133
0.378131 -1.377007 0.067889
0.384622 -1.382725 0.068696
0.389948 -1.386562 0.069566
0.393371 -1.388241 0.070512
0.394152 -1.387497 0.071544
0.391589 -1.384069 0.072673
0.385045 -1.377692 0.073912
0.373981 -1.368076 0.075274
0.357982 -1.354882 0.076773
0.336769 -1.337703 0.078420
0.310314 -1.316151 0.080223
0.278556 -1.289614 0.082183
0.242045 -1.257873 0.084277
0.200802 -1.220097 0.086497
0.156140 -1.176677 0.088772
0.108228 -1.126888 0.091092
0.058213 -1.071010 0.093320
0.006777 -1.009178 0.095398
-0.044540 -0.942579 0.097260
-0.095157 -0.871257 0.098792
-0.143946 -0.796663 0.099886
-0.190648 -0.718984 0.100505
-0.234087 -0.640076 0.100591
-0.274536 -0.559894 0.100148
-0.311152 -0.480670 0.099197
-0.344132 -0.402677 0.097785
-0.373341 -0.327264 0.096010
-0.399317 -0.254474 0.093909
-0.422034 -0.185597 0.091552
-0.441854 -0.121024 0.088987
-0.459219 -0.060527 0.086259
-0.474257 -0.004824 0.083426
-0.487336 0.046709 0.080441
-0.498425 0.093660 0.077392
-0.507655 0.136531 0.074241
-0.514907 0.175481 0.070950
-0.520050 0.210744 0.067592
-0.522976 0.242921 0.064110
-0.523431 0.271894 0.060492
-0.521245 0.297881 0.056722
-0.516216 0.320965 0.052784
-0.508292 0.340964 0.048667
-0.497191 0.357974 0.044307
-0.482975 0.371696 0.039807
-0.465360 0.382187 0.035059
-0.444607 0.389078 0.030127
-0.420385 0.392336 0.024959
-0.393052 0.391787 0.019635
-0.362038 0.387225 0.014107
-0.327869 0.378567 0.008536
-0.290270 0.365570 0.002800
-0.249939 0.348180 -0.003016
-0.206728 0.326095 -0.008906
-0.160811 0.299020 -0.014799
-0.112438 0.266783 -0.020643
-0.061933 0.229254 -0.026468
-0.009805 0.186506 -0.032243
0.043672 0.138564 -0.037950
0.098160 0.085576 -0.043572
0.153049 0.028104 -0.049093
0.207941 -0.033392 -0.054532
0.262041 -0.097840 -0.059861
0.314889 -0.164357 -0.065117
0.365834 -0.231674 -0.070287
0.414494 -0.298676 -0.075362
0.460489 -0.364171 -0.080340
0.503456 -0.426944 -0.085195
0.543163 -0.485995 -0.089897
0.579410 -0.540456 -0.094400
0.612022 -0.589626 -0.098648
0.640918 -0.633091 -0.102585
0.665969 -0.670503 -0.106141
0.687195 -0.701868 -0.109265
0.704515 -0.727141 -0.111891
0.717987 -0.746547 -0.113984
0.727602 -0.760240 -0.115505
0.733247 -0.768217 -0.116411
0.735557 -0.771465 -0.116784
VECTORS q1 float
-0.525242 -0.690363 -0.497514
-0.524034 -0.690672 -0.498357
-0.520390 -0.691601 -0.500882
-0.514317 -0.693110 -0.505052
-0.505868 -0.695114 -0.510798
-0.495032 -0.697542 -0.518052
-0.481808 -0.700308 -0.526716
-0.466189 -0.703311 -0.536676
-0.448465 -0.706316 -0.547719
-0.428370 -0.709302 -0.559812
-0.405938 -0.712103 -0.572820
-0.381110 -0.714571 -0.586637
-0.353567 -0.716603 -0.601224
-0.322963 -0.718046 -0.616527
-0.289328 -0.718637 -0.632336
-0.252180 -0.718181 -0.648553
-0.211410 -0.716386 -0.664903
-0.166842 -0.712956 -0.681070
-0.118328 -0.707579 -0.696656
-0.065891 -0.699942 -0.711154
-0.009222 -0.689704 -0.724033
0.051280 -0.676585 -0.734577
0.115498 -0.660300 -0.742067
0.183240 -0.640575 -0.745712
0.253824 -0.617257 -0.744693
0.326673 -0.590202 -0.738204
0.400561 -0.559514 -0.725600
0.473990 -0.525517 -0.706516
0.545763 -0.488561 -0.680772
0.614174 -0.449392 -0.648720
0.677650 -0.408954 -0.611185
0.735324 -0.368052 -0.569066
0.786267 -0.327751 -0.523796
0.830300 -0.288823 -0.476638
0.866809 -0.252615 -0.429916
0.896902 -0.219123 -0.384124
0.920621 -0.189364 -0.341466
0.939272 -0.162986 -0.301999
0.953478 -0.140270 -0.266841
0.964275 -0.120763 -0.235773
0.972352 -0.104269 -0.208951
0.978367 -0.090405 -0.186078
0.982856 -0.078764 -0.166702
0.986272 -0.068849 -0.150092
0.988881 -0.060387 -0.135896
0.990928 -0.053009 -0.123500
0.992552 -0.046510 -0.112590
0.993856 -0.040731 -0.102911
0.994909 -0.035561 -0.094290
0.995743 -0.031008 -0.086805
0.996381 -0.027093 -0.080562
0.996840 -0.023876 -0.075762
0.997126 -0.021438 -0.072662
0.997241 -0.019861 -0.071529
0.997174 -0.019232 -0.072618
0.996901 -0.019653 -0.076172
0.996371 -0.021247 -0.082420
0.995502 -0.024188 -0.091600
0.994166 -0.028722 -0.103965
0.992177 -0.035182 -0.119779
0.989275 -0.043997 -0.139282
0.985114 -0.055676 -0.162636
0.979211 -0.070929 -0.190040
0.971069 -0.090201 -0.221109
0.959907 -0.114466 -0.255884
0.945292 -0.143552 -0.292943
0.926159 -0.178584 -0.332171
0.901871 -0.219466 -0.372105
0.872373 -0.265117 -0.410704
0.837341 -0.315074 -0.446754
0.796081 -0.369316 -0.479438
0.750106 -0.424986 -0.506684
0.699153 -0.481818 -0.528239
0.644206 -0.538175 -0.543477
0.586445 -0.592552 -0.552236
0.527906 -0.643101 -0.554741
0.468362 -0.690124 -0.551694
0.409700 -0.732409 -0.543804
0.352932 -0.769695 -0.531985
0.298860 -0.802008 -0.517171
0.248076 -0.829585 -0.500248
0.200326 -0.853069 -0.481812
0.157018 -0.872416 -0.462857
0.117017 -0.888575 -0.443556
0.080732 -0.901843 -0.424454
0.048410 -0.912588 -0.406004
0.018947 -0.921432 -0.388078
-0.007474 -0.928618 -0.370961
-0.031051 -0.934443 -0.354758
-0.051934 -0.939151 -0.339557
-0.070200 -0.942950 -0.325451
-0.085857 -0.946018 -0.312537
-0.098629 -0.948517 -0.300977
-0.108833 -0.950588 -0.290753
-0.115990 -0.952378 -0.281996
-0.120112 -0.953994 -0.274714
-0.120948 -0.955553 -0.268868
-0.118397 -0.957112 -0.264423
-0.112253 -0.958737 -0.261197
-0.102230 -0.960403 -0.259182
-0.088251 -0.962124 -0.257931
-0.069978 -0.963813 -0.257231
-0.047226 -0.965345 -0.256667
-0.019621 -0.966517 -0.255852
0.013179 -0.967042 -0.254276
0.050990 -0.966589 -0.251210
0.093772 -0.964728 -0.245981
0.141236 -0.960973 -0.237873
0.192828 -0.954804 -0.226201
0.247759 -0.945707 -0.210364
0.304604 -0.933337 -0.189997
0.362270 -0.917368 -0.164915
0.418863 -0.897896 -0.135410
0.473002 -0.875138 -0.101997
0.523417 -0.849557 -0.065475
0.568941 -0.821937 -0.026952
0.608899 -0.793151 0.012399
0.642938 -0.764195 0.051344
0.671122 -0.736014 0.088760
0.693819 -0.709448 0.123688
0.711562 -0.685242 0.155315
0.725094 -0.663848 0.183152
0.735089 -0.645665 0.206786
0.742281 -0.630785 0.226119
0.747222 -0.619320 0.241046
0.750424 -0.611172 0.251661
0.752195 -0.606347 0.257967
0.752765 -0.604739 0.260067
VECTORS q2 float
-0.136195 0.645319 -0.751674
-0.136443 0.645656 -0.751340
-0.137205 0.646660 -0.750337
-0.138507 0.648314 -0.748669
-0.140379 0.650598 -0.746335
-0.142916 0.653481 -0.743329
-0.146238 0.656914 -0.739647
-0.150477 0.660828 -0.735298
-0.155600 0.665137 -0.730330
-0.161746 0.669718 -0.724787
-0.168829 0.674430 -0.718777
-0.176688 0.679123 -0.712442
-0.185146 0.683636 -0.705949
-0.193904 0.687820 -0.699504
-0.202429 0.691585 -0.693349
-0.210294 0.694870 -0.687701
-0.216916 0.697704 -0.682757
-0.221732 0.700190 -0.678653
-0.224226 0.702504 -0.675434
-0.223978 0.704891 -0.673025
-0.220713 0.707609 -0.671249
-0.214346 0.710947 -0.669784
-0.204958 0.715148 -0.668248
-0.192805 0.720406 -0.666214
-0.178369 0.726833 -0.663249
-0.162196 0.734460 -0.658985
-0.145003 0.743218 -0.653147
-0.127520 0.752949 -0.645605
-0.110294 0.763483 -0.636340
-0.093886 0.774581 -0.625467
-0.078721 0.785993 -0.613203
-0.064960 0.797540 -0.599759
-0.052786 0.808993 -0.585443
-0.042208 0.820193 -0.570528
-0.033456 0.830771 -0.555608
-0.026257 0.840690 -0.540880
-0.020753 0.849559 -0.527084
-0.016627 0.857372 -0.514428
-0.013792 0.863931 -0.503422
-0.011955 0.869296 -0.494148
-0.010914 0.873511 -0.486682
-0.010438 0.876744 -0.480843
-0.010320 0.879236 -0.476274
-0.010380 0.881288 -0.472465
-0.010514 0.883163 -0.468947
-0.010633 0.885127 -0.465229
-0.010710 0.887347 -0.460977
-0.010748 0.889908 -0.456013
-0.010765 0.892806 -0.450312
-0.010817 0.895906 -0.444112
-0.010951 0.899016 -0.437780
-0.011219 0.901881 -0.431839
-0.011671 0.904212 -0.426925
-0.012354 0.905713 -0.423712
-0.013320 0.906089 -0.422877
-0.014636 0.905047 -0.425059
-0.016396 0.902292 -0.430813
-0.018732 0.897520 -0.440575
-0.021819 0.890412 -0.454633
-0.025885 0.880639 -0.473079
-0.031203 0.867889 -0.495777
-0.038085 0.851898 -0.522321
-0.046890 0.832349 -0.552266
-0.057898 0.809357 -0.584456
-0.071512 0.782632 -0.618363
-0.087701 0.753093 -0.652043
-0.106835 0.720461 -0.685217
-0.128819 0.685541 -0.716547
-0.153040 0.649805 -0.744535
-0.179089 0.614023 -0.768702
-0.206841 0.578467 -0.789046
-0.234852 0.545045 -0.804842
-0.262946 0.513766 -0.816642
-0.290394 0.485258 -0.824740
-0.316570 0.459880 -0.829635
-0.340660 0.437990 -0.831935
-0.363016 0.418968 -0.832277
-0.383218 0.402792 -0.831206
-0.401274 0.389113 -0.829199
-0.417287 0.377554 -0.826635
-0.431402 0.367755 -0.823801
-0.443950 0.359354 -0.820837
-0.454719 0.352172 -0.818050
-0.464073 0.345941 -0.815452
-0.471880 0.340516 -0.813251
-0.477982 0.335750 -0.811668
-0.482415 0.331551 -0.810771
-0.484957 0.327792 -0.810783
-0.485437 0.324356 -0.811877
-0.483689 0.321127 -0.814200
-0.479556 0.317983 -0.817871
-0.472890 0.314802 -0.822967
-0.463652 0.311418 -0.829485
-0.451442 0.307852 -0.837513
-0.436429 0.303905 -0.846859
-0.418290 0.299588 -0.857485
-0.397137 0.294814 -0.869118
-0.372564 0.289660 -0.881643
-0.344784 0.284107 -0.894655
-0.312971 0.278369 -0.908053
-0.277968 0.272442 -0.921146
-0.239472 0.266554 -0.933596
-0.197791 0.260903 -0.944885
-0.152863 0.255793 -0.954569
-0.104755 0.251563 -0.962155
-0.054287 0.248483 -0.967114
-0.001875 0.246898 -0.969040
0.051903 0.247139 -0.967589
0.106356 0.249507 -0.962515
0.160728 0.254248 -0.953690
0.213864 0.261402 -0.941239
0.265100 0.271037 -0.925344
0.313294 0.282865 -0.906551
0.357859 0.296613 -0.885414
0.398370 0.311915 -0.862561
0.434495 0.328258 -0.838726
0.466188 0.345156 -0.814577
0.493530 0.362091 -0.790770
0.516760 0.378597 -0.767869
0.536198 0.394262 -0.746357
0.552189 0.408691 -0.726677
0.565140 0.421640 -0.709110
0.575395 0.432835 -0.693955
0.583313 0.442174 -0.681343
0.589160 0.449498 -0.671448
0.593177 0.454787 -0.664312
0.595515 0.457950 -0.660033
0.596283 0.459010 -0.658602
VECTORS q3 float
0.839983 -0.327052 -0.432973
0.840697 -0.325730 -0.432583
0.842834 -0.321744 -0.431406
0.846341 -0.315100 -0.429439
0.851112 -0.305841 -0.426696
0.857041 -0.293933 -0.423184
0.863988 -0.279342 -0.418918
0.871794 -0.262031 -0.413903
0.880152 -0.242302 -0.408193
0.889009 -0.219930 -0.401614
0.898171 -0.195070 -0.394000
0.907489 -0.167867 -0.385077
0.916903 -0.138286 -0.374387
0.926335 -0.106367 -0.361372
0.935581 -0.072602 -0.345568
0.944554 -0.037037 -0.326262
0.953023 -0.000113 -0.302897
0.960728 0.037787 -0.274906
0.967327 0.076286 -0.241784
0.972364 0.114936 -0.203217
0.975295 0.153613 -0.158752
0.975411 0.191800 -0.108566
0.971932 0.229274 -0.052736
0.963976 0.265854 0.008501
0.950662 0.301179 0.074389
0.931116 0.335007 0.144200
0.904724 0.366840 0.216573
0.871247 0.396106 0.289876
0.830649 0.422376 0.362795
0.783566 0.445052 0.433535
0.731159 0.463650 0.500435
0.674595 0.477984 0.562542
0.615627 0.487964 0.618784
0.555717 0.493827 0.668815
0.497516 0.495989 0.711669
0.441448 0.495203 0.748263
0.389907 0.492331 0.778192
0.342770 0.488209 0.802596
0.301147 0.483682 0.821804
0.264632 0.479313 0.836797
0.233266 0.475507 0.848222
0.206614 0.472383 0.856834
0.184084 0.469830 0.863350
0.164803 0.467537 0.868475
0.148337 0.465162 0.872709
0.133975 0.462321 0.876533
0.121346 0.458750 0.880241
0.110155 0.454317 0.884003
0.100197 0.449035 0.887879
0.091540 0.443160 0.891757
0.084287 0.437078 0.895466
0.078639 0.431325 0.898763
0.074854 0.426546 0.901363
0.073200 0.423426 0.902969
0.073932 0.422650 0.903273
0.077293 0.424857 0.901955
0.083520 0.430601 0.898670
0.092869 0.440309 0.893030
0.105630 0.454249 0.884591
0.122126 0.472479 0.872839
0.142694 0.494806 0.857208
0.167630 0.520740 0.837096
0.197351 0.549695 0.811719
0.231675 0.580349 0.780719
0.271045 0.611870 0.743068
0.314216 0.642062 0.699303
0.361685 0.670108 0.648182
0.412351 0.694167 0.589998
0.464266 0.712367 0.526299
0.516515 0.723674 0.457720
0.568746 0.727312 0.384117
0.618212 0.722712 0.309032
0.664864 0.709856 0.232509
0.707580 0.689125 0.156323
0.745564 0.661357 0.082110
0.777989 0.628161 0.012138
0.805516 0.590081 -0.054297
0.827822 0.548940 -0.115649
0.845232 0.506123 -0.171528
0.858227 0.462857 -0.221832
0.867382 0.420173 -0.266654
0.873372 0.378335 -0.306732
0.876685 0.338918 -0.341407
0.878034 0.301264 -0.371882
0.877959 0.265947 -0.398071
0.877035 0.233355 -0.419947
0.875738 0.202576 -0.438231
0.874506 0.173840 -0.452790
0.873720 0.147003 -0.463685
0.873698 0.121956 -0.470934
0.874699 0.098657 -0.474519
0.876928 0.077138 -0.474391
0.880511 0.057737 -0.470497
0.885639 0.040109 -0.462639
0.892231 0.024844 -0.450896
0.900337 0.011916 -0.435031
0.909755 0.001659 -0.415143
0.920423 -0.005869 -0.390880
0.931946 -0.010371 -0.362449
0.944245 -0.011714 -0.329036
0.956528 -0.009595 -0.291483
0.968378 -0.003731 -0.249459
0.979106 0.006143 -0.203259
0.988053 0.020381 -0.152764
0.994411 0.039317 -0.097987
0.997223 0.062950 -0.039803
0.995592 0.091330 0.021343
0.988614 0.124311 0.084783
0.975452 0.161542 0.149661
0.955396 0.202474 0.214994
0.928159 0.246072 0.279231
0.893578 0.291505 0.341383
0.852291 0.337297 0.399787
0.805113 0.382302 0.453474
0.753217 0.425396 0.501699
0.698227 0.465475 0.543887
0.641803 0.501775 0.579923
0.585712 0.533756 0.609956
0.531558 0.561202 0.634427
0.480736 0.584159 0.653951
0.434473 0.602839 0.669192
0.393517 0.617678 0.680895
0.358558 0.629103 0.689685
0.329797 0.637646 0.696162
0.307491 0.643735 0.700753
0.291557 0.647795 0.703816
0.282073 0.650097 0.705556
0.278909 0.650846 0.706122
