# vtk DataFile Version 2.0
VTK example
ASCII
DATASET UNSTRUCTURED_GRID
POINTS  128  float
-0.000007 -0.000006 -0.000087
-0.000007 -0.000006 -0.000078
-0.000007 -0.000005 -0.000069
-0.000007 -0.000004 -0.000060
-0.000008 -0.000004 -0.000051
-0.000008 -0.000003 -0.000042
-0.000007 -0.000002 -0.000033
-0.000007 -0.000001 -0.000024
-0.000007 0.000000 -0.000015
-0.000007 0.000002 -0.000006
-0.000006 0.000004 0.000003
-0.000005 0.000006 0.000012
-0.000004 0.000009 0.000020
-0.000003 0.000012 0.000029
-0.000001 0.000016 0.000037
0.000001 0.000021 0.000044
0.000004 0.000026 0.000051
0.000007 0.000031 0.000057
0.000011 0.000037 0.000063
0.000015 0.000044 0.000068
0.000019 0.000051 0.000072
0.000023 0.000058 0.000076
0.000028 0.000065 0.000079
0.000034 0.000072 0.000081
0.000039 0.000079 0.000082
0.000045 0.000086 0.000083
0.000051 0.000093 0.000083
0.000057 0.000099 0.000082
0.000064 0.000105 0.000081
0.000070 0.000111 0.000080
0.000077 0.000117 0.000078
0.000084 0.000123 0.000075
0.000091 0.000128 0.000073
0.000098 0.000132 0.000070
0.000105 0.000137 0.000066
0.000112 0.000141 0.000063
0.000120 0.000145 0.000060
0.000127 0.000149 0.000056
0.000134 0.000153 0.000052
0.000142 0.000156 0.000048
0.000149 0.000159 0.000045
0.000157 0.000162 0.000041
0.000165 0.000165 0.000037
0.000173 0.000167 0.000033
0.000181 0.000170 0.000030
0.000189 0.000172 0.000026
0.000197 0.000174 0.000023
0.000205 0.000176 0.000020
0.000213 0.000178 0.000017
0.000222 0.000180 0.000014
0.000230 0.000181 0.000011
0.000239 0.000183 0.000009
0.000248 0.000184 0.000007
0.000256 0.000186 0.000005
0.000265 0.000187 0.000003
0.000274 0.000188 0.000001
0.000283 0.000190 -0.000000
0.000292 0.000191 -0.000001
0.000301 0.000192 -0.000002
0.000310 0.000194 -0.000003
0.000319 0.000195 -0.000003
0.000327 0.000196 -0.000003
0.000336 0.000198 -0.000003
0.000345 0.000199 -0.000003
0.000354 0.000201 -0.000002
0.000363 0.000203 -0.000001
0.000372 0.000205 0.000001
0.000380 0.000208 0.000003
0.000388 0.000210 0.000005
0.000396 0.000213 0.000009
0.000404 0.000216 0.000012
0.000412 0.000219 0.000017
0.000418 0.000222 0.000022
0.000425 0.000225 0.000028
0.000430 0.000228 0.000034
0.000435 0.000231 0.000041
0.000440 0.000234 0.000048
0.000443 0.000237 0.000055
0.000446 0.000241 0.000063
0.000449 0.000244 0.000072
0.000450 0.000247 0.000080
0.000451 0.000250 0.000088
0.000452 0.000253 0.000097
0.000451 0.000256 0.000106
0.000451 0.000259 0.000114
0.000449 0.000262 0.000123
0.000448 0.000265 0.000131
0.000446 0.000268 0.000139
0.000443 0.000271 0.000147
0.000441 0.000274 0.000155
0.000438 0.000277 0.000163
0.000435 0.000281 0.000171
0.000431 0.000284 0.000179
0.000428 0.000287 0.000187
0.000424 0.000291 0.000194
0.000421 0.000294 0.000202
0.000417 0.000298 0.000209
0.000414 0.000302 0.000217
0.000410 0.000305 0.000224
0.000407 0.000309 0.000232
0.000404 0.000312 0.000240
0.000401 0.000316 0.000247
0.000399 0.000320 0.000255
0.000396 0.000324 0.000263
0.000394 0.000327 0.000271
0.000393 0.000331 0.000279
0.000392 0.000335 0.000288
0.000391 0.000338 0.000296
0.000391 0.000342 0.000304
0.000392 0.000345 0.000312
0.000393 0.000349 0.000321
0.000395 0.000352 0.000329
0.000398 0.000355 0.000337
0.000401 0.000358 0.000345
0.000406 0.000361 0.000352
0.000410 0.000364 0.000359
0.000416 0.000367 0.000366
0.000422 0.000369 0.000372
0.000429 0.000371 0.000378
0.000436 0.000373 0.000383
0.000443 0.000375 0.000388
0.000451 0.000377 0.000392
0.000460 0.000378 0.000395
0.000468 0.000380 0.000399
0.000477 0.000381 0.000401
0.000485 0.000382 0.000404
0.000494 0.000383 0.000406
0.000503 0.000385 0.000408
CELLS  127 381
2 0 1 
2 1 2 
2 2 3 
2 3 4 
2 4 5 
2 5 6 
2 6 7 
2 7 8 
2 8 9 
2 9 10 
2 10 11 
2 11 12 
2 12 13 
2 13 14 
2 14 15 
2 15 16 
2 16 17 
2 17 18 
2 18 19 
2 19 20 
2 20 21 
2 21 22 
2 22 23 
2 23 24 
2 24 25 
2 25 26 
2 26 27 
2 27 28 
2 28 29 
2 29 30 
2 30 31 
2 31 32 
2 32 33 
2 33 34 
2 34 35 
2 35 36 
2 36 37 
2 37 38 
2 38 39 
2 39 40 
2 40 41 
2 41 42 
2 42 43 
2 43 44 
2 44 45 
2 45 46 
2 46 47 
2 47 48 
2 48 49 
2 49 50 
2 50 51 
2 51 52 
2 52 53 
2 53 54 
2 54 55 
2 55 56 
2 56 57 
2 57 58 
2 58 59 
2 59 60 
2 60 61 
2 61 62 
2 62 63 
2 63 64 
2 64 65 
2 65 66 
2 66 67 
2 67 68 
2 68 69 
2 69 70 
2 70 71 
2 71 72 
2 72 73 
2 73 74 
2 74 75 
2 75 76 
2 76 77 
2 77 78 
2 78 79 
2 79 80 
2 80 81 
2 81 82 
2 82 83 
2 83 84 
2 84 85 
2 85 86 
2 86 87 
2 87 88 
2 88 89 
2 89 90 
2 90 91 
2 91 92 
2 92 93 
2 93 94 
2 94 95 
2 95 96 
2 96 97 
2 97 98 
2 98 99 
2 99 100 
2 100 101 
2 101 102 
2 102 103 
2 103 104 
2 104 105 
2 105 106 
2 106 107 
2 107 108 
2 108 109 
2 109 110 
2 110 111 
2 111 112 
2 112 113 
2 113 114 
2 114 115 
2 115 116 
2 116 117 
2 117 118 
2 118 119 
2 119 120 
2 120 121 
2 121 122 
2 122 123 
2 123 124 
2 124 125 
2 125 126 
2 126 127 
CELL_TYPES  127
3
3
3
3
3
3
3
3
3
3
3
3
3
3
3
3
3
3
3
3
3
3
3
3
3
3
3
3
3
3
3
3
3
3
3
3
3
3
3
3
3
3
3
3
3
3
3
3
3
3
3
3
3
3
3
3
3
3
3
3
3
3
3
3
3
3
3
3
3
3
3
3
3
3
3
3
3
3
3
3
3
3
3
3
3
3
3
3
3
3
3
3
3
3
3
3
3
3
3
3
3
3
3
3
3
3
3
3
3
3
3
3
3
3
3
3
3
3
3
3
3
3
3
3
3
3
3
POINT_DATA  128
VECTORS Position float
-0.000007 -0.000006 -0.000087
-0.000007 -0.000006 -0.000078
-0.000007 -0.000005 -0.000069
-0.000007 -0.000004 -0.000060
-0.000008 -0.000004 -0.000051
-0.000008 -0.000003 -0.000042
-0.000007 -0.000002 -0.000033
-0.000007 -0.000001 -0.000024
-0.000007 0.000000 -0.000015
-0.000007 0.000002 -0.000006
-0.000006 0.000004 0.000003
-0.000005 0.000006 0.000012
-0.000004 0.000009 0.000020
-0.000003 0.000012 0.000029
-0.000001 0.000016 0.000037
0.000001 0.000021 0.000044
0.000004 0.000026 0.000051
0.000007 0.000031 0.000057
0.000011 0.000037 0.000063
0.000015 0.000044 0.000068
0.000019 0.000051 0.000072
0.000023 0.000058 0.000076
0.000028 0.000065 0.000079
0.000034 0.000072 0.000081
0.000039 0.000079 0.000082
0.000045 0.000086 0.000083
0.000051 0.000093 0.000083
0.000057 0.000099 0.000082
0.000064 0.000105 0.000081
0.000070 0.000111 0.000080
0.000077 0.000117 0.000078
0.000084 0.000123 0.000075
0.000091 0.000128 0.000073
0.000098 0.000132 0.000070
0.000105 0.000137 0.000066
0.000112 0.000141 0.000063
0.000120 0.000145 0.000060
0.000127 0.000149 0.000056
0.000134 0.000153 0.000052
0.000142 0.000156 0.000048
0.000149 0.000159 0.000045
0.000157 0.000162 0.000041
0.000165 0.000165 0.000037
0.000173 0.000167 0.000033
0.000181 0.000170 0.000030
0.000189 0.000172 0.000026
0.000197 0.000174 0.000023
0.000205 0.000176 0.000020
0.000213 0.000178 0.000017
0.000222 0.000180 0.000014
0.000230 0.000181 0.000011
0.000239 0.000183 0.000009
0.000248 0.000184 0.000007
0.000256 0.000186 0.000005
0.000265 0.000187 0.000003
0.000274 0.000188 0.000001
0.000283 0.000190 -0.000000
0.000292 0.000191 -0.000001
0.000301 0.000192 -0.000002
0.000310 0.000194 -0.000003
0.000319 0.000195 -0.000003
0.000327 0.000196 -0.000003
0.000336 0.000198 -0.000003
0.000345 0.000199 -0.000003
0.000354 0.000201 -0.000002
0.000363 0.000203 -0.000001
0.000372 0.000205 0.000001
0.000380 0.000208 0.000003
0.000388 0.000210 0.000005
0.000396 0.000213 0.000009
0.000404 0.000216 0.000012
0.000412 0.000219 0.000017
0.000418 0.000222 0.000022
0.000425 0.000225 0.000028
0.000430 0.000228 0.000034
0.000435 0.000231 0.000041
0.000440 0.000234 0.000048
0.000443 0.000237 0.000055
0.000446 0.000241 0.000063
0.000449 0.000244 0.000072
0.000450 0.000247 0.000080
0.000451 0.000250 0.000088
0.000452 0.000253 0.000097
0.000451 0.000256 0.000106
0.000451 0.000259 0.000114
0.000449 0.000262 0.000123
0.000448 0.000265 0.000131
0.000446 0.000268 0.000139
0.000443 0.000271 0.000147
0.000441 0.000274 0.000155
0.000438 0.000277 0.000163
0.000435 0.000281 0.000171
0.000431 0.000284 0.000179
0.000428 0.000287 0.000187
0.000424 0.000291 0.000194
0.000421 0.000294 0.000202
0.000417 0.000298 0.000209
0.000414 0.000302 0.000217
0.000410 0.000305 0.000224
0.000407 0.000309 0.000232
0.000404 0.000312 0.000240
0.000401 0.000316 0.000247
0.000399 0.000320 0.000255
0.000396 0.000324 0.000263
0.000394 0.000327 0.000271
0.000393 0.000331 0.000279
0.000392 0.000335 0.000288
0.000391 0.000338 0.000296
0.000391 0.000342 0.000304
0.000392 0.000345 0.000312
0.000393 0.000349 0.000321
0.000395 0.000352 0.000329
0.000398 0.000355 0.000337
0.000401 0.000358 0.000345
0.000406 0.000361 0.000352
0.000410 0.000364 0.000359
0.000416 0.000367 0.000366
0.000422 0.000369 0.000372
0.000429 0.000371 0.000378
0.000436 0.000373 0.000383
0.000443 0.000375 0.000388
0.000451 0.000377 0.000392
0.000460 0.000378 0.000395
0.000468 0.000380 0.000399
0.000477 0.000381 0.000401
0.000485 0.000382 0.000404
0.000494 0.000383 0.000406
0.000503 0.000385 0.000408
VECTORS Rotation float
-0.030548 0.060063 0.001626
-0.030555 0.060759 0.001744
-0.030558 0.063051 0.001943
-0.030499 0.067497 0.001767
-0.030281 0.074916 0.000528
-0.029759 0.086378 -0.002635
-0.028724 0.103036 -0.008672
-0.026876 0.126014 -0.018546
-0.023804 0.155814 -0.032972
-0.018928 0.193419 -0.052922
-0.011523 0.238875 -0.079015
-0.000699 0.291811 -0.111811
0.014654 0.351781 -0.152118
0.035849 0.417806 -0.200831
0.064152 0.487646 -0.258375
0.101249 0.559716 -0.326185
0.148706 0.631373 -0.405292
0.208091 0.699891 -0.496914
0.280646 0.762383 -0.602006
0.366559 0.815825 -0.720401
0.465126 0.857846 -0.851290
0.572555 0.886196 -0.990359
0.683647 0.899990 -1.132137
0.792395 0.899506 -1.270398
0.892960 0.886117 -1.399004
0.981878 0.861922 -1.514401
1.057409 0.829445 -1.614675
1.119650 0.791265 -1.699792
1.170147 0.749485 -1.771360
1.210488 0.706108 -1.830904
1.242333 0.662796 -1.880033
1.267367 0.620535 -1.920509
1.286824 0.580234 -1.953518
1.301818 0.542198 -1.980220
1.312982 0.507206 -2.001005
1.321146 0.474554 -2.016856
1.326671 0.444712 -2.027871
1.330053 0.416802 -2.034611
1.331605 0.390860 -2.037281
1.331643 0.366259 -2.036218
1.330453 0.342926 -2.031743
1.328289 0.320738 -2.024193
1.325380 0.299677 -2.013906
1.321884 0.279598 -2.001084
1.318003 0.260824 -1.986148
1.313827 0.243313 -1.969223
1.309471 0.227246 -1.950590
1.304995 0.212664 -1.930405
1.300415 0.199465 -1.908676
1.295791 0.187666 -1.885678
1.291140 0.177143 -1.861536
1.286487 0.167787 -1.836465
1.281863 0.159549 -1.810783
1.277293 0.152434 -1.784815
1.272791 0.146537 -1.758864
1.268348 0.142040 -1.733106
1.263940 0.139222 -1.707629
1.259514 0.138414 -1.682302
1.254995 0.139963 -1.656802
1.250278 0.144180 -1.630620
1.245229 0.151282 -1.603097
1.239669 0.161340 -1.573473
1.233335 0.174339 -1.540678
1.225969 0.189891 -1.504110
1.217092 0.207815 -1.462265
1.206449 0.227141 -1.415249
1.193320 0.247702 -1.361120
1.177243 0.268667 -1.299510
1.158074 0.288919 -1.231159
1.135462 0.307813 -1.155715
1.108863 0.324915 -1.072032
1.079168 0.339045 -0.983277
1.046282 0.349974 -0.888859
1.011014 0.357303 -0.790627
0.974370 0.360972 -0.690632
0.937822 0.361313 -0.592155
0.901517 0.358980 -0.494587
0.866637 0.354825 -0.400639
0.833695 0.349803 -0.311354
0.802943 0.344811 -0.227303
0.774434 0.340576 -0.148705
0.747811 0.337546 -0.074610
0.723485 0.336088 -0.006668
0.700777 0.336270 0.057032
0.679775 0.338028 0.115897
0.660582 0.341181 0.169381
0.642736 0.345571 0.218831
0.626418 0.350874 0.263578
0.611658 0.356824 0.303532
0.598512 0.363176 0.338585
0.587059 0.369709 0.368612
0.577388 0.376232 0.393492
0.569688 0.382516 0.412848
0.563884 0.388604 0.427068
0.560179 0.394271 0.435733
0.558609 0.399548 0.438917
0.559249 0.404348 0.436546
0.562181 0.408722 0.428545
0.567429 0.412597 0.414962
0.575209 0.416032 0.395359
0.585382 0.418874 0.370166
0.598097 0.421062 0.339085
0.613336 0.422453 0.302201
0.631213 0.422878 0.259249
0.651794 0.422114 0.210022
0.674818 0.419934 0.155052
0.700169 0.416117 0.094449
0.727640 0.410463 0.028449
0.756966 0.402812 -0.042653
0.787846 0.393051 -0.118574
0.819756 0.381213 -0.198496
0.852407 0.367323 -0.282306
0.885165 0.351643 -0.368903
0.917623 0.334404 -0.457803
0.949348 0.315871 -0.548377
0.979822 0.296392 -0.639575
1.008609 0.276288 -0.730405
1.035279 0.255925 -0.819591
1.059490 0.235674 -0.905835
1.080993 0.215920 -0.987785
1.099616 0.197110 -1.063915
1.115347 0.179631 -1.133049
1.128210 0.163967 -1.193718
1.138368 0.150475 -1.245023
1.145977 0.139583 -1.285819
1.151246 0.131548 -1.315563
1.154324 0.126657 -1.333523
1.155337 0.125006 -1.339561
VECTORS ControlForce float
-0.000000 0.000000 0.000000
0.000318 0.000369 0.000110
0.000590 0.000677 0.000227
0.000784 0.000887 0.000344
0.000881 0.000974 0.000456
0.000877 0.000933 0.000567
0.000782 0.000779 0.000684
0.000623 0.000538 0.000794
0.000422 0.000236 0.000877
0.000206 -0.000097 0.000939
-0.000009 -0.000436 0.000969
-0.000206 -0.000744 0.000945
-0.000371 -0.000998 0.000872
-0.000488 -0.001179 0.000755
-0.000545 -0.001275 0.000596
-0.000546 -0.001310 0.000432
-0.000496 -0.001285 0.000272
-0.000412 -0.001207 0.000129
-0.000306 -0.001064 0.000004
-0.000195 -0.000860 -0.000093
-0.000102 -0.000611 -0.000153
-0.000047 -0.000341 -0.000177
-0.000055 -0.000098 -0.000166
-0.000114 0.000120 -0.000135
-0.000200 0.000316 -0.000093
-0.000312 0.000443 -0.000049
-0.000419 0.000512 -0.000015
-0.000500 0.000515 0.000001
-0.000531 0.000469 0.000000
-0.000506 0.000378 -0.000016
-0.000407 0.000287 -0.000036
-0.000245 0.000213 -0.000044
-0.000065 0.000130 -0.000037
0.000099 0.000044 -0.000018
0.000235 -0.000020 0.000008
0.000331 -0.000042 0.000045
0.000373 -0.000026 0.000080
0.000363 0.000026 0.000116
0.000305 0.000105 0.000148
0.000211 0.000180 0.000172
0.000103 0.000235 0.000182
0.000006 0.000265 0.000176
-0.000060 0.000270 0.000161
-0.000080 0.000269 0.000153
-0.000072 0.000226 0.000140
-0.000042 0.000159 0.000128
0.000009 0.000108 0.000120
0.000070 0.000097 0.000114
0.000120 0.000102 0.000106
0.000157 0.000150 0.000096
0.000165 0.000214 0.000080
0.000133 0.000270 0.000059
0.000064 0.000303 0.000034
-0.000041 0.000277 0.000006
-0.000164 0.000200 -0.000019
-0.000291 0.000065 -0.000039
-0.000391 -0.000091 -0.000049
-0.000448 -0.000262 -0.000049
-0.000452 -0.000438 -0.000041
-0.000401 -0.000598 -0.000023
-0.000302 -0.000718 0.000001
-0.000186 -0.000820 0.000030
-0.000072 -0.000885 0.000065
0.000027 -0.000893 0.000100
0.000107 -0.000815 0.000135
0.000162 -0.000667 0.000159
0.000185 -0.000493 0.000188
0.000188 -0.000303 0.000218
0.000186 -0.000094 0.000227
0.000197 0.000157 0.000210
0.000220 0.000428 0.000172
0.000228 0.000657 0.000116
0.000205 0.000819 0.000057
0.000152 0.000934 -0.000007
0.000070 0.000975 -0.000078
-0.000028 0.000919 -0.000148
-0.000117 0.000776 -0.000199
-0.000177 0.000556 -0.000217
-0.000195 0.000300 -0.000212
-0.000174 0.000060 -0.000202
-0.000123 -0.000140 -0.000185
-0.000053 -0.000278 -0.000166
0.000031 -0.000359 -0.000150
0.000121 -0.000391 -0.000129
0.000207 -0.000385 -0.000116
0.000274 -0.000358 -0.000123
0.000312 -0.000325 -0.000126
0.000317 -0.000289 -0.000131
0.000305 -0.000258 -0.000125
0.000279 -0.000230 -0.000114
0.000241 -0.000203 -0.000107
0.000189 -0.000172 -0.000109
0.000132 -0.000137 -0.000118
0.000083 -0.000099 -0.000112
0.000042 -0.000058 -0.000104
0.000016 -0.000018 -0.000094
0.000007 0.000018 -0.000084
0.000006 0.000047 -0.000073
0.000003 0.000069 -0.000061
-0.000004 0.000081 -0.000035
-0.000005 0.000083 -0.000003
-0.000008 0.000077 0.000027
-0.000024 0.000072 0.000044
-0.000051 0.000070 0.000064
-0.000086 0.000072 0.000093
-0.000133 0.000077 0.000119
-0.000182 0.000080 0.000146
-0.000238 0.000088 0.000161
-0.000287 0.000095 0.000177
-0.000336 0.000109 0.000179
-0.000379 0.000118 0.000169
-0.000408 0.000088 0.000171
-0.000429 0.000001 0.000183
-0.000448 -0.000143 0.000194
-0.000465 -0.000335 0.000196
-0.000478 -0.000545 0.000177
-0.000483 -0.000736 0.000130
-0.000483 -0.000891 0.000065
-0.000487 -0.001002 -0.000005
-0.000496 -0.001056 -0.000075
-0.000509 -0.001059 -0.000134
-0.000509 -0.001003 -0.000180
-0.000487 -0.000897 -0.000206
-0.000432 -0.000747 -0.000207
-0.000345 -0.000568 -0.000183
-0.000236 -0.000370 -0.000137
-0.000119 -0.000182 -0.000074
0.000000 0.000000 -0.000000
VECTORS ControlTorque float
0.000001 0.000000 -0.000000
0.000001 0.000000 -0.000000
0.000001 -0.000000 0.000000
0.000001 -0.000000 0.000000
0.000002 -0.000001 0.000000
0.000002 -0.000001 0.000000
0.000003 -0.000002 0.000000
0.000003 -0.000002 0.000000
0.000004 -0.000002 0.000000
0.000003 -0.000002 0.000000
0.000003 -0.000002 0.000000
0.000003 -0.000002 0.000000
0.000003 -0.000002 0.000001
0.000002 -0.000002 0.000000
0.000002 -0.000002 0.000000
0.000001 -0.000001 0.000000
0.000000 -0.000001 0.000000
-0.000000 -0.000001 0.000001
-0.000001 -0.000000 0.000001
-0.000001 -0.000000 0.000001
-0.000002 0.000001 0.000001
-0.000002 0.000001 0.000001
-0.000002 0.000001 0.000001
-0.000002 0.000001 0.000001
-0.000002 0.000001 0.000001
-0.000002 0.000001 0.000001
-0.000002 0.000002 0.000001
-0.000001 0.000001 0.000000
-0.000001 0.000002 0.000000
-0.000002 0.000002 -0.000000
-0.000001 0.000001 -0.000000
-0.000001 0.000002 -0.000001
-0.000001 0.000001 -0.000000
-0.000002 0.000002 -0.000001
-0.000001 0.000001 -0.000000
-0.000002 0.000002 -0.000001
-0.000001 0.000001 -0.000000
-0.000001 0.000001 -0.000001
-0.000001 0.000001 -0.000000
-0.000001 0.000001 -0.000000
-0.000001 0.000001 -0.000000
-0.000001 0.000001 -0.000000
-0.000000 0.000001 -0.000000
-0.000001 0.000001 -0.000001
-0.000000 0.000001 -0.000000
-0.000000 0.000001 -0.000001
-0.000000 0.000001 -0.000001
-0.000000 0.000001 -0.000000
-0.000000 0.000000 -0.000001
-0.000000 0.000001 -0.000000
-0.000000 0.000000 -0.000000
-0.000000 0.000000 -0.000000
-0.000000 0.000000 -0.000000
-0.000000 -0.000000 -0.000001
-0.000000 -0.000000 -0.000001
-0.000000 -0.000000 -0.000001
-0.000000 -0.000000 -0.000001
-0.000000 0.000000 -0.000001
-0.000000 0.000000 -0.000001
-0.000000 0.000001 -0.000001
-0.000000 0.000001 -0.000001
-0.000000 0.000002 -0.000001
-0.000000 0.000001 -0.000001
-0.000000 0.000003 -0.000001
-0.000000 0.000001 -0.000000
-0.000001 0.000003 -0.000001
-0.000001 0.000003 -0.000001
-0.000000 0.000002 -0.000000
-0.000001 0.000002 -0.000000
-0.000001 0.000004 -0.000001
-0.000000 -0.000000 0.000001
-0.000001 0.000003 -0.000001
-0.000000 0.000001 -0.000000
-0.000000 0.000001 -0.000000
0.000000 -0.000002 0.000001
-0.000000 0.000001 -0.000001
0.000001 -0.000002 0.000000
0.000001 -0.000002 0.000000
0.000001 -0.000002 0.000000
0.000001 -0.000002 0.000001
0.000001 -0.000000 -0.000000
0.000001 -0.000004 0.000001
0.000001 -0.000001 0.000000
0.000001 -0.000002 0.000001
0.000001 -0.000003 0.000001
0.000001 -0.000001 0.000000
0.000000 -0.000002 0.000001
0.000000 -0.000002 0.000001
0.000000 -0.000002 0.000001
-0.000000 -0.000002 0.000001
-0.000000 -0.000002 0.000001
-0.000000 -0.000002 0.000001
-0.000000 -0.000002 0.000001
-0.000001 -0.000002 0.000001
-0.000000 -0.000002 0.000001
-0.000001 -0.000002 0.000001
-0.000000 -0.000002 0.000001
-0.000001 -0.000002 0.000001
-0.000000 -0.000002 0.000001
-0.000000 -0.000002 0.000001
-0.000000 -0.000002 0.000001
-0.000000 -0.000002 0.000001
-0.000000 -0.000002 0.000001
-0.000000 -0.000002 0.000001
-0.000000 -0.000002 0.000001
-0.000000 -0.000002 0.000001
-0.000000 -0.000002 0.000001
-0.000000 -0.000002 0.000001
-0.000000 -0.000002 0.000001
0.000000 -0.000001 0.000001
0.000000 -0.000002 0.000001
0.000000 -0.000001 0.000000
0.000001 -0.000001 0.000000
0.000001 -0.000001 0.000000
0.000001 -0.000001 -0.000000
0.000001 -0.000000 -0.000000
0.000001 0.000000 -0.000001
0.000000 0.000001 -0.000001
0.000000 0.000001 -0.000001
0.000000 0.000002 -0.000001
0.000000 0.000002 -0.000001
-0.000000 0.000003 -0.000001
-0.000000 0.000003 -0.000001
-0.000000 0.000004 -0.000001
-0.000000 0.000004 -0.000001
-0.000000 0.000005 -0.000002
-0.000000 0.000005 -0.000001
-0.000000 0.000005 -0.000002
VECTORS Curvature float
-41.975776 -7.860356 0.104927
-146.956693 -16.308188 -0.208082
-364.675781 -1.526131 -2.494663
-635.138866 83.140480 -8.908145
-1011.937450 256.042722 -20.949210
-1508.621043 530.631333 -39.703796
-2159.913734 926.355478 -65.602285
-2865.724365 1394.651216 -98.313399
-3655.944608 1944.451488 -137.613821
-4555.024006 2580.909459 -181.490280
-5399.110214 3211.282879 -227.497391
-6221.135164 3846.514291 -272.812646
-7069.320434 4518.467941 -313.411136
-7728.178190 5086.594048 -342.185143
-8233.912473 5579.328185 -358.469173
-8646.103919 6033.724129 -354.718597
-8823.726043 6363.012476 -331.465104
-8849.850991 6630.877223 -289.545944
-8656.642483 6787.927166 -233.311120
-8351.165814 6928.567008 -173.605512
-7909.931586 7015.032141 -116.521151
-7291.976636 7008.651139 -73.717469
-6665.579562 7032.440220 -47.040931
-5997.079044 7022.719163 -36.437086
-5331.948647 6999.614493 -37.675600
-4707.214817 6964.137040 -46.218012
-4082.147127 6822.793188 -57.994777
-3520.030650 6645.137422 -69.289971
-3025.978955 6428.042676 -79.454283
-2555.372616 6088.094448 -86.914784
-2142.436340 5726.233038 -90.891168
-1769.853743 5329.330055 -92.380155
-1429.927949 4950.714751 -90.578733
-1086.101824 4476.585030 -87.381222
-751.126818 4060.281049 -81.368585
-426.099544 3670.295839 -75.267448
-82.957846 3288.925671 -67.672591
248.304118 3000.177016 -60.175677
584.711507 2717.005024 -52.334844
911.382756 2511.084123 -44.585700
1212.508965 2290.606438 -36.944906
1478.335574 2083.645072 -29.430017
1741.096509 1908.094244 -22.288621
1963.795225 1720.713822 -15.154750
2149.097023 1513.478635 -8.507272
2325.452780 1314.221375 -1.829643
2450.092705 1091.940827 4.731753
2588.531920 884.656827 11.359324
2708.077017 682.669992 18.472310
2793.197452 487.859593 26.033672
2877.780496 313.933342 34.413277
2931.107483 155.331230 43.705174
2947.260092 9.463648 53.920015
2924.707584 -130.852000 64.937372
2872.703701 -277.450414 76.374619
2796.594276 -443.272819 87.651151
2706.294183 -640.869689 97.891996
2627.939703 -881.971922 106.100805
2578.090778 -1171.657106 111.214959
2579.091580 -1512.668685 112.374388
2629.766788 -1883.527262 108.990244
2795.116623 -2315.034196 101.445766
3009.626416 -2726.426710 89.785423
3374.479790 -3194.510242 76.798862
3768.658679 -3591.300468 61.990689
4241.514335 -3963.222270 50.658974
4955.111025 -4471.129401 41.975360
5543.615091 -4792.724482 38.577691
6018.780924 -4976.222403 42.620092
6782.768632 -5365.991874 54.506972
7334.784059 -5592.446456 70.517854
7708.211942 -5689.553055 94.914786
8197.368706 -5915.023053 121.327952
8475.732991 -6029.971586 149.592732
8363.722029 -5933.448421 177.097234
8224.481649 -5882.981441 201.279623
8077.692869 -5910.197091 220.124683
7577.432567 -5752.331350 232.291114
7044.182762 -5631.737112 237.267821
6397.278326 -5459.467550 235.297977
5876.339421 -5425.744275 227.118927
5217.209141 -5255.594702 214.348685
4558.336097 -5059.860165 197.881027
4082.086941 -5012.456126 179.623821
3437.223619 -4689.066194 160.432184
2932.324403 -4459.284087 141.884278
2517.597745 -4269.674127 124.185586
2066.824785 -3927.232298 108.346405
1671.465878 -3577.344526 94.245735
1302.460074 -3181.120798 81.955057
967.473936 -2771.023166 71.361003
642.464672 -2278.370940 62.046712
348.948235 -1814.861681 54.136063
78.246969 -1348.458081 46.868043
-193.609334 -829.157288 40.465352
-447.650270 -333.923040 34.335181
-709.988557 180.993394 28.398836
-959.437141 672.799547 22.314620
-1246.321155 1203.144782 15.796347
-1534.671477 1722.180256 8.619224
-1796.334119 2207.553996 0.268552
-2088.835765 2712.376672 -9.585608
-2380.345719 3205.292181 -21.342975
-2731.660208 3764.803330 -35.246710
-3070.664687 4289.946593 -51.665169
-3384.441972 4757.397502 -70.811801
-3722.037763 5227.457154 -92.839095
-4062.999895 5664.217903 -117.684378
-4436.905678 6099.927102 -144.921533
-4791.756689 6453.980437 -174.499537
-5169.388322 6776.130770 -204.942142
-5550.870754 7034.136235 -236.319676
-5883.253359 7164.828052 -266.499184
-6240.355748 7270.994349 -294.576982
-6546.095139 7278.201956 -319.216972
-6777.887159 7187.518419 -338.645460
-6918.981616 7008.228397 -351.880319
-6931.282959 6726.479881 -357.578248
-6819.108623 6367.368892 -354.970541
-6538.847445 5904.844823 -343.751827
-6119.253446 5372.986849 -323.436124
-5543.681891 4758.696761 -294.925348
-4836.990571 4079.326795 -258.270967
-4015.460134 3342.117285 -215.190621
-3088.781441 2546.825813 -165.899452
-2124.579383 1740.972035 -114.312322
-972.459878 794.182029 -52.907690
-312.680389 255.205778 -16.244369
VECTORS LocalRotation float
0.120991 -0.637439 0.014028
0.120133 -0.637549 0.014028
0.117826 -0.637629 0.014015
0.113318 -0.637261 0.013964
0.105846 -0.635722 0.013829
0.094396 -0.632149 0.013553
0.077778 -0.625549 0.013076
0.055151 -0.615099 0.012338
0.025521 -0.599928 0.011266
-0.011603 -0.579468 0.009823
-0.056620 -0.553273 0.007974
-0.109353 -0.521245 0.005703
-0.169595 -0.483329 0.003046
-0.236384 -0.439976 0.000087
-0.308776 -0.391603 -0.003091
-0.385156 -0.339056 -0.006318
-0.464238 -0.282938 -0.009424
-0.544263 -0.224103 -0.012236
-0.623517 -0.163354 -0.014603
-0.700649 -0.101148 -0.016448
-0.774128 -0.038142 -0.017759
-0.842970 0.025365 -0.018621
-0.906246 0.089019 -0.019168
-0.963586 0.152665 -0.019546
-1.014924 0.216209 -0.019882
-1.060307 0.279333 -0.020261
-1.100027 0.341637 -0.020732
-1.134462 0.402641 -0.021309
-1.164070 0.461773 -0.021982
-1.189339 0.518439 -0.022735
-1.210677 0.572100 -0.023542
-1.228415 0.622224 -0.024373
-1.242917 0.668815 -0.025202
-1.254254 0.711296 -0.026004
-1.262610 0.750121 -0.026772
-1.267910 0.784923 -0.027477
-1.270226 0.816591 -0.028127
-1.269480 0.844981 -0.028705
-1.265697 0.870944 -0.029216
-1.258941 0.894551 -0.029653
-1.249338 0.916261 -0.030022
-1.237146 0.936081 -0.030323
-1.222516 0.954220 -0.030558
-1.205792 0.970601 -0.030727
-1.187142 0.985267 -0.030834
-1.166926 0.998042 -0.030881
-1.145310 1.008933 -0.030867
-1.122454 1.017899 -0.030794
-1.098514 1.024984 -0.030660
-1.073585 1.030288 -0.030458
-1.047885 1.033921 -0.030184
-1.021588 1.036046 -0.029830
-0.994978 1.036792 -0.029388
-0.968396 1.036242 -0.028850
-0.942140 1.034393 -0.028210
-0.916484 1.031131 -0.027468
-0.891569 1.026223 -0.026628
-0.867413 1.019327 -0.025704
-0.843838 1.010027 -0.024720
-0.820489 0.997874 -0.023708
-0.796899 0.982493 -0.022705
-0.772293 0.963449 -0.021751
-0.746081 0.940684 -0.020887
-0.717083 0.913790 -0.020131
-0.684925 0.883241 -0.019506
-0.648333 0.848730 -0.018991
-0.606768 0.810610 -0.018573
-0.559597 0.768987 -0.018211
-0.507084 0.724620 -0.017842
-0.448668 0.677426 -0.017399
-0.385183 0.628147 -0.016836
-0.316599 0.576710 -0.016082
-0.244597 0.524178 -0.015103
-0.169430 0.470327 -0.013882
-0.093639 0.416482 -0.012412
-0.018041 0.362631 -0.010687
0.055435 0.309477 -0.008788
0.126143 0.256802 -0.006744
0.192341 0.205262 -0.004619
0.253327 0.154940 -0.002474
0.309113 0.105464 -0.000373
0.359003 0.057428 0.001613
0.403578 0.010390 0.003492
0.442544 -0.035033 0.005195
0.476480 -0.078817 0.006730
0.505593 -0.120631 0.008111
0.530214 -0.160066 0.009313
0.550937 -0.197119 0.010365
0.567845 -0.231062 0.011281
0.581297 -0.261632 0.012078
0.591561 -0.288544 0.012771
0.598833 -0.311353 0.013374
0.603358 -0.330036 0.013904
0.605279 -0.344258 0.014358
0.604756 -0.354133 0.014754
0.601861 -0.359383 0.015092
0.596596 -0.360079 0.015377
0.589044 -0.356216 0.015606
0.578990 -0.347666 0.015780
0.566527 -0.334555 0.015890
0.551444 -0.316761 0.015930
0.533847 -0.294478 0.015888
0.513514 -0.267555 0.015747
0.490305 -0.235909 0.015490
0.464137 -0.199584 0.015098
0.434950 -0.158675 0.014544
0.402771 -0.113464 0.013803
0.367486 -0.064098 0.012849
0.328955 -0.010769 0.011659
0.287202 0.046028 0.010213
0.242035 0.106017 0.008493
0.193591 0.168425 0.006499
0.141790 0.232752 0.004221
0.086843 0.298178 0.001678
0.028963 0.364037 -0.001100
-0.031372 0.429543 -0.004079
-0.093370 0.493799 -0.007205
-0.156079 0.555985 -0.010417
-0.218336 0.615269 -0.013643
-0.278791 0.670810 -0.016806
-0.336144 0.721909 -0.019829
-0.388922 0.767758 -0.022627
-0.435977 0.807820 -0.025134
-0.476022 0.841392 -0.027276
-0.508217 0.868080 -0.029003
-0.531770 0.887451 -0.030269
-0.545824 0.898955 -0.031028
-0.551630 0.903696 -0.031340
VECTORS q1 float
0.999535 0.030488 -0.000209
0.999535 0.030494 -0.000112
0.999535 0.030492 0.000017
0.999537 0.030425 -0.000290
0.999543 0.030192 -0.001739
0.999547 0.029644 -0.005201
0.999524 0.028568 -0.011622
0.999404 0.026660 -0.021915
0.999052 0.023513 -0.036648
0.998229 0.018574 -0.056521
0.996599 0.011196 -0.081646
0.993733 0.000669 -0.111778
0.989111 -0.013756 -0.146525
0.982173 -0.032758 -0.185105
0.972493 -0.056635 -0.225944
0.959617 -0.085653 -0.267954
0.943326 -0.119596 -0.309569
0.923532 -0.158025 -0.349451
0.900284 -0.200307 -0.386478
0.873807 -0.245604 -0.419691
0.844192 -0.293373 -0.448633
0.811897 -0.342603 -0.472701
0.777200 -0.392629 -0.491733
0.740336 -0.442885 -0.505723
0.701699 -0.492616 -0.514731
0.661525 -0.541317 -0.519000
0.620313 -0.588231 -0.518840
0.578678 -0.632615 -0.514714
0.537037 -0.674068 -0.507172
0.496113 -0.712035 -0.496869
0.456627 -0.746133 -0.484538
0.418944 -0.776402 -0.470836
0.383560 -0.802839 -0.456432
0.350562 -0.825777 -0.441814
0.320548 -0.845215 -0.427621
0.292865 -0.861921 -0.413911
0.267919 -0.875968 -0.401123
0.244964 -0.888019 -0.389122
0.224037 -0.898259 -0.378072
0.204612 -0.907100 -0.367835
0.186617 -0.914705 -0.358454
0.169935 -0.921234 -0.349928
0.154540 -0.926804 -0.342275
0.140323 -0.931544 -0.335462
0.127530 -0.935470 -0.329593
0.116156 -0.938677 -0.324643
0.106355 -0.941212 -0.320638
0.098185 -0.943146 -0.317547
0.091610 -0.944562 -0.315293
0.086627 -0.945526 -0.313810
0.083138 -0.946110 -0.312993
0.081028 -0.946376 -0.312741
0.080198 -0.946374 -0.312962
0.080589 -0.946137 -0.313578
0.082222 -0.945679 -0.314532
0.085228 -0.944997 -0.315781
0.089851 -0.944064 -0.317285
0.096445 -0.942837 -0.318992
0.105439 -0.941253 -0.320821
0.117283 -0.939225 -0.322647
0.132385 -0.936648 -0.324291
0.151044 -0.933395 -0.325515
0.173571 -0.929295 -0.326013
0.199771 -0.924217 -0.325446
0.229930 -0.917912 -0.323372
0.263074 -0.910357 -0.319441
0.299640 -0.901225 -0.313064
0.338947 -0.890420 -0.303753
0.379709 -0.878065 -0.291243
0.421450 -0.864111 -0.275120
0.464143 -0.848354 -0.254689
0.505696 -0.831381 -0.230387
0.546055 -0.813098 -0.201732
0.584162 -0.793854 -0.168968
0.619117 -0.774029 -0.132565
0.649912 -0.754214 -0.093680
0.676858 -0.734276 -0.051983
0.699399 -0.714679 -0.008664
0.717564 -0.695580 0.035641
0.731525 -0.677059 0.080390
0.741536 -0.659145 0.125108
0.747927 -0.641661 0.169931
0.750942 -0.624963 0.213323
0.750971 -0.608697 0.255989
0.748390 -0.593045 0.297002
0.743727 -0.578210 0.335475
0.737293 -0.563953 0.371961
0.729655 -0.550528 0.405614
0.721321 -0.538056 0.436110
0.712789 -0.526664 0.463203
0.704528 -0.516488 0.486703
0.696961 -0.507659 0.506485
0.690546 -0.500388 0.522263
0.685394 -0.494622 0.534401
0.681854 -0.490572 0.542600
0.679999 -0.488262 0.546993
0.679906 -0.487766 0.547551
0.681550 -0.489127 0.544283
0.684830 -0.492363 0.537203
0.689676 -0.497606 0.526056
0.695746 -0.504751 0.511041
0.702801 -0.513889 0.491923
0.710438 -0.524996 0.468676
0.718250 -0.538142 0.441045
0.725716 -0.553368 0.408804
0.732117 -0.570474 0.372241
0.736762 -0.589362 0.331413
0.738894 -0.609863 0.286535
0.737740 -0.631756 0.237958
0.732537 -0.654783 0.186140
0.722629 -0.678505 0.132053
0.707436 -0.702645 0.076318
0.686700 -0.726655 0.020354
0.660332 -0.750168 -0.034786
0.628507 -0.772812 -0.087978
0.591804 -0.794190 -0.137951
0.551046 -0.814003 -0.183702
0.507392 -0.831994 -0.224365
0.462172 -0.847998 -0.259415
0.416828 -0.861935 -0.288655
0.372921 -0.873780 -0.312151
0.331784 -0.883613 -0.330374
0.294836 -0.891527 -0.343877
0.263072 -0.897691 -0.353474
0.237523 -0.902252 -0.359896
0.218756 -0.905382 -0.363909
0.207372 -0.907196 -0.366049
0.203538 -0.907792 -0.366724
VECTORS q2 float
-0.030446 0.997731 -0.060049
-0.030444 0.997689 -0.060746
-0.030431 0.997547 -0.063039
-0.030375 0.997259 -0.067468
-0.030237 0.996738 -0.074828
-0.029982 0.995831 -0.086153
-0.029611 0.994286 -0.102559
-0.029198 0.991712 -0.125115
-0.028903 0.987606 -0.154271
-0.029067 0.981177 -0.190910
-0.030162 0.971540 -0.234946
-0.032794 0.957724 -0.285813
-0.037724 0.938660 -0.342775
-0.045769 0.913394 -0.404495
-0.057493 0.881621 -0.468443
-0.073514 0.843066 -0.532762
-0.094005 0.798309 -0.594866
-0.118837 0.748411 -0.652502
-0.147525 0.694899 -0.703812
-0.179169 0.639743 -0.747414
-0.212907 0.584584 -0.782900
-0.247380 0.531514 -0.810121
-0.281524 0.481925 -0.829755
-0.314478 0.436730 -0.842835
-0.345464 0.396599 -0.850508
-0.374108 0.361594 -0.853986
-0.400098 0.331653 -0.854358
-0.423292 0.306483 -0.852580
-0.443822 0.285507 -0.849416
-0.461745 0.268263 -0.845474
-0.477142 0.254289 -0.841233
-0.490199 0.243090 -0.837026
-0.500973 0.234316 -0.833140
-0.509563 0.227632 -0.829776
-0.515839 0.222869 -0.827188
-0.519888 0.219764 -0.825482
-0.521548 0.218198 -0.824850
-0.520788 0.218012 -0.825379
-0.517563 0.219049 -0.827132
-0.511836 0.221168 -0.830126
-0.503696 0.224177 -0.834287
-0.493263 0.227891 -0.839498
-0.480702 0.232132 -0.845601
-0.466065 0.236783 -0.852477
-0.449701 0.241650 -0.859869
-0.431663 0.246664 -0.867654
-0.412202 0.251719 -0.875630
-0.391446 0.256765 -0.883652
-0.369376 0.261803 -0.891639
-0.346238 0.266784 -0.899414
-0.322124 0.271706 -0.906870
-0.297214 0.276556 -0.913882
-0.271807 0.281311 -0.920318
-0.246234 0.285953 -0.926067
-0.220837 0.290467 -0.931053
-0.195875 0.294858 -0.935250
-0.171560 0.299141 -0.938660
-0.147923 0.303350 -0.941328
-0.124819 0.307541 -0.943313
-0.101930 0.311789 -0.944668
-0.078776 0.316193 -0.945418
-0.054757 0.320887 -0.945533
-0.028989 0.326073 -0.944900
-0.000948 0.331958 -0.943294
0.030568 0.338923 -0.940317
0.065475 0.347187 -0.935508
0.105103 0.357326 -0.928047
0.149417 0.369716 -0.917052
0.197419 0.384480 -0.901777
0.248733 0.401893 -0.881257
0.303266 0.422361 -0.854190
0.357975 0.445188 -0.820769
0.412259 0.470435 -0.780213
0.464034 0.497465 -0.732940
0.511383 0.525491 -0.679961
0.552279 0.553352 -0.623530
0.586824 0.580873 -0.564114
0.614081 0.607066 -0.504357
0.634252 0.631440 -0.446103
0.647990 0.653708 -0.390864
0.656218 0.673759 -0.339743
0.660044 0.691806 -0.292824
0.660338 0.707570 -0.251592
0.658139 0.721532 -0.215043
0.654225 0.733704 -0.183489
0.649335 0.744121 -0.156999
0.643955 0.753137 -0.134556
0.638548 0.760774 -0.116102
0.633450 0.767128 -0.101267
0.628911 0.772286 -0.089692
0.625108 0.776318 -0.081050
0.622160 0.779285 -0.075046
0.620159 0.781212 -0.071495
0.619112 0.782168 -0.070095
0.619044 0.782163 -0.070752
0.619950 0.781203 -0.073372
0.621794 0.779298 -0.077886
0.624568 0.776401 -0.084360
0.628178 0.772519 -0.092769
0.632646 0.767505 -0.103422
0.637739 0.761443 -0.116165
0.643362 0.754226 -0.131254
0.649299 0.745842 -0.148766
0.655337 0.736197 -0.168957
0.661187 0.725216 -0.192078
0.666423 0.712979 -0.218040
0.670627 0.699475 -0.246969
0.673316 0.684718 -0.278937
0.673944 0.668742 -0.313981
0.671899 0.651585 -0.352120
0.666561 0.633413 -0.393045
0.657221 0.614268 -0.436732
0.643305 0.594418 -0.482520
0.624227 0.574046 -0.529916
0.599538 0.553409 -0.578180
0.569141 0.532876 -0.626196
0.533247 0.512822 -0.672801
0.492562 0.493666 -0.716713
0.448203 0.475791 -0.756794
0.401668 0.459528 -0.792147
0.354835 0.445148 -0.822153
0.309511 0.432788 -0.846698
0.267731 0.422534 -0.865902
0.231063 0.414341 -0.880302
0.201116 0.408148 -0.890487
0.178875 0.403830 -0.897176
0.165292 0.401296 -0.900910
0.160701 0.400461 -0.902112
VECTORS q3 float
-0.001623 0.060027 0.998195
-0.001741 0.060721 0.998153
-0.001939 0.063009 0.998011
-0.001763 0.067446 0.997721
-0.000526 0.074846 0.997195
0.002626 0.086270 0.996268
0.008625 0.102854 0.994659
0.018398 0.125681 0.991900
0.032566 0.155184 0.987349
0.051911 0.192215 0.979979
0.076692 0.236609 0.968573
0.106861 0.287687 0.951744
0.142253 0.344570 0.927920
0.182324 0.405756 0.895611
0.225727 0.468547 0.854114
0.271536 0.530945 0.802724
0.318275 0.590254 0.741823
0.364645 0.644135 0.672402
0.409542 0.690646 0.596056
0.452062 0.728291 0.515007
0.491945 0.756435 0.431040
0.528797 0.774672 0.346781
0.562764 0.783320 0.264018
0.594143 0.783020 0.184049
0.623116 0.774622 0.108112
0.649945 0.759095 0.036693
0.674635 0.737557 -0.029621
0.697106 0.711243 -0.090426
0.717366 0.681262 -0.145838
0.735298 0.648877 -0.195690
0.750884 0.615323 -0.239897
0.764324 0.581470 -0.278751
0.775827 0.548220 -0.312326
0.785781 0.516020 -0.340986
0.794455 0.485737 -0.364555
0.802463 0.456941 -0.383741
0.810066 0.430198 -0.398400
0.817785 0.404838 -0.409064
0.825794 0.380984 -0.415830
0.834361 0.358125 -0.419033
0.843484 0.336244 -0.418898
0.853120 0.315267 -0.415684
0.863159 0.295212 -0.409642
0.873552 0.275969 -0.400934
0.884028 0.257877 -0.389864
0.894525 0.240919 -0.376541
0.904864 0.225295 -0.361198
0.914948 0.211064 -0.343980
0.924753 0.198145 -0.324915
0.934139 0.186567 -0.304266
0.943040 0.176218 -0.282175
0.951367 0.167001 -0.258867
0.959004 0.158873 -0.234671
0.965854 0.151845 -0.209926
0.971839 0.146013 -0.184958
0.976918 0.141563 -0.159971
0.981068 0.138773 -0.135086
0.984285 0.137972 -0.110211
0.986561 0.139506 -0.085060
0.987854 0.143681 -0.059167
0.988063 0.150705 -0.031926
0.987009 0.160641 -0.002642
0.984395 0.173458 0.029658
0.979842 0.188752 0.065439
0.972727 0.206323 0.105988
0.962551 0.225192 0.150941
0.948245 0.245176 0.201791
0.928865 0.265446 0.258358
0.903796 0.284916 0.319337
0.872073 0.302975 0.384310
0.832227 0.319228 0.453313
0.784937 0.332586 0.522743
0.729292 0.342873 0.592091
0.665903 0.349749 0.658975
0.595971 0.353184 0.721166
0.522113 0.353503 0.776166
0.444411 0.351320 0.824059
0.365713 0.347426 0.863452
0.287795 0.342713 0.894272
0.212087 0.338018 0.916931
0.139648 0.334030 0.932160
0.070334 0.331173 0.940945
0.006295 0.329797 0.944031
-0.053808 0.329968 0.942457
-0.109094 0.331628 0.937081
-0.158855 0.334601 0.928874
-0.204255 0.338734 0.918444
-0.244663 0.343718 0.906641
-0.280065 0.349300 0.894177
-0.310487 0.355245 0.881702
-0.335975 0.361344 0.869800
-0.356598 0.367419 0.858977
-0.372223 0.373256 0.849783
-0.383320 0.378897 0.842320
-0.389692 0.384135 0.837007
-0.391488 0.389002 0.833915
-0.388716 0.393420 0.833139
-0.381319 0.397437 0.834649
-0.369323 0.400990 0.838336
-0.352287 0.404134 0.844138
-0.330495 0.406732 0.851670
-0.303571 0.408730 0.860688
-0.271457 0.409999 0.870754
-0.233773 0.410387 0.881438
-0.190182 0.409690 0.892180
-0.141014 0.407700 0.902162
-0.086261 0.404212 0.910589
-0.026083 0.399034 0.916565
0.039227 0.392007 0.919126
0.109276 0.383008 0.917259
0.183039 0.372047 0.909988
0.259988 0.359118 0.896348
0.338528 0.344441 0.875648
0.417495 0.328206 0.847336
0.495512 0.310645 0.811152
0.570829 0.292072 0.767364
0.641869 0.272786 0.716654
0.707062 0.253141 0.660290
0.765187 0.233498 0.599972
0.815424 0.214246 0.537757
0.857334 0.195836 0.476053
0.891136 0.178666 0.417080
0.917274 0.163233 0.363267
0.936698 0.149908 0.316425
0.950334 0.139130 0.278402
0.959244 0.131169 0.250290
0.964197 0.126319 0.233170
0.965788 0.124681 0.227392
