# vtk DataFile Version 2.0
VTK example
ASCII
DATASET UNSTRUCTURED_GRID
POINTS  128  float
-0.000222 -0.000103 -0.000172
-0.000214 -0.000105 -0.000175
-0.000206 -0.000106 -0.000179
-0.000198 -0.000108 -0.000183
-0.000190 -0.000109 -0.000186
-0.000182 -0.000110 -0.000190
-0.000173 -0.000111 -0.000193
-0.000165 -0.000111 -0.000197
-0.000156 -0.000111 -0.000200
-0.000148 -0.000111 -0.000203
-0.000139 -0.000111 -0.000206
-0.000131 -0.000110 -0.000208
-0.000122 -0.000109 -0.000211
-0.000113 -0.000107 -0.000212
-0.000105 -0.000105 -0.000214
-0.000096 -0.000103 -0.000215
-0.000087 -0.000100 -0.000215
-0.000079 -0.000097 -0.000215
-0.000070 -0.000093 -0.000215
-0.000062 -0.000090 -0.000213
-0.000055 -0.000085 -0.000211
-0.000047 -0.000081 -0.000208
-0.000040 -0.000076 -0.000204
-0.000034 -0.000072 -0.000200
-0.000028 -0.000067 -0.000195
-0.000023 -0.000062 -0.000190
-0.000018 -0.000057 -0.000184
-0.000014 -0.000052 -0.000177
-0.000010 -0.000047 -0.000170
-0.000007 -0.000043 -0.000163
-0.000005 -0.000039 -0.000156
-0.000003 -0.000035 -0.000148
-0.000001 -0.000031 -0.000140
-0.000000 -0.000027 -0.000132
0.000001 -0.000024 -0.000123
0.000002 -0.000020 -0.000115
0.000002 -0.000017 -0.000106
0.000003 -0.000014 -0.000098
0.000003 -0.000011 -0.000089
0.000003 -0.000008 -0.000081
0.000004 -0.000005 -0.000072
0.000004 -0.000002 -0.000064
0.000005 0.000001 -0.000055
0.000005 0.000005 -0.000047
0.000006 0.000008 -0.000039
0.000006 0.000012 -0.000030
0.000007 0.000016 -0.000022
0.000008 0.000020 -0.000014
0.000010 0.000024 -0.000007
0.000011 0.000029 0.000001
0.000013 0.000034 0.000009
0.000014 0.000039 0.000016
0.000017 0.000044 0.000023
0.000019 0.000050 0.000030
0.000022 0.000055 0.000036
0.000025 0.000061 0.000043
0.000028 0.000067 0.000049
0.000032 0.000073 0.000054
0.000036 0.000079 0.000059
0.000041 0.000085 0.000064
0.000045 0.000092 0.000069
0.000051 0.000098 0.000073
0.000056 0.000104 0.000076
0.000062 0.000111 0.000079
0.000068 0.000117 0.000082
0.000075 0.000123 0.000084
0.000081 0.000129 0.000085
0.000088 0.000134 0.000086
0.000095 0.000140 0.000087
0.000103 0.000145 0.000086
0.000110 0.000150 0.000086
0.000118 0.000155 0.000085
0.000126 0.000159 0.000083
0.000133 0.000163 0.000081
0.000141 0.000167 0.000079
0.000149 0.000171 0.000076
0.000157 0.000174 0.000073
0.000165 0.000177 0.000069
0.000173 0.000179 0.000065
0.000180 0.000181 0.000061
0.000188 0.000183 0.000057
0.000196 0.000185 0.000052
0.000204 0.000186 0.000048
0.000211 0.000187 0.000043
0.000219 0.000188 0.000038
0.000227 0.000188 0.000034
0.000235 0.000189 0.000030
0.000243 0.000189 0.000025
0.000251 0.000189 0.000021
0.000259 0.000190 0.000017
0.000267 0.000190 0.000014
0.000276 0.000190 0.000011
0.000285 0.000190 0.000008
0.000293 0.000190 0.000005
0.000302 0.000190 0.000003
0.000311 0.000190 0.000002
0.000320 0.000190 0.000001
0.000329 0.000191 0.000001
0.000338 0.000191 0.000001
0.000347 0.000191 0.000002
0.000356 0.000192 0.000003
0.000365 0.000192 0.000005
0.000373 0.000193 0.000008
0.000382 0.000194 0.000012
0.000390 0.000195 0.000016
0.000397 0.000197 0.000020
0.000404 0.000200 0.000025
0.000411 0.000202 0.000031
0.000417 0.000205 0.000037
0.000422 0.000209 0.000043
0.000427 0.000213 0.000050
0.000431 0.000217 0.000057
0.000434 0.000222 0.000064
0.000437 0.000227 0.000071
0.000439 0.000232 0.000078
0.000441 0.000237 0.000085
0.000442 0.000242 0.000093
0.000442 0.000248 0.000100
0.000443 0.000253 0.000107
0.000442 0.000258 0.000115
0.000442 0.000263 0.000122
0.000441 0.000269 0.000129
0.000440 0.000274 0.000137
0.000439 0.000279 0.000144
0.000438 0.000284 0.000152
0.000437 0.000289 0.000159
0.000435 0.000294 0.000166
0.000434 0.000299 0.000174
CELLS  127 381
2 0 1 
2 1 2 
2 2 3 
2 3 4 
2 4 5 
2 5 6 
2 6 7 
2 7 8 
2 8 9 
2 9 10 
2 10 11 
2 11 12 
2 12 13 
2 13 14 
2 14 15 
2 15 16 
2 16 17 
2 17 18 
2 18 19 
2 19 20 
2 20 21 
2 21 22 
2 22 23 
2 23 24 
2 24 25 
2 25 26 
2 26 27 
2 27 28 
2 28 29 
2 29 30 
2 30 31 
2 31 32 
2 32 33 
2 33 34 
2 34 35 
2 35 36 
2 36 37 
2 37 38 
2 38 39 
2 39 40 
2 40 41 
2 41 42 
2 42 43 
2 43 44 
2 44 45 
2 45 46 
2 46 47 
2 47 48 
2 48 49 
2 49 50 
2 50 51 
2 51 52 
2 52 53 
2 53 54 
2 54 55 
2 55 56 
2 56 57 
2 57 58 
2 58 59 
2 59 60 
2 60 61 
2 61 62 
2 62 63 
2 63 64 
2 64 65 
2 65 66 
2 66 67 
2 67 68 
2 68 69 
2 69 70 
2 70 71 
2 71 72 
2 72 73 
2 73 74 
2 74 75 
2 75 76 
2 76 77 
2 77 78 
2 78 79 
2 79 80 
2 80 81 
2 81 82 
2 82 83 
2 83 84 
2 84 85 
2 85 86 
2 86 87 
2 87 88 
2 88 89 
2 89 90 
2 90 91 
2 91 92 
2 92 93 
2 93 94 
2 94 95 
2 95 96 
2 96 97 
2 97 98 
2 98 99 
2 99 100 
2 100 101 
2 101 102 
2 102 103 
2 103 104 
2 104 105 
2 105 106 
2 106 107 
2 107 108 
2 108 109 
2 109 110 
2 110 111 
2 111 112 
2 112 113 
2 113 114 
2 114 115 
2 115 116 
2 116 117 
2 117 118 
2 118 119 
2 119 120 
2 120 121 
2 121 122 
2 122 123 
2 123 124 
2 124 125 
2 125 126 
2 126 127 
CELL_TYPES  127
3
3
3
3
3
3
3
3
3
3
3
3
3
3
3
3
3
3
3
3
3
3
3
3
3
3
3
3
3
3
3
3
3
3
3
3
3
3
3
3
3
3
3
3
3
3
3
3
3
3
3
3
3
3
3
3
3
3
3
3
3
3
3
3
3
3
3
3
3
3
3
3
3
3
3
3
3
3
3
3
3
3
3
3
3
3
3
3
3
3
3
3
3
3
3
3
3
3
3
3
3
3
3
3
3
3
3
3
3
3
3
3
3
3
3
3
3
3
3
3
3
3
3
3
3
3
3
POINT_DATA  128
VECTORS Position float
-0.000222 -0.000103 -0.000172
-0.000214 -0.000105 -0.000175
-0.000206 -0.000106 -0.000179
-0.000198 -0.000108 -0.000183
-0.000190 -0.000109 -0.000186
-0.000182 -0.000110 -0.000190
-0.000173 -0.000111 -0.000193
-0.000165 -0.000111 -0.000197
-0.000156 -0.000111 -0.000200
-0.000148 -0.000111 -0.000203
-0.000139 -0.000111 -0.000206
-0.000131 -0.000110 -0.000208
-0.000122 -0.000109 -0.000211
-0.000113 -0.000107 -0.000212
-0.000105 -0.000105 -0.000214
-0.000096 -0.000103 -0.000215
-0.000087 -0.000100 -0.000215
-0.000079 -0.000097 -0.000215
-0.000070 -0.000093 -0.000215
-0.000062 -0.000090 -0.000213
-0.000055 -0.000085 -0.000211
-0.000047 -0.000081 -0.000208
-0.000040 -0.000076 -0.000204
-0.000034 -0.000072 -0.000200
-0.000028 -0.000067 -0.000195
-0.000023 -0.000062 -0.000190
-0.000018 -0.000057 -0.000184
-0.000014 -0.000052 -0.000177
-0.000010 -0.000047 -0.000170
-0.000007 -0.000043 -0.000163
-0.000005 -0.000039 -0.000156
-0.000003 -0.000035 -0.000148
-0.000001 -0.000031 -0.000140
-0.000000 -0.000027 -0.000132
0.000001 -0.000024 -0.000123
0.000002 -0.000020 -0.000115
0.000002 -0.000017 -0.000106
0.000003 -0.000014 -0.000098
0.000003 -0.000011 -0.000089
0.000003 -0.000008 -0.000081
0.000004 -0.000005 -0.000072
0.000004 -0.000002 -0.000064
0.000005 0.000001 -0.000055
0.000005 0.000005 -0.000047
0.000006 0.000008 -0.000039
0.000006 0.000012 -0.000030
0.000007 0.000016 -0.000022
0.000008 0.000020 -0.000014
0.000010 0.000024 -0.000007
0.000011 0.000029 0.000001
0.000013 0.000034 0.000009
0.000014 0.000039 0.000016
0.000017 0.000044 0.000023
0.000019 0.000050 0.000030
0.000022 0.000055 0.000036
0.000025 0.000061 0.000043
0.000028 0.000067 0.000049
0.000032 0.000073 0.000054
0.000036 0.000079 0.000059
0.000041 0.000085 0.000064
0.000045 0.000092 0.000069
0.000051 0.000098 0.000073
0.000056 0.000104 0.000076
0.000062 0.000111 0.000079
0.000068 0.000117 0.000082
0.000075 0.000123 0.000084
0.000081 0.000129 0.000085
0.000088 0.000134 0.000086
0.000095 0.000140 0.000087
0.000103 0.000145 0.000086
0.000110 0.000150 0.000086
0.000118 0.000155 0.000085
0.000126 0.000159 0.000083
0.000133 0.000163 0.000081
0.000141 0.000167 0.000079
0.000149 0.000171 0.000076
0.000157 0.000174 0.000073
0.000165 0.000177 0.000069
0.000173 0.000179 0.000065
0.000180 0.000181 0.000061
0.000188 0.000183 0.000057
0.000196 0.000185 0.000052
0.000204 0.000186 0.000048
0.000211 0.000187 0.000043
0.000219 0.000188 0.000038
0.000227 0.000188 0.000034
0.000235 0.000189 0.000030
0.000243 0.000189 0.000025
0.000251 0.000189 0.000021
0.000259 0.000190 0.000017
0.000267 0.000190 0.000014
0.000276 0.000190 0.000011
0.000285 0.000190 0.000008
0.000293 0.000190 0.000005
0.000302 0.000190 0.000003
0.000311 0.000190 0.000002
0.000320 0.000190 0.000001
0.000329 0.000191 0.000001
0.000338 0.000191 0.000001
0.000347 0.000191 0.000002
0.000356 0.000192 0.000003
0.000365 0.000192 0.000005
0.000373 0.000193 0.000008
0.000382 0.000194 0.000012
0.000390 0.000195 0.000016
0.000397 0.000197 0.000020
0.000404 0.000200 0.000025
0.000411 0.000202 0.000031
0.000417 0.000205 0.000037
0.000422 0.000209 0.000043
0.000427 0.000213 0.000050
0.000431 0.000217 0.000057
0.000434 0.000222 0.000064
0.000437 0.000227 0.000071
0.000439 0.000232 0.000078
0.000441 0.000237 0.000085
0.000442 0.000242 0.000093
0.000442 0.000248 0.000100
0.000443 0.000253 0.000107
0.000442 0.000258 0.000115
0.000442 0.000263 0.000122
0.000441 0.000269 0.000129
0.000440 0.000274 0.000137
0.000439 0.000279 0.000144
0.000438 0.000284 0.000152
0.000437 0.000289 0.000159
0.000435 0.000294 0.000166
0.000434 0.000299 0.000174
VECTORS Rotation float
0.822974 -0.162532 -2.003937
0.823251 -0.159764 -2.002600
0.824043 -0.151480 -1.998611
0.825241 -0.137879 -1.992085
0.826679 -0.119340 -1.983185
0.828171 -0.096174 -1.971955
0.829510 -0.068758 -1.958325
0.830474 -0.037507 -1.942069
0.830808 -0.003445 -1.923088
0.830233 0.033363 -1.900612
0.828393 0.072246 -1.874109
0.824863 0.112651 -1.842959
0.819116 0.154412 -1.806284
0.810525 0.197366 -1.763236
0.798482 0.240864 -1.713550
0.782223 0.284921 -1.656334
0.761078 0.329019 -1.591318
0.734406 0.372584 -1.518251
0.701694 0.414820 -1.437071
0.662731 0.454592 -1.348194
0.617364 0.490842 -1.251721
0.566317 0.521997 -1.149214
0.510555 0.546800 -1.042069
0.451475 0.564213 -0.932028
0.391124 0.573483 -0.821684
0.331485 0.574406 -0.713289
0.274788 0.567289 -0.609610
0.222943 0.553032 -0.513116
0.176995 0.532885 -0.425122
0.137681 0.508490 -0.346911
0.105133 0.481654 -0.279114
0.078811 0.453971 -0.221370
0.058108 0.427067 -0.173387
0.042142 0.402167 -0.134287
0.030310 0.380738 -0.103811
0.021620 0.363181 -0.080449
0.015580 0.350392 -0.063739
0.011538 0.342405 -0.052441
0.009137 0.339403 -0.045891
0.008068 0.341249 -0.043315
0.008165 0.347708 -0.044212
0.009353 0.358443 -0.048231
0.011648 0.373049 -0.055192
0.015173 0.391249 -0.065151
0.020050 0.412399 -0.078105
0.026545 0.436199 -0.094343
0.034894 0.462027 -0.114018
0.045392 0.489357 -0.137375
0.058441 0.517822 -0.164821
0.074307 0.546720 -0.196450
0.093374 0.575615 -0.232585
0.116016 0.604063 -0.273511
0.142548 0.631603 -0.319428
0.173279 0.657833 -0.370549
0.208458 0.682359 -0.427039
0.248309 0.704796 -0.489074
0.292841 0.724658 -0.556573
0.341939 0.741444 -0.629366
0.395273 0.754627 -0.707071
0.452249 0.763684 -0.789045
0.511966 0.768153 -0.874317
0.573251 0.767705 -0.961622
0.635255 0.762173 -1.050232
0.696167 0.751688 -1.138020
0.755796 0.736327 -1.225210
0.811931 0.716884 -1.308916
0.865334 0.693368 -1.390640
0.915222 0.666312 -1.469460
0.960511 0.636673 -1.543777
1.001398 0.604758 -1.613899
1.038542 0.570278 -1.680959
1.070878 0.534508 -1.742891
1.099171 0.496991 -1.800854
1.123381 0.458074 -1.854455
1.143587 0.418122 -1.903379
1.159760 0.378043 -1.946831
1.172600 0.337303 -1.985698
1.182224 0.296935 -2.019291
1.189026 0.257553 -2.047464
1.193439 0.219807 -2.070089
1.195923 0.184370 -2.087039
1.196980 0.151455 -2.098383
1.196996 0.122401 -2.103791
1.196431 0.096858 -2.103412
1.195635 0.075334 -2.097311
1.194908 0.058030 -2.085761
1.194437 0.044288 -2.068711
1.194359 0.033888 -2.046607
1.194734 0.026299 -2.019722
1.195561 0.020925 -1.988285
1.196806 0.017190 -1.952442
1.198409 0.014605 -1.912229
1.200333 0.012860 -1.868107
1.202419 0.011776 -1.818901
1.204646 0.011474 -1.765762
1.206845 0.012264 -1.708103
1.208898 0.014655 -1.646828
1.210542 0.019359 -1.581523
1.211556 0.027112 -1.513500
1.211497 0.038970 -1.441636
1.210114 0.055461 -1.368447
1.206953 0.077454 -1.293737
1.201630 0.105373 -1.218264
1.193672 0.139622 -1.141803
1.182576 0.180206 -1.064065
1.168059 0.226100 -0.985669
1.149762 0.276193 -0.906306
1.127400 0.328858 -0.825707
1.100794 0.382103 -0.743642
1.069914 0.433772 -0.659973
1.035263 0.481408 -0.575417
0.997341 0.523312 -0.490281
0.957525 0.557810 -0.406282
0.917152 0.584284 -0.324785
0.877660 0.602831 -0.247299
0.840500 0.614175 -0.175428
0.806668 0.619606 -0.110206
0.776786 0.620661 -0.052267
0.751014 0.618893 -0.001705
0.729205 0.615664 0.041746
0.711084 0.612035 0.078480
0.696209 0.608702 0.109125
0.684265 0.606043 0.134115
0.674869 0.604155 0.154005
0.667820 0.602969 0.169083
0.662884 0.602311 0.179699
0.659990 0.602007 0.185965
0.659028 0.601921 0.188047
VECTORS ControlForce float
-0.000000 0.000000 0.000000
0.000180 -0.000046 0.000109
0.000338 -0.000109 0.000213
0.000452 -0.000207 0.000297
0.000513 -0.000326 0.000353
0.000507 -0.000462 0.000386
0.000438 -0.000599 0.000409
0.000331 -0.000707 0.000432
0.000215 -0.000759 0.000451
0.000111 -0.000740 0.000476
0.000022 -0.000658 0.000503
-0.000043 -0.000519 0.000532
-0.000075 -0.000338 0.000566
-0.000073 -0.000149 0.000603
-0.000011 0.000038 0.000634
0.000092 0.000176 0.000651
0.000235 0.000257 0.000648
0.000401 0.000276 0.000621
0.000556 0.000240 0.000568
0.000662 0.000155 0.000496
0.000704 0.000043 0.000420
0.000694 -0.000059 0.000345
0.000651 -0.000115 0.000276
0.000575 -0.000120 0.000221
0.000486 -0.000067 0.000179
0.000398 0.000044 0.000147
0.000324 0.000205 0.000110
0.000256 0.000388 0.000057
0.000179 0.000558 -0.000010
0.000078 0.000676 -0.000082
-0.000044 0.000733 -0.000161
-0.000188 0.000723 -0.000234
-0.000341 0.000649 -0.000286
-0.000485 0.000530 -0.000316
-0.000602 0.000381 -0.000329
-0.000673 0.000217 -0.000316
-0.000687 0.000057 -0.000297
-0.000639 -0.000076 -0.000282
-0.000539 -0.000189 -0.000262
-0.000405 -0.000279 -0.000235
-0.000260 -0.000342 -0.000213
-0.000129 -0.000378 -0.000204
-0.000030 -0.000399 -0.000189
0.000030 -0.000416 -0.000154
0.000056 -0.000429 -0.000109
0.000054 -0.000439 -0.000058
0.000032 -0.000433 -0.000018
-0.000000 -0.000416 0.000015
-0.000030 -0.000374 0.000036
-0.000050 -0.000308 0.000046
-0.000059 -0.000222 0.000049
-0.000061 -0.000132 0.000052
-0.000058 -0.000048 0.000053
-0.000061 -0.000005 0.000063
-0.000069 -0.000004 0.000075
-0.000076 -0.000025 0.000079
-0.000082 -0.000057 0.000075
-0.000084 -0.000077 0.000061
-0.000100 -0.000100 0.000053
-0.000127 -0.000111 0.000045
-0.000147 -0.000078 0.000029
-0.000155 -0.000002 0.000009
-0.000162 0.000081 -0.000005
-0.000182 0.000128 -0.000011
-0.000198 0.000139 -0.000013
-0.000195 0.000119 -0.000022
-0.000184 0.000048 -0.000020
-0.000159 -0.000044 -0.000013
-0.000126 -0.000146 -0.000018
-0.000093 -0.000240 -0.000027
-0.000081 -0.000333 -0.000024
-0.000080 -0.000394 -0.000017
-0.000094 -0.000415 0.000007
-0.000140 -0.000407 0.000048
-0.000225 -0.000382 0.000090
-0.000332 -0.000329 0.000122
-0.000446 -0.000267 0.000147
-0.000556 -0.000212 0.000157
-0.000625 -0.000147 0.000148
-0.000635 -0.000081 0.000121
-0.000576 -0.000020 0.000086
-0.000447 0.000041 0.000056
-0.000262 0.000089 0.000022
-0.000045 0.000122 -0.000002
0.000171 0.000123 -0.000026
0.000370 0.000107 -0.000048
0.000521 0.000077 -0.000049
0.000607 0.000032 -0.000032
0.000611 -0.000033 -0.000008
0.000532 -0.000109 0.000019
0.000383 -0.000171 0.000047
0.000199 -0.000165 0.000079
0.000005 -0.000079 0.000111
-0.000187 0.000041 0.000146
-0.000360 0.000183 0.000173
-0.000494 0.000346 0.000187
-0.000602 0.000487 0.000184
-0.000683 0.000590 0.000172
-0.000729 0.000654 0.000162
-0.000736 0.000639 0.000166
-0.000685 0.000551 0.000173
-0.000552 0.000423 0.000176
-0.000345 0.000232 0.000179
-0.000069 -0.000001 0.000190
0.000275 -0.000207 0.000195
0.000653 -0.000375 0.000171
0.001012 -0.000523 0.000110
0.001299 -0.000612 0.000002
0.001455 -0.000661 -0.000133
0.001447 -0.000635 -0.000283
0.001267 -0.000529 -0.000430
0.000942 -0.000355 -0.000549
0.000526 -0.000130 -0.000640
0.000087 0.000117 -0.000705
-0.000311 0.000345 -0.000748
-0.000605 0.000497 -0.000764
-0.000755 0.000541 -0.000750
-0.000766 0.000484 -0.000718
-0.000676 0.000362 -0.000682
-0.000517 0.000194 -0.000630
-0.000330 0.000018 -0.000564
-0.000158 -0.000129 -0.000492
-0.000030 -0.000226 -0.000420
0.000057 -0.000274 -0.000337
0.000090 -0.000263 -0.000256
0.000081 -0.000203 -0.000174
0.000046 -0.000109 -0.000090
-0.000000 -0.000000 -0.000000
VECTORS ControlTorque float
-0.000001 0.000001 -0.000002
-0.000001 0.000001 -0.000002
-0.000001 0.000001 -0.000002
-0.000001 0.000001 -0.000002
-0.000001 0.000001 -0.000002
-0.000001 0.000001 -0.000002
-0.000001 0.000001 -0.000002
-0.000000 0.000001 -0.000001
-0.000001 0.000002 -0.000001
-0.000000 0.000002 -0.000001
-0.000000 0.000002 -0.000000
-0.000000 0.000002 -0.000001
-0.000001 0.000003 -0.000001
-0.000000 0.000002 -0.000000
-0.000001 0.000003 -0.000001
-0.000001 0.000002 -0.000000
-0.000001 0.000002 -0.000000
-0.000001 0.000002 -0.000000
-0.000001 0.000001 -0.000000
-0.000001 0.000002 -0.000000
-0.000000 0.000001 0.000000
-0.000000 0.000000 0.000001
-0.000000 0.000000 0.000001
-0.000000 -0.000001 0.000001
-0.000000 -0.000001 0.000001
-0.000000 -0.000001 0.000001
-0.000000 -0.000002 0.000002
-0.000000 -0.000002 0.000001
0.000000 -0.000002 0.000001
0.000001 -0.000003 0.000001
0.000001 -0.000002 0.000001
0.000001 -0.000003 0.000001
0.000001 -0.000002 0.000001
0.000002 -0.000003 0.000001
0.000001 -0.000002 0.000001
0.000002 -0.000003 0.000001
0.000002 -0.000002 0.000000
0.000002 -0.000002 0.000001
0.000002 -0.000001 0.000000
0.000002 -0.000001 0.000000
0.000002 -0.000001 0.000000
0.000002 -0.000001 0.000000
0.000002 -0.000001 0.000000
0.000001 -0.000001 0.000000
0.000001 -0.000001 0.000000
0.000001 -0.000001 0.000000
0.000001 -0.000001 0.000000
0.000001 -0.000001 0.000001
0.000000 -0.000001 0.000000
0.000000 -0.000001 0.000001
0.000000 -0.000001 0.000001
0.000000 -0.000001 0.000001
0.000000 -0.000001 0.000001
0.000000 -0.000001 0.000001
0.000000 -0.000001 0.000001
0.000000 -0.000001 0.000001
0.000000 -0.000001 0.000001
0.000000 -0.000001 0.000001
0.000000 -0.000001 0.000001
0.000000 -0.000001 0.000001
-0.000000 -0.000000 0.000000
0.000000 -0.000001 0.000001
-0.000001 0.000000 0.000000
0.000001 -0.000001 0.000001
-0.000001 0.000001 -0.000001
0.000001 -0.000001 0.000001
0.000000 -0.000000 0.000000
-0.000001 0.000001 -0.000000
-0.000000 0.000001 -0.000000
0.000001 -0.000001 0.000001
-0.000001 0.000002 -0.000001
0.000000 -0.000000 0.000001
-0.000000 0.000001 0.000000
-0.000000 0.000001 0.000000
-0.000001 0.000002 -0.000001
0.000000 0.000001 0.000001
-0.000001 0.000002 -0.000000
-0.000001 0.000002 -0.000000
-0.000001 0.000002 -0.000000
-0.000001 0.000002 -0.000001
-0.000001 0.000002 -0.000000
-0.000001 0.000003 -0.000002
-0.000001 0.000002 -0.000001
-0.000001 0.000002 -0.000001
-0.000001 0.000002 -0.000002
-0.000001 0.000002 -0.000001
-0.000001 0.000002 -0.000001
-0.000000 0.000002 -0.000001
-0.000000 0.000002 -0.000001
-0.000000 0.000002 -0.000001
-0.000000 0.000002 -0.000000
-0.000000 0.000001 -0.000000
-0.000000 0.000003 -0.000000
-0.000000 0.000001 -0.000000
-0.000000 0.000003 -0.000000
-0.000000 0.000001 -0.000001
-0.000000 0.000003 -0.000001
-0.000000 -0.000000 -0.000001
-0.000000 0.000003 -0.000002
0.000000 -0.000001 -0.000002
0.000000 0.000001 -0.000002
0.000001 -0.000000 -0.000002
0.000001 0.000000 -0.000003
0.000001 0.000001 -0.000003
0.000001 -0.000001 -0.000002
0.000001 -0.000000 -0.000002
0.000001 -0.000000 -0.000001
0.000001 -0.000001 -0.000001
0.000001 -0.000000 -0.000000
-0.000000 -0.000001 0.000001
-0.000001 -0.000001 0.000001
-0.000001 -0.000002 0.000002
-0.000002 -0.000002 0.000002
-0.000002 -0.000002 0.000002
-0.000002 -0.000002 0.000002
-0.000001 -0.000002 0.000002
-0.000001 -0.000002 0.000002
-0.000001 -0.000002 0.000001
-0.000000 -0.000002 0.000001
0.000000 -0.000002 0.000001
0.000000 -0.000002 0.000001
0.000000 -0.000002 0.000001
0.000000 -0.000001 0.000001
0.000000 -0.000001 0.000001
0.000000 -0.000001 0.000001
0.000000 -0.000001 0.000001
-0.000000 -0.000001 0.000001
-0.000000 -0.000001 0.000001
VECTORS Curvature float
-57.796571 -185.167038 -4.114776
-186.742540 -596.947394 -12.075901
-408.051802 -1303.793226 -24.358656
-586.677467 -1880.958033 -30.727271
-750.246781 -2439.397887 -32.126540
-885.621004 -2972.590089 -27.501861
-989.323892 -3527.553841 -17.062285
-1011.078720 -3979.812858 -2.071841
-958.360992 -4416.742583 17.486874
-843.193958 -4926.247429 39.225469
-633.237376 -5364.012011 62.446362
-357.723649 -5829.003676 86.253015
-27.249752 -6402.508077 109.588982
339.700586 -6922.495820 130.151475
724.228348 -7447.848743 149.189763
1107.147944 -8040.005539 163.270569
1464.182200 -8565.834352 172.593593
1794.212799 -9083.781884 176.021045
2077.155985 -9487.844542 172.680561
2341.115386 -9858.012112 164.705539
2574.225784 -10109.121485 150.567272
2767.465778 -10138.422464 134.594456
2971.178981 -10106.873115 117.465893
3163.891449 -9922.555178 100.839592
3358.095725 -9624.303340 86.341434
3550.980555 -9240.885156 73.882688
3688.249717 -8675.035590 63.844350
3793.495962 -8045.544948 55.124663
3848.255672 -7370.597479 47.842169
3786.830670 -6571.904338 41.554462
3655.115431 -5773.875415 35.659827
3432.528194 -4974.206863 31.316316
3143.764524 -4210.386112 27.573604
2717.687632 -3409.051281 25.881553
2245.064940 -2676.980184 24.065137
1732.246789 -2023.743211 24.000345
1164.647844 -1411.685693 23.630847
620.968254 -912.966897 23.708004
62.421136 -461.164491 23.438350
-463.356176 -85.267904 22.942049
-960.626496 253.496447 22.171397
-1404.142994 553.014135 21.321977
-1831.095628 849.560137 20.479533
-2200.963652 1135.435958 20.068091
-2517.450925 1422.703949 19.871793
-2805.364782 1726.413066 20.188816
-3008.140940 2014.030478 20.630474
-3199.749954 2330.936467 20.672921
-3341.347050 2645.339351 20.338083
-3420.260639 2941.662859 18.542463
-3491.567782 3255.033936 15.206348
-3534.730274 3560.765856 10.056547
-3559.498080 3857.536577 2.980948
-3575.340327 4144.979708 -5.733521
-3594.340070 4431.833656 -15.756239
-3611.821551 4709.662736 -26.318872
-3618.829941 4969.005836 -36.928042
-3622.367041 5221.042496 -46.798823
-3615.838912 5459.252436 -55.312276
-3599.423046 5686.185815 -61.910311
-3549.348929 5857.407792 -66.334110
-3528.859094 6078.015973 -68.136468
-3464.276091 6190.756914 -67.850261
-3445.924660 6368.066371 -64.091550
-3392.770814 6411.097338 -59.683739
-3328.279372 6402.786314 -50.814934
-3416.344099 6628.365916 -41.316978
-3376.041948 6577.661231 -30.765456
-3262.179746 6380.701358 -18.028986
-3282.802084 6473.604323 -2.850130
-3206.356169 6405.428160 9.085319
-3034.324599 6231.428621 25.389554
-2921.833658 6249.801336 39.138635
-2719.803015 6186.494994 53.372762
-2406.817384 5942.937278 65.422923
-2081.171112 5763.300320 78.888998
-1759.421838 5647.893384 87.940550
-1348.496867 5321.252829 95.820208
-928.977928 4975.792969 100.234860
-490.914068 4523.140732 100.575993
-43.661352 4105.225081 96.246227
398.041665 3530.801382 85.277931
842.161026 2889.780439 68.331400
1299.462975 2316.941263 44.002726
1679.398347 1622.992978 13.043533
2085.086266 1000.586840 -24.076641
2513.400517 441.005705 -65.245159
2880.873414 -82.862089 -108.638755
3261.378262 -528.773548 -152.181281
3636.312869 -902.505885 -193.692429
4059.970651 -1225.260620 -231.260907
4386.316745 -1462.997568 -263.553602
4859.197140 -1720.921358 -289.310778
5327.651056 -1969.295401 -307.543974
5709.449229 -2210.965826 -317.394762
6074.914758 -2488.722117 -318.518971
6405.707587 -2831.326635 -310.356723
6617.415152 -3203.579850 -293.885252
6877.906346 -3727.958881 -269.029773
7025.933550 -4308.526972 -240.695889
6870.611710 -4846.703180 -209.300881
6744.992711 -5503.848199 -180.502304
6499.289984 -6167.670657 -156.342625
6329.921458 -6968.465135 -140.377577
6063.843353 -7679.498527 -137.266716
5719.377967 -8225.177959 -145.323634
5420.026610 -8679.099244 -165.877445
5142.871209 -8947.561281 -196.943825
4935.407754 -9056.764954 -235.506507
4745.310070 -8889.747867 -279.982014
4615.266016 -8526.736557 -323.321761
4519.167947 -7977.430622 -365.160473
4404.535737 -7218.284808 -398.627891
4318.531416 -6433.775021 -422.789350
4193.369736 -5609.097430 -435.756676
4012.541036 -4805.378819 -437.251505
3770.415987 -4074.092756 -428.295479
3458.876484 -3428.263115 -410.194584
3099.446688 -2886.338557 -384.583261
2695.156169 -2426.939886 -352.909522
2279.781222 -2044.919382 -316.598713
1867.260663 -1713.473988 -276.627015
1476.934387 -1414.927597 -234.003438
1120.595818 -1133.445406 -189.368611
797.412123 -853.021635 -142.960719
516.326290 -579.630830 -96.962047
227.901101 -263.785189 -44.451194
71.870973 -84.601338 -13.859915
VECTORS LocalRotation float
-0.046351 0.626401 -0.000264
-0.047461 0.622852 -0.000338
-0.050143 0.614280 -0.000502
-0.054628 0.599921 -0.000750
-0.060693 0.580321 -0.001036
-0.068124 0.555737 -0.001306
-0.076618 0.526292 -0.001508
-0.085624 0.492491 -0.001594
-0.094572 0.454343 -0.001524
-0.102717 0.412101 -0.001268
-0.109394 0.365564 -0.000808
-0.113891 0.314769 -0.000133
-0.115636 0.259328 0.000754
-0.114226 0.199184 0.001836
-0.109401 0.134011 0.003103
-0.101114 0.063931 0.004517
-0.089474 -0.011240 0.006038
-0.074720 -0.091157 0.007616
-0.057194 -0.175233 0.009195
-0.037157 -0.262968 0.010725
-0.014946 -0.353193 0.012149
0.009244 -0.444884 0.013441
0.035260 -0.536665 0.014583
0.063041 -0.627364 0.015572
0.092596 -0.715943 0.016420
0.123829 -0.801225 0.017144
0.156544 -0.882188 0.017767
0.190433 -0.957925 0.018306
0.224997 -1.027654 0.018771
0.259565 -1.090778 0.019176
0.293366 -1.146853 0.019527
0.325501 -1.195584 0.019831
0.355306 -1.237209 0.020097
0.381718 -1.271544 0.020338
0.404288 -1.299222 0.020566
0.422194 -1.320384 0.020782
0.435376 -1.336017 0.020999
0.443436 -1.346511 0.021212
0.446540 -1.352752 0.021426
0.444730 -1.355219 0.021636
0.438291 -1.354458 0.021840
0.427577 -1.350804 0.022037
0.412875 -1.344430 0.022227
0.394673 -1.335470 0.022410
0.373278 -1.323870 0.022591
0.349229 -1.309642 0.022772
0.322915 -1.292712 0.022957
0.294755 -1.273002 0.023144
0.265190 -1.250510 0.023330
0.234551 -1.225193 0.023506
0.203227 -1.197110 0.023659
0.171419 -1.166255 0.023773
0.139305 -1.132674 0.023832
0.107005 -1.096446 0.023820
0.074535 -1.057603 0.023722
0.041924 -1.016234 0.023532
0.009187 -0.972413 0.023245
-0.023605 -0.926268 0.022866
-0.056382 -0.877903 0.022404
-0.089049 -0.827442 0.021873
-0.121425 -0.775163 0.021292
-0.153531 -0.721026 0.020682
-0.185109 -0.665625 0.020068
-0.216497 -0.608580 0.019469
-0.247284 -0.551050 0.018912
-0.277987 -0.492513 0.018407
-0.308470 -0.433617 0.017991
-0.338988 -0.374283 0.017667
-0.369137 -0.315430 0.017445
-0.399003 -0.256773 0.017350
-0.428184 -0.198857 0.017378
-0.456637 -0.141243 0.017535
-0.483599 -0.084742 0.017827
-0.509033 -0.028676 0.018244
-0.532107 0.025916 0.018779
-0.552560 0.079265 0.019437
-0.569871 0.130697 0.020189
-0.583908 0.180240 0.021019
-0.594219 0.226859 0.021906
-0.600661 0.269957 0.022817
-0.603091 0.309175 0.023712
-0.601497 0.343515 0.024528
-0.595842 0.372793 0.025229
-0.586184 0.396273 0.025735
-0.572740 0.414055 0.025993
-0.555534 0.426046 0.025942
-0.534759 0.432559 0.025539
-0.510375 0.434178 0.024753
-0.482594 0.431412 0.023573
-0.451394 0.424938 0.022009
-0.416595 0.415317 0.020087
-0.378442 0.403174 0.017852
-0.336243 0.388641 0.015329
-0.290443 0.372050 0.012645
-0.240394 0.353094 0.009811
-0.187196 0.331879 0.006941
-0.130439 0.307685 0.004081
-0.071525 0.280384 0.001347
-0.010014 0.248791 -0.001218
0.052299 0.212773 -0.003503
0.115224 0.171317 -0.005541
0.176890 0.124439 -0.007306
0.237147 0.071338 -0.008839
0.295394 0.011697 -0.010186
0.351287 -0.054362 -0.011438
0.404567 -0.126278 -0.012716
0.455006 -0.202820 -0.014125
0.502883 -0.282713 -0.015769
0.548568 -0.364328 -0.017730
0.592367 -0.445524 -0.020062
0.634810 -0.524494 -0.022797
0.676088 -0.599076 -0.025909
0.716516 -0.667919 -0.029369
0.756051 -0.729793 -0.033092
0.794581 -0.784307 -0.036978
0.831741 -0.831467 -0.040931
0.866969 -0.871659 -0.044849
0.899701 -0.905627 -0.048645
0.929395 -0.934218 -0.052244
0.955620 -0.958264 -0.055582
0.978161 -0.978526 -0.058615
0.996928 -0.995534 -0.061300
1.012087 -1.009714 -0.063614
1.023837 -1.021242 -0.065529
1.032529 -1.030245 -0.067036
1.038464 -1.036717 -0.068119
1.041841 -1.040544 -0.068761
1.043196 -1.042118 -0.069025
VECTORS q1 float
-0.393114 -0.723509 -0.567447
-0.390478 -0.724020 -0.568614
-0.382579 -0.725494 -0.572094
-0.369565 -0.727739 -0.577770
-0.351716 -0.730453 -0.585435
-0.329181 -0.733291 -0.594915
-0.302091 -0.735858 -0.606015
-0.270516 -0.737732 -0.618525
-0.235047 -0.738472 -0.631990
-0.195222 -0.737678 -0.646312
-0.151168 -0.734924 -0.661087
-0.102910 -0.729799 -0.675872
-0.050069 -0.721851 -0.690235
0.007675 -0.710581 -0.703574
0.069854 -0.695620 -0.715006
0.136797 -0.676441 -0.723681
0.207947 -0.652707 -0.728514
0.282595 -0.624168 -0.728392
0.359664 -0.590765 -0.722245
0.437532 -0.552785 -0.709221
0.514881 -0.510542 -0.688654
0.589417 -0.465076 -0.660524
0.659494 -0.417411 -0.625169
0.723777 -0.368672 -0.583291
0.781028 -0.320238 -0.536137
0.830748 -0.273218 -0.484984
0.872593 -0.228840 -0.431525
0.906669 -0.188143 -0.377564
0.933648 -0.151659 -0.324503
0.954246 -0.119882 -0.273938
0.969385 -0.093000 -0.227252
0.980150 -0.070755 -0.185202
0.987494 -0.052860 -0.148534
0.992325 -0.038768 -0.117423
0.995327 -0.028135 -0.092376
0.997150 -0.020208 -0.072688
0.998189 -0.014633 -0.058351
0.998762 -0.010868 -0.048545
0.999045 -0.008616 -0.042834
0.999146 -0.007603 -0.040602
0.999112 -0.007676 -0.041416
0.998952 -0.008759 -0.044932
0.998644 -0.010846 -0.050921
0.998140 -0.014025 -0.059324
0.997378 -0.018368 -0.069999
0.996259 -0.024057 -0.083006
0.994672 -0.031229 -0.098251
0.992480 -0.040051 -0.115673
0.989507 -0.050751 -0.135276
0.985593 -0.063417 -0.156797
0.980534 -0.078214 -0.180102
0.974116 -0.095271 -0.204994
0.966126 -0.114659 -0.231201
0.956343 -0.136433 -0.258445
0.944545 -0.160612 -0.286422
0.930499 -0.187210 -0.314840
0.914013 -0.216137 -0.343315
0.894899 -0.247293 -0.371487
0.872994 -0.280527 -0.398981
0.848172 -0.315634 -0.425416
0.820375 -0.352328 -0.450388
0.789633 -0.390236 -0.473494
0.755798 -0.429216 -0.494513
0.719342 -0.468480 -0.512906
0.679893 -0.508187 -0.528669
0.638650 -0.547011 -0.541207
0.594883 -0.585524 -0.550705
0.549116 -0.623145 -0.556922
0.502508 -0.658930 -0.559730
0.455183 -0.692848 -0.559258
0.406572 -0.725308 -0.555543
0.358384 -0.755211 -0.548833
0.309939 -0.783059 -0.539218
0.261678 -0.808622 -0.526930
0.214028 -0.831721 -0.512281
0.167985 -0.851977 -0.495899
0.122864 -0.869821 -0.477823
0.079719 -0.884951 -0.458810
0.039087 -0.897397 -0.439489
0.001533 -0.907274 -0.420537
-0.032376 -0.914783 -0.402646
-0.062487 -0.920283 -0.386230
-0.087643 -0.923981 -0.372260
-0.108148 -0.926377 -0.360734
-0.123591 -0.927810 -0.351986
-0.133846 -0.928616 -0.346060
-0.139359 -0.929097 -0.342576
-0.140377 -0.929446 -0.341209
-0.137356 -0.929796 -0.341485
-0.130804 -0.930218 -0.342907
-0.121217 -0.930739 -0.345008
-0.109009 -0.931362 -0.347393
-0.094600 -0.932083 -0.349675
-0.077780 -0.932848 -0.351773
-0.058851 -0.933651 -0.353316
-0.037371 -0.934427 -0.354188
-0.013227 -0.935126 -0.354068
0.014333 -0.935632 -0.352686
0.045469 -0.935820 -0.349533
0.081458 -0.935433 -0.343992
0.121733 -0.934217 -0.335289
0.166894 -0.931734 -0.322518
0.216648 -0.927456 -0.304778
0.270840 -0.920680 -0.281060
0.328762 -0.910596 -0.250460
0.388401 -0.896576 -0.212827
0.447956 -0.878077 -0.168272
0.505316 -0.854893 -0.117529
0.558383 -0.827270 -0.061914
0.605390 -0.795923 -0.003158
0.644819 -0.762253 0.056380
0.676303 -0.727609 0.114887
0.699763 -0.693809 0.170178
0.716029 -0.662175 0.220966
0.726276 -0.633654 0.266469
0.731781 -0.608831 0.306302
0.733822 -0.587774 0.340626
0.733495 -0.570252 0.369862
0.731671 -0.555813 0.394625
0.728997 -0.543942 0.415561
0.725925 -0.534185 0.433219
0.722778 -0.526128 0.448086
0.719781 -0.519531 0.460438
0.717104 -0.514195 0.470495
0.714880 -0.510070 0.478305
0.713213 -0.507101 0.483917
0.712182 -0.505325 0.487282
0.711833 -0.504728 0.488409
VECTORS q2 float
-0.207849 0.671081 -0.711652
-0.208693 0.671183 -0.711309
-0.211219 0.671481 -0.710281
-0.215365 0.671942 -0.708598
-0.220983 0.672505 -0.706331
-0.227889 0.673100 -0.703565
-0.235790 0.673642 -0.700436
-0.244269 0.674052 -0.697128
-0.252631 0.674275 -0.693924
-0.260337 0.674328 -0.691018
-0.266656 0.674297 -0.688635
-0.270915 0.674356 -0.686913
-0.272574 0.674743 -0.685876
-0.271225 0.675740 -0.685429
-0.266667 0.677651 -0.685330
-0.258874 0.680750 -0.685247
-0.248069 0.685253 -0.684756
-0.234619 0.691304 -0.683412
-0.218999 0.698975 -0.680788
-0.201772 0.708254 -0.676509
-0.183367 0.719137 -0.670238
-0.164379 0.731499 -0.661732
-0.145205 0.745260 -0.650771
-0.126178 0.760344 -0.637147
-0.107697 0.776579 -0.620746
-0.090056 0.793812 -0.601458
-0.073649 0.811720 -0.579385
-0.058843 0.829876 -0.554836
-0.045851 0.847888 -0.528188
-0.034892 0.865215 -0.500186
-0.026043 0.881337 -0.471770
-0.019181 0.895923 -0.443795
-0.014132 0.908648 -0.417323
-0.010607 0.919398 -0.393186
-0.008347 0.927964 -0.372576
-0.006993 0.934553 -0.355755
-0.006314 0.939124 -0.343520
-0.006076 0.941887 -0.335874
-0.006145 0.942914 -0.332979
-0.006431 0.942307 -0.334689
-0.006903 0.940125 -0.340760
-0.007570 0.936403 -0.350844
-0.008474 0.931157 -0.364519
-0.009685 0.924327 -0.381479
-0.011279 0.915978 -0.401071
-0.013362 0.906045 -0.422971
-0.016024 0.894606 -0.446568
-0.019356 0.881726 -0.471364
-0.023461 0.867416 -0.497031
-0.028386 0.851877 -0.522972
-0.034195 0.835204 -0.548877
-0.040938 0.817502 -0.574469
-0.048652 0.798896 -0.599498
-0.057379 0.779469 -0.623808
-0.067170 0.759286 -0.647281
-0.078090 0.738381 -0.669848
-0.090173 0.716851 -0.691370
-0.103451 0.694798 -0.711726
-0.117932 0.672352 -0.730777
-0.133595 0.649678 -0.748379
-0.150377 0.626982 -0.764382
-0.168177 0.604488 -0.778660
-0.187042 0.582229 -0.791217
-0.206716 0.560546 -0.801908
-0.227488 0.539201 -0.810871
-0.248833 0.518728 -0.817926
-0.271282 0.498672 -0.823245
-0.294673 0.479222 -0.826749
-0.318459 0.460818 -0.828390
-0.342533 0.443506 -0.828235
-0.367040 0.427169 -0.826322
-0.390874 0.412493 -0.822841
-0.414052 0.399370 -0.817964
-0.435997 0.388035 -0.811995
-0.456161 0.378639 -0.805326
-0.473821 0.371346 -0.798496
-0.489000 0.365906 -0.791828
-0.501174 0.362287 -0.785858
-0.510108 0.360276 -0.781019
-0.515649 0.359599 -0.777685
-0.517714 0.359949 -0.776150
-0.516286 0.360991 -0.776617
-0.511427 0.362424 -0.779160
-0.503085 0.363968 -0.783858
-0.491415 0.365383 -0.790574
-0.476648 0.366481 -0.799061
-0.458463 0.367177 -0.809316
-0.437057 0.367398 -0.820975
-0.412370 0.367134 -0.833765
-0.384264 0.366411 -0.847398
-0.352531 0.365279 -0.861564
-0.316895 0.363802 -0.875914
-0.277528 0.362017 -0.889900
-0.233203 0.360077 -0.903306
-0.184921 0.358000 -0.915227
-0.132234 0.355943 -0.925105
-0.076212 0.354012 -0.932130
-0.016861 0.352446 -0.935680
0.044095 0.351434 -0.935174
0.106991 0.351352 -0.930110
0.168877 0.352371 -0.920498
0.229136 0.354802 -0.906428
0.286396 0.358836 -0.888377
0.340120 0.364665 -0.866797
0.389885 0.372412 -0.842199
0.434870 0.381962 -0.815471
0.475065 0.393215 -0.787207
0.510630 0.406020 -0.757895
0.541881 0.420227 -0.727856
0.569225 0.435727 -0.697227
0.592926 0.452301 -0.666230
0.613406 0.469930 -0.634744
0.630803 0.488302 -0.603033
0.645335 0.507207 -0.571213
0.657164 0.526327 -0.539551
0.666447 0.545179 -0.508555
0.673415 0.563287 -0.478769
0.678365 0.580160 -0.450816
0.681656 0.595412 -0.425239
0.683669 0.608786 -0.402463
0.684774 0.620126 -0.382791
0.685280 0.629469 -0.366279
0.685447 0.636884 -0.352905
0.685438 0.642576 -0.342449
0.685373 0.646713 -0.334704
0.685299 0.649516 -0.329383
0.685255 0.651117 -0.326300
0.685238 0.651642 -0.325288
VECTORS q3 float
0.895690 -0.161817 -0.414192
0.896646 -0.159085 -0.413180
0.899455 -0.150901 -0.410133
0.903902 -0.137442 -0.405056
0.909650 -0.119057 -0.397949
0.916355 -0.096026 -0.388681
0.923658 -0.068703 -0.377009
0.931211 -0.037498 -0.362546
0.938579 -0.003445 -0.345047
0.945576 0.033357 -0.323688
0.951863 0.072184 -0.297904
0.957087 0.112413 -0.267112
0.960831 0.153799 -0.230542
0.962485 0.196087 -0.187541
0.961254 0.238542 -0.138163
0.956175 0.281082 -0.081989
0.946161 0.323115 -0.019420
0.930104 0.364023 0.048918
0.907018 0.403026 0.122019
0.876273 0.439095 0.198347
0.837421 0.471369 0.276653
0.790928 0.498612 0.354709
0.737552 0.519957 0.430885
0.678400 0.534751 0.503801
0.615139 0.542561 0.572042
0.549315 0.543336 0.634853
0.482864 0.537348 0.691447
0.417720 0.525269 0.741352
0.355246 0.508021 0.784675
0.296979 0.486859 0.821445
0.244160 0.463245 0.851933
0.197327 0.438538 0.876782
0.157024 0.414203 0.896537
0.123202 0.391413 0.911930
0.096204 0.371606 0.923392
0.075120 0.355250 0.931748
0.059826 0.343266 0.937331
0.049375 0.335754 0.940655
0.043258 0.332924 0.941961
0.040804 0.334664 0.941454
0.041552 0.340744 0.939238
0.045148 0.350816 0.935355
0.051370 0.364456 0.929803
0.060185 0.381344 0.922472
0.071484 0.400809 0.913369
0.085383 0.422498 0.902333
0.101842 0.445763 0.889339
0.120871 0.470058 0.874320
0.142565 0.494989 0.857124
0.166737 0.519888 0.837804
0.193351 0.544350 0.816271
0.222313 0.567991 0.792441
0.253443 0.590439 0.766256
0.286558 0.611403 0.737611
0.321438 0.630625 0.706392
0.357874 0.647878 0.672443
0.395537 0.662879 0.635721
0.434113 0.675354 0.596191
0.473258 0.685017 0.553876
0.512597 0.691587 0.508872
0.551699 0.694808 0.461379
0.590082 0.694486 0.411695
0.627523 0.690495 0.359766
0.663186 0.682873 0.306382
0.697133 0.671571 0.250992
0.728154 0.657039 0.195171
0.756651 0.639131 0.137810
0.782074 0.618091 0.079525
0.803785 0.594523 0.021723
0.821876 0.568563 -0.035447
0.836649 0.539866 -0.092542
0.847808 0.509418 -0.147361
0.855862 0.476783 -0.200447
0.861064 0.442221 -0.251017
0.863776 0.406045 -0.298359
0.864450 0.369103 -0.341304
0.863587 0.330943 -0.380386
0.861667 0.292591 -0.414634
0.859222 0.254715 -0.443688
0.856798 0.218042 -0.467284
0.854941 0.183327 -0.485250
0.854134 0.150877 -0.497687
0.854846 0.122096 -0.504313
0.857444 0.096707 -0.505409
0.862112 0.075263 -0.501098
0.868845 0.057998 -0.491675
0.877719 0.044273 -0.477126
0.888412 0.033882 -0.457796
0.900602 0.026296 -0.433848
0.913910 0.020924 -0.405377
0.927916 0.017190 -0.372393
0.942175 0.014605 -0.334802
0.956049 0.012860 -0.292926
0.969312 0.011776 -0.245550
0.980990 0.011473 -0.193720
0.990514 0.012264 -0.136865
0.997004 0.014655 -0.075950
0.999755 0.019358 -0.010724
0.997992 0.027108 0.057244
0.990918 0.038961 0.128703
0.978091 0.055432 0.200663
0.958980 0.077376 0.272708
0.933296 0.105178 0.343360
0.900535 0.139169 0.411907
0.860177 0.179232 0.477463
0.812424 0.224178 0.538249
0.757396 0.272695 0.593287
0.695638 0.322963 0.641703
0.628151 0.372872 0.682929
0.556315 0.420296 0.716844
0.482335 0.463027 0.743612
0.407856 0.499752 0.764135
0.335292 0.529329 0.779353
0.266168 0.551602 0.790500
0.201639 0.566977 0.798674
0.142634 0.576285 0.804706
0.089538 0.580714 0.809169
0.042499 0.581573 0.812383
0.001389 0.580134 0.814520
-0.034071 0.577501 0.815679
-0.064169 0.574535 0.815961
-0.089347 0.571803 0.815511
-0.109900 0.569620 0.814528
-0.126243 0.568067 0.813242
-0.138604 0.567090 0.811910
-0.147281 0.566549 0.810759
-0.152390 0.566298 0.809990
-0.154086 0.566227 0.809719
