# vtk DataFile Version 2.0
VTK example
ASCII
DATASET UNSTRUCTURED_GRID
POINTS  128  float
-0.000243 -0.000103 -0.000160
-0.000235 -0.000105 -0.000165
-0.000227 -0.000106 -0.000169
-0.000220 -0.000107 -0.000173
-0.000212 -0.000108 -0.000178
-0.000204 -0.000109 -0.000182
-0.000196 -0.000110 -0.000186
-0.000188 -0.000111 -0.000190
-0.000180 -0.000112 -0.000194
-0.000171 -0.000112 -0.000198
-0.000163 -0.000112 -0.000202
-0.000155 -0.000112 -0.000205
-0.000146 -0.000112 -0.000208
-0.000137 -0.000111 -0.000210
-0.000129 -0.000111 -0.000213
-0.000120 -0.000109 -0.000215
-0.000111 -0.000108 -0.000216
-0.000102 -0.000106 -0.000217
-0.000094 -0.000103 -0.000217
-0.000085 -0.000101 -0.000217
-0.000076 -0.000098 -0.000216
-0.000068 -0.000094 -0.000215
-0.000060 -0.000091 -0.000213
-0.000053 -0.000087 -0.000210
-0.000045 -0.000082 -0.000207
-0.000039 -0.000078 -0.000203
-0.000032 -0.000073 -0.000198
-0.000027 -0.000069 -0.000193
-0.000022 -0.000064 -0.000187
-0.000017 -0.000059 -0.000181
-0.000013 -0.000054 -0.000174
-0.000010 -0.000050 -0.000167
-0.000007 -0.000045 -0.000160
-0.000004 -0.000041 -0.000152
-0.000002 -0.000037 -0.000144
-0.000000 -0.000033 -0.000137
0.000001 -0.000028 -0.000129
0.000003 -0.000024 -0.000121
0.000004 -0.000021 -0.000112
0.000005 -0.000017 -0.000104
0.000006 -0.000013 -0.000096
0.000006 -0.000009 -0.000088
0.000007 -0.000005 -0.000080
0.000008 -0.000001 -0.000072
0.000008 0.000002 -0.000063
0.000009 0.000006 -0.000055
0.000010 0.000010 -0.000047
0.000011 0.000014 -0.000039
0.000011 0.000018 -0.000031
0.000012 0.000022 -0.000023
0.000013 0.000026 -0.000015
0.000014 0.000030 -0.000007
0.000015 0.000034 0.000001
0.000017 0.000038 0.000009
0.000018 0.000042 0.000017
0.000020 0.000047 0.000025
0.000022 0.000051 0.000033
0.000024 0.000056 0.000040
0.000026 0.000061 0.000047
0.000029 0.000066 0.000054
0.000032 0.000072 0.000060
0.000035 0.000078 0.000066
0.000039 0.000084 0.000072
0.000043 0.000090 0.000077
0.000047 0.000097 0.000081
0.000052 0.000103 0.000085
0.000058 0.000110 0.000088
0.000063 0.000116 0.000090
0.000070 0.000123 0.000092
0.000076 0.000129 0.000093
0.000083 0.000135 0.000093
0.000090 0.000141 0.000093
0.000097 0.000146 0.000092
0.000104 0.000151 0.000090
0.000112 0.000156 0.000088
0.000120 0.000160 0.000086
0.000127 0.000164 0.000083
0.000135 0.000168 0.000080
0.000143 0.000171 0.000077
0.000150 0.000174 0.000073
0.000158 0.000177 0.000069
0.000166 0.000179 0.000065
0.000174 0.000181 0.000061
0.000182 0.000183 0.000057
0.000190 0.000184 0.000053
0.000198 0.000186 0.000049
0.000206 0.000187 0.000045
0.000214 0.000187 0.000040
0.000222 0.000188 0.000036
0.000230 0.000188 0.000033
0.000238 0.000188 0.000029
0.000246 0.000187 0.000025
0.000255 0.000187 0.000022
0.000263 0.000187 0.000019
0.000272 0.000186 0.000016
0.000281 0.000186 0.000014
0.000289 0.000185 0.000011
0.000298 0.000185 0.000010
0.000307 0.000185 0.000008
0.000316 0.000184 0.000007
0.000325 0.000185 0.000006
0.000334 0.000185 0.000006
0.000343 0.000186 0.000006
0.000352 0.000187 0.000007
0.000361 0.000188 0.000008
0.000370 0.000190 0.000010
0.000378 0.000192 0.000012
0.000386 0.000195 0.000014
0.000394 0.000198 0.000018
0.000402 0.000202 0.000021
0.000408 0.000206 0.000026
0.000415 0.000211 0.000030
0.000420 0.000216 0.000035
0.000425 0.000221 0.000041
0.000429 0.000227 0.000047
0.000433 0.000233 0.000053
0.000436 0.000238 0.000059
0.000438 0.000244 0.000066
0.000440 0.000250 0.000073
0.000441 0.000255 0.000080
0.000443 0.000260 0.000087
0.000443 0.000266 0.000094
0.000444 0.000270 0.000102
0.000444 0.000275 0.000110
0.000445 0.000280 0.000117
0.000445 0.000284 0.000125
0.000445 0.000289 0.000133
0.000446 0.000293 0.000141
CELLS  127 381
2 0 1 
2 1 2 
2 2 3 
2 3 4 
2 4 5 
2 5 6 
2 6 7 
2 7 8 
2 8 9 
2 9 10 
2 10 11 
2 11 12 
2 12 13 
2 13 14 
2 14 15 
2 15 16 
2 16 17 
2 17 18 
2 18 19 
2 19 20 
2 20 21 
2 21 22 
2 22 23 
2 23 24 
2 24 25 
2 25 26 
2 26 27 
2 27 28 
2 28 29 
2 29 30 
2 30 31 
2 31 32 
2 32 33 
2 33 34 
2 34 35 
2 35 36 
2 36 37 
2 37 38 
2 38 39 
2 39 40 
2 40 41 
2 41 42 
2 42 43 
2 43 44 
2 44 45 
2 45 46 
2 46 47 
2 47 48 
2 48 49 
2 49 50 
2 50 51 
2 51 52 
2 52 53 
2 53 54 
2 54 55 
2 55 56 
2 56 57 
2 57 58 
2 58 59 
2 59 60 
2 60 61 
2 61 62 
2 62 63 
2 63 64 
2 64 65 
2 65 66 
2 66 67 
2 67 68 
2 68 69 
2 69 70 
2 70 71 
2 71 72 
2 72 73 
2 73 74 
2 74 75 
2 75 76 
2 76 77 
2 77 78 
2 78 79 
2 79 80 
2 80 81 
2 81 82 
2 82 83 
2 83 84 
2 84 85 
2 85 86 
2 86 87 
2 87 88 
2 88 89 
2 89 90 
2 90 91 
2 91 92 
2 92 93 
2 93 94 
2 94 95 
2 95 96 
2 96 97 
2 97 98 
2 98 99 
2 99 100 
2 100 101 
2 101 102 
2 102 103 
2 103 104 
2 104 105 
2 105 106 
2 106 107 
2 107 108 
2 108 109 
2 109 110 
2 110 111 
2 111 112 
2 112 113 
2 113 114 
2 114 115 
2 115 116 
2 116 117 
2 117 118 
2 118 119 
2 119 120 
2 120 121 
2 121 122 
2 122 123 
2 123 124 
2 124 125 
2 125 126 
2 126 127 
CELL_TYPES  127
3
3
3
3
3
3
3
3
3
3
3
3
3
3
3
3
3
3
3
3
3
3
3
3
3
3
3
3
3
3
3
3
3
3
3
3
3
3
3
3
3
3
3
3
3
3
3
3
3
3
3
3
3
3
3
3
3
3
3
3
3
3
3
3
3
3
3
3
3
3
3
3
3
3
3
3
3
3
3
3
3
3
3
3
3
3
3
3
3
3
3
3
3
3
3
3
3
3
3
3
3
3
3
3
3
3
3
3
3
3
3
3
3
3
3
3
3
3
3
3
3
3
3
3
3
3
3
POINT_DATA  128
VECTORS Position float
-0.000243 -0.000103 -0.000160
-0.000235 -0.000105 -0.000165
-0.000227 -0.000106 -0.000169
-0.000220 -0.000107 -0.000173
-0.000212 -0.000108 -0.000178
-0.000204 -0.000109 -0.000182
-0.000196 -0.000110 -0.000186
-0.000188 -0.000111 -0.000190
-0.000180 -0.000112 -0.000194
-0.000171 -0.000112 -0.000198
-0.000163 -0.000112 -0.000202
-0.000155 -0.000112 -0.000205
-0.000146 -0.000112 -0.000208
-0.000137 -0.000111 -0.000210
-0.000129 -0.000111 -0.000213
-0.000120 -0.000109 -0.000215
-0.000111 -0.000108 -0.000216
-0.000102 -0.000106 -0.000217
-0.000094 -0.000103 -0.000217
-0.000085 -0.000101 -0.000217
-0.000076 -0.000098 -0.000216
-0.000068 -0.000094 -0.000215
-0.000060 -0.000091 -0.000213
-0.000053 -0.000087 -0.000210
-0.000045 -0.000082 -0.000207
-0.000039 -0.000078 -0.000203
-0.000032 -0.000073 -0.000198
-0.000027 -0.000069 -0.000193
-0.000022 -0.000064 -0.000187
-0.000017 -0.000059 -0.000181
-0.000013 -0.000054 -0.000174
-0.000010 -0.000050 -0.000167
-0.000007 -0.000045 -0.000160
-0.000004 -0.000041 -0.000152
-0.000002 -0.000037 -0.000144
-0.000000 -0.000033 -0.000137
0.000001 -0.000028 -0.000129
0.000003 -0.000024 -0.000121
0.000004 -0.000021 -0.000112
0.000005 -0.000017 -0.000104
0.000006 -0.000013 -0.000096
0.000006 -0.000009 -0.000088
0.000007 -0.000005 -0.000080
0.000008 -0.000001 -0.000072
0.000008 0.000002 -0.000063
0.000009 0.000006 -0.000055
0.000010 0.000010 -0.000047
0.000011 0.000014 -0.000039
0.000011 0.000018 -0.000031
0.000012 0.000022 -0.000023
0.000013 0.000026 -0.000015
0.000014 0.000030 -0.000007
0.000015 0.000034 0.000001
0.000017 0.000038 0.000009
0.000018 0.000042 0.000017
0.000020 0.000047 0.000025
0.000022 0.000051 0.000033
0.000024 0.000056 0.000040
0.000026 0.000061 0.000047
0.000029 0.000066 0.000054
0.000032 0.000072 0.000060
0.000035 0.000078 0.000066
0.000039 0.000084 0.000072
0.000043 0.000090 0.000077
0.000047 0.000097 0.000081
0.000052 0.000103 0.000085
0.000058 0.000110 0.000088
0.000063 0.000116 0.000090
0.000070 0.000123 0.000092
0.000076 0.000129 0.000093
0.000083 0.000135 0.000093
0.000090 0.000141 0.000093
0.000097 0.000146 0.000092
0.000104 0.000151 0.000090
0.000112 0.000156 0.000088
0.000120 0.000160 0.000086
0.000127 0.000164 0.000083
0.000135 0.000168 0.000080
0.000143 0.000171 0.000077
0.000150 0.000174 0.000073
0.000158 0.000177 0.000069
0.000166 0.000179 0.000065
0.000174 0.000181 0.000061
0.000182 0.000183 0.000057
0.000190 0.000184 0.000053
0.000198 0.000186 0.000049
0.000206 0.000187 0.000045
0.000214 0.000187 0.000040
0.000222 0.000188 0.000036
0.000230 0.000188 0.000033
0.000238 0.000188 0.000029
0.000246 0.000187 0.000025
0.000255 0.000187 0.000022
0.000263 0.000187 0.000019
0.000272 0.000186 0.000016
0.000281 0.000186 0.000014
0.000289 0.000185 0.000011
0.000298 0.000185 0.000010
0.000307 0.000185 0.000008
0.000316 0.000184 0.000007
0.000325 0.000185 0.000006
0.000334 0.000185 0.000006
0.000343 0.000186 0.000006
0.000352 0.000187 0.000007
0.000361 0.000188 0.000008
0.000370 0.000190 0.000010
0.000378 0.000192 0.000012
0.000386 0.000195 0.000014
0.000394 0.000198 0.000018
0.000402 0.000202 0.000021
0.000408 0.000206 0.000026
0.000415 0.000211 0.000030
0.000420 0.000216 0.000035
0.000425 0.000221 0.000041
0.000429 0.000227 0.000047
0.000433 0.000233 0.000053
0.000436 0.000238 0.000059
0.000438 0.000244 0.000066
0.000440 0.000250 0.000073
0.000441 0.000255 0.000080
0.000443 0.000260 0.000087
0.000443 0.000266 0.000094
0.000444 0.000270 0.000102
0.000444 0.000275 0.000110
0.000445 0.000280 0.000117
0.000445 0.000284 0.000125
0.000445 0.000289 0.000133
0.000446 0.000293 0.000141
VECTORS Rotation float
0.840374 -0.145169 -2.099894
0.840293 -0.143877 -2.098535
0.840061 -0.139980 -2.094406
0.839678 -0.133473 -2.087425
0.839116 -0.124368 -2.077521
0.838360 -0.112563 -2.064544
0.837374 -0.097929 -2.048375
0.836090 -0.080322 -2.028931
0.834326 -0.059957 -2.006532
0.832010 -0.036552 -1.980912
0.828955 -0.010280 -1.952205
0.824965 0.018638 -1.920458
0.819849 0.050144 -1.885384
0.813360 0.084114 -1.846621
0.805189 0.119995 -1.804169
0.794979 0.157790 -1.757293
0.782300 0.197141 -1.705602
0.766650 0.237758 -1.648559
0.747467 0.279284 -1.585647
0.724208 0.321119 -1.516596
0.696218 0.362770 -1.440751
0.663178 0.403044 -1.358462
0.624842 0.440827 -1.269846
0.581226 0.474884 -1.175284
0.532949 0.503812 -1.076032
0.480933 0.526523 -0.973415
0.426847 0.542152 -0.869816
0.372741 0.550422 -0.768020
0.320383 0.551731 -0.670180
0.271590 0.547005 -0.578738
0.227666 0.537631 -0.495512
0.189035 0.525120 -0.421020
0.155878 0.511011 -0.355675
0.127795 0.496553 -0.298957
0.104692 0.483004 -0.251164
0.085574 0.470807 -0.210662
0.070244 0.460594 -0.177519
0.057895 0.452279 -0.150331
0.048238 0.445890 -0.128771
0.040785 0.441145 -0.111939
0.035278 0.437820 -0.099393
0.031458 0.435652 -0.090627
0.029105 0.434412 -0.085182
0.028013 0.433919 -0.082595
0.028035 0.434075 -0.082531
0.029036 0.434854 -0.084673
0.030911 0.436297 -0.088766
0.033588 0.438522 -0.094639
0.037055 0.441734 -0.102259
0.041308 0.446183 -0.111611
0.046422 0.452235 -0.122859
0.052527 0.460330 -0.136274
0.059814 0.470952 -0.152230
0.068566 0.484605 -0.171237
0.079171 0.501751 -0.193937
0.092171 0.522785 -0.221156
0.108251 0.547887 -0.253821
0.128317 0.577025 -0.293070
0.153517 0.609848 -0.340232
0.185237 0.645598 -0.396804
0.225027 0.683014 -0.464337
0.274414 0.720287 -0.544233
0.335073 0.755354 -0.638111
0.406833 0.785201 -0.745169
0.489979 0.807444 -0.865683
0.579588 0.819167 -0.993440
0.673485 0.819077 -1.126462
0.765757 0.806513 -1.258038
0.849864 0.782636 -1.380453
0.923232 0.749391 -1.490753
0.985930 0.708472 -1.589114
1.036278 0.663530 -1.672624
1.076765 0.615943 -1.744101
1.108779 0.567664 -1.804724
1.133854 0.520167 -1.855943
1.153150 0.475008 -1.898634
1.168385 0.431583 -1.935088
1.180227 0.390578 -1.965763
1.189390 0.351846 -1.991381
1.196422 0.315038 -2.012455
1.201746 0.279718 -2.029325
1.205738 0.245037 -2.042390
1.208622 0.211509 -2.051459
1.210693 0.178120 -2.056812
1.212184 0.145281 -2.058361
1.213353 0.113596 -2.056068
1.214397 0.082694 -2.049817
1.215569 0.053506 -2.039617
1.217085 0.026657 -2.025464
1.219132 0.002779 -2.007421
1.221850 -0.017535 -1.985630
1.225325 -0.033794 -1.960310
1.229608 -0.045461 -1.932075
1.234613 -0.052599 -1.900565
1.240306 -0.054930 -1.866895
1.246544 -0.052500 -1.830983
1.253222 -0.045406 -1.793527
1.260147 -0.033640 -1.754201
1.267204 -0.017399 -1.713492
1.274048 0.003747 -1.670224
1.280584 0.029323 -1.625261
1.286427 0.059686 -1.577791
1.291216 0.094834 -1.527611
1.294347 0.135075 -1.473967
1.295059 0.180570 -1.416162
1.292751 0.230622 -1.354308
1.286559 0.284682 -1.287921
1.275571 0.341759 -1.216561
1.258839 0.400442 -1.139758
1.235426 0.458952 -1.057002
1.204925 0.514808 -0.968531
1.166901 0.565897 -0.874192
1.122278 0.609568 -0.775597
1.072427 0.643960 -0.674505
1.019599 0.667790 -0.573573
0.966858 0.680540 -0.476346
0.917138 0.682666 -0.386117
0.872901 0.675412 -0.305669
0.835581 0.660583 -0.236625
0.805587 0.640263 -0.179446
0.782575 0.616638 -0.133735
0.765561 0.591704 -0.098252
0.753494 0.567395 -0.071647
0.745201 0.545230 -0.052301
0.739768 0.526633 -0.038882
0.736400 0.512557 -0.030153
0.734601 0.503853 -0.025299
0.734033 0.500893 -0.023737
VECTORS ControlForce float
-0.000000 -0.000000 0.000000
-0.000052 -0.000053 -0.000008
-0.000100 -0.000091 -0.000008
-0.000116 -0.000081 0.000003
-0.000106 -0.000040 0.000011
-0.000070 0.000012 0.000020
-0.000026 0.000043 0.000035
0.000034 0.000055 0.000057
0.000082 0.000027 0.000071
0.000105 -0.000035 0.000082
0.000106 -0.000107 0.000091
0.000069 -0.000184 0.000096
0.000011 -0.000239 0.000107
-0.000058 -0.000260 0.000130
-0.000139 -0.000262 0.000158
-0.000195 -0.000231 0.000196
-0.000188 -0.000164 0.000242
-0.000116 -0.000088 0.000285
0.000005 -0.000035 0.000317
0.000147 -0.000032 0.000332
0.000317 -0.000053 0.000328
0.000488 -0.000090 0.000300
0.000643 -0.000114 0.000246
0.000759 -0.000104 0.000173
0.000829 -0.000037 0.000085
0.000836 0.000083 -0.000008
0.000765 0.000232 -0.000096
0.000637 0.000400 -0.000184
0.000463 0.000550 -0.000261
0.000257 0.000635 -0.000318
0.000059 0.000648 -0.000359
-0.000117 0.000569 -0.000372
-0.000249 0.000425 -0.000362
-0.000335 0.000252 -0.000340
-0.000391 0.000057 -0.000299
-0.000422 -0.000125 -0.000234
-0.000426 -0.000257 -0.000176
-0.000413 -0.000327 -0.000118
-0.000394 -0.000354 -0.000051
-0.000375 -0.000334 0.000011
-0.000360 -0.000287 0.000069
-0.000347 -0.000223 0.000112
-0.000330 -0.000148 0.000139
-0.000302 -0.000071 0.000155
-0.000258 0.000004 0.000160
-0.000197 0.000075 0.000159
-0.000123 0.000145 0.000150
-0.000041 0.000217 0.000135
0.000043 0.000299 0.000114
0.000128 0.000393 0.000083
0.000210 0.000479 0.000062
0.000285 0.000536 0.000068
0.000349 0.000554 0.000100
0.000402 0.000537 0.000146
0.000441 0.000478 0.000202
0.000465 0.000366 0.000268
0.000478 0.000222 0.000324
0.000477 0.000051 0.000365
0.000448 -0.000150 0.000396
0.000389 -0.000356 0.000403
0.000297 -0.000549 0.000383
0.000171 -0.000713 0.000338
0.000020 -0.000828 0.000267
-0.000158 -0.000898 0.000177
-0.000326 -0.000878 0.000061
-0.000465 -0.000758 -0.000076
-0.000570 -0.000567 -0.000203
-0.000635 -0.000326 -0.000314
-0.000668 -0.000084 -0.000418
-0.000656 0.000135 -0.000505
-0.000591 0.000310 -0.000561
-0.000467 0.000442 -0.000589
-0.000305 0.000503 -0.000576
-0.000124 0.000492 -0.000523
0.000042 0.000398 -0.000450
0.000190 0.000250 -0.000369
0.000321 0.000104 -0.000272
0.000409 -0.000032 -0.000171
0.000446 -0.000133 -0.000077
0.000435 -0.000169 0.000009
0.000357 -0.000170 0.000082
0.000217 -0.000150 0.000140
0.000035 -0.000108 0.000173
-0.000161 -0.000049 0.000192
-0.000350 0.000014 0.000190
-0.000500 0.000088 0.000168
-0.000585 0.000178 0.000154
-0.000605 0.000256 0.000145
-0.000551 0.000339 0.000146
-0.000444 0.000388 0.000147
-0.000303 0.000404 0.000146
-0.000142 0.000415 0.000147
0.000001 0.000386 0.000140
0.000100 0.000324 0.000139
0.000145 0.000238 0.000138
0.000129 0.000127 0.000133
0.000059 0.000000 0.000128
-0.000054 -0.000140 0.000131
-0.000181 -0.000244 0.000154
-0.000294 -0.000295 0.000205
-0.000378 -0.000303 0.000262
-0.000421 -0.000287 0.000314
-0.000405 -0.000242 0.000360
-0.000323 -0.000189 0.000406
-0.000169 -0.000143 0.000449
0.000056 -0.000121 0.000474
0.000328 -0.000142 0.000468
0.000618 -0.000189 0.000426
0.000887 -0.000253 0.000352
0.001101 -0.000292 0.000249
0.001225 -0.000289 0.000121
0.001238 -0.000271 -0.000006
0.001130 -0.000218 -0.000126
0.000905 -0.000121 -0.000235
0.000579 0.000011 -0.000326
0.000185 0.000142 -0.000386
-0.000239 0.000256 -0.000416
-0.000651 0.000341 -0.000418
-0.001011 0.000386 -0.000396
-0.001285 0.000392 -0.000359
-0.001455 0.000370 -0.000318
-0.001506 0.000318 -0.000271
-0.001443 0.000251 -0.000226
-0.001277 0.000181 -0.000182
-0.001027 0.000117 -0.000139
-0.000719 0.000070 -0.000098
-0.000368 0.000031 -0.000052
0.000000 -0.000000 -0.000000
VECTORS ControlTorque float
-0.000001 0.000001 -0.000001
-0.000001 0.000001 -0.000001
-0.000001 0.000001 -0.000001
-0.000000 0.000001 -0.000001
-0.000001 0.000001 -0.000001
-0.000001 0.000001 -0.000001
-0.000001 0.000002 -0.000001
-0.000000 0.000001 -0.000001
-0.000001 0.000002 -0.000001
-0.000000 0.000001 -0.000001
-0.000000 0.000001 -0.000001
-0.000000 0.000001 -0.000001
-0.000000 0.000002 -0.000001
-0.000000 0.000001 -0.000001
-0.000000 0.000002 -0.000001
-0.000000 0.000002 -0.000001
-0.000000 0.000002 -0.000001
-0.000000 0.000002 -0.000001
-0.000000 0.000002 -0.000001
-0.000001 0.000002 -0.000001
-0.000000 0.000001 -0.000000
-0.000000 0.000001 -0.000000
-0.000000 0.000001 -0.000000
-0.000000 0.000000 0.000000
-0.000000 0.000000 0.000001
-0.000000 -0.000000 0.000001
-0.000000 -0.000001 0.000001
-0.000000 -0.000001 0.000001
0.000000 -0.000002 0.000001
0.000000 -0.000002 0.000002
0.000000 -0.000002 0.000001
0.000001 -0.000003 0.000001
0.000001 -0.000002 0.000001
0.000002 -0.000003 0.000001
0.000001 -0.000001 0.000001
0.000002 -0.000003 0.000001
0.000001 -0.000001 0.000001
0.000001 -0.000002 0.000001
0.000001 -0.000001 0.000001
0.000001 -0.000001 0.000001
0.000001 -0.000001 0.000001
0.000000 -0.000001 0.000001
0.000000 -0.000001 0.000000
0.000000 -0.000001 0.000000
0.000000 -0.000001 0.000000
0.000000 -0.000001 0.000000
0.000000 -0.000001 0.000000
0.000000 -0.000001 0.000000
0.000001 -0.000001 0.000000
0.000001 -0.000001 0.000000
0.000001 -0.000001 0.000000
0.000001 -0.000001 0.000000
0.000001 -0.000001 0.000000
0.000002 -0.000001 0.000000
0.000002 -0.000001 0.000000
0.000002 -0.000001 0.000000
0.000002 -0.000002 0.000000
0.000002 -0.000002 0.000000
0.000002 -0.000002 0.000001
0.000002 -0.000002 0.000001
0.000001 -0.000002 0.000001
0.000002 -0.000003 0.000001
0.000000 -0.000001 0.000001
0.000002 -0.000003 0.000002
-0.000002 0.000001 0.000001
0.000001 -0.000002 0.000002
-0.000000 -0.000000 0.000002
-0.000002 0.000001 0.000001
-0.000002 0.000002 0.000001
-0.000000 -0.000000 0.000002
-0.000003 0.000003 -0.000001
-0.000001 0.000001 0.000001
-0.000001 0.000002 -0.000000
-0.000001 0.000002 -0.000000
-0.000002 0.000003 -0.000002
-0.000000 0.000001 -0.000000
-0.000001 0.000002 -0.000001
-0.000001 0.000001 -0.000001
-0.000001 0.000001 -0.000001
-0.000001 0.000001 -0.000001
-0.000000 0.000001 0.000000
-0.000001 0.000002 -0.000001
0.000000 0.000001 0.000001
-0.000000 0.000002 -0.000000
-0.000001 0.000001 -0.000001
-0.000000 0.000002 0.000000
-0.000000 0.000002 -0.000001
-0.000000 0.000002 -0.000001
-0.000001 0.000002 -0.000001
-0.000001 0.000001 -0.000001
-0.000001 0.000002 -0.000001
-0.000001 0.000001 -0.000002
-0.000000 0.000002 -0.000002
-0.000001 0.000000 -0.000002
-0.000000 0.000001 -0.000002
-0.000000 0.000000 -0.000002
-0.000000 0.000001 -0.000002
-0.000000 -0.000000 -0.000001
-0.000000 0.000002 -0.000002
0.000000 -0.000000 -0.000001
0.000000 0.000001 -0.000002
0.000000 0.000001 -0.000002
0.000000 0.000001 -0.000002
0.000000 0.000002 -0.000002
0.000000 0.000001 -0.000002
0.000000 0.000001 -0.000002
0.000000 0.000001 -0.000002
0.000000 0.000001 -0.000001
-0.000000 0.000001 -0.000001
-0.000000 0.000000 0.000000
-0.000001 0.000001 0.000000
-0.000001 -0.000001 0.000002
-0.000001 -0.000001 0.000002
-0.000002 -0.000001 0.000002
-0.000002 -0.000002 0.000003
-0.000002 -0.000002 0.000003
-0.000002 -0.000003 0.000003
-0.000001 -0.000003 0.000002
-0.000001 -0.000003 0.000002
-0.000001 -0.000003 0.000002
-0.000000 -0.000003 0.000002
0.000001 -0.000002 0.000001
0.000001 -0.000002 0.000001
0.000002 -0.000002 0.000001
0.000002 -0.000001 0.000001
0.000002 -0.000001 0.000001
0.000002 -0.000001 0.000000
0.000003 -0.000001 0.000000
VECTORS Curvature float
8.557401 -116.917580 17.711411
29.072373 -380.733415 56.080209
68.843579 -845.909102 121.260158
111.223359 -1255.931269 175.865659
160.495948 -1688.732636 228.620612
212.295656 -2142.177969 275.901818
264.878290 -2648.728989 317.566723
304.633879 -3102.334236 352.842940
336.432117 -3555.937479 382.260202
369.439872 -4063.830369 404.980971
398.589186 -4498.990693 421.150540
439.036888 -4934.054332 430.903617
505.225974 -5437.638967 434.217305
590.026935 -5876.903601 430.221030
701.923475 -6312.139792 420.886705
846.372011 -6812.194186 404.932111
1009.106930 -7282.618621 384.050101
1191.374276 -7790.015791 358.920409
1373.652008 -8254.185215 330.131015
1567.193891 -8750.729515 300.524332
1757.750616 -9199.840954 269.007218
1932.794970 -9494.544705 239.238044
2123.045020 -9760.438360 211.437973
2310.503883 -9886.675610 186.144058
2501.992697 -9888.103150 165.153129
2691.771080 -9772.698455 147.571621
2835.180534 -9424.971496 134.053814
2947.824462 -8967.589783 123.856258
3012.814809 -8425.659786 115.580645
2978.582692 -7718.484095 108.458934
2883.118324 -6999.027497 100.963426
2713.804858 -6267.607332 92.990878
2499.506039 -5580.840194 83.812031
2189.935873 -4820.006956 74.677854
1871.212113 -4134.372357 64.320878
1548.206900 -3502.086702 55.066227
1222.023977 -2881.303512 45.583037
949.270385 -2366.726764 37.253315
698.030691 -1865.090056 29.406762
502.281678 -1446.967773 22.333734
335.247804 -1046.024794 15.727091
205.639502 -695.721957 9.455967
104.342243 -392.411026 3.406957
21.239355 -127.579717 -2.513905
-54.572708 107.773913 -8.270881
-130.658325 312.950674 -13.788141
-214.370126 493.030521 -18.803838
-318.535266 664.928888 -22.949060
-448.862487 831.063185 -25.682230
-612.957203 996.504408 -26.367860
-827.826825 1182.478902 -24.288765
-1098.791585 1390.806147 -18.709590
-1431.379343 1629.537651 -9.003920
-1826.382752 1905.792307 5.325252
-2285.702561 2230.735632 24.455706
-2797.520044 2605.764986 48.412297
-3342.900341 3029.437424 76.777073
-3909.614003 3509.346392 108.970453
-4470.690126 4039.907366 144.160878
-5003.523555 4620.353091 181.258719
-5439.845144 5198.250748 219.588614
-5851.389123 5862.760793 256.362879
-6068.837502 6424.150211 293.426171
-6231.717342 7063.537041 323.823705
-6159.507633 7497.095979 351.977922
-5908.155901 7834.352834 368.198802
-5778.567849 8374.650032 376.783276
-5319.386427 8490.027569 371.203585
-4701.241190 8318.021137 354.538942
-4256.807201 8419.330953 331.612189
-3728.638299 8213.614997 294.831420
-3140.663211 7781.803966 259.557601
-2719.372402 7529.434114 217.374507
-2298.179206 7126.944048 176.185647
-1887.016071 6523.501584 134.075064
-1546.251701 6018.156316 97.126993
-1273.925150 5648.836379 60.052887
-975.364759 5155.181792 27.612510
-691.226597 4763.916150 -2.465455
-396.116840 4394.066207 -30.257425
-87.163081 4192.375789 -55.770260
234.277458 3937.718470 -80.818931
577.142958 3702.865311 -104.019443
948.431656 3599.335033 -127.364007
1279.291133 3302.622469 -150.060107
1640.144138 3061.410522 -172.872285
2019.706807 2822.073351 -195.756292
2340.501194 2444.430357 -218.990063
2646.878720 2024.833328 -243.173635
2910.970607 1542.535874 -268.899902
3161.691917 1017.239870 -296.960673
3285.106125 452.955084 -328.222587
3459.014297 -127.537814 -363.951340
3590.987477 -692.920271 -404.290009
3631.122982 -1257.210189 -450.204512
3666.283646 -1784.561491 -502.520057
3695.536451 -2315.740640 -560.208633
3706.994156 -2800.395033 -624.715669
3810.651134 -3364.014069 -691.991891
3937.015772 -3923.401220 -765.066061
3986.043694 -4404.891525 -838.015797
4137.945060 -4969.195865 -912.718859
4298.194405 -5533.055709 -984.429249
4576.561323 -6232.453982 -1051.097412
4831.866065 -6882.406930 -1111.453356
5041.407093 -7431.170195 -1160.451727
5274.259754 -7954.300214 -1197.285708
5491.878813 -8368.280756 -1219.396287
5728.725406 -8690.494778 -1224.825958
5911.214409 -8786.584888 -1214.680470
6089.184059 -8704.002314 -1185.693299
6229.680530 -8407.996371 -1142.915592
6278.695690 -7829.915863 -1083.870090
6323.432827 -7123.444905 -1012.552508
6294.905269 -6246.833821 -930.813963
6190.501464 -5256.117260 -841.077534
6012.921884 -4220.813655 -746.663275
5746.352318 -3188.758255 -650.813676
5409.456005 -2226.803159 -556.795997
4980.703485 -1372.561054 -467.086196
4491.784543 -666.398326 -384.069873
3937.980878 -132.004805 -308.476299
3339.100110 228.698656 -241.371144
2707.217985 417.642163 -182.010121
2044.076636 456.886832 -129.631500
1387.516573 380.589653 -84.019505
630.366484 191.435471 -37.512818
201.910709 64.727955 -11.640201
VECTORS LocalRotation float
-0.106181 0.638261 -0.034189
-0.106010 0.636003 -0.033854
-0.105568 0.630471 -0.033054
-0.104757 0.620995 -0.031715
-0.103524 0.607635 -0.029880
-0.101830 0.590234 -0.027588
-0.099669 0.568531 -0.024900
-0.097105 0.542638 -0.021881
-0.094192 0.512387 -0.018541
-0.091001 0.477936 -0.014982
-0.087527 0.439212 -0.011246
-0.083726 0.396404 -0.007379
-0.079446 0.349392 -0.003458
-0.074503 0.298323 0.000444
-0.068643 0.243043 0.004304
-0.061637 0.183657 0.008040
-0.053238 0.119853 0.011612
-0.043274 0.051605 0.014976
-0.031662 -0.021030 0.018096
-0.018325 -0.098149 0.020956
-0.003301 -0.179261 0.023529
0.013412 -0.263919 0.025831
0.031799 -0.351210 0.027874
0.051875 -0.440178 0.029674
0.073683 -0.529789 0.031266
0.097162 -0.618668 0.032680
0.122139 -0.705424 0.033953
0.148333 -0.788734 0.035121
0.175294 -0.867406 0.036204
0.202420 -0.940497 0.037218
0.229044 -1.007345 0.038169
0.254420 -1.067494 0.039049
0.278047 -1.121193 0.039850
0.299179 -1.168061 0.040564
0.317648 -1.208784 0.041196
0.333042 -1.243163 0.041734
0.345648 -1.272210 0.042192
0.355449 -1.295901 0.042566
0.362930 -1.315119 0.042868
0.368350 -1.330074 0.043102
0.372137 -1.341346 0.043274
0.374588 -1.349237 0.043388
0.375996 -1.354182 0.043447
0.376563 -1.356529 0.043451
0.376412 -1.356619 0.043402
0.375575 -1.354718 0.043302
0.374014 -1.351070 0.043155
0.371596 -1.345818 0.042965
0.368128 -1.339056 0.042745
0.363316 -1.330774 0.042510
0.356787 -1.320900 0.042280
0.348065 -1.309250 0.042085
0.336611 -1.295578 0.041960
0.321863 -1.279573 0.041943
0.303240 -1.260840 0.042078
0.280236 -1.238952 0.042408
0.252436 -1.213439 0.042975
0.219592 -1.183828 0.043816
0.181643 -1.149642 0.044962
0.138749 -1.110433 0.046435
0.091452 -1.065966 0.048251
0.040237 -1.015794 0.050410
-0.013590 -0.960312 0.052892
-0.069462 -0.899048 0.055696
-0.125245 -0.833498 0.058738
-0.180374 -0.763460 0.062028
-0.233193 -0.690201 0.065395
-0.283056 -0.614429 0.068756
-0.328567 -0.538091 0.072052
-0.369444 -0.461715 0.075183
-0.405354 -0.386918 0.078000
-0.436672 -0.313993 0.080528
-0.463200 -0.244681 0.082687
-0.485820 -0.178606 0.084461
-0.504657 -0.117168 0.085858
-0.520304 -0.060012 0.086911
-0.533015 -0.007427 0.087620
-0.543174 0.041370 0.088016
-0.550719 0.086279 0.088129
-0.555652 0.127829 0.087981
-0.557849 0.166857 0.087590
-0.557187 0.203419 0.086976
-0.553487 0.238259 0.086133
-0.546608 0.271190 0.085089
-0.536553 0.302340 0.083837
-0.523210 0.331428 0.082361
-0.506676 0.358007 0.080696
-0.486966 0.381814 0.078821
-0.464408 0.402028 0.076731
-0.439269 0.418164 0.074415
-0.411811 0.429738 0.071856
-0.382690 0.436379 0.069032
-0.351908 0.437865 0.065873
-0.320211 0.434176 0.062419
-0.287462 0.425333 0.058544
-0.254520 0.411601 0.054243
-0.221041 0.392955 0.049410
-0.187553 0.369810 0.044050
-0.153288 0.341713 0.038048
-0.118565 0.309053 0.031518
-0.082688 0.271342 0.024259
-0.045894 0.228886 0.016330
-0.007513 0.181104 0.007699
0.032780 0.127686 -0.001543
0.075210 0.068541 -0.011296
0.119854 0.003820 -0.021568
0.166563 -0.065845 -0.032244
0.215360 -0.139827 -0.043198
0.266225 -0.217156 -0.054278
0.318887 -0.296228 -0.065315
0.373300 -0.375535 -0.076199
0.428968 -0.452863 -0.086722
0.485637 -0.526428 -0.096810
0.542752 -0.594199 -0.106311
0.599871 -0.654722 -0.115108
0.656409 -0.706811 -0.123132
0.711646 -0.749707 -0.130319
0.764889 -0.783256 -0.136646
0.815398 -0.807775 -0.142114
0.862421 -0.824065 -0.146747
0.905341 -0.833304 -0.150604
0.943488 -0.836917 -0.153738
0.976474 -0.836478 -0.156230
1.003825 -0.833554 -0.158146
1.025358 -0.829591 -0.159558
1.040861 -0.825808 -0.160523
1.050017 -0.823212 -0.161075
1.053778 -0.822055 -0.161297
VECTORS q1 float
-0.429786 -0.737057 -0.521566
-0.428278 -0.737142 -0.522685
-0.423695 -0.737400 -0.526046
-0.415950 -0.737807 -0.531626
-0.404949 -0.738306 -0.539370
-0.390453 -0.738842 -0.549235
-0.372191 -0.739328 -0.561131
-0.349885 -0.739636 -0.574908
-0.323744 -0.739513 -0.590178
-0.293267 -0.738793 -0.606778
-0.258529 -0.737187 -0.624275
-0.219608 -0.734396 -0.642211
-0.176286 -0.730124 -0.660183
-0.128377 -0.724031 -0.677716
-0.076293 -0.715777 -0.694149
-0.019621 -0.704981 -0.708955
0.041488 -0.691259 -0.721415
0.106945 -0.674211 -0.730755
0.176482 -0.653444 -0.736115
0.249388 -0.628675 -0.736596
0.325160 -0.599582 -0.731281
0.402111 -0.566296 -0.719455
0.478801 -0.529046 -0.700615
0.553677 -0.488295 -0.674544
0.624840 -0.444946 -0.641559
0.690885 -0.399951 -0.602259
0.750347 -0.354635 -0.557866
0.802223 -0.310383 -0.510001
0.846363 -0.268200 -0.460151
0.882788 -0.229120 -0.410109
0.911983 -0.193863 -0.361531
0.934914 -0.162592 -0.315435
0.952485 -0.135415 -0.272827
0.965734 -0.112055 -0.234099
0.975383 -0.092546 -0.200159
0.982421 -0.076171 -0.170430
0.987366 -0.062872 -0.145447
0.990852 -0.052045 -0.124513
0.993237 -0.043505 -0.107643
0.994860 -0.036871 -0.094312
0.995929 -0.031944 -0.084288
0.996605 -0.028515 -0.077240
0.996994 -0.026398 -0.072839
0.997171 -0.025414 -0.070733
0.997177 -0.025432 -0.070656
0.997032 -0.026330 -0.072349
0.996745 -0.028011 -0.075598
0.996311 -0.030405 -0.080249
0.995710 -0.033491 -0.086256
0.994915 -0.037253 -0.093575
0.993878 -0.041740 -0.102293
0.992531 -0.047037 -0.112558
0.990781 -0.053271 -0.124562
0.988498 -0.060624 -0.138550
0.985510 -0.069340 -0.154795
0.981584 -0.079747 -0.173591
0.976425 -0.092225 -0.195162
0.969658 -0.107247 -0.219685
0.960817 -0.125350 -0.247221
0.949350 -0.147111 -0.277655
0.934643 -0.173078 -0.310624
0.916059 -0.203675 -0.345473
0.892839 -0.239404 -0.381478
0.864680 -0.279860 -0.417141
0.830805 -0.325353 -0.451561
0.791939 -0.373972 -0.482678
0.747388 -0.425932 -0.509895
0.697847 -0.479627 -0.531947
0.645021 -0.532637 -0.547947
0.589784 -0.583893 -0.557874
0.532319 -0.633141 -0.561933
0.475463 -0.677933 -0.560662
0.419262 -0.718632 -0.554786
0.364858 -0.754758 -0.545177
0.313108 -0.786213 -0.532760
0.265165 -0.812851 -0.518614
0.220101 -0.835749 -0.503070
0.178456 -0.855053 -0.486865
0.140012 -0.871283 -0.470386
0.104408 -0.884930 -0.453870
0.071228 -0.896420 -0.437444
0.039681 -0.906200 -0.420984
0.010251 -0.914290 -0.404931
-0.017981 -0.921054 -0.389020
-0.044659 -0.926520 -0.373585
-0.069273 -0.930757 -0.359017
-0.092116 -0.933957 -0.345311
-0.112418 -0.936226 -0.332932
-0.129655 -0.937761 -0.322172
-0.143302 -0.938797 -0.313248
-0.152882 -0.939589 -0.306267
-0.158004 -0.940379 -0.301201
-0.158335 -0.941384 -0.297869
-0.153783 -0.942715 -0.296039
-0.144359 -0.944457 -0.295232
-0.130030 -0.946583 -0.295080
-0.111033 -0.949016 -0.295025
-0.087235 -0.951597 -0.294710
-0.058948 -0.954124 -0.293550
-0.025460 -0.956286 -0.291323
0.012473 -0.957771 -0.287261
0.055292 -0.958130 -0.280946
0.102843 -0.956853 -0.271765
0.155332 -0.953268 -0.259138
0.212677 -0.946580 -0.242392
0.273631 -0.936135 -0.220856
0.337140 -0.921242 -0.194035
0.401662 -0.901405 -0.161667
0.465311 -0.876442 -0.123835
0.526073 -0.846571 -0.081022
0.581560 -0.812778 -0.034347
0.630325 -0.776189 0.014893
0.670807 -0.738800 0.064742
0.702651 -0.702449 0.113349
0.726160 -0.668904 0.158933
0.742148 -0.639745 0.199856
0.751932 -0.615954 0.234945
0.756977 -0.597977 0.263455
0.758738 -0.585661 0.285162
0.758469 -0.578388 0.300319
0.757138 -0.575246 0.309571
0.755430 -0.575136 0.313917
0.753755 -0.576981 0.314558
0.752332 -0.579797 0.312781
0.751238 -0.582777 0.309860
0.750485 -0.585317 0.306883
0.750047 -0.586993 0.304743
0.749905 -0.587579 0.303965
VECTORS q2 float
-0.292670 0.660167 -0.691754
-0.292432 0.660351 -0.691679
-0.291705 0.660889 -0.691472
-0.290452 0.661764 -0.691163
-0.288637 0.662960 -0.690777
-0.286250 0.664451 -0.690337
-0.283326 0.666209 -0.689849
-0.279940 0.668208 -0.689298
-0.276207 0.670470 -0.688607
-0.272198 0.672941 -0.687793
-0.267970 0.675611 -0.686835
-0.263515 0.678465 -0.685744
-0.258725 0.681474 -0.684584
-0.253424 0.684632 -0.683414
-0.247435 0.687992 -0.682233
-0.240494 0.691600 -0.681067
-0.232405 0.695556 -0.679846
-0.223013 0.699977 -0.678452
-0.212251 0.704996 -0.676706
-0.200174 0.710736 -0.674377
-0.186814 0.717337 -0.671214
-0.172405 0.724895 -0.666936
-0.157112 0.733518 -0.661262
-0.141112 0.743306 -0.653898
-0.124703 0.754293 -0.644586
-0.108158 0.766487 -0.633087
-0.091920 0.779742 -0.619316
-0.076474 0.793778 -0.603380
-0.062191 0.808284 -0.585500
-0.049490 0.822780 -0.566201
-0.038655 0.836761 -0.546203
-0.029733 0.849850 -0.526185
-0.022706 0.861675 -0.506952
-0.017372 0.872060 -0.489091
-0.013574 0.880755 -0.473378
-0.010925 0.887941 -0.459827
-0.009213 0.893579 -0.448811
-0.008130 0.897946 -0.440030
-0.007496 0.901178 -0.433385
-0.007137 0.903511 -0.428505
-0.006947 0.905115 -0.425111
-0.006850 0.906147 -0.422908
-0.006797 0.906733 -0.421649
-0.006758 0.906969 -0.421143
-0.006721 0.906903 -0.421286
-0.006685 0.906549 -0.422047
-0.006660 0.905890 -0.423461
-0.006670 0.904870 -0.425637
-0.006757 0.903391 -0.428764
-0.006983 0.901331 -0.433074
-0.007438 0.898504 -0.438902
-0.008253 0.894670 -0.446650
-0.009595 0.889543 -0.456751
-0.011686 0.882780 -0.469642
-0.014797 0.873995 -0.485709
-0.019261 0.862754 -0.505256
-0.025453 0.848631 -0.528373
-0.033796 0.831199 -0.554947
-0.044731 0.810094 -0.584591
-0.058684 0.785076 -0.616613
-0.076008 0.756118 -0.650006
-0.096906 0.723494 -0.683495
-0.121525 0.687540 -0.715905
-0.149432 0.649519 -0.745516
-0.180480 0.610005 -0.771570
-0.213256 0.571316 -0.792540
-0.247455 0.533788 -0.808602
-0.281877 0.498848 -0.819571
-0.314931 0.468038 -0.825687
-0.345840 0.441638 -0.827859
-0.374441 0.419232 -0.827066
-0.399604 0.401338 -0.824163
-0.421662 0.387038 -0.820001
-0.440635 0.375842 -0.815220
-0.456704 0.367201 -0.810300
-0.469944 0.360705 -0.805633
-0.480902 0.355726 -0.801369
-0.489588 0.352043 -0.797728
-0.496056 0.349423 -0.794879
-0.500270 0.347693 -0.792994
-0.502132 0.346710 -0.792247
-0.501522 0.346339 -0.792795
-0.498326 0.346412 -0.794777
-0.492350 0.346796 -0.798326
-0.483564 0.347278 -0.803470
-0.472047 0.347625 -0.810141
-0.457522 0.347710 -0.818396
-0.440219 0.347306 -0.828001
-0.420271 0.346258 -0.838735
-0.397871 0.344459 -0.850321
-0.373262 0.341855 -0.862445
-0.346718 0.338446 -0.874780
-0.318871 0.334261 -0.886899
-0.289287 0.329430 -0.898771
-0.258959 0.324017 -0.909919
-0.227699 0.318161 -0.920286
-0.196025 0.311942 -0.929660
-0.163540 0.305504 -0.938042
-0.130560 0.298905 -0.945309
-0.096016 0.292410 -0.951461
-0.060539 0.286033 -0.956305
-0.023448 0.280053 -0.959698
0.015390 0.274712 -0.961403
0.056424 0.270456 -0.961078
0.099889 0.267830 -0.958274
0.145276 0.267210 -0.952625
0.192290 0.269138 -0.943710
0.240408 0.274128 -0.931159
0.288947 0.282641 -0.914671
0.337127 0.295060 -0.894027
0.383856 0.311393 -0.869304
0.428364 0.331737 -0.840508
0.469565 0.355532 -0.808150
0.506799 0.382264 -0.772677
0.539585 0.411211 -0.734679
0.567629 0.441382 -0.694967
0.590948 0.471816 -0.654346
0.609775 0.501522 -0.613719
0.624541 0.529645 -0.573955
0.635796 0.555494 -0.535901
0.644134 0.578504 -0.500424
0.650151 0.598418 -0.468187
0.654377 0.615024 -0.439927
0.657266 0.628390 -0.416086
0.659175 0.638545 -0.397176
0.660365 0.645682 -0.383422
0.661014 0.649877 -0.375129
0.661218 0.651268 -0.372344
VECTORS q3 float
0.854183 -0.144659 -0.499445
0.855021 -0.143381 -0.498378
0.857549 -0.139523 -0.495118
0.861756 -0.133078 -0.489558
0.867586 -0.124047 -0.481567
0.874990 -0.112326 -0.470930
0.883855 -0.097773 -0.457428
0.893988 -0.080236 -0.440850
0.904931 -0.059921 -0.421319
0.916462 -0.036544 -0.398449
0.928092 -0.010280 -0.372209
0.939325 0.018637 -0.342521
0.949729 0.050123 -0.309036
0.958799 0.084015 -0.271378
0.965896 0.119707 -0.229597
0.970452 0.157136 -0.183114
0.971734 0.195866 -0.131794
0.968931 0.235524 -0.075499
0.961147 0.275667 -0.014275
0.947489 0.315629 0.051405
0.927023 0.354865 0.121239
0.899213 0.392220 0.193856
0.863751 0.426687 0.268089
0.820688 0.457235 0.342648
0.770729 0.482767 0.415827
0.714828 0.502530 0.486297
0.654623 0.515981 0.552479
0.592106 0.523047 0.613051
0.528963 0.524162 0.667422
0.467158 0.520132 0.715001
0.408403 0.512102 0.755618
0.353626 0.501317 0.789703
0.303737 0.489059 0.817658
0.258954 0.476398 0.840231
0.220100 0.464441 0.857817
0.186357 0.453606 0.871500
0.158186 0.444480 0.881711
0.134707 0.437017 0.889309
0.115860 0.431261 0.894757
0.101011 0.426975 0.898604
0.089870 0.423966 0.901208
0.082050 0.422001 0.902875
0.077176 0.420877 0.903829
0.074855 0.420430 0.904232
0.074792 0.420571 0.904171
0.076701 0.421278 0.903683
0.080345 0.422586 0.902754
0.085557 0.424602 0.901329
0.092283 0.427507 0.899289
0.100476 0.431526 0.896488
0.110230 0.436977 0.892693
0.121712 0.444243 0.887600
0.135135 0.453735 0.880831
0.150781 0.465859 0.871918
0.168969 0.480962 0.860305
0.190059 0.499295 0.845330
0.214350 0.520885 0.826277
0.242118 0.545533 0.802354
0.273551 0.572743 0.772746
0.308691 0.601676 0.736679
0.347370 0.631133 0.693545
0.389159 0.659601 0.643026
0.433672 0.685547 0.584769
0.479581 0.706968 0.519807
0.526488 0.722522 0.448076
0.572149 0.730577 0.372696
0.616585 0.730516 0.293548
0.658449 0.721879 0.212924
0.696251 0.705151 0.134150
0.729760 0.681193 0.058538
0.759230 0.650674 -0.013909
0.783742 0.615902 -0.080084
0.804002 0.577728 -0.140749
0.820195 0.537664 -0.195444
0.832698 0.497025 -0.244093
0.841926 0.457346 -0.286348
0.848698 0.418309 -0.323618
0.853497 0.380723 -0.355799
0.856928 0.344631 -0.383281
0.859551 0.309852 -0.406403
0.861853 0.276085 -0.425426
0.864234 0.242592 -0.440736
0.866929 0.209935 -0.452063
0.870211 0.177179 -0.459717
0.874169 0.144770 -0.463541
0.878847 0.113352 -0.463442
0.884414 0.082600 -0.459336
0.890825 0.053480 -0.451188
0.898088 0.026654 -0.439008
0.906181 0.002779 -0.422882
0.915043 -0.017534 -0.402976
0.924566 -0.033787 -0.379522
0.934479 -0.045446 -0.353106
0.944809 -0.052575 -0.323376
0.955040 -0.054902 -0.291351
0.965011 -0.052475 -0.256907
0.974293 -0.045391 -0.220666
0.982672 -0.033633 -0.182275
0.989686 -0.017398 -0.142191
0.995054 0.003747 -0.099263
0.998088 0.029318 -0.054415
0.998195 0.059651 -0.006982
0.994579 0.094691 0.042978
0.986250 0.134665 0.095798
0.972003 0.179591 0.151514
0.950800 0.228583 0.209115
0.921608 0.280852 0.267883
0.883670 0.335145 0.326812
0.836657 0.389825 0.384761
0.780764 0.443009 0.440625
0.717247 0.492368 0.493083
0.647453 0.536173 0.541594
0.574043 0.572513 0.585408
0.499437 0.600367 0.624598
0.426074 0.619252 0.659536
0.356389 0.629212 0.690709
0.292197 0.630864 0.718771
0.234861 0.625219 0.744272
0.185108 0.613577 0.767631
0.143134 0.597406 0.789062
0.108779 0.578295 0.808543
0.081417 0.557776 0.825988
0.060369 0.537437 0.841140
0.044697 0.518615 0.853839
0.033606 0.502625 0.863851
0.026274 0.490407 0.871097
0.022153 0.482803 0.875449
0.020819 0.480209 0.876907
