# vtk DataFile Version 2.0
VTK example
ASCII
DATASET UNSTRUCTURED_GRID
POINTS  128  float
-0.000211 -0.000111 -0.000182
-0.000202 -0.000111 -0.000185
-0.000193 -0.000111 -0.000188
-0.000185 -0.000111 -0.000190
-0.000176 -0.000111 -0.000193
-0.000168 -0.000111 -0.000196
-0.000159 -0.000111 -0.000198
-0.000150 -0.000110 -0.000201
-0.000141 -0.000110 -0.000203
-0.000133 -0.000108 -0.000205
-0.000124 -0.000107 -0.000207
-0.000115 -0.000105 -0.000209
-0.000107 -0.000103 -0.000210
-0.000098 -0.000101 -0.000211
-0.000089 -0.000098 -0.000212
-0.000081 -0.000095 -0.000212
-0.000072 -0.000092 -0.000211
-0.000064 -0.000088 -0.000210
-0.000056 -0.000084 -0.000208
-0.000049 -0.000080 -0.000205
-0.000042 -0.000075 -0.000202
-0.000035 -0.000070 -0.000198
-0.000029 -0.000065 -0.000193
-0.000024 -0.000060 -0.000188
-0.000019 -0.000055 -0.000182
-0.000015 -0.000051 -0.000176
-0.000011 -0.000046 -0.000169
-0.000008 -0.000041 -0.000162
-0.000006 -0.000037 -0.000154
-0.000004 -0.000033 -0.000146
-0.000002 -0.000029 -0.000138
-0.000001 -0.000025 -0.000130
0.000000 -0.000022 -0.000122
0.000001 -0.000019 -0.000113
0.000001 -0.000016 -0.000105
0.000001 -0.000013 -0.000096
0.000002 -0.000010 -0.000087
0.000002 -0.000007 -0.000079
0.000002 -0.000005 -0.000070
0.000002 -0.000002 -0.000062
0.000002 0.000001 -0.000053
0.000003 0.000004 -0.000045
0.000003 0.000007 -0.000036
0.000004 0.000011 -0.000028
0.000005 0.000015 -0.000020
0.000006 0.000018 -0.000011
0.000007 0.000023 -0.000004
0.000009 0.000027 0.000004
0.000011 0.000032 0.000012
0.000013 0.000037 0.000019
0.000016 0.000042 0.000026
0.000018 0.000048 0.000032
0.000021 0.000053 0.000039
0.000025 0.000059 0.000045
0.000028 0.000065 0.000050
0.000032 0.000072 0.000055
0.000037 0.000078 0.000060
0.000042 0.000085 0.000064
0.000047 0.000091 0.000068
0.000052 0.000098 0.000071
0.000058 0.000104 0.000074
0.000064 0.000110 0.000076
0.000070 0.000117 0.000078
0.000077 0.000123 0.000079
0.000084 0.000128 0.000080
0.000091 0.000134 0.000080
0.000098 0.000139 0.000080
0.000106 0.000145 0.000080
0.000113 0.000149 0.000079
0.000121 0.000154 0.000077
0.000129 0.000158 0.000076
0.000137 0.000162 0.000074
0.000145 0.000166 0.000072
0.000152 0.000170 0.000069
0.000160 0.000173 0.000066
0.000168 0.000176 0.000063
0.000176 0.000179 0.000060
0.000184 0.000181 0.000056
0.000192 0.000184 0.000052
0.000200 0.000186 0.000048
0.000208 0.000187 0.000044
0.000216 0.000189 0.000040
0.000224 0.000190 0.000036
0.000232 0.000190 0.000032
0.000240 0.000191 0.000028
0.000248 0.000191 0.000025
0.000257 0.000191 0.000021
0.000265 0.000191 0.000018
0.000274 0.000190 0.000015
0.000282 0.000190 0.000012
0.000291 0.000190 0.000010
0.000300 0.000189 0.000008
0.000309 0.000189 0.000007
0.000318 0.000189 0.000006
0.000327 0.000189 0.000005
0.000336 0.000189 0.000005
0.000345 0.000189 0.000006
0.000354 0.000190 0.000007
0.000363 0.000191 0.000009
0.000371 0.000192 0.000011
0.000380 0.000193 0.000014
0.000388 0.000195 0.000018
0.000396 0.000197 0.000022
0.000403 0.000199 0.000027
0.000410 0.000202 0.000032
0.000416 0.000205 0.000038
0.000421 0.000209 0.000045
0.000426 0.000213 0.000051
0.000430 0.000217 0.000058
0.000433 0.000221 0.000065
0.000436 0.000226 0.000072
0.000438 0.000231 0.000080
0.000440 0.000236 0.000087
0.000441 0.000241 0.000094
0.000441 0.000246 0.000102
0.000441 0.000251 0.000109
0.000441 0.000257 0.000117
0.000440 0.000262 0.000124
0.000439 0.000267 0.000132
0.000438 0.000272 0.000139
0.000436 0.000277 0.000147
0.000434 0.000282 0.000154
0.000432 0.000287 0.000161
0.000430 0.000292 0.000168
0.000427 0.000297 0.000175
0.000425 0.000302 0.000182
0.000422 0.000307 0.000189
0.000420 0.000312 0.000197
CELLS  127 381
2 0 1 
2 1 2 
2 2 3 
2 3 4 
2 4 5 
2 5 6 
2 6 7 
2 7 8 
2 8 9 
2 9 10 
2 10 11 
2 11 12 
2 12 13 
2 13 14 
2 14 15 
2 15 16 
2 16 17 
2 17 18 
2 18 19 
2 19 20 
2 20 21 
2 21 22 
2 22 23 
2 23 24 
2 24 25 
2 25 26 
2 26 27 
2 27 28 
2 28 29 
2 29 30 
2 30 31 
2 31 32 
2 32 33 
2 33 34 
2 34 35 
2 35 36 
2 36 37 
2 37 38 
2 38 39 
2 39 40 
2 40 41 
2 41 42 
2 42 43 
2 43 44 
2 44 45 
2 45 46 
2 46 47 
2 47 48 
2 48 49 
2 49 50 
2 50 51 
2 51 52 
2 52 53 
2 53 54 
2 54 55 
2 55 56 
2 56 57 
2 57 58 
2 58 59 
2 59 60 
2 60 61 
2 61 62 
2 62 63 
2 63 64 
2 64 65 
2 65 66 
2 66 67 
2 67 68 
2 68 69 
2 69 70 
2 70 71 
2 71 72 
2 72 73 
2 73 74 
2 74 75 
2 75 76 
2 76 77 
2 77 78 
2 78 79 
2 79 80 
2 80 81 
2 81 82 
2 82 83 
2 83 84 
2 84 85 
2 85 86 
2 86 87 
2 87 88 
2 88 89 
2 89 90 
2 90 91 
2 91 92 
2 92 93 
2 93 94 
2 94 95 
2 95 96 
2 96 97 
2 97 98 
2 98 99 
2 99 100 
2 100 101 
2 101 102 
2 102 103 
2 103 104 
2 104 105 
2 105 106 
2 106 107 
2 107 108 
2 108 109 
2 109 110 
2 110 111 
2 111 112 
2 112 113 
2 113 114 
2 114 115 
2 115 116 
2 116 117 
2 117 118 
2 118 119 
2 119 120 
2 120 121 
2 121 122 
2 122 123 
2 123 124 
2 124 125 
2 125 126 
2 126 127 
CELL_TYPES  127
3
3
3
3
3
3
3
3
3
3
3
3
3
3
3
3
3
3
3
3
3
3
3
3
3
3
3
3
3
3
3
3
3
3
3
3
3
3
3
3
3
3
3
3
3
3
3
3
3
3
3
3
3
3
3
3
3
3
3
3
3
3
3
3
3
3
3
3
3
3
3
3
3
3
3
3
3
3
3
3
3
3
3
3
3
3
3
3
3
3
3
3
3
3
3
3
3
3
3
3
3
3
3
3
3
3
3
3
3
3
3
3
3
3
3
3
3
3
3
3
3
3
3
3
3
3
3
POINT_DATA  128
VECTORS Position float
-0.000211 -0.000111 -0.000182
-0.000202 -0.000111 -0.000185
-0.000193 -0.000111 -0.000188
-0.000185 -0.000111 -0.000190
-0.000176 -0.000111 -0.000193
-0.000168 -0.000111 -0.000196
-0.000159 -0.000111 -0.000198
-0.000150 -0.000110 -0.000201
-0.000141 -0.000110 -0.000203
-0.000133 -0.000108 -0.000205
-0.000124 -0.000107 -0.000207
-0.000115 -0.000105 -0.000209
-0.000107 -0.000103 -0.000210
-0.000098 -0.000101 -0.000211
-0.000089 -0.000098 -0.000212
-0.000081 -0.000095 -0.000212
-0.000072 -0.000092 -0.000211
-0.000064 -0.000088 -0.000210
-0.000056 -0.000084 -0.000208
-0.000049 -0.000080 -0.000205
-0.000042 -0.000075 -0.000202
-0.000035 -0.000070 -0.000198
-0.000029 -0.000065 -0.000193
-0.000024 -0.000060 -0.000188
-0.000019 -0.000055 -0.000182
-0.000015 -0.000051 -0.000176
-0.000011 -0.000046 -0.000169
-0.000008 -0.000041 -0.000162
-0.000006 -0.000037 -0.000154
-0.000004 -0.000033 -0.000146
-0.000002 -0.000029 -0.000138
-0.000001 -0.000025 -0.000130
0.000000 -0.000022 -0.000122
0.000001 -0.000019 -0.000113
0.000001 -0.000016 -0.000105
0.000001 -0.000013 -0.000096
0.000002 -0.000010 -0.000087
0.000002 -0.000007 -0.000079
0.000002 -0.000005 -0.000070
0.000002 -0.000002 -0.000062
0.000002 0.000001 -0.000053
0.000003 0.000004 -0.000045
0.000003 0.000007 -0.000036
0.000004 0.000011 -0.000028
0.000005 0.000015 -0.000020
0.000006 0.000018 -0.000011
0.000007 0.000023 -0.000004
0.000009 0.000027 0.000004
0.000011 0.000032 0.000012
0.000013 0.000037 0.000019
0.000016 0.000042 0.000026
0.000018 0.000048 0.000032
0.000021 0.000053 0.000039
0.000025 0.000059 0.000045
0.000028 0.000065 0.000050
0.000032 0.000072 0.000055
0.000037 0.000078 0.000060
0.000042 0.000085 0.000064
0.000047 0.000091 0.000068
0.000052 0.000098 0.000071
0.000058 0.000104 0.000074
0.000064 0.000110 0.000076
0.000070 0.000117 0.000078
0.000077 0.000123 0.000079
0.000084 0.000128 0.000080
0.000091 0.000134 0.000080
0.000098 0.000139 0.000080
0.000106 0.000145 0.000080
0.000113 0.000149 0.000079
0.000121 0.000154 0.000077
0.000129 0.000158 0.000076
0.000137 0.000162 0.000074
0.000145 0.000166 0.000072
0.000152 0.000170 0.000069
0.000160 0.000173 0.000066
0.000168 0.000176 0.000063
0.000176 0.000179 0.000060
0.000184 0.000181 0.000056
0.000192 0.000184 0.000052
0.000200 0.000186 0.000048
0.000208 0.000187 0.000044
0.000216 0.000189 0.000040
0.000224 0.000190 0.000036
0.000232 0.000190 0.000032
0.000240 0.000191 0.000028
0.000248 0.000191 0.000025
0.000257 0.000191 0.000021
0.000265 0.000191 0.000018
0.000274 0.000190 0.000015
0.000282 0.000190 0.000012
0.000291 0.000190 0.000010
0.000300 0.000189 0.000008
0.000309 0.000189 0.000007
0.000318 0.000189 0.000006
0.000327 0.000189 0.000005
0.000336 0.000189 0.000005
0.000345 0.000189 0.000006
0.000354 0.000190 0.000007
0.000363 0.000191 0.000009
0.000371 0.000192 0.000011
0.000380 0.000193 0.000014
0.000388 0.000195 0.000018
0.000396 0.000197 0.000022
0.000403 0.000199 0.000027
0.000410 0.000202 0.000032
0.000416 0.000205 0.000038
0.000421 0.000209 0.000045
0.000426 0.000213 0.000051
0.000430 0.000217 0.000058
0.000433 0.000221 0.000065
0.000436 0.000226 0.000072
0.000438 0.000231 0.000080
0.000440 0.000236 0.000087
0.000441 0.000241 0.000094
0.000441 0.000246 0.000102
0.000441 0.000251 0.000109
0.000441 0.000257 0.000117
0.000440 0.000262 0.000124
0.000439 0.000267 0.000132
0.000438 0.000272 0.000139
0.000436 0.000277 0.000147
0.000434 0.000282 0.000154
0.000432 0.000287 0.000161
0.000430 0.000292 0.000168
0.000427 0.000297 0.000175
0.000425 0.000302 0.000182
0.000422 0.000307 0.000189
0.000420 0.000312 0.000197
VECTORS Rotation float
0.837343 -0.025586 -1.882432
0.837254 -0.023443 -1.881958
0.836986 -0.017009 -1.880422
0.836526 -0.006376 -1.877529
0.835830 0.008257 -1.872858
0.834822 0.026759 -1.865858
0.833375 0.048965 -1.855907
0.831291 0.074673 -1.842332
0.828290 0.103187 -1.824684
0.824011 0.134599 -1.802052
0.818008 0.168488 -1.773865
0.809765 0.204508 -1.739559
0.798654 0.242594 -1.698348
0.783953 0.282586 -1.649494
0.765038 0.323720 -1.592923
0.741080 0.365679 -1.527839
0.711449 0.407469 -1.454150
0.675614 0.447929 -1.371808
0.633295 0.485651 -1.281048
0.584731 0.518982 -1.182771
0.530360 0.546497 -1.077715
0.471803 0.566623 -0.968378
0.410916 0.578395 -0.857102
0.349838 0.581368 -0.746436
0.290998 0.575679 -0.639400
0.236241 0.562036 -0.538154
0.187164 0.541669 -0.444834
0.144701 0.516189 -0.360908
0.108901 0.487213 -0.286662
0.079595 0.456526 -0.222388
0.056257 0.425845 -0.167977
0.038038 0.396512 -0.122717
0.024201 0.369876 -0.086149
0.013946 0.346887 -0.057517
0.006755 0.328731 -0.036635
0.001955 0.315664 -0.022509
-0.000779 0.308332 -0.014869
-0.001767 0.306752 -0.013034
-0.001163 0.310918 -0.016541
0.000998 0.320669 -0.024977
0.004729 0.335584 -0.037878
0.010118 0.355145 -0.054856
0.017288 0.378721 -0.075562
0.026477 0.405867 -0.099936
0.037756 0.435581 -0.127520
0.051408 0.467418 -0.158440
0.067577 0.500575 -0.192538
0.086503 0.534480 -0.229926
0.108600 0.568838 -0.271089
0.134123 0.603000 -0.316179
0.163583 0.636635 -0.365835
0.197564 0.669320 -0.420773
0.236637 0.700457 -0.481662
0.281364 0.729318 -0.549167
0.332128 0.754984 -0.623722
0.389029 0.776412 -0.705451
0.451488 0.792446 -0.793666
0.518313 0.802060 -0.887027
0.587640 0.804489 -0.983463
0.657135 0.799385 -1.080377
0.724341 0.786925 -1.175015
0.787124 0.767820 -1.264935
0.844446 0.743011 -1.349024
0.895058 0.714059 -1.425580
0.939677 0.681869 -1.495583
0.977702 0.648457 -1.557810
1.010816 0.614036 -1.614566
1.039518 0.579543 -1.666320
1.064073 0.546091 -1.713090
1.085338 0.513760 -1.756010
1.104221 0.481961 -1.796529
1.120532 0.451445 -1.833967
1.134899 0.421282 -1.869398
1.147380 0.391180 -1.902738
1.157967 0.360804 -1.933710
1.166498 0.330202 -1.961515
1.173205 0.298347 -1.986298
1.177987 0.265482 -2.007126
1.180954 0.231629 -2.023410
1.182307 0.197006 -2.034610
1.182341 0.162047 -2.040280
1.181445 0.126968 -2.040150
1.180021 0.093443 -2.034098
1.178494 0.061566 -2.022034
1.177247 0.032699 -2.004292
1.176566 0.008086 -1.981485
1.176622 -0.012092 -1.953525
1.177475 -0.026997 -1.921255
1.179078 -0.036352 -1.885198
1.181299 -0.040182 -1.845785
1.183961 -0.038780 -1.803283
1.186858 -0.032641 -1.757734
1.189777 -0.022472 -1.709521
1.192464 -0.008625 -1.657095
1.194671 0.008064 -1.601299
1.196072 0.027460 -1.541080
1.196374 0.049204 -1.476962
1.195138 0.073667 -1.408160
1.192066 0.100813 -1.335816
1.186486 0.131685 -1.258607
1.178319 0.165785 -1.179218
1.167104 0.203600 -1.097523
1.152644 0.244812 -1.014484
1.134568 0.289127 -0.930016
1.112531 0.335721 -0.843997
1.086731 0.382700 -0.757404
1.057244 0.428366 -0.670335
1.024377 0.470869 -0.583086
0.988676 0.508509 -0.496150
0.950893 0.540004 -0.410190
0.912313 0.564456 -0.326639
0.873833 0.581904 -0.246195
0.836828 0.592791 -0.170389
0.802045 0.598229 -0.099842
0.769937 0.599598 -0.034868
0.740782 0.598347 0.024340
0.714523 0.595803 0.077996
0.691020 0.593018 0.126354
0.670056 0.590699 0.169736
0.651441 0.589200 0.208405
0.635089 0.588588 0.242451
0.620890 0.588724 0.272011
0.608884 0.589374 0.296999
0.599021 0.590285 0.317486
0.591366 0.591223 0.333375
0.585880 0.592012 0.344740
0.582611 0.592527 0.351513
0.581518 0.592705 0.353775
VECTORS ControlForce float
-0.000000 0.000000 0.000000
-0.000098 -0.000192 0.000031
-0.000155 -0.000351 0.000074
-0.000170 -0.000480 0.000118
-0.000143 -0.000562 0.000155
-0.000111 -0.000617 0.000184
-0.000098 -0.000649 0.000213
-0.000100 -0.000639 0.000246
-0.000109 -0.000573 0.000279
-0.000140 -0.000482 0.000312
-0.000156 -0.000356 0.000350
-0.000143 -0.000219 0.000388
-0.000097 -0.000105 0.000427
0.000015 -0.000006 0.000465
0.000172 0.000056 0.000486
0.000343 0.000065 0.000487
0.000515 0.000044 0.000464
0.000654 -0.000003 0.000419
0.000755 -0.000044 0.000353
0.000802 -0.000071 0.000277
0.000772 -0.000093 0.000206
0.000694 -0.000080 0.000141
0.000588 -0.000017 0.000083
0.000461 0.000083 0.000037
0.000327 0.000205 0.000008
0.000211 0.000343 -0.000012
0.000124 0.000483 -0.000032
0.000053 0.000593 -0.000047
-0.000006 0.000667 -0.000061
-0.000054 0.000714 -0.000086
-0.000105 0.000725 -0.000121
-0.000167 0.000683 -0.000137
-0.000232 0.000598 -0.000137
-0.000294 0.000473 -0.000118
-0.000347 0.000330 -0.000105
-0.000389 0.000182 -0.000098
-0.000420 0.000030 -0.000100
-0.000442 -0.000110 -0.000110
-0.000455 -0.000242 -0.000116
-0.000460 -0.000358 -0.000115
-0.000454 -0.000460 -0.000106
-0.000433 -0.000532 -0.000107
-0.000392 -0.000573 -0.000102
-0.000328 -0.000563 -0.000100
-0.000242 -0.000507 -0.000095
-0.000145 -0.000423 -0.000073
-0.000046 -0.000326 -0.000039
0.000052 -0.000222 -0.000004
0.000145 -0.000127 0.000031
0.000227 -0.000061 0.000066
0.000291 -0.000038 0.000099
0.000330 -0.000056 0.000131
0.000328 -0.000122 0.000165
0.000281 -0.000213 0.000192
0.000192 -0.000298 0.000201
0.000079 -0.000342 0.000189
-0.000051 -0.000343 0.000159
-0.000197 -0.000317 0.000121
-0.000331 -0.000247 0.000072
-0.000425 -0.000121 0.000011
-0.000476 0.000034 -0.000054
-0.000487 0.000182 -0.000113
-0.000455 0.000301 -0.000161
-0.000382 0.000384 -0.000199
-0.000281 0.000422 -0.000225
-0.000161 0.000412 -0.000242
-0.000023 0.000379 -0.000237
0.000116 0.000322 -0.000213
0.000224 0.000213 -0.000191
0.000309 0.000080 -0.000168
0.000372 -0.000051 -0.000128
0.000389 -0.000209 -0.000085
0.000356 -0.000390 -0.000033
0.000288 -0.000554 0.000030
0.000190 -0.000673 0.000093
0.000069 -0.000717 0.000146
-0.000081 -0.000693 0.000194
-0.000263 -0.000618 0.000223
-0.000450 -0.000478 0.000231
-0.000617 -0.000281 0.000219
-0.000739 -0.000037 0.000197
-0.000802 0.000218 0.000171
-0.000804 0.000439 0.000126
-0.000734 0.000603 0.000079
-0.000597 0.000688 0.000025
-0.000400 0.000681 -0.000036
-0.000160 0.000601 -0.000074
0.000088 0.000445 -0.000090
0.000295 0.000208 -0.000093
0.000431 -0.000077 -0.000082
0.000481 -0.000351 -0.000055
0.000446 -0.000551 -0.000016
0.000337 -0.000636 0.000032
0.000173 -0.000594 0.000097
-0.000019 -0.000420 0.000163
-0.000218 -0.000162 0.000217
-0.000393 0.000149 0.000251
-0.000511 0.000447 0.000266
-0.000547 0.000672 0.000263
-0.000482 0.000768 0.000254
-0.000306 0.000728 0.000222
-0.000040 0.000542 0.000167
0.000287 0.000247 0.000092
0.000632 -0.000095 0.000006
0.000942 -0.000405 -0.000090
0.001159 -0.000628 -0.000204
0.001223 -0.000749 -0.000320
0.001109 -0.000740 -0.000427
0.000831 -0.000608 -0.000512
0.000444 -0.000386 -0.000563
0.000019 -0.000124 -0.000577
-0.000370 0.000140 -0.000569
-0.000660 0.000355 -0.000548
-0.000806 0.000479 -0.000520
-0.000800 0.000502 -0.000495
-0.000659 0.000430 -0.000474
-0.000433 0.000296 -0.000463
-0.000166 0.000126 -0.000450
0.000082 -0.000036 -0.000441
0.000268 -0.000162 -0.000435
0.000363 -0.000235 -0.000435
0.000372 -0.000257 -0.000433
0.000328 -0.000246 -0.000411
0.000259 -0.000215 -0.000364
0.000175 -0.000166 -0.000301
0.000099 -0.000110 -0.000217
0.000043 -0.000054 -0.000115
-0.000000 -0.000000 -0.000000
VECTORS ControlTorque float
-0.000001 0.000000 -0.000002
-0.000001 0.000000 -0.000002
-0.000001 0.000001 -0.000002
-0.000001 0.000001 -0.000001
-0.000001 0.000001 -0.000002
-0.000001 0.000001 -0.000001
-0.000001 0.000002 -0.000002
-0.000000 0.000001 -0.000001
-0.000001 0.000002 -0.000001
-0.000001 0.000002 -0.000001
-0.000001 0.000002 -0.000001
-0.000001 0.000002 -0.000001
-0.000001 0.000003 -0.000001
-0.000001 0.000002 -0.000000
-0.000001 0.000003 -0.000001
-0.000001 0.000002 -0.000001
-0.000001 0.000002 -0.000001
-0.000001 0.000002 -0.000000
-0.000001 0.000001 0.000000
-0.000001 0.000001 0.000000
-0.000000 0.000000 0.000001
-0.000001 -0.000000 0.000001
-0.000001 -0.000000 0.000001
-0.000000 -0.000001 0.000001
-0.000001 -0.000001 0.000001
-0.000000 -0.000002 0.000001
0.000000 -0.000002 0.000002
0.000000 -0.000002 0.000001
0.000000 -0.000003 0.000001
0.000001 -0.000003 0.000001
0.000001 -0.000003 0.000001
0.000002 -0.000003 0.000001
0.000002 -0.000002 0.000001
0.000002 -0.000003 0.000001
0.000002 -0.000002 0.000001
0.000003 -0.000003 0.000001
0.000002 -0.000002 0.000001
0.000002 -0.000002 0.000001
0.000002 -0.000002 0.000001
0.000002 -0.000002 0.000000
0.000002 -0.000001 0.000000
0.000002 -0.000001 0.000000
0.000002 -0.000001 0.000000
0.000001 -0.000001 0.000000
0.000001 -0.000001 0.000000
0.000001 -0.000001 0.000000
0.000000 -0.000001 0.000000
0.000001 -0.000001 0.000000
0.000000 -0.000000 0.000000
0.000000 -0.000001 0.000000
0.000000 -0.000001 0.000000
0.000000 -0.000001 0.000001
0.000000 -0.000001 0.000001
0.000000 -0.000001 0.000001
0.000000 -0.000001 0.000001
-0.000000 -0.000001 0.000001
-0.000000 -0.000001 0.000001
-0.000000 -0.000000 0.000001
-0.000001 -0.000000 0.000001
-0.000001 0.000000 0.000001
-0.000001 0.000001 0.000001
-0.000000 0.000000 0.000001
-0.000001 0.000001 -0.000000
-0.000000 -0.000000 0.000001
-0.000001 0.000002 -0.000001
-0.000000 0.000000 0.000000
-0.000000 0.000001 -0.000000
-0.000001 0.000001 -0.000001
-0.000001 0.000001 -0.000001
0.000000 -0.000000 0.000000
-0.000001 0.000001 -0.000001
0.000000 -0.000000 0.000000
-0.000000 0.000000 -0.000000
-0.000000 0.000000 0.000000
-0.000001 0.000001 -0.000000
0.000000 0.000000 0.000001
-0.000000 0.000001 0.000000
-0.000000 0.000002 0.000001
-0.000000 0.000002 0.000000
-0.000000 0.000002 0.000000
-0.000000 0.000002 0.000001
-0.000001 0.000002 -0.000001
-0.000000 0.000003 -0.000000
-0.000001 0.000002 -0.000001
-0.000001 0.000002 -0.000002
-0.000001 0.000003 -0.000001
-0.000001 0.000002 -0.000002
-0.000001 0.000002 -0.000002
-0.000001 0.000001 -0.000002
-0.000000 0.000001 -0.000002
-0.000000 0.000002 -0.000002
-0.000000 0.000000 -0.000001
-0.000000 0.000003 -0.000002
0.000000 0.000000 -0.000001
0.000000 0.000003 -0.000001
0.000000 0.000001 -0.000001
0.000000 0.000003 -0.000001
0.000000 0.000000 -0.000001
0.000000 0.000004 -0.000002
0.000000 -0.000001 -0.000001
0.000001 0.000001 -0.000002
0.000001 -0.000000 -0.000001
0.000001 0.000000 -0.000002
0.000001 0.000000 -0.000002
0.000001 -0.000001 -0.000000
0.000001 -0.000001 0.000000
0.000000 -0.000001 0.000001
-0.000000 -0.000001 0.000001
-0.000001 -0.000001 0.000001
-0.000001 -0.000002 0.000002
-0.000001 -0.000001 0.000001
-0.000001 -0.000002 0.000002
-0.000001 -0.000002 0.000001
-0.000001 -0.000002 0.000001
-0.000000 -0.000002 0.000001
0.000000 -0.000002 0.000001
0.000000 -0.000002 0.000001
0.000000 -0.000001 0.000001
0.000001 -0.000001 0.000001
0.000000 -0.000001 0.000001
0.000000 -0.000001 0.000001
0.000000 -0.000001 0.000001
-0.000000 -0.000001 0.000001
-0.000000 -0.000001 0.000001
-0.000000 -0.000001 0.000001
-0.000000 -0.000001 0.000001
-0.000000 -0.000001 0.000001
-0.000000 -0.000001 0.000001
VECTORS Curvature float
-69.215649 -119.698807 6.420814
-219.213802 -391.492985 20.470668
-464.142384 -875.166436 44.653912
-632.960472 -1310.913925 65.812419
-756.347728 -1779.420875 87.490735
-823.427678 -2278.616565 108.654558
-835.576587 -2845.359331 129.509244
-761.135848 -3369.480164 149.531083
-616.493966 -3915.139320 169.250589
-421.908193 -4548.243267 187.321833
-165.778404 -5133.691192 203.261438
124.453782 -5750.734780 216.272790
443.681952 -6474.327797 225.233721
766.822209 -7129.505481 227.611308
1089.663674 -7762.848388 224.986982
1410.235138 -8424.667000 214.458037
1711.976680 -8968.969997 197.751559
2008.821427 -9453.759124 175.497724
2285.103766 -9773.986525 148.925704
2572.581320 -10019.870340 121.739307
2851.344506 -10116.544550 93.893094
3100.450737 -9973.438822 69.717628
3361.879517 -9764.338641 49.321620
3598.101814 -9410.304652 33.704989
3811.163693 -8957.501890 22.720883
3991.250628 -8441.466231 15.847364
4076.132009 -7779.147445 12.410218
4097.053738 -7083.251197 10.815764
4044.439100 -6371.507908 11.310103
3860.950940 -5575.422972 13.011373
3603.316556 -4797.826330 15.310582
3258.611349 -4031.140986 19.063820
2848.812815 -3294.613587 23.300448
2318.789978 -2530.169554 29.033258
1742.306039 -1805.987259 34.583010
1139.134777 -1137.822237 40.827737
486.478575 -484.158941 45.991115
-141.225144 93.082920 49.726961
-773.680949 637.446532 50.816661
-1374.860348 1127.485356 48.661107
-1924.388878 1558.444679 42.768796
-2400.604783 1922.822029 33.259460
-2854.932225 2270.690603 20.251631
-3224.927712 2558.747947 5.446594
-3515.185682 2797.517584 -11.053338
-3772.123820 3026.738297 -26.997043
-3926.057344 3193.874315 -41.707628
-4085.894014 3389.482654 -54.287240
-4208.833285 3578.397849 -62.945777
-4282.738057 3753.859179 -68.073895
-4374.815301 3975.368628 -68.786041
-4449.445685 4217.846781 -65.147152
-4503.214487 4484.550394 -57.639000
-4529.093794 4774.190910 -46.859096
-4525.353354 5091.162841 -33.948196
-4475.497675 5415.887268 -19.840865
-4365.244066 5724.871127 -5.962954
-4206.244432 6015.662747 6.799045
-3997.587623 6265.019984 17.652585
-3749.743441 6461.963262 26.272470
-3456.282962 6549.728689 32.358868
-3187.956313 6637.679174 37.105900
-2896.506703 6561.973376 38.742574
-2654.798046 6499.403724 41.342909
-2421.956534 6276.122191 39.803530
-2209.267846 5976.473203 41.508059
-2138.231876 5894.445109 41.106849
-2021.292315 5569.284546 41.436098
-1902.357804 5157.153457 43.897039
-1897.088356 5014.224589 48.791580
-1860.788957 4794.404084 53.416956
-1786.738888 4543.869935 62.324717
-1749.084437 4491.509195 71.298489
-1643.700453 4429.983941 81.674764
-1437.678331 4286.928656 91.454902
-1174.755615 4233.372062 101.600850
-854.948873 4263.405476 108.426167
-425.464136 4165.348518 112.880595
65.151777 4068.704718 113.382673
599.117769 3885.893305 109.580023
1195.684811 3726.848877 101.398503
1753.512163 3393.628438 89.109065
2291.265147 2953.754240 73.224957
2844.985659 2515.047415 54.759822
3188.386149 1867.295441 34.527237
3529.078357 1205.291448 11.902774
3848.316118 520.997425 -11.250553
4006.906968 -211.038009 -36.186298
4138.021150 -923.816113 -62.829767
4230.403701 -1598.574072 -91.611652
4363.955186 -2244.349764 -122.324207
4417.337691 -2758.676790 -155.537625
4652.501440 -3305.819945 -188.677624
4946.071153 -3796.707361 -223.527499
5220.957085 -4211.128817 -255.516757
5546.404896 -4618.312468 -287.260979
5890.888725 -5052.496107 -314.168445
6154.151762 -5461.460998 -340.942601
6476.416227 -6027.248559 -361.034223
6681.207198 -6601.714247 -384.808058
6579.036971 -7010.092935 -403.707272
6476.755854 -7509.739855 -426.133356
6239.629639 -7918.918324 -448.618446
6066.131526 -8403.747385 -473.039664
5802.378747 -8683.439367 -500.672247
5479.642778 -8698.658121 -526.440884
5221.801164 -8572.441661 -550.599269
5005.846303 -8249.304981 -569.962107
4868.306087 -7803.360299 -582.170430
4740.745852 -7189.655756 -586.403009
4647.081148 -6518.208778 -580.518281
4547.319621 -5835.443870 -566.610801
4381.292783 -5136.078298 -544.538680
4200.473954 -4553.013138 -516.764727
3952.062683 -4051.927922 -484.723700
3641.444726 -3641.721591 -449.938727
3286.319335 -3317.439367 -413.502884
2897.094387 -3048.254019 -376.227164
2503.764004 -2816.874033 -338.616397
2113.402925 -2583.013119 -300.915038
1750.216732 -2338.839808 -263.298943
1417.147885 -2065.345475 -225.706853
1118.486965 -1764.329187 -188.187571
853.393625 -1438.940132 -150.683233
613.776455 -1090.565788 -112.894679
402.211166 -741.543733 -76.182180
179.074117 -337.055758 -34.834239
56.818810 -107.976518 -10.829914
VECTORS LocalRotation float
-0.097780 0.515276 -0.009808
-0.099089 0.512956 -0.009686
-0.102170 0.507244 -0.009393
-0.107117 0.497387 -0.008895
-0.113419 0.483367 -0.008199
-0.120596 0.464934 -0.007308
-0.128111 0.441723 -0.006229
-0.135300 0.413741 -0.004973
-0.141559 0.380645 -0.003525
-0.146254 0.342379 -0.001912
-0.148911 0.298594 -0.000146
-0.149099 0.249200 0.001758
-0.146524 0.193787 0.003759
-0.141060 0.132385 0.005803
-0.132640 0.064845 0.007856
-0.121329 -0.008401 0.009844
-0.107195 -0.087138 0.011710
-0.090348 -0.170556 0.013400
-0.070908 -0.257602 0.014869
-0.048878 -0.347369 0.016096
-0.024370 -0.438359 0.017071
0.002583 -0.529337 0.017812
0.031880 -0.618817 0.018351
0.063397 -0.705645 0.018727
0.096973 -0.788881 0.018983
0.132244 -0.867535 0.019157
0.168701 -0.940837 0.019285
0.205722 -1.008157 0.019390
0.242547 -1.069014 0.019490
0.278338 -1.123103 0.019600
0.312241 -1.170219 0.019729
0.343352 -1.210248 0.019885
0.371032 -1.243450 0.020077
0.394318 -1.269697 0.020313
0.412788 -1.289418 0.020602
0.425759 -1.302670 0.020942
0.433157 -1.310051 0.021337
0.434715 -1.311816 0.021769
0.430561 -1.308499 0.022225
0.420859 -1.300530 0.022674
0.405942 -1.288385 0.023088
0.386346 -1.272612 0.023432
0.362463 -1.253556 0.023675
0.335017 -1.231755 0.023792
0.304454 -1.207467 0.023766
0.271531 -1.181153 0.023594
0.236686 -1.152996 0.023283
0.200342 -1.123133 0.022848
0.162851 -1.091639 0.022318
0.124372 -1.058413 0.021724
0.085138 -1.023386 0.021104
0.045189 -0.986294 0.020498
0.004663 -0.946901 0.019942
-0.036227 -0.904986 0.019469
-0.077233 -0.860308 0.019103
-0.117966 -0.812758 0.018859
-0.157992 -0.762318 0.018742
-0.196809 -0.709151 0.018746
-0.233959 -0.653540 0.018857
-0.269035 -0.595918 0.019056
-0.301669 -0.536990 0.019321
-0.331807 -0.477174 0.019636
-0.359282 -0.417570 0.019979
-0.384497 -0.358242 0.020343
-0.407352 -0.300729 0.020708
-0.428509 -0.244756 0.021080
-0.448158 -0.191103 0.021453
-0.466846 -0.139597 0.021824
-0.484666 -0.090881 0.022211
-0.502004 -0.044467 0.022634
-0.518903 -0.000358 0.023094
-0.535532 0.042216 0.023622
-0.551539 0.083118 0.024226
-0.566834 0.123339 0.024916
-0.580703 0.162572 0.025695
-0.592609 0.201402 0.026575
-0.601757 0.239698 0.027522
-0.607540 0.277767 0.028521
-0.609171 0.315046 0.029546
-0.606157 0.351137 0.030557
-0.598000 0.385739 0.031516
-0.584736 0.417761 0.032373
-0.566293 0.446704 0.033113
-0.543130 0.471367 0.033690
-0.515900 0.491145 0.034093
-0.485197 0.505189 0.034306
-0.451869 0.512988 0.034309
-0.416360 0.514389 0.034094
-0.379521 0.509256 0.033646
-0.341669 0.497847 0.032948
-0.302809 0.480471 0.031980
-0.263143 0.457871 0.030725
-0.221745 0.430191 0.029154
-0.178590 0.398258 0.027301
-0.132487 0.361946 0.025129
-0.083880 0.322088 0.022678
-0.031868 0.278109 0.019943
0.022622 0.230545 0.016980
0.080191 0.178181 0.013780
0.139161 0.121581 0.010437
0.199204 0.059945 0.006867
0.258335 -0.005816 0.003109
0.316190 -0.076011 -0.000871
0.372061 -0.150119 -0.005056
0.425585 -0.227179 -0.009447
0.476598 -0.305775 -0.014091
0.525055 -0.383979 -0.018968
0.571411 -0.460223 -0.024047
0.616172 -0.532991 -0.029270
0.659646 -0.600824 -0.034557
0.702213 -0.662979 -0.039848
0.743762 -0.718804 -0.045032
0.784212 -0.768510 -0.050066
0.823107 -0.812423 -0.054876
0.860010 -0.851375 -0.059409
0.894396 -0.886214 -0.063642
0.925754 -0.917714 -0.067550
0.953751 -0.946536 -0.071125
0.978204 -0.973091 -0.074362
0.999100 -0.997530 -0.077256
1.016606 -1.019830 -0.079813
1.030939 -1.039760 -0.082026
1.042433 -1.057120 -0.083902
1.051353 -1.071610 -0.085435
1.058002 -1.083074 -0.086629
1.062592 -1.091351 -0.087483
1.065230 -1.096245 -0.087987
1.066295 -1.098256 -0.088194
VECTORS q1 float
-0.223350 -0.742624 -0.631367
-0.221555 -0.742603 -0.632023
-0.216091 -0.742521 -0.634009
-0.206829 -0.742305 -0.637342
-0.193637 -0.741828 -0.642025
-0.176242 -0.740912 -0.648065
-0.154350 -0.739318 -0.655428
-0.127655 -0.736743 -0.664013
-0.096366 -0.732857 -0.673523
-0.059833 -0.727238 -0.683772
-0.018016 -0.719451 -0.694309
0.029131 -0.709035 -0.704571
0.081952 -0.695439 -0.713896
0.140604 -0.678079 -0.721414
0.204288 -0.656591 -0.726054
0.272858 -0.630449 -0.726693
0.345140 -0.599475 -0.722156
0.419758 -0.563681 -0.711384
0.495036 -0.523375 -0.693555
0.568925 -0.479293 -0.668283
0.639887 -0.432168 -0.635433
0.705752 -0.383464 -0.595710
0.765214 -0.334475 -0.550068
0.817457 -0.286436 -0.499718
0.861920 -0.240665 -0.446288
0.898736 -0.198047 -0.391217
0.928198 -0.159437 -0.336196
0.950931 -0.125408 -0.282847
0.967898 -0.096040 -0.232270
0.980016 -0.071368 -0.185674
0.988249 -0.051205 -0.144023
0.993560 -0.035079 -0.107744
0.996752 -0.022562 -0.077302
0.998522 -0.013115 -0.052747
0.999386 -0.006393 -0.034446
0.999758 -0.001858 -0.021900
0.999886 0.000742 -0.015105
0.999907 0.001684 -0.013567
0.999857 0.001107 -0.016896
0.999695 -0.000947 -0.024660
0.999331 -0.004465 -0.036312
0.998638 -0.009487 -0.051313
0.997480 -0.016062 -0.069105
0.995705 -0.024323 -0.089335
0.993199 -0.034222 -0.111287
0.989823 -0.045873 -0.134706
0.985483 -0.059241 -0.159105
0.980073 -0.074346 -0.184203
0.973438 -0.091319 -0.209953
0.965475 -0.110138 -0.236068
0.955993 -0.130952 -0.262544
0.944762 -0.153933 -0.289360
0.931530 -0.179236 -0.316427
0.915999 -0.207036 -0.343632
0.897852 -0.237460 -0.370775
0.876756 -0.270598 -0.397588
0.852465 -0.306332 -0.423632
0.824794 -0.344426 -0.448425
0.793681 -0.384464 -0.471442
0.759228 -0.425853 -0.492161
0.721733 -0.467843 -0.510122
0.681700 -0.509589 -0.524981
0.639458 -0.550561 -0.536633
0.596120 -0.589639 -0.544947
0.551739 -0.626837 -0.550145
0.508027 -0.660898 -0.552379
0.464461 -0.692495 -0.552021
0.421680 -0.721381 -0.549359
0.380675 -0.747176 -0.544806
0.341309 -0.770280 -0.538681
0.302791 -0.791377 -0.531074
0.266046 -0.810135 -0.522400
0.230077 -0.827233 -0.512592
0.194737 -0.842821 -0.501727
0.159880 -0.857012 -0.489866
0.125810 -0.869711 -0.477257
0.091661 -0.881266 -0.463647
0.057910 -0.891472 -0.449360
0.024759 -0.900266 -0.434635
-0.007446 -0.907581 -0.419812
-0.038198 -0.913370 -0.405334
-0.067210 -0.917708 -0.391528
-0.093050 -0.920580 -0.379307
-0.115558 -0.922281 -0.368842
-0.133674 -0.923060 -0.360682
-0.146503 -0.923262 -0.355139
-0.153780 -0.923246 -0.352091
-0.155000 -0.923305 -0.351402
-0.150008 -0.923644 -0.352675
-0.138875 -0.924353 -0.355365
-0.121859 -0.925411 -0.358837
-0.099347 -0.926703 -0.362425
-0.072080 -0.928052 -0.365410
-0.039821 -0.929247 -0.367306
-0.003706 -0.930065 -0.367377
0.036415 -0.930258 -0.365095
0.079843 -0.929593 -0.359837
0.126970 -0.927743 -0.350957
0.177026 -0.924417 -0.337808
0.230997 -0.919031 -0.319410
0.286910 -0.911296 -0.295334
0.344552 -0.900622 -0.264886
0.402522 -0.886593 -0.227880
0.459747 -0.868732 -0.184222
0.514759 -0.846754 -0.134276
0.565239 -0.821081 -0.079569
0.609738 -0.792306 -0.021690
0.647187 -0.761411 0.037449
0.677103 -0.729609 0.095922
0.699644 -0.698117 0.152086
0.715323 -0.668233 0.204396
0.725249 -0.640594 0.252296
0.730463 -0.615837 0.295245
0.732125 -0.593952 0.333487
0.731212 -0.574666 0.367543
0.728471 -0.557619 0.397984
0.724458 -0.542355 0.425454
0.719569 -0.528505 0.450448
0.714097 -0.515797 0.473306
0.708292 -0.504096 0.494176
0.702399 -0.493420 0.513002
0.696662 -0.483820 0.529698
0.691335 -0.475458 0.544055
0.686641 -0.468424 0.555970
0.682790 -0.462866 0.565290
0.679926 -0.458834 0.571990
0.678171 -0.456414 0.575995
0.677579 -0.455602 0.577334
VECTORS q2 float
-0.211474 0.669220 -0.712337
-0.212481 0.669321 -0.711942
-0.215431 0.669607 -0.710785
-0.220068 0.670032 -0.708962
-0.225979 0.670540 -0.706619
-0.232719 0.671069 -0.703923
-0.239774 0.671575 -0.701067
-0.246590 0.672044 -0.698248
-0.252467 0.672540 -0.695665
-0.256933 0.673139 -0.693447
-0.259472 0.673995 -0.691669
-0.259698 0.675296 -0.690313
-0.257367 0.677243 -0.689278
-0.252353 0.680042 -0.688376
-0.244728 0.683888 -0.687318
-0.234570 0.688961 -0.685791
-0.222125 0.695404 -0.683428
-0.207666 0.703341 -0.679843
-0.191496 0.712876 -0.674639
-0.173999 0.724062 -0.667427
-0.155464 0.736984 -0.657788
-0.136441 0.751543 -0.645420
-0.117369 0.767637 -0.630046
-0.098698 0.785092 -0.611465
-0.080966 0.803557 -0.589695
-0.064589 0.822669 -0.564840
-0.050013 0.841885 -0.537334
-0.037563 0.860617 -0.507865
-0.027339 0.878406 -0.477132
-0.019370 0.894748 -0.446152
-0.013519 0.909249 -0.416032
-0.009497 0.921747 -0.387677
-0.006987 0.932099 -0.362135
-0.005619 0.940344 -0.340179
-0.005074 0.946431 -0.322866
-0.005033 0.950589 -0.310412
-0.005291 0.952841 -0.303424
-0.005702 0.953318 -0.301915
-0.006223 0.952052 -0.305872
-0.006874 0.949024 -0.315128
-0.007745 0.944208 -0.329260
-0.008962 0.937548 -0.347740
-0.010669 0.928999 -0.369927
-0.013035 0.918439 -0.395349
-0.016181 0.905979 -0.423013
-0.020257 0.891555 -0.452459
-0.025347 0.875304 -0.482908
-0.031538 0.857316 -0.513823
-0.038963 0.837564 -0.544948
-0.047661 0.816241 -0.575742
-0.057751 0.793366 -0.606000
-0.069344 0.768988 -0.635491
-0.082514 0.743241 -0.663916
-0.097310 0.716309 -0.690964
-0.113708 0.688483 -0.716284
-0.131624 0.660123 -0.739535
-0.150837 0.631754 -0.760352
-0.171056 0.603914 -0.778478
-0.191918 0.577149 -0.793767
-0.213013 0.551964 -0.806202
-0.233917 0.528769 -0.815896
-0.254243 0.507833 -0.823083
-0.273854 0.489100 -0.828122
-0.292409 0.472676 -0.831309
-0.310157 0.458112 -0.833029
-0.326774 0.445476 -0.833529
-0.342824 0.434140 -0.833063
-0.358421 0.423909 -0.831767
-0.373495 0.414731 -0.829759
-0.388277 0.406375 -0.827104
-0.403111 0.398589 -0.823789
-0.417543 0.391604 -0.819942
-0.431695 0.385307 -0.815584
-0.445209 0.379840 -0.810871
-0.457585 0.375370 -0.806048
-0.468081 0.372123 -0.801514
-0.476292 0.370094 -0.797606
-0.481452 0.369374 -0.794838
-0.482964 0.369893 -0.793678
-0.480335 0.371464 -0.794539
-0.473215 0.373798 -0.797711
-0.461325 0.376533 -0.803369
-0.445008 0.379244 -0.811259
-0.424120 0.381592 -0.821286
-0.399312 0.383264 -0.832862
-0.371463 0.384085 -0.845277
-0.340507 0.384018 -0.858245
-0.307396 0.383118 -0.871050
-0.272628 0.381525 -0.883240
-0.236517 0.379417 -0.894485
-0.199140 0.376976 -0.904562
-0.160309 0.374375 -0.913315
-0.120088 0.371773 -0.920523
-0.076922 0.369358 -0.926098
-0.031327 0.367307 -0.929572
0.017606 0.365878 -0.930496
0.069296 0.365292 -0.928310
0.123982 0.365890 -0.922363
0.180136 0.367864 -0.912265
0.237890 0.371674 -0.897367
0.294288 0.377234 -0.878117
0.348468 0.384703 -0.854736
0.398981 0.393965 -0.828013
0.445266 0.404986 -0.798577
0.487004 0.417696 -0.767045
0.523743 0.431716 -0.734381
0.555754 0.446886 -0.701021
0.583421 0.463082 -0.667214
0.607151 0.480231 -0.633044
0.627301 0.498290 -0.598498
0.644068 0.516997 -0.563818
0.657693 0.536248 -0.529035
0.668316 0.555539 -0.494702
0.676172 0.574500 -0.461239
0.681543 0.592717 -0.429170
0.684782 0.609737 -0.399118
0.686295 0.625248 -0.371569
0.686513 0.639023 -0.346913
0.685844 0.650975 -0.325345
0.684641 0.661127 -0.306884
0.683200 0.669555 -0.291435
0.681716 0.676432 -0.278752
0.680346 0.681895 -0.268604
0.679161 0.686133 -0.260696
0.678221 0.689265 -0.254815
0.677536 0.691427 -0.250745
0.677129 0.692683 -0.248368
0.676991 0.693098 -0.247583
VECTORS q3 float
0.951522 -0.025583 -0.306516
0.951717 -0.023441 -0.306081
0.952310 -0.017009 -0.304658
0.953306 -0.006376 -0.301939
0.954693 0.008257 -0.297479
0.956442 0.026756 -0.290694
0.958480 0.048945 -0.280927
0.960676 0.074604 -0.267463
0.962795 0.103004 -0.249833
0.964575 0.134193 -0.227127
0.965583 0.167692 -0.198820
0.965250 0.203085 -0.164463
0.962832 0.240221 -0.123481
0.957365 0.278840 -0.075499
0.947826 0.318096 -0.020976
0.933020 0.357584 0.040104
0.911888 0.396287 0.106853
0.883560 0.433100 0.178176
0.847507 0.466784 0.252675
0.803772 0.495996 0.328540
0.752579 0.519697 0.404400
0.695197 0.536785 0.478082
0.632987 0.546681 0.548149
0.567471 0.549168 0.613508
0.500537 0.544404 0.673117
0.433707 0.532910 0.726571
0.368709 0.515567 0.773463
0.307114 0.493570 0.813677
0.249851 0.468165 0.847582
0.197972 0.440833 0.875485
0.152256 0.413090 0.897872
0.112912 0.386203 0.915477
0.080224 0.361499 0.928915
0.054061 0.339972 0.938880
0.034665 0.322842 0.945818
0.021395 0.310447 0.950350
0.014167 0.303470 0.952736
0.012425 0.301964 0.953238
0.015747 0.305933 0.951923
0.023701 0.315202 0.948729
0.035757 0.329320 0.943541
0.051407 0.347726 0.936186
0.070141 0.369733 0.926487
0.091664 0.394815 0.914176
0.115300 0.421937 0.899264
0.140854 0.450583 0.881553
0.167873 0.479930 0.861095
0.196120 0.509393 0.837887
0.225613 0.538653 0.811758
0.256100 0.567116 0.782811
0.287650 0.594493 0.750889
0.320337 0.620453 0.715837
0.354179 0.644567 0.677562
0.389201 0.666361 0.635992
0.425361 0.685277 0.591155
0.462573 0.700724 0.543150
0.500551 0.712073 0.492342
0.538938 0.718790 0.439188
0.577267 0.720476 0.384287
0.614979 0.716927 0.328354
0.651447 0.708186 0.272194
0.686036 0.694569 0.216630
0.718399 0.676508 0.161986
0.747756 0.654907 0.109356
0.774201 0.630245 0.058340
0.796949 0.603958 0.010350
0.816546 0.576171 -0.035763
0.832898 0.547642 -0.079804
0.845924 0.519351 -0.121188
0.856008 0.491455 -0.160383
0.863608 0.463518 -0.198324
0.868837 0.436266 -0.234082
0.872183 0.408931 -0.268462
0.873995 0.381280 -0.301262
0.874674 0.353026 -0.332142
0.874684 0.324234 -0.360278
0.874496 0.293941 -0.385817
0.874557 0.262374 -0.407810
0.875290 0.229564 -0.425638
0.877053 0.195735 -0.438709
0.880119 0.161339 -0.446498
0.884682 0.126627 -0.448669
0.890679 0.093307 -0.444954
0.898203 0.061527 -0.435253
0.907018 0.032693 -0.419822
0.916816 0.008086 -0.399228
0.927581 -0.012091 -0.373426
0.938873 -0.026993 -0.343203
0.950353 -0.036344 -0.309043
0.961652 -0.040171 -0.271316
0.972365 -0.038770 -0.230224
0.982055 -0.032635 -0.185752
0.990143 -0.022470 -0.138246
0.996242 -0.008624 -0.086188
0.999502 0.008064 -0.030497
0.999182 0.027456 0.029701
0.994396 0.049184 0.093583
0.984128 0.073600 0.161481
0.967581 0.100643 0.231642
0.943424 0.131305 0.304484
0.911635 0.165027 0.376415
0.871696 0.202197 0.446388
0.823887 0.242374 0.512313
0.768356 0.285115 0.573008
0.705585 0.329450 0.627385
0.637337 0.373427 0.674058
0.565116 0.415385 0.712811
0.490683 0.453661 0.743924
0.415810 0.486876 0.768150
0.342039 0.514139 0.786556
0.271089 0.534957 0.800207
0.203604 0.549615 0.810227
0.140635 0.558678 0.817374
0.082366 0.563180 0.822219
0.028780 0.564311 0.825061
-0.020110 0.563278 0.826023
-0.064492 0.561173 0.825182
-0.104501 0.558866 0.822647
-0.140299 0.556942 0.818616
-0.172014 0.555696 0.813396
-0.199683 0.555187 0.807400
-0.223439 0.555300 0.801072
-0.243278 0.555841 0.794894
-0.259353 0.556598 0.789262
-0.271689 0.557377 0.784548
-0.280439 0.558032 0.780996
-0.285624 0.558459 0.778809
-0.287350 0.558607 0.778067
