# vtk DataFile Version 2.0
VTK example
ASCII
DATASET UNSTRUCTURED_GRID
POINTS  128  float
-0.000252 -0.000094 -0.000158
-0.000244 -0.000096 -0.000162
-0.000236 -0.000098 -0.000166
-0.000228 -0.000100 -0.000170
-0.000221 -0.000102 -0.000174
-0.000213 -0.000104 -0.000178
-0.000205 -0.000105 -0.000182
-0.000197 -0.000107 -0.000186
-0.000188 -0.000108 -0.000190
-0.000180 -0.000109 -0.000194
-0.000172 -0.000110 -0.000197
-0.000164 -0.000110 -0.000201
-0.000155 -0.000111 -0.000204
-0.000147 -0.000111 -0.000207
-0.000138 -0.000110 -0.000209
-0.000129 -0.000109 -0.000212
-0.000120 -0.000108 -0.000214
-0.000112 -0.000107 -0.000215
-0.000103 -0.000105 -0.000216
-0.000094 -0.000102 -0.000217
-0.000085 -0.000100 -0.000216
-0.000077 -0.000097 -0.000216
-0.000069 -0.000093 -0.000214
-0.000061 -0.000090 -0.000213
-0.000053 -0.000086 -0.000210
-0.000046 -0.000081 -0.000207
-0.000039 -0.000077 -0.000203
-0.000032 -0.000072 -0.000198
-0.000027 -0.000068 -0.000193
-0.000022 -0.000063 -0.000187
-0.000017 -0.000058 -0.000181
-0.000013 -0.000054 -0.000174
-0.000009 -0.000049 -0.000167
-0.000006 -0.000045 -0.000160
-0.000004 -0.000040 -0.000153
-0.000001 -0.000036 -0.000145
0.000001 -0.000032 -0.000137
0.000002 -0.000028 -0.000129
0.000004 -0.000024 -0.000121
0.000005 -0.000020 -0.000113
0.000006 -0.000016 -0.000105
0.000007 -0.000012 -0.000097
0.000008 -0.000008 -0.000089
0.000008 -0.000004 -0.000080
0.000009 -0.000001 -0.000072
0.000009 0.000003 -0.000064
0.000010 0.000007 -0.000056
0.000011 0.000011 -0.000048
0.000011 0.000014 -0.000039
0.000012 0.000018 -0.000031
0.000013 0.000022 -0.000023
0.000013 0.000026 -0.000015
0.000014 0.000030 -0.000007
0.000015 0.000034 0.000001
0.000017 0.000038 0.000009
0.000018 0.000042 0.000017
0.000019 0.000046 0.000025
0.000021 0.000051 0.000033
0.000023 0.000056 0.000040
0.000026 0.000061 0.000047
0.000028 0.000066 0.000054
0.000031 0.000072 0.000061
0.000034 0.000077 0.000067
0.000038 0.000083 0.000072
0.000042 0.000090 0.000077
0.000047 0.000096 0.000082
0.000051 0.000103 0.000086
0.000057 0.000110 0.000089
0.000062 0.000116 0.000091
0.000068 0.000123 0.000093
0.000075 0.000129 0.000093
0.000082 0.000135 0.000094
0.000088 0.000141 0.000093
0.000096 0.000147 0.000092
0.000103 0.000152 0.000091
0.000110 0.000156 0.000089
0.000118 0.000161 0.000086
0.000125 0.000165 0.000084
0.000133 0.000169 0.000081
0.000141 0.000172 0.000077
0.000149 0.000175 0.000074
0.000156 0.000178 0.000070
0.000164 0.000180 0.000066
0.000172 0.000182 0.000062
0.000180 0.000184 0.000058
0.000188 0.000185 0.000054
0.000196 0.000187 0.000050
0.000204 0.000187 0.000046
0.000212 0.000188 0.000042
0.000220 0.000188 0.000038
0.000228 0.000188 0.000034
0.000236 0.000188 0.000030
0.000245 0.000188 0.000026
0.000253 0.000187 0.000023
0.000261 0.000187 0.000019
0.000270 0.000186 0.000016
0.000279 0.000185 0.000014
0.000287 0.000185 0.000011
0.000296 0.000184 0.000009
0.000305 0.000183 0.000008
0.000314 0.000183 0.000006
0.000323 0.000183 0.000005
0.000332 0.000183 0.000005
0.000341 0.000184 0.000005
0.000350 0.000185 0.000006
0.000359 0.000187 0.000007
0.000368 0.000188 0.000008
0.000376 0.000191 0.000010
0.000384 0.000194 0.000013
0.000392 0.000197 0.000016
0.000399 0.000201 0.000020
0.000406 0.000205 0.000024
0.000413 0.000210 0.000028
0.000418 0.000215 0.000033
0.000424 0.000221 0.000038
0.000428 0.000227 0.000043
0.000432 0.000232 0.000049
0.000436 0.000239 0.000054
0.000439 0.000245 0.000060
0.000441 0.000251 0.000066
0.000443 0.000257 0.000073
0.000445 0.000263 0.000079
0.000447 0.000269 0.000086
0.000448 0.000275 0.000092
0.000450 0.000281 0.000099
0.000451 0.000287 0.000106
0.000452 0.000292 0.000113
0.000453 0.000298 0.000120
CELLS  127 381
2 0 1 
2 1 2 
2 2 3 
2 3 4 
2 4 5 
2 5 6 
2 6 7 
2 7 8 
2 8 9 
2 9 10 
2 10 11 
2 11 12 
2 12 13 
2 13 14 
2 14 15 
2 15 16 
2 16 17 
2 17 18 
2 18 19 
2 19 20 
2 20 21 
2 21 22 
2 22 23 
2 23 24 
2 24 25 
2 25 26 
2 26 27 
2 27 28 
2 28 29 
2 29 30 
2 30 31 
2 31 32 
2 32 33 
2 33 34 
2 34 35 
2 35 36 
2 36 37 
2 37 38 
2 38 39 
2 39 40 
2 40 41 
2 41 42 
2 42 43 
2 43 44 
2 44 45 
2 45 46 
2 46 47 
2 47 48 
2 48 49 
2 49 50 
2 50 51 
2 51 52 
2 52 53 
2 53 54 
2 54 55 
2 55 56 
2 56 57 
2 57 58 
2 58 59 
2 59 60 
2 60 61 
2 61 62 
2 62 63 
2 63 64 
2 64 65 
2 65 66 
2 66 67 
2 67 68 
2 68 69 
2 69 70 
2 70 71 
2 71 72 
2 72 73 
2 73 74 
2 74 75 
2 75 76 
2 76 77 
2 77 78 
2 78 79 
2 79 80 
2 80 81 
2 81 82 
2 82 83 
2 83 84 
2 84 85 
2 85 86 
2 86 87 
2 87 88 
2 88 89 
2 89 90 
2 90 91 
2 91 92 
2 92 93 
2 93 94 
2 94 95 
2 95 96 
2 96 97 
2 97 98 
2 98 99 
2 99 100 
2 100 101 
2 101 102 
2 102 103 
2 103 104 
2 104 105 
2 105 106 
2 106 107 
2 107 108 
2 108 109 
2 109 110 
2 110 111 
2 111 112 
2 112 113 
2 113 114 
2 114 115 
2 115 116 
2 116 117 
2 117 118 
2 118 119 
2 119 120 
2 120 121 
2 121 122 
2 122 123 
2 123 124 
2 124 125 
2 125 126 
2 126 127 
CELL_TYPES  127
3
3
3
3
3
3
3
3
3
3
3
3
3
3
3
3
3
3
3
3
3
3
3
3
3
3
3
3
3
3
3
3
3
3
3
3
3
3
3
3
3
3
3
3
3
3
3
3
3
3
3
3
3
3
3
3
3
3
3
3
3
3
3
3
3
3
3
3
3
3
3
3
3
3
3
3
3
3
3
3
3
3
3
3
3
3
3
3
3
3
3
3
3
3
3
3
3
3
3
3
3
3
3
3
3
3
3
3
3
3
3
3
3
3
3
3
3
3
3
3
3
3
3
3
3
3
3
POINT_DATA  128
VECTORS Position float
-0.000252 -0.000094 -0.000158
-0.000244 -0.000096 -0.000162
-0.000236 -0.000098 -0.000166
-0.000228 -0.000100 -0.000170
-0.000221 -0.000102 -0.000174
-0.000213 -0.000104 -0.000178
-0.000205 -0.000105 -0.000182
-0.000197 -0.000107 -0.000186
-0.000188 -0.000108 -0.000190
-0.000180 -0.000109 -0.000194
-0.000172 -0.000110 -0.000197
-0.000164 -0.000110 -0.000201
-0.000155 -0.000111 -0.000204
-0.000147 -0.000111 -0.000207
-0.000138 -0.000110 -0.000209
-0.000129 -0.000109 -0.000212
-0.000120 -0.000108 -0.000214
-0.000112 -0.000107 -0.000215
-0.000103 -0.000105 -0.000216
-0.000094 -0.000102 -0.000217
-0.000085 -0.000100 -0.000216
-0.000077 -0.000097 -0.000216
-0.000069 -0.000093 -0.000214
-0.000061 -0.000090 -0.000213
-0.000053 -0.000086 -0.000210
-0.000046 -0.000081 -0.000207
-0.000039 -0.000077 -0.000203
-0.000032 -0.000072 -0.000198
-0.000027 -0.000068 -0.000193
-0.000022 -0.000063 -0.000187
-0.000017 -0.000058 -0.000181
-0.000013 -0.000054 -0.000174
-0.000009 -0.000049 -0.000167
-0.000006 -0.000045 -0.000160
-0.000004 -0.000040 -0.000153
-0.000001 -0.000036 -0.000145
0.000001 -0.000032 -0.000137
0.000002 -0.000028 -0.000129
0.000004 -0.000024 -0.000121
0.000005 -0.000020 -0.000113
0.000006 -0.000016 -0.000105
0.000007 -0.000012 -0.000097
0.000008 -0.000008 -0.000089
0.000008 -0.000004 -0.000080
0.000009 -0.000001 -0.000072
0.000009 0.000003 -0.000064
0.000010 0.000007 -0.000056
0.000011 0.000011 -0.000048
0.000011 0.000014 -0.000039
0.000012 0.000018 -0.000031
0.000013 0.000022 -0.000023
0.000013 0.000026 -0.000015
0.000014 0.000030 -0.000007
0.000015 0.000034 0.000001
0.000017 0.000038 0.000009
0.000018 0.000042 0.000017
0.000019 0.000046 0.000025
0.000021 0.000051 0.000033
0.000023 0.000056 0.000040
0.000026 0.000061 0.000047
0.000028 0.000066 0.000054
0.000031 0.000072 0.000061
0.000034 0.000077 0.000067
0.000038 0.000083 0.000072
0.000042 0.000090 0.000077
0.000047 0.000096 0.000082
0.000051 0.000103 0.000086
0.000057 0.000110 0.000089
0.000062 0.000116 0.000091
0.000068 0.000123 0.000093
0.000075 0.000129 0.000093
0.000082 0.000135 0.000094
0.000088 0.000141 0.000093
0.000096 0.000147 0.000092
0.000103 0.000152 0.000091
0.000110 0.000156 0.000089
0.000118 0.000161 0.000086
0.000125 0.000165 0.000084
0.000133 0.000169 0.000081
0.000141 0.000172 0.000077
0.000149 0.000175 0.000074
0.000156 0.000178 0.000070
0.000164 0.000180 0.000066
0.000172 0.000182 0.000062
0.000180 0.000184 0.000058
0.000188 0.000185 0.000054
0.000196 0.000187 0.000050
0.000204 0.000187 0.000046
0.000212 0.000188 0.000042
0.000220 0.000188 0.000038
0.000228 0.000188 0.000034
0.000236 0.000188 0.000030
0.000245 0.000188 0.000026
0.000253 0.000187 0.000023
0.000261 0.000187 0.000019
0.000270 0.000186 0.000016
0.000279 0.000185 0.000014
0.000287 0.000185 0.000011
0.000296 0.000184 0.000009
0.000305 0.000183 0.000008
0.000314 0.000183 0.000006
0.000323 0.000183 0.000005
0.000332 0.000183 0.000005
0.000341 0.000184 0.000005
0.000350 0.000185 0.000006
0.000359 0.000187 0.000007
0.000368 0.000188 0.000008
0.000376 0.000191 0.000010
0.000384 0.000194 0.000013
0.000392 0.000197 0.000016
0.000399 0.000201 0.000020
0.000406 0.000205 0.000024
0.000413 0.000210 0.000028
0.000418 0.000215 0.000033
0.000424 0.000221 0.000038
0.000428 0.000227 0.000043
0.000432 0.000232 0.000049
0.000436 0.000239 0.000054
0.000439 0.000245 0.000060
0.000441 0.000251 0.000066
0.000443 0.000257 0.000073
0.000445 0.000263 0.000079
0.000447 0.000269 0.000086
0.000448 0.000275 0.000092
0.000450 0.000281 0.000099
0.000451 0.000287 0.000106
0.000452 0.000292 0.000113
0.000453 0.000298 0.000120
VECTORS Rotation float
0.838857 -0.229978 -2.054111
0.838685 -0.228246 -2.053519
0.838191 -0.223058 -2.051689
0.837414 -0.214515 -2.048473
0.836391 -0.202800 -2.043638
0.835196 -0.188001 -2.036833
0.833891 -0.170188 -2.027678
0.832506 -0.149392 -2.015823
0.830927 -0.126008 -2.001219
0.829148 -0.099780 -1.983523
0.827014 -0.070904 -1.962729
0.824355 -0.039584 -1.938822
0.821006 -0.005831 -1.911554
0.816745 0.030258 -1.880604
0.811260 0.068109 -1.845911
0.804221 0.107716 -1.806793
0.795199 0.148690 -1.762846
0.783696 0.190744 -1.713555
0.769153 0.233570 -1.658414
0.750996 0.276691 -1.597121
0.728549 0.319819 -1.529004
0.701352 0.362013 -1.454243
0.668974 0.402438 -1.372750
0.631146 0.440102 -1.284604
0.588069 0.473728 -1.190616
0.540195 0.502208 -1.091621
0.488700 0.524432 -0.989487
0.435283 0.539685 -0.886645
0.381618 0.547863 -0.785160
0.329705 0.549341 -0.687709
0.281276 0.545057 -0.596611
0.237251 0.536283 -0.512958
0.198319 0.524468 -0.437779
0.164445 0.510953 -0.371005
0.135884 0.497191 -0.313450
0.111688 0.483904 -0.263531
0.091814 0.472048 -0.221646
0.075368 0.461782 -0.186276
0.062070 0.453362 -0.157200
0.051326 0.446602 -0.133372
0.042829 0.441332 -0.114322
0.036256 0.437286 -0.099466
0.031336 0.434200 -0.088286
0.027804 0.431835 -0.080234
0.025520 0.430081 -0.075036
0.024329 0.428878 -0.072373
0.024145 0.428271 -0.072079
0.024913 0.428373 -0.074057
0.026619 0.429365 -0.078304
0.029263 0.431494 -0.084846
0.032890 0.435086 -0.093791
0.037567 0.440537 -0.105281
0.043386 0.448287 -0.119479
0.050493 0.458820 -0.136609
0.059103 0.472628 -0.156984
0.069554 0.490207 -0.181080
0.082306 0.511932 -0.209498
0.098021 0.538042 -0.243079
0.117587 0.568519 -0.282898
0.142151 0.603002 -0.330258
0.173106 0.640682 -0.386649
0.212022 0.680227 -0.453641
0.260907 0.720043 -0.533312
0.320673 0.757371 -0.626121
0.393083 0.789962 -0.733928
0.475567 0.814199 -0.853040
0.567675 0.828114 -0.983248
0.664412 0.829627 -1.118806
0.758313 0.818282 -1.251070
0.844740 0.795113 -1.374968
0.921718 0.761518 -1.488568
0.985390 0.720979 -1.586654
1.037532 0.675348 -1.671259
1.079135 0.627055 -1.743057
1.111763 0.578097 -1.803425
1.136760 0.530563 -1.853320
1.156345 0.484228 -1.895526
1.171474 0.440163 -1.930801
1.183190 0.398483 -1.960285
1.192298 0.359013 -1.984888
1.199400 0.321397 -2.005282
1.204992 0.284752 -2.022142
1.209295 0.249548 -2.035329
1.212641 0.214555 -2.045312
1.215223 0.179975 -2.051988
1.217263 0.146180 -2.055277
1.218945 0.112505 -2.055186
1.220496 0.079717 -2.051596
1.222135 0.048327 -2.044403
1.224079 0.018952 -2.033510
1.226533 -0.007727 -2.018849
1.229677 -0.031026 -2.000387
1.233674 -0.050058 -1.978387
1.238551 -0.064755 -1.952379
1.244369 -0.074336 -1.923133
1.251052 -0.078642 -1.890501
1.258502 -0.077447 -1.855132
1.266518 -0.070639 -1.816841
1.274906 -0.058264 -1.776325
1.283303 -0.039971 -1.732712
1.291499 -0.016232 -1.687220
1.299101 0.013145 -1.639387
1.305746 0.047956 -1.589362
1.310915 0.088282 -1.536720
1.313996 0.134067 -1.481078
1.314557 0.184451 -1.422809
1.312010 0.238827 -1.361696
1.305766 0.296308 -1.297562
1.295239 0.355776 -1.230189
1.279833 0.415951 -1.159264
1.259289 0.474995 -1.084958
1.233108 0.531536 -1.006833
1.201592 0.583544 -0.925572
1.165057 0.629597 -0.841632
1.124293 0.668504 -0.755978
1.080773 0.699348 -0.670348
1.036216 0.721812 -0.586677
0.992614 0.736073 -0.507200
0.951783 0.742841 -0.433936
0.915163 0.743232 -0.368487
0.883754 0.738651 -0.311981
0.857808 0.730631 -0.264678
0.837315 0.720755 -0.226549
0.821717 0.710440 -0.196889
0.810505 0.701000 -0.175042
0.802984 0.693440 -0.160098
0.798727 0.688600 -0.151479
0.797339 0.686926 -0.148651
VECTORS ControlForce float
-0.000000 0.000000 0.000000
0.000013 -0.000124 0.000087
0.000004 -0.000255 0.000168
-0.000013 -0.000362 0.000235
-0.000019 -0.000413 0.000286
-0.000000 -0.000395 0.000330
0.000045 -0.000322 0.000376
0.000106 -0.000231 0.000423
0.000177 -0.000149 0.000461
0.000228 -0.000121 0.000486
0.000256 -0.000146 0.000498
0.000255 -0.000210 0.000497
0.000228 -0.000282 0.000493
0.000170 -0.000346 0.000491
0.000110 -0.000364 0.000493
0.000075 -0.000315 0.000506
0.000064 -0.000222 0.000523
0.000077 -0.000116 0.000540
0.000128 -0.000015 0.000553
0.000199 0.000046 0.000557
0.000297 0.000068 0.000553
0.000433 0.000071 0.000530
0.000576 0.000057 0.000487
0.000708 0.000045 0.000425
0.000803 0.000053 0.000350
0.000852 0.000099 0.000266
0.000841 0.000183 0.000177
0.000772 0.000302 0.000082
0.000632 0.000418 -0.000002
0.000449 0.000519 -0.000077
0.000251 0.000580 -0.000140
0.000049 0.000562 -0.000173
-0.000119 0.000488 -0.000187
-0.000240 0.000374 -0.000190
-0.000326 0.000223 -0.000185
-0.000384 0.000049 -0.000160
-0.000421 -0.000123 -0.000128
-0.000441 -0.000265 -0.000085
-0.000448 -0.000362 -0.000041
-0.000439 -0.000394 -0.000004
-0.000414 -0.000368 0.000022
-0.000376 -0.000307 0.000044
-0.000325 -0.000220 0.000057
-0.000260 -0.000118 0.000064
-0.000184 -0.000015 0.000064
-0.000106 0.000072 0.000063
-0.000035 0.000140 0.000062
0.000021 0.000211 0.000045
0.000057 0.000286 0.000024
0.000074 0.000360 0.000008
0.000080 0.000428 0.000007
0.000087 0.000483 0.000028
0.000109 0.000524 0.000062
0.000156 0.000553 0.000096
0.000228 0.000554 0.000134
0.000312 0.000499 0.000189
0.000392 0.000384 0.000254
0.000453 0.000214 0.000315
0.000486 0.000014 0.000356
0.000486 -0.000200 0.000369
0.000450 -0.000412 0.000357
0.000371 -0.000615 0.000327
0.000254 -0.000778 0.000277
0.000104 -0.000880 0.000204
-0.000072 -0.000910 0.000113
-0.000267 -0.000870 0.000005
-0.000444 -0.000741 -0.000109
-0.000597 -0.000562 -0.000218
-0.000707 -0.000349 -0.000335
-0.000746 -0.000112 -0.000447
-0.000704 0.000123 -0.000530
-0.000601 0.000325 -0.000583
-0.000469 0.000442 -0.000596
-0.000315 0.000483 -0.000569
-0.000146 0.000462 -0.000518
0.000038 0.000408 -0.000454
0.000216 0.000337 -0.000370
0.000355 0.000237 -0.000282
0.000443 0.000130 -0.000202
0.000469 0.000018 -0.000136
0.000431 -0.000083 -0.000081
0.000347 -0.000138 -0.000025
0.000211 -0.000162 0.000016
0.000047 -0.000137 0.000055
-0.000137 -0.000087 0.000081
-0.000331 -0.000038 0.000082
-0.000493 0.000037 0.000087
-0.000616 0.000110 0.000092
-0.000684 0.000180 0.000097
-0.000689 0.000242 0.000103
-0.000638 0.000275 0.000105
-0.000533 0.000305 0.000108
-0.000392 0.000320 0.000109
-0.000246 0.000324 0.000121
-0.000118 0.000303 0.000131
-0.000023 0.000281 0.000137
0.000025 0.000230 0.000134
0.000026 0.000148 0.000130
0.000000 0.000065 0.000136
-0.000028 0.000016 0.000164
-0.000046 -0.000016 0.000192
-0.000040 -0.000025 0.000212
0.000000 -0.000017 0.000224
0.000081 0.000013 0.000235
0.000198 0.000041 0.000245
0.000353 0.000081 0.000240
0.000525 0.000098 0.000211
0.000699 0.000091 0.000155
0.000853 0.000052 0.000078
0.000970 -0.000021 -0.000010
0.001040 -0.000082 -0.000106
0.001050 -0.000115 -0.000203
0.000994 -0.000102 -0.000297
0.000874 -0.000074 -0.000370
0.000701 -0.000024 -0.000416
0.000491 0.000049 -0.000436
0.000254 0.000158 -0.000444
0.000005 0.000275 -0.000443
-0.000243 0.000378 -0.000434
-0.000479 0.000461 -0.000426
-0.000683 0.000508 -0.000416
-0.000828 0.000495 -0.000393
-0.000897 0.000438 -0.000358
-0.000884 0.000361 -0.000317
-0.000784 0.000281 -0.000269
-0.000591 0.000194 -0.000201
-0.000316 0.000097 -0.000108
-0.000000 -0.000000 -0.000000
VECTORS ControlTorque float
-0.000001 0.000000 -0.000001
-0.000001 0.000001 -0.000001
-0.000001 0.000001 -0.000001
-0.000001 0.000001 -0.000001
-0.000001 0.000001 -0.000001
-0.000000 0.000001 -0.000001
-0.000001 0.000001 -0.000001
-0.000000 0.000001 -0.000001
-0.000000 0.000001 -0.000001
-0.000000 0.000001 -0.000001
-0.000000 0.000001 -0.000001
-0.000000 0.000001 -0.000001
-0.000000 0.000002 -0.000001
-0.000000 0.000001 -0.000000
-0.000000 0.000002 -0.000001
-0.000000 0.000002 -0.000001
-0.000000 0.000002 -0.000001
-0.000000 0.000002 -0.000001
-0.000000 0.000002 -0.000000
-0.000001 0.000002 -0.000001
-0.000000 0.000002 -0.000000
-0.000000 0.000002 -0.000000
-0.000001 0.000001 -0.000000
-0.000000 0.000001 0.000000
-0.000001 0.000001 0.000000
-0.000000 0.000000 0.000001
-0.000000 -0.000001 0.000001
-0.000000 -0.000001 0.000001
-0.000000 -0.000001 0.000001
0.000000 -0.000002 0.000001
0.000000 -0.000002 0.000001
0.000001 -0.000002 0.000001
0.000001 -0.000002 0.000001
0.000001 -0.000003 0.000001
0.000001 -0.000001 0.000001
0.000002 -0.000003 0.000001
0.000001 -0.000001 0.000001
0.000001 -0.000002 0.000001
0.000001 -0.000001 0.000001
0.000001 -0.000002 0.000001
0.000001 -0.000001 0.000001
0.000000 -0.000001 0.000001
0.000000 -0.000001 0.000000
0.000000 -0.000001 0.000000
0.000000 -0.000001 0.000000
0.000000 -0.000001 0.000000
0.000000 -0.000001 0.000000
0.000000 -0.000001 0.000000
0.000000 -0.000001 0.000000
0.000001 -0.000001 0.000000
0.000001 -0.000001 0.000000
0.000001 -0.000001 0.000000
0.000001 -0.000001 0.000000
0.000001 -0.000001 0.000000
0.000002 -0.000001 0.000000
0.000002 -0.000001 0.000000
0.000002 -0.000001 0.000000
0.000002 -0.000002 0.000000
0.000002 -0.000002 0.000000
0.000002 -0.000002 0.000001
0.000002 -0.000002 0.000001
0.000002 -0.000002 0.000001
0.000000 -0.000001 0.000001
0.000002 -0.000003 0.000002
-0.000001 0.000000 0.000001
0.000001 -0.000002 0.000002
-0.000000 -0.000001 0.000002
-0.000002 0.000001 0.000001
-0.000002 0.000001 0.000001
0.000000 -0.000000 0.000002
-0.000003 0.000003 -0.000000
-0.000001 0.000001 0.000001
-0.000001 0.000002 -0.000000
-0.000001 0.000002 -0.000000
-0.000002 0.000003 -0.000002
-0.000000 0.000001 0.000000
-0.000001 0.000002 -0.000001
-0.000001 0.000002 -0.000001
-0.000001 0.000001 -0.000001
-0.000001 0.000001 -0.000001
-0.000000 0.000001 0.000000
-0.000001 0.000002 -0.000001
0.000000 0.000001 0.000001
-0.000000 0.000001 -0.000000
-0.000001 0.000001 -0.000001
0.000000 0.000001 0.000001
-0.000000 0.000001 -0.000000
-0.000000 0.000001 -0.000000
-0.000000 0.000002 -0.000001
-0.000000 0.000002 -0.000001
-0.000000 0.000002 -0.000001
-0.000001 0.000001 -0.000002
-0.000000 0.000002 -0.000001
-0.000001 0.000001 -0.000002
-0.000000 0.000002 -0.000002
-0.000001 0.000001 -0.000002
-0.000000 0.000002 -0.000002
-0.000000 0.000000 -0.000002
-0.000000 0.000002 -0.000003
-0.000000 0.000000 -0.000002
-0.000000 0.000001 -0.000002
0.000000 0.000001 -0.000002
0.000000 0.000001 -0.000002
0.000000 0.000002 -0.000003
0.000000 0.000001 -0.000002
0.000000 0.000001 -0.000002
0.000000 0.000001 -0.000001
0.000000 0.000000 -0.000001
0.000000 0.000001 -0.000001
0.000000 -0.000000 0.000000
-0.000000 0.000000 -0.000000
-0.000000 -0.000001 0.000001
-0.000001 -0.000001 0.000001
-0.000001 -0.000001 0.000002
-0.000001 -0.000001 0.000002
-0.000001 -0.000001 0.000002
-0.000001 -0.000002 0.000002
-0.000001 -0.000002 0.000002
-0.000001 -0.000002 0.000002
-0.000001 -0.000002 0.000002
-0.000000 -0.000002 0.000002
0.000000 -0.000002 0.000002
0.000000 -0.000002 0.000001
0.000001 -0.000002 0.000001
0.000001 -0.000002 0.000001
0.000001 -0.000002 0.000001
0.000001 -0.000002 0.000001
0.000002 -0.000002 0.000001
VECTORS Curvature float
-46.510572 -105.343521 19.634109
-147.911822 -342.139094 62.044248
-314.658199 -757.353167 134.057623
-431.436239 -1119.450755 194.066612
-518.333394 -1501.014071 251.541494
-569.958187 -1903.738156 302.272101
-594.246960 -2360.114462 345.780329
-577.363400 -2777.529951 381.062155
-540.046509 -3203.843479 408.357259
-500.204098 -3686.732588 427.168643
-440.804294 -4109.847193 437.773499
-370.105584 -4536.407700 440.797756
-282.486365 -5027.948136 436.886339
-162.447092 -5460.157968 425.974436
-5.135673 -5888.177325 410.485126
189.027117 -6375.038397 389.908708
416.567182 -6832.313862 366.193831
669.633125 -7324.451345 340.191244
930.476725 -7781.268397 312.418836
1201.302619 -8280.752790 285.275258
1465.620769 -8753.748982 257.333677
1708.725500 -9103.173535 231.481779
1952.998639 -9450.022568 207.451062
2181.650646 -9685.392119 185.206859
2402.644128 -9819.034436 166.338756
2615.094712 -9851.723823 149.822025
2781.289458 -9657.735458 136.572193
2921.669659 -9350.208170 126.596055
3023.702216 -8945.350898 118.737063
3037.397728 -8348.605990 112.819783
2999.921711 -7717.109569 107.420856
2892.242809 -7046.420073 102.036860
2741.137516 -6403.524305 95.602699
2479.046023 -5647.365101 89.051221
2197.926343 -4957.581643 80.511055
1890.365810 -4303.814015 72.588906
1559.498259 -3645.519999 63.411546
1270.223886 -3096.686023 55.006021
991.302725 -2550.764280 46.539866
771.212984 -2099.936575 38.828793
580.260923 -1660.133766 31.668881
433.945827 -1274.456988 25.213991
327.205152 -946.568508 19.506666
244.509034 -654.643173 14.626301
172.717217 -385.369788 10.662080
105.290839 -144.446679 7.756140
28.486015 85.936063 6.115954
-64.229234 311.059574 5.974182
-181.468659 536.535869 7.601269
-331.125755 764.147847 11.259253
-524.539858 1003.925786 17.197524
-767.905803 1252.546500 25.628582
-1067.056505 1510.712740 36.704322
-1425.694573 1780.985625 50.550902
-1850.223031 2073.407109 67.175893
-2336.432465 2392.791598 86.632423
-2872.713435 2744.113689 108.808251
-3449.819209 3141.831493 133.608308
-4043.058072 3588.348990 160.836511
-4630.710978 4090.341593 190.070600
-5145.407208 4608.060485 221.260760
-5653.968517 5227.571894 252.088791
-5983.241034 5782.752642 284.864178
-6271.325016 6442.915921 312.150166
-6320.005362 6942.810899 340.115358
-6188.177549 7384.330057 356.134761
-6172.376136 8036.032322 366.723042
-5793.284755 8295.084969 364.184251
-5215.915717 8271.674785 349.473190
-4802.554747 8516.714100 328.871921
-4263.478793 8436.106514 295.793901
-3627.074075 8110.473758 264.768679
-3157.066454 7947.466653 227.725417
-2668.372296 7607.255036 191.380465
-2179.840270 7023.674220 152.774591
-1770.688614 6520.162770 118.100026
-1452.619618 6140.941078 80.773894
-1126.487808 5610.396209 46.450327
-846.407677 5180.429228 12.993859
-581.150608 4769.774518 -19.026477
-329.595879 4543.278119 -48.797688
-69.557299 4267.740010 -78.046480
209.275651 4029.462164 -104.351761
509.497723 3957.678408 -130.096220
799.580761 3700.842671 -154.202984
1119.071616 3536.944978 -177.199386
1462.323238 3404.710874 -199.701766
1776.088937 3135.234492 -221.769478
2089.509712 2828.495259 -244.374944
2380.882559 2444.613798 -268.231356
2674.339298 2001.031472 -294.314607
2868.234165 1458.016619 -323.453941
3119.076808 884.830461 -357.175960
3337.651118 285.778756 -395.053806
3478.592993 -369.231523 -438.519616
3607.890057 -1007.196607 -487.534648
3724.468163 -1670.710031 -541.446108
3801.825632 -2291.516907 -600.846746
3951.410522 -2982.504708 -662.324534
4095.539365 -3651.811053 -728.375013
4130.332989 -4231.245353 -794.192871
4244.637935 -4856.866666 -861.903770
4343.179756 -5450.718697 -927.940921
4540.170760 -6144.060187 -991.427405
4697.372734 -6758.443824 -1052.530879
4796.837588 -7250.216651 -1107.658425
4908.096804 -7705.321320 -1157.171299
4994.416853 -8056.615864 -1199.389935
5087.573068 -8336.908131 -1232.716016
5127.214293 -8432.294300 -1257.839381
5163.705951 -8401.333286 -1270.580437
5180.081698 -8216.025053 -1273.918414
5136.746000 -7809.381474 -1263.098524
5110.378173 -7323.442146 -1238.950013
5046.425629 -6701.628413 -1200.193129
4945.618545 -5978.687995 -1145.786665
4809.664108 -5199.700821 -1076.427195
4622.064312 -4386.960262 -993.297947
4390.769659 -3589.776997 -899.120250
4089.240830 -2824.027181 -797.041737
3734.719817 -2130.409961 -690.818609
3315.092202 -1527.969191 -583.396466
2843.638267 -1030.641432 -477.733379
2328.904851 -648.189489 -375.225516
1773.529583 -370.833087 -276.227020
1211.734779 -190.714275 -183.673187
552.624017 -70.252067 -83.221666
177.382919 -19.363819 -25.882375
VECTORS LocalRotation float
0.001501 0.678268 -0.035210
0.000618 0.676237 -0.034839
-0.001467 0.671279 -0.033955
-0.004831 0.662817 -0.032475
-0.009140 0.650929 -0.030454
-0.014084 0.635463 -0.027938
-0.019358 0.616148 -0.025002
-0.024633 0.593016 -0.021730
-0.029709 0.565841 -0.018143
-0.034413 0.534687 -0.014365
-0.038668 0.499427 -0.010454
-0.042348 0.460190 -0.006467
-0.045306 0.416838 -0.002489
-0.047314 0.369499 0.001406
-0.048074 0.318032 0.005200
-0.047242 0.262542 0.008821
-0.044501 0.202755 0.012244
-0.039583 0.138654 0.015442
-0.032339 0.070269 0.018397
-0.022671 -0.002574 0.021107
-0.010620 -0.079547 0.023559
0.003755 -0.160413 0.025773
0.020355 -0.244523 0.027763
0.039078 -0.331173 0.029541
0.059852 -0.419560 0.031134
0.082536 -0.508483 0.032563
0.106922 -0.596648 0.033857
0.132754 -0.682745 0.035049
0.159646 -0.765498 0.036159
0.187087 -0.843796 0.037207
0.214509 -0.916767 0.038208
0.241223 -0.983703 0.039157
0.266754 -1.044660 0.040053
0.290277 -1.098963 0.040885
0.311548 -1.147193 0.041656
0.329953 -1.188887 0.042346
0.345651 -1.225060 0.042965
0.358425 -1.255496 0.043499
0.368695 -1.281143 0.043960
0.376654 -1.302142 0.044346
0.382764 -1.319143 0.044664
0.387360 -1.332439 0.044922
0.390818 -1.342532 0.045125
0.393399 -1.349760 0.045280
0.395291 -1.354476 0.045394
0.396547 -1.356870 0.045477
0.397153 -1.357135 0.045540
0.396991 -1.355334 0.045595
0.395880 -1.351503 0.045656
0.393557 -1.345609 0.045742
0.389680 -1.337596 0.045871
0.383829 -1.327381 0.046065
0.375522 -1.314873 0.046347
0.364237 -1.299971 0.046742
0.349401 -1.282515 0.047275
0.330455 -1.262303 0.047971
0.306870 -1.239046 0.048856
0.278239 -1.212391 0.049954
0.244308 -1.181915 0.051287
0.205038 -1.147149 0.052876
0.160763 -1.107756 0.054739
0.111779 -1.063143 0.056886
0.059230 -1.013425 0.059310
0.003567 -0.957893 0.062022
-0.053118 -0.897632 0.064959
-0.110258 -0.832182 0.068139
-0.166123 -0.762488 0.071406
-0.219885 -0.689113 0.074690
-0.269885 -0.613871 0.077931
-0.315602 -0.537262 0.081027
-0.356371 -0.461027 0.083836
-0.392345 -0.385588 0.086392
-0.423056 -0.312896 0.088621
-0.449319 -0.242771 0.090511
-0.471139 -0.176920 0.092059
-0.489143 -0.115197 0.093294
-0.503671 -0.058131 0.094190
-0.515320 -0.005056 0.094765
-0.524252 0.043799 0.095034
-0.530729 0.088945 0.095007
-0.534869 0.131274 0.094698
-0.536664 0.170899 0.094128
-0.536027 0.208734 0.093296
-0.532785 0.244753 0.092239
-0.526877 0.279317 0.090956
-0.518108 0.312399 0.089441
-0.506446 0.343759 0.087738
-0.491807 0.373322 0.085833
-0.474323 0.400295 0.083725
-0.454103 0.424147 0.081406
-0.431245 0.444248 0.078863
-0.406209 0.459873 0.076072
-0.378881 0.470566 0.072966
-0.349851 0.475830 0.069584
-0.318943 0.475451 0.065804
-0.286952 0.469238 0.061623
-0.253607 0.457059 0.056944
-0.219560 0.439135 0.051776
-0.184221 0.415096 0.046019
-0.148157 0.385363 0.039786
-0.110909 0.349668 0.032892
-0.072978 0.308507 0.025391
-0.033907 0.261611 0.017248
0.006426 0.208969 0.008534
0.048085 0.150781 -0.000684
0.091014 0.087439 -0.010452
0.134958 0.019720 -0.020707
0.179841 -0.051721 -0.031388
0.225544 -0.126034 -0.042413
0.271759 -0.201903 -0.053681
0.318420 -0.278231 -0.065146
0.365164 -0.353324 -0.076644
0.411903 -0.425926 -0.088138
0.458345 -0.494511 -0.099478
0.504321 -0.557998 -0.110519
0.549569 -0.615418 -0.121142
0.593725 -0.666016 -0.131201
0.636429 -0.709422 -0.140572
0.677236 -0.745537 -0.149140
0.715614 -0.774565 -0.156816
0.751064 -0.797013 -0.163558
0.782966 -0.813568 -0.169324
0.810884 -0.825166 -0.174134
0.834282 -0.832760 -0.177992
0.852874 -0.837379 -0.180945
0.866361 -0.839915 -0.183023
0.874367 -0.841100 -0.184234
0.877665 -0.841505 -0.184727
VECTORS q1 float
-0.460725 -0.724294 -0.512962
-0.459347 -0.724475 -0.513942
-0.455177 -0.725016 -0.516881
-0.448173 -0.725887 -0.521756
-0.438287 -0.727019 -0.528534
-0.425320 -0.728364 -0.537205
-0.409015 -0.729853 -0.547742
-0.389086 -0.731382 -0.560082
-0.365662 -0.732701 -0.573969
-0.338234 -0.733688 -0.589321
-0.306809 -0.734064 -0.605820
-0.271403 -0.733535 -0.623111
-0.231775 -0.731820 -0.640875
-0.187714 -0.728588 -0.658728
-0.139564 -0.723474 -0.676097
-0.086899 -0.716116 -0.692551
-0.029808 -0.706125 -0.707460
0.031696 -0.693100 -0.720144
0.097491 -0.676640 -0.729831
0.167099 -0.656413 -0.735663
0.240311 -0.632027 -0.736745
0.315812 -0.603430 -0.732213
0.392499 -0.570634 -0.721333
0.469080 -0.533842 -0.703546
0.543763 -0.493662 -0.678690
0.615082 -0.450798 -0.646881
0.681306 -0.406385 -0.608829
0.740998 -0.361736 -0.565746
0.793529 -0.317914 -0.518885
0.838388 -0.276129 -0.469957
0.875594 -0.237359 -0.420709
0.905824 -0.202037 -0.372377
0.929768 -0.170540 -0.326264
0.948414 -0.142796 -0.283054
0.962429 -0.119065 -0.244037
0.972968 -0.098659 -0.208805
0.980593 -0.081658 -0.178239
0.986124 -0.067410 -0.151708
0.990021 -0.055764 -0.129418
0.992760 -0.046272 -0.110840
0.994648 -0.038713 -0.095799
0.995928 -0.032837 -0.083963
0.996778 -0.028423 -0.075000
0.997330 -0.025249 -0.068519
0.997659 -0.023193 -0.064332
0.997819 -0.022123 -0.062199
0.997835 -0.021962 -0.061995
0.997715 -0.022659 -0.063647
0.997449 -0.024200 -0.067151
0.997013 -0.026577 -0.072515
0.996364 -0.029820 -0.079803
0.995444 -0.033972 -0.089086
0.994177 -0.039087 -0.100418
0.992465 -0.045251 -0.113866
0.990183 -0.052593 -0.129508
0.987164 -0.061314 -0.147471
0.983200 -0.071674 -0.167872
0.978013 -0.084037 -0.190861
0.971250 -0.098862 -0.216561
0.962472 -0.116687 -0.245013
0.951159 -0.138085 -0.276095
0.936735 -0.163600 -0.309456
0.918462 -0.193926 -0.344704
0.895900 -0.229042 -0.380661
0.868155 -0.269610 -0.416674
0.835506 -0.314287 -0.450725
0.797038 -0.363610 -0.482202
0.753024 -0.416295 -0.509562
0.704746 -0.470025 -0.531422
0.652867 -0.523612 -0.547353
0.597489 -0.576601 -0.557260
0.541371 -0.626083 -0.561193
0.484668 -0.672120 -0.559778
0.428684 -0.713843 -0.553767
0.374524 -0.750807 -0.544078
0.323660 -0.782545 -0.531852
0.275365 -0.810105 -0.517594
0.230435 -0.833506 -0.502162
0.188808 -0.853279 -0.486072
0.150206 -0.869977 -0.469657
0.114238 -0.884108 -0.453104
0.080043 -0.896232 -0.436304
0.048075 -0.906393 -0.419691
0.017203 -0.915071 -0.402925
-0.012374 -0.922306 -0.386263
-0.040324 -0.928150 -0.370017
-0.067220 -0.932802 -0.354066
-0.092400 -0.936287 -0.338865
-0.115417 -0.938734 -0.324743
-0.135736 -0.940324 -0.312035
-0.152765 -0.941296 -0.301038
-0.165914 -0.941927 -0.291968
-0.174470 -0.942528 -0.284957
-0.178232 -0.943331 -0.279928
-0.176682 -0.944578 -0.276687
-0.169588 -0.946382 -0.274957
-0.156859 -0.948779 -0.274252
-0.138285 -0.951684 -0.274181
-0.114038 -0.954920 -0.274087
-0.083530 -0.958192 -0.273663
-0.047520 -0.961123 -0.272002
-0.005761 -0.963234 -0.268602
0.041392 -0.963970 -0.262771
0.093912 -0.962657 -0.253914
0.151520 -0.958528 -0.241382
0.212849 -0.950941 -0.224514
0.276826 -0.939262 -0.202863
0.342026 -0.923027 -0.176180
0.406814 -0.902013 -0.144483
0.469513 -0.876284 -0.108088
0.528067 -0.846496 -0.067753
0.581271 -0.813345 -0.024367
0.627575 -0.778281 0.020696
0.666417 -0.742643 0.066110
0.697695 -0.707815 0.110539
0.721656 -0.675207 0.152669
0.739040 -0.645887 0.191442
0.750807 -0.620649 0.226018
0.758070 -0.599884 0.255869
0.761940 -0.583625 0.280764
0.763413 -0.571632 0.300729
0.763369 -0.563340 0.316094
0.762470 -0.558108 0.327346
0.761235 -0.555151 0.335156
0.759996 -0.553764 0.340223
0.758988 -0.553280 0.343247
0.758334 -0.553211 0.344800
0.758110 -0.553223 0.345272
VECTORS q2 float
-0.210797 0.650718 -0.729473
-0.211285 0.651105 -0.728986
-0.212722 0.652239 -0.727553
-0.214986 0.654044 -0.725264
-0.217859 0.656412 -0.722261
-0.221121 0.659208 -0.718714
-0.224555 0.662291 -0.714805
-0.227979 0.665528 -0.710703
-0.231166 0.668846 -0.706546
-0.234120 0.672145 -0.702431
-0.236770 0.675375 -0.698433
-0.239041 0.678499 -0.694621
-0.240834 0.681473 -0.691081
-0.241955 0.684284 -0.687905
-0.242094 0.686989 -0.685155
-0.240920 0.689652 -0.682889
-0.238097 0.692417 -0.681079
-0.233353 0.695463 -0.679616
-0.226523 0.698990 -0.678307
-0.217585 0.703205 -0.676875
-0.206561 0.708306 -0.675007
-0.193694 0.714454 -0.672337
-0.179214 0.721787 -0.668510
-0.163389 0.730418 -0.663169
-0.146605 0.740387 -0.655999
-0.129208 0.751712 -0.646710
-0.111691 0.764284 -0.635134
-0.094588 0.777875 -0.621260
-0.078325 0.792232 -0.605173
-0.063404 0.806932 -0.587232
-0.050222 0.821494 -0.568001
-0.038943 0.835534 -0.548057
-0.029681 0.848624 -0.528163
-0.022333 0.860511 -0.508941
-0.016845 0.870824 -0.491306
-0.012827 0.879670 -0.475411
-0.010098 0.886888 -0.461875
-0.008287 0.892719 -0.450538
-0.007172 0.897248 -0.441468
-0.006510 0.900732 -0.434326
-0.006145 0.903354 -0.428851
-0.005956 0.905309 -0.424711
-0.005866 0.906761 -0.421603
-0.005821 0.907848 -0.419258
-0.005801 0.908636 -0.417549
-0.005799 0.909164 -0.416398
-0.005820 0.909420 -0.415838
-0.005883 0.909361 -0.415967
-0.006019 0.908908 -0.416953
-0.006273 0.907953 -0.419025
-0.006713 0.906343 -0.422488
-0.007430 0.903885 -0.427711
-0.008550 0.900343 -0.435098
-0.010237 0.895433 -0.445079
-0.012704 0.888820 -0.458080
-0.016222 0.880102 -0.474507
-0.021116 0.868848 -0.494628
-0.027765 0.854592 -0.518557
-0.036594 0.836880 -0.546162
-0.048038 0.815329 -0.577001
-0.062505 0.789707 -0.610292
-0.080315 0.760021 -0.644917
-0.101760 0.726334 -0.679767
-0.126658 0.689603 -0.713026
-0.155060 0.650189 -0.743781
-0.185863 0.610278 -0.770075
-0.218912 0.570196 -0.791804
-0.253138 0.531532 -0.808328
-0.286952 0.496202 -0.819416
-0.319439 0.464884 -0.825737
-0.350243 0.437496 -0.828207
-0.377912 0.415045 -0.827599
-0.402568 0.396759 -0.824937
-0.424012 0.382280 -0.821021
-0.442263 0.371082 -0.816518
-0.457294 0.362722 -0.811982
-0.469705 0.356392 -0.807689
-0.479603 0.351735 -0.803905
-0.487224 0.348360 -0.800786
-0.492739 0.345966 -0.798446
-0.496235 0.344334 -0.796985
-0.497741 0.343296 -0.796493
-0.497140 0.342723 -0.797115
-0.494304 0.342510 -0.798968
-0.489125 0.342505 -0.802152
-0.481571 0.342522 -0.806702
-0.471380 0.342457 -0.812726
-0.458632 0.342090 -0.820141
-0.443343 0.341241 -0.828855
-0.425578 0.339751 -0.838721
-0.405442 0.337493 -0.849538
-0.383066 0.334381 -0.861075
-0.358890 0.330358 -0.872961
-0.332436 0.325483 -0.885182
-0.304517 0.319776 -0.897225
-0.274915 0.313352 -0.908973
-0.244135 0.306322 -0.920090
-0.211871 0.298858 -0.930481
-0.178594 0.291097 -0.939876
-0.143410 0.283323 -0.948241
-0.107216 0.275644 -0.955262
-0.069542 0.268342 -0.960810
-0.030471 0.261657 -0.964680
0.010283 0.255966 -0.966631
0.052847 0.251708 -0.966359
0.096659 0.249145 -0.963631
0.141448 0.248644 -0.958211
0.186779 0.250523 -0.949922
0.232130 0.255044 -0.938652
0.276963 0.262414 -0.924354
0.320527 0.272563 -0.907178
0.362430 0.285596 -0.887175
0.401991 0.301155 -0.864702
0.438842 0.319020 -0.840026
0.472665 0.338866 -0.813485
0.503174 0.360168 -0.785554
0.530236 0.382420 -0.756706
0.553807 0.405019 -0.727501
0.573959 0.427370 -0.698517
0.590855 0.448885 -0.670368
0.604728 0.468953 -0.643730
0.615881 0.487141 -0.619180
0.624629 0.502970 -0.597378
0.631293 0.516222 -0.578778
0.636156 0.526633 -0.563881
0.639458 0.534155 -0.552966
0.641369 0.538658 -0.546346
0.641993 0.540167 -0.544117
VECTORS q3 float
0.862147 -0.227956 -0.452481
0.862762 -0.226270 -0.452154
0.864618 -0.221213 -0.451111
0.867711 -0.212874 -0.449180
0.872033 -0.201412 -0.446085
0.877615 -0.186896 -0.441431
0.884467 -0.169368 -0.434779
0.892546 -0.148837 -0.425687
0.901584 -0.125675 -0.413947
0.911474 -0.099614 -0.399114
0.921850 -0.070845 -0.381016
0.932309 -0.039574 -0.359492
0.942486 -0.005831 -0.334195
0.951956 0.030253 -0.304736
0.960163 0.068056 -0.271027
0.966647 0.107507 -0.232457
0.970784 0.148143 -0.188766
0.971875 0.189589 -0.139694
0.969114 0.231452 -0.085130
0.961631 0.273174 -0.025320
0.948464 0.314395 0.039661
0.928841 0.354157 0.108752
0.902124 0.391662 0.181035
0.867910 0.426032 0.255401
0.826335 0.456207 0.330221
0.777804 0.481362 0.404118
0.723427 0.500722 0.475322
0.664812 0.513866 0.542188
0.603470 0.520864 0.603758
0.541374 0.522125 0.659014
0.480430 0.518467 0.707375
0.421861 0.510944 0.748979
0.366949 0.500753 0.783961
0.316246 0.489009 0.812932
0.271010 0.476958 0.836101
0.230583 0.465239 0.854625
0.195794 0.454711 0.868851
0.165803 0.445544 0.879773
0.140738 0.437991 0.887895
0.119934 0.431903 0.893910
0.103143 0.427144 0.898281
0.089959 0.423482 0.901427
0.079990 0.420685 0.903674
0.072790 0.418538 0.905278
0.068139 0.416945 0.906374
0.065761 0.415851 0.907052
0.065513 0.415299 0.907323
0.067304 0.415391 0.907150
0.071124 0.416293 0.906444
0.076977 0.418228 0.905075
0.084928 0.421488 0.902848
0.095053 0.426425 0.899515
0.107417 0.433423 0.894766
0.122100 0.442891 0.888223
0.139201 0.455228 0.879426
0.158883 0.470808 0.867811
0.181307 0.489863 0.852738
0.206686 0.512455 0.833469
0.235231 0.538384 0.809203
0.267095 0.567118 0.779126
0.302306 0.597742 0.742506
0.340702 0.628970 0.698799
0.382195 0.659417 0.647376
0.425818 0.687014 0.588805
0.471448 0.710327 0.522660
0.517092 0.727176 0.451476
0.562858 0.736657 0.374869
0.607352 0.737680 0.294877
0.648839 0.729972 0.214822
0.686821 0.713943 0.136245
0.721344 0.690021 0.059449
0.751066 0.660120 -0.011911
0.776554 0.625169 -0.078278
0.797774 0.586763 -0.138801
0.814945 0.546431 -0.193075
0.828327 0.506019 -0.240454
0.838780 0.465526 -0.282373
0.846688 0.426087 -0.318700
0.852622 0.388021 -0.349965
0.857115 0.351350 -0.376706
0.860639 0.315892 -0.399390
0.863625 0.280920 -0.418613
0.866337 0.246966 -0.434128
0.869119 0.212913 -0.446431
0.872126 0.179005 -0.455361
0.875479 0.145660 -0.460781
0.879365 0.112268 -0.462724
0.883810 0.079633 -0.461020
0.888890 0.048308 -0.455566
0.894684 0.018951 -0.446298
0.901266 -0.007727 -0.433198
0.908699 -0.031021 -0.416299
0.916928 -0.050037 -0.395902
0.926131 -0.064710 -0.371609
0.935977 -0.074267 -0.344139
0.946394 -0.078561 -0.313315
0.956971 -0.077369 -0.279679
0.967465 -0.070580 -0.242962
0.977292 -0.058231 -0.203739
0.986132 -0.039960 -0.161081
0.993100 -0.016231 -0.116146
0.997562 0.013144 -0.068531
0.998678 0.047937 -0.018543
0.995527 0.088167 0.033938
0.987041 0.133666 0.088794
0.972292 0.183407 0.144947
0.950452 0.236563 0.201688
0.920941 0.291991 0.258087
0.883526 0.348318 0.313140
0.838361 0.404060 0.365906
0.786389 0.457334 0.415256
0.728538 0.506858 0.460790
0.666748 0.550985 0.501859
0.602749 0.588819 0.538503
0.538339 0.619812 0.570985
0.475426 0.643719 0.599664
0.415535 0.660746 0.625096
0.359981 0.671383 0.647811
0.309679 0.676383 0.668285
0.265213 0.676671 0.686861
0.226948 0.673291 0.703686
0.194826 0.667340 0.718819
0.168756 0.659952 0.732110
0.148295 0.652167 0.743429
0.133085 0.644983 0.752520
0.122598 0.639186 0.759217
0.116515 0.635457 0.763295
0.114514 0.634163 0.764672
