# vtk DataFile Version 2.0
VTK example
ASCII
DATASET UNSTRUCTURED_GRID
POINTS  128  float
-0.000462 -0.000085 -0.000258
-0.000462 -0.000087 -0.000250
-0.000462 -0.000090 -0.000241
-0.000462 -0.000092 -0.000232
-0.000462 -0.000095 -0.000224
-0.000461 -0.000097 -0.000215
-0.000460 -0.000100 -0.000206
-0.000459 -0.000103 -0.000198
-0.000458 -0.000106 -0.000189
-0.000456 -0.000108 -0.000181
-0.000453 -0.000111 -0.000173
-0.000450 -0.000114 -0.000165
-0.000446 -0.000117 -0.000157
-0.000442 -0.000119 -0.000149
-0.000437 -0.000122 -0.000142
-0.000431 -0.000124 -0.000135
-0.000425 -0.000126 -0.000129
-0.000418 -0.000128 -0.000123
-0.000411 -0.000129 -0.000118
-0.000403 -0.000130 -0.000113
-0.000395 -0.000130 -0.000109
-0.000387 -0.000131 -0.000106
-0.000378 -0.000131 -0.000104
-0.000369 -0.000130 -0.000102
-0.000360 -0.000129 -0.000100
-0.000351 -0.000129 -0.000100
-0.000342 -0.000127 -0.000100
-0.000334 -0.000126 -0.000100
-0.000325 -0.000125 -0.000102
-0.000316 -0.000123 -0.000103
-0.000307 -0.000122 -0.000105
-0.000299 -0.000120 -0.000108
-0.000290 -0.000119 -0.000111
-0.000282 -0.000117 -0.000114
-0.000273 -0.000116 -0.000117
-0.000265 -0.000114 -0.000121
-0.000257 -0.000113 -0.000124
-0.000249 -0.000112 -0.000128
-0.000241 -0.000111 -0.000133
-0.000233 -0.000109 -0.000137
-0.000226 -0.000108 -0.000142
-0.000218 -0.000107 -0.000146
-0.000210 -0.000105 -0.000151
-0.000203 -0.000104 -0.000156
-0.000195 -0.000103 -0.000161
-0.000188 -0.000101 -0.000165
-0.000180 -0.000100 -0.000170
-0.000172 -0.000098 -0.000175
-0.000165 -0.000097 -0.000179
-0.000157 -0.000095 -0.000183
-0.000149 -0.000093 -0.000187
-0.000141 -0.000092 -0.000191
-0.000132 -0.000090 -0.000194
-0.000124 -0.000088 -0.000197
-0.000116 -0.000086 -0.000199
-0.000107 -0.000084 -0.000201
-0.000098 -0.000082 -0.000202
-0.000090 -0.000079 -0.000203
-0.000081 -0.000077 -0.000203
-0.000072 -0.000074 -0.000203
-0.000064 -0.000071 -0.000201
-0.000055 -0.000068 -0.000200
-0.000047 -0.000065 -0.000197
-0.000039 -0.000061 -0.000194
-0.000032 -0.000058 -0.000191
-0.000025 -0.000054 -0.000187
-0.000018 -0.000050 -0.000182
-0.000012 -0.000046 -0.000177
-0.000006 -0.000042 -0.000171
-0.000000 -0.000038 -0.000165
0.000005 -0.000034 -0.000159
0.000009 -0.000030 -0.000152
0.000013 -0.000027 -0.000145
0.000016 -0.000023 -0.000137
0.000020 -0.000019 -0.000130
0.000022 -0.000015 -0.000122
0.000025 -0.000012 -0.000114
0.000027 -0.000008 -0.000106
0.000028 -0.000005 -0.000097
0.000030 -0.000002 -0.000089
0.000031 0.000001 -0.000080
0.000032 0.000004 -0.000072
0.000032 0.000007 -0.000063
0.000033 0.000010 -0.000055
0.000033 0.000012 -0.000046
0.000034 0.000015 -0.000038
0.000034 0.000018 -0.000029
0.000034 0.000021 -0.000020
0.000034 0.000024 -0.000012
0.000034 0.000027 -0.000004
0.000034 0.000031 0.000005
0.000034 0.000035 0.000013
0.000034 0.000039 0.000021
0.000035 0.000043 0.000029
0.000036 0.000047 0.000037
0.000037 0.000052 0.000044
0.000038 0.000058 0.000052
0.000040 0.000063 0.000059
0.000043 0.000069 0.000065
0.000046 0.000075 0.000071
0.000049 0.000081 0.000076
0.000054 0.000088 0.000081
0.000059 0.000094 0.000085
0.000065 0.000100 0.000088
0.000071 0.000107 0.000091
0.000078 0.000112 0.000092
0.000085 0.000118 0.000093
0.000092 0.000123 0.000093
0.000100 0.000128 0.000093
0.000108 0.000132 0.000092
0.000115 0.000137 0.000090
0.000123 0.000141 0.000088
0.000131 0.000144 0.000086
0.000139 0.000148 0.000083
0.000147 0.000151 0.000080
0.000155 0.000155 0.000077
0.000162 0.000158 0.000073
0.000170 0.000161 0.000070
0.000178 0.000164 0.000066
0.000185 0.000166 0.000062
0.000193 0.000169 0.000058
0.000201 0.000172 0.000054
0.000208 0.000174 0.000049
0.000216 0.000176 0.000045
0.000224 0.000179 0.000041
0.000232 0.000181 0.000037
0.000240 0.000183 0.000033
0.000247 0.000185 0.000029
CELLS  127 381
2 0 1 
2 1 2 
2 2 3 
2 3 4 
2 4 5 
2 5 6 
2 6 7 
2 7 8 
2 8 9 
2 9 10 
2 10 11 
2 11 12 
2 12 13 
2 13 14 
2 14 15 
2 15 16 
2 16 17 
2 17 18 
2 18 19 
2 19 20 
2 20 21 
2 21 22 
2 22 23 
2 23 24 
2 24 25 
2 25 26 
2 26 27 
2 27 28 
2 28 29 
2 29 30 
2 30 31 
2 31 32 
2 32 33 
2 33 34 
2 34 35 
2 35 36 
2 36 37 
2 37 38 
2 38 39 
2 39 40 
2 40 41 
2 41 42 
2 42 43 
2 43 44 
2 44 45 
2 45 46 
2 46 47 
2 47 48 
2 48 49 
2 49 50 
2 50 51 
2 51 52 
2 52 53 
2 53 54 
2 54 55 
2 55 56 
2 56 57 
2 57 58 
2 58 59 
2 59 60 
2 60 61 
2 61 62 
2 62 63 
2 63 64 
2 64 65 
2 65 66 
2 66 67 
2 67 68 
2 68 69 
2 69 70 
2 70 71 
2 71 72 
2 72 73 
2 73 74 
2 74 75 
2 75 76 
2 76 77 
2 77 78 
2 78 79 
2 79 80 
2 80 81 
2 81 82 
2 82 83 
2 83 84 
2 84 85 
2 85 86 
2 86 87 
2 87 88 
2 88 89 
2 89 90 
2 90 91 
2 91 92 
2 92 93 
2 93 94 
2 94 95 
2 95 96 
2 96 97 
2 97 98 
2 98 99 
2 99 100 
2 100 101 
2 101 102 
2 102 103 
2 103 104 
2 104 105 
2 105 106 
2 106 107 
2 107 108 
2 108 109 
2 109 110 
2 110 111 
2 111 112 
2 112 113 
2 113 114 
2 114 115 
2 115 116 
2 116 117 
2 117 118 
2 118 119 
2 119 120 
2 120 121 
2 121 122 
2 122 123 
2 123 124 
2 124 125 
2 125 126 
2 126 127 
CELL_TYPES  127
3
3
3
3
3
3
3
3
3
3
3
3
3
3
3
3
3
3
3
3
3
3
3
3
3
3
3
3
3
3
3
3
3
3
3
3
3
3
3
3
3
3
3
3
3
3
3
3
3
3
3
3
3
3
3
3
3
3
3
3
3
3
3
3
3
3
3
3
3
3
3
3
3
3
3
3
3
3
3
3
3
3
3
3
3
3
3
3
3
3
3
3
3
3
3
3
3
3
3
3
3
3
3
3
3
3
3
3
3
3
3
3
3
3
3
3
3
3
3
3
3
3
3
3
3
3
3
POINT_DATA  128
VECTORS Position float
-0.000462 -0.000085 -0.000258
-0.000462 -0.000087 -0.000250
-0.000462 -0.000090 -0.000241
-0.000462 -0.000092 -0.000232
-0.000462 -0.000095 -0.000224
-0.000461 -0.000097 -0.000215
-0.000460 -0.000100 -0.000206
-0.000459 -0.000103 -0.000198
-0.000458 -0.000106 -0.000189
-0.000456 -0.000108 -0.000181
-0.000453 -0.000111 -0.000173
-0.000450 -0.000114 -0.000165
-0.000446 -0.000117 -0.000157
-0.000442 -0.000119 -0.000149
-0.000437 -0.000122 -0.000142
-0.000431 -0.000124 -0.000135
-0.000425 -0.000126 -0.000129
-0.000418 -0.000128 -0.000123
-0.000411 -0.000129 -0.000118
-0.000403 -0.000130 -0.000113
-0.000395 -0.000130 -0.000109
-0.000387 -0.000131 -0.000106
-0.000378 -0.000131 -0.000104
-0.000369 -0.000130 -0.000102
-0.000360 -0.000129 -0.000100
-0.000351 -0.000129 -0.000100
-0.000342 -0.000127 -0.000100
-0.000334 -0.000126 -0.000100
-0.000325 -0.000125 -0.000102
-0.000316 -0.000123 -0.000103
-0.000307 -0.000122 -0.000105
-0.000299 -0.000120 -0.000108
-0.000290 -0.000119 -0.000111
-0.000282 -0.000117 -0.000114
-0.000273 -0.000116 -0.000117
-0.000265 -0.000114 -0.000121
-0.000257 -0.000113 -0.000124
-0.000249 -0.000112 -0.000128
-0.000241 -0.000111 -0.000133
-0.000233 -0.000109 -0.000137
-0.000226 -0.000108 -0.000142
-0.000218 -0.000107 -0.000146
-0.000210 -0.000105 -0.000151
-0.000203 -0.000104 -0.000156
-0.000195 -0.000103 -0.000161
-0.000188 -0.000101 -0.000165
-0.000180 -0.000100 -0.000170
-0.000172 -0.000098 -0.000175
-0.000165 -0.000097 -0.000179
-0.000157 -0.000095 -0.000183
-0.000149 -0.000093 -0.000187
-0.000141 -0.000092 -0.000191
-0.000132 -0.000090 -0.000194
-0.000124 -0.000088 -0.000197
-0.000116 -0.000086 -0.000199
-0.000107 -0.000084 -0.000201
-0.000098 -0.000082 -0.000202
-0.000090 -0.000079 -0.000203
-0.000081 -0.000077 -0.000203
-0.000072 -0.000074 -0.000203
-0.000064 -0.000071 -0.000201
-0.000055 -0.000068 -0.000200
-0.000047 -0.000065 -0.000197
-0.000039 -0.000061 -0.000194
-0.000032 -0.000058 -0.000191
-0.000025 -0.000054 -0.000187
-0.000018 -0.000050 -0.000182
-0.000012 -0.000046 -0.000177
-0.000006 -0.000042 -0.000171
-0.000000 -0.000038 -0.000165
0.000005 -0.000034 -0.000159
0.000009 -0.000030 -0.000152
0.000013 -0.000027 -0.000145
0.000016 -0.000023 -0.000137
0.000020 -0.000019 -0.000130
0.000022 -0.000015 -0.000122
0.000025 -0.000012 -0.000114
0.000027 -0.000008 -0.000106
0.000028 -0.000005 -0.000097
0.000030 -0.000002 -0.000089
0.000031 0.000001 -0.000080
0.000032 0.000004 -0.000072
0.000032 0.000007 -0.000063
0.000033 0.000010 -0.000055
0.000033 0.000012 -0.000046
0.000034 0.000015 -0.000038
0.000034 0.000018 -0.000029
0.000034 0.000021 -0.000020
0.000034 0.000024 -0.000012
0.000034 0.000027 -0.000004
0.000034 0.000031 0.000005
0.000034 0.000035 0.000013
0.000034 0.000039 0.000021
0.000035 0.000043 0.000029
0.000036 0.000047 0.000037
0.000037 0.000052 0.000044
0.000038 0.000058 0.000052
0.000040 0.000063 0.000059
0.000043 0.000069 0.000065
0.000046 0.000075 0.000071
0.000049 0.000081 0.000076
0.000054 0.000088 0.000081
0.000059 0.000094 0.000085
0.000065 0.000100 0.000088
0.000071 0.000107 0.000091
0.000078 0.000112 0.000092
0.000085 0.000118 0.000093
0.000092 0.000123 0.000093
0.000100 0.000128 0.000093
0.000108 0.000132 0.000092
0.000115 0.000137 0.000090
0.000123 0.000141 0.000088
0.000131 0.000144 0.000086
0.000139 0.000148 0.000083
0.000147 0.000151 0.000080
0.000155 0.000155 0.000077
0.000162 0.000158 0.000073
0.000170 0.000161 0.000070
0.000178 0.000164 0.000066
0.000185 0.000166 0.000062
0.000193 0.000169 0.000058
0.000201 0.000172 0.000054
0.000208 0.000174 0.000049
0.000216 0.000176 0.000045
0.000224 0.000179 0.000041
0.000232 0.000181 0.000037
0.000240 0.000183 0.000033
0.000247 0.000185 0.000029
VECTORS Rotation float
0.809374 -0.281996 0.001474
0.809187 -0.282611 -0.001544
0.808540 -0.284453 -0.010712
0.807277 -0.287466 -0.026206
0.805203 -0.291502 -0.048212
0.801963 -0.296327 -0.077157
0.797150 -0.301542 -0.113466
0.790365 -0.306556 -0.157493
0.781664 -0.310508 -0.208582
0.770638 -0.312526 -0.267223
0.757482 -0.311589 -0.332676
0.742570 -0.306749 -0.404013
0.726261 -0.297162 -0.480640
0.709134 -0.282182 -0.561729
0.692215 -0.261659 -0.645413
0.676093 -0.235529 -0.731176
0.661583 -0.204290 -0.817789
0.649298 -0.168726 -0.904427
0.639694 -0.129910 -0.990458
0.633084 -0.089233 -1.075192
0.629529 -0.047924 -1.158672
0.629030 -0.007695 -1.240065
0.631359 0.030113 -1.319130
0.636174 0.064389 -1.395688
0.643033 0.094146 -1.469203
0.651442 0.118874 -1.539483
0.660853 0.138253 -1.605941
0.670717 0.152306 -1.667994
0.680591 0.161438 -1.725526
0.690074 0.166207 -1.778159
0.698875 0.167352 -1.825696
0.706874 0.165719 -1.868483
0.714013 0.162167 -1.906771
0.720360 0.157500 -1.941246
0.725941 0.152533 -1.971989
0.730948 0.147796 -2.000189
0.735427 0.143868 -2.025763
0.739528 0.141007 -2.049535
0.743281 0.139440 -2.071281
0.746737 0.139212 -2.091104
0.749863 0.140289 -2.108448
0.752596 0.142558 -2.122668
0.754835 0.145852 -2.132984
0.756457 0.150015 -2.138659
0.757315 0.154805 -2.138853
0.757266 0.160083 -2.132953
0.756203 0.165689 -2.120596
0.754051 0.171562 -2.101664
0.750743 0.177764 -2.076137
0.746303 0.184368 -2.044453
0.740729 0.191571 -2.006956
0.734021 0.199603 -1.964080
0.726185 0.208697 -1.916342
0.717188 0.219080 -1.864193
0.706965 0.230940 -1.808052
0.695392 0.244418 -1.748211
0.682347 0.259544 -1.685053
0.667662 0.276265 -1.618832
0.651149 0.294422 -1.549757
0.632629 0.313742 -1.478026
0.611961 0.333828 -1.403887
0.589083 0.354175 -1.327668
0.563783 0.374338 -1.249172
0.536442 0.393492 -1.169536
0.506744 0.411267 -1.087968
0.475805 0.426638 -1.006900
0.443173 0.439440 -0.924898
0.409547 0.449082 -0.843069
0.376176 0.455102 -0.763578
0.343506 0.457447 -0.686753
0.311508 0.456147 -0.611902
0.281709 0.451428 -0.541835
0.253888 0.443570 -0.475636
0.228465 0.433039 -0.413941
0.205686 0.420412 -0.357165
0.185896 0.406510 -0.306164
0.168506 0.391659 -0.259679
0.153607 0.376687 -0.218181
0.140957 0.362224 -0.181399
0.130273 0.348859 -0.148970
0.121264 0.337146 -0.120493
0.113545 0.327475 -0.095247
0.107088 0.320568 -0.073496
0.101509 0.316703 -0.054427
0.096751 0.316349 -0.038130
0.092796 0.319846 -0.024780
0.089538 0.327591 -0.014212
0.087114 0.339770 -0.006907
0.085720 0.356580 -0.003378
0.085684 0.378152 -0.004317
0.087502 0.404525 -0.010612
0.091885 0.435624 -0.023355
0.099701 0.470825 -0.043666
0.112498 0.510567 -0.073627
0.131551 0.553172 -0.114334
0.159086 0.598035 -0.168257
0.196906 0.642977 -0.236776
0.247724 0.686330 -0.322608
0.312504 0.724756 -0.425815
0.393495 0.755877 -0.548832
0.486753 0.775596 -0.685905
0.588750 0.781786 -0.833033
0.692658 0.773484 -0.982312
0.792526 0.751504 -1.127234
0.883616 0.718089 -1.262548
0.962393 0.677011 -1.383716
1.028637 0.632027 -1.490150
1.083453 0.586529 -1.582701
1.128546 0.543152 -1.662957
1.165702 0.503626 -1.732715
1.196310 0.469100 -1.793180
1.221752 0.439637 -1.845908
1.242851 0.415080 -1.891507
1.260354 0.394627 -1.930738
1.274785 0.377268 -1.964099
1.286499 0.361986 -1.991841
1.295800 0.347798 -2.014263
1.302956 0.333929 -2.031661
1.308236 0.319850 -2.044431
1.311923 0.305326 -2.053067
1.314310 0.290445 -2.058148
1.315697 0.275504 -2.060372
1.316372 0.261088 -2.060488
1.316589 0.247827 -2.059271
1.316563 0.236514 -2.057463
1.316444 0.227802 -2.055687
1.316339 0.222342 -2.054433
1.316298 0.220471 -2.053982
VECTORS ControlForce float
0.000000 0.000000 0.000000
0.000067 0.000046 0.000124
0.000093 0.000092 0.000261
0.000054 0.000137 0.000404
-0.000051 0.000168 0.000517
-0.000212 0.000182 0.000599
-0.000405 0.000173 0.000657
-0.000601 0.000142 0.000703
-0.000756 0.000083 0.000715
-0.000844 0.000003 0.000707
-0.000852 -0.000095 0.000678
-0.000792 -0.000204 0.000641
-0.000675 -0.000318 0.000604
-0.000517 -0.000432 0.000565
-0.000323 -0.000541 0.000515
-0.000135 -0.000648 0.000466
0.000040 -0.000747 0.000409
0.000172 -0.000842 0.000349
0.000270 -0.000911 0.000275
0.000336 -0.000931 0.000191
0.000337 -0.000909 0.000113
0.000294 -0.000830 0.000038
0.000219 -0.000694 -0.000028
0.000113 -0.000520 -0.000077
-0.000004 -0.000320 -0.000107
-0.000125 -0.000115 -0.000119
-0.000233 0.000081 -0.000118
-0.000312 0.000265 -0.000114
-0.000355 0.000427 -0.000107
-0.000345 0.000574 -0.000101
-0.000270 0.000716 -0.000089
-0.000152 0.000831 -0.000064
-0.000046 0.000874 -0.000028
0.000025 0.000832 0.000014
0.000067 0.000717 0.000056
0.000061 0.000536 0.000098
0.000017 0.000310 0.000135
-0.000078 0.000052 0.000163
-0.000189 -0.000197 0.000184
-0.000312 -0.000423 0.000195
-0.000404 -0.000589 0.000199
-0.000447 -0.000680 0.000193
-0.000434 -0.000687 0.000182
-0.000372 -0.000609 0.000175
-0.000262 -0.000440 0.000174
-0.000138 -0.000211 0.000175
-0.000040 0.000028 0.000164
0.000020 0.000241 0.000138
0.000066 0.000417 0.000112
0.000077 0.000523 0.000079
0.000061 0.000564 0.000046
0.000027 0.000551 0.000021
-0.000001 0.000506 0.000006
-0.000008 0.000449 -0.000002
-0.000001 0.000378 -0.000009
0.000014 0.000293 -0.000017
0.000030 0.000196 -0.000025
0.000063 0.000105 -0.000033
0.000106 0.000021 -0.000041
0.000153 -0.000056 -0.000052
0.000200 -0.000127 -0.000066
0.000236 -0.000195 -0.000081
0.000258 -0.000259 -0.000092
0.000291 -0.000293 -0.000107
0.000323 -0.000302 -0.000124
0.000340 -0.000293 -0.000146
0.000337 -0.000265 -0.000159
0.000315 -0.000222 -0.000163
0.000285 -0.000155 -0.000183
0.000237 -0.000077 -0.000209
0.000181 0.000006 -0.000227
0.000122 0.000092 -0.000246
0.000066 0.000175 -0.000254
0.000012 0.000245 -0.000245
-0.000035 0.000309 -0.000235
-0.000087 0.000352 -0.000220
-0.000145 0.000371 -0.000182
-0.000199 0.000380 -0.000137
-0.000241 0.000385 -0.000101
-0.000262 0.000389 -0.000077
-0.000255 0.000380 -0.000048
-0.000209 0.000371 -0.000021
-0.000126 0.000351 0.000011
-0.000013 0.000319 0.000061
0.000119 0.000288 0.000104
0.000259 0.000250 0.000140
0.000393 0.000212 0.000176
0.000516 0.000167 0.000220
0.000623 0.000111 0.000268
0.000711 0.000050 0.000315
0.000774 -0.000017 0.000358
0.000807 -0.000082 0.000390
0.000804 -0.000154 0.000424
0.000756 -0.000229 0.000472
0.000655 -0.000314 0.000523
0.000497 -0.000397 0.000562
0.000287 -0.000454 0.000569
0.000032 -0.000480 0.000548
-0.000258 -0.000470 0.000499
-0.000560 -0.000408 0.000424
-0.000857 -0.000300 0.000308
-0.001103 -0.000135 0.000146
-0.001262 0.000066 -0.000040
-0.001312 0.000259 -0.000220
-0.001230 0.000432 -0.000374
-0.001040 0.000516 -0.000492
-0.000756 0.000501 -0.000574
-0.000398 0.000406 -0.000620
-0.000004 0.000253 -0.000630
0.000390 0.000081 -0.000607
0.000742 -0.000079 -0.000563
0.001006 -0.000226 -0.000510
0.001162 -0.000327 -0.000459
0.001199 -0.000365 -0.000415
0.001135 -0.000305 -0.000372
0.000974 -0.000179 -0.000333
0.000746 0.000003 -0.000294
0.000467 0.000191 -0.000263
0.000180 0.000384 -0.000236
-0.000086 0.000564 -0.000214
-0.000300 0.000728 -0.000193
-0.000461 0.000832 -0.000181
-0.000554 0.000872 -0.000169
-0.000576 0.000829 -0.000156
-0.000528 0.000689 -0.000138
-0.000404 0.000491 -0.000105
-0.000221 0.000246 -0.000060
0.000000 -0.000000 -0.000000
VECTORS ControlTorque float
-0.000001 -0.000002 -0.000000
-0.000001 -0.000002 -0.000000
-0.000001 -0.000003 -0.000000
-0.000000 -0.000002 -0.000000
-0.000000 -0.000003 -0.000000
-0.000000 -0.000003 -0.000001
-0.000000 -0.000003 -0.000001
0.000000 -0.000002 -0.000001
0.000000 -0.000003 -0.000001
0.000001 -0.000002 -0.000001
0.000001 -0.000002 -0.000001
0.000001 -0.000002 -0.000001
0.000001 -0.000002 -0.000002
0.000001 -0.000001 -0.000001
0.000001 -0.000001 -0.000002
0.000001 -0.000001 -0.000001
0.000001 -0.000000 -0.000001
0.000000 -0.000000 -0.000001
0.000000 0.000001 -0.000000
-0.000000 -0.000000 -0.000000
-0.000000 0.000001 0.000001
-0.000000 0.000001 0.000001
-0.000000 0.000001 0.000001
-0.000000 0.000002 0.000002
-0.000000 0.000001 0.000002
-0.000000 0.000002 0.000002
-0.000000 0.000002 0.000002
-0.000000 0.000002 0.000002
-0.000000 0.000002 0.000002
-0.000000 0.000002 0.000001
-0.000000 0.000002 0.000001
-0.000000 0.000002 0.000001
-0.000000 0.000001 0.000000
-0.000000 0.000002 0.000000
-0.000000 0.000000 -0.000000
-0.000000 0.000002 -0.000000
-0.000000 0.000000 -0.000000
-0.000000 0.000001 -0.000000
-0.000000 0.000001 -0.000000
-0.000000 0.000001 -0.000000
-0.000000 0.000001 -0.000000
-0.000000 0.000002 -0.000000
-0.000000 0.000002 -0.000000
-0.000000 0.000002 -0.000000
-0.000000 0.000002 0.000000
-0.000000 0.000003 0.000000
-0.000000 0.000003 0.000000
-0.000000 0.000003 0.000000
-0.000000 0.000002 0.000000
-0.000000 0.000002 -0.000000
-0.000001 0.000002 -0.000000
-0.000001 0.000002 -0.000000
-0.000001 0.000002 -0.000001
-0.000000 0.000001 -0.000001
-0.000000 0.000001 -0.000001
-0.000000 0.000001 -0.000001
-0.000000 0.000001 -0.000001
-0.000000 0.000001 -0.000001
-0.000000 0.000001 -0.000001
-0.000000 0.000001 -0.000001
0.000000 0.000000 -0.000001
-0.000000 0.000001 -0.000001
0.000000 -0.000001 -0.000000
-0.000000 0.000001 -0.000001
0.000001 -0.000002 0.000001
-0.000000 0.000001 -0.000000
-0.000000 -0.000000 0.000000
0.000000 -0.000002 0.000001
0.000000 -0.000001 0.000001
-0.000001 0.000001 0.000000
0.000000 -0.000003 0.000001
-0.000000 -0.000000 0.000000
-0.000000 -0.000001 0.000001
-0.000000 -0.000001 0.000001
0.000001 -0.000003 0.000001
-0.000000 -0.000001 0.000000
0.000001 -0.000002 0.000001
0.000001 -0.000002 0.000000
0.000001 -0.000001 0.000000
0.000001 -0.000001 0.000000
0.000001 -0.000001 0.000000
0.000001 -0.000002 0.000000
0.000001 -0.000001 0.000000
0.000002 -0.000001 0.000000
0.000002 -0.000001 0.000000
0.000002 -0.000001 0.000000
0.000002 -0.000001 0.000000
0.000002 -0.000001 0.000000
0.000002 -0.000002 0.000001
0.000002 -0.000002 0.000001
0.000002 -0.000002 0.000001
0.000001 -0.000002 0.000001
0.000003 -0.000003 0.000001
0.000001 -0.000002 0.000001
0.000002 -0.000004 0.000002
0.000000 -0.000003 0.000002
0.000002 -0.000004 0.000003
-0.000001 -0.000002 0.000002
0.000002 -0.000005 0.000004
-0.000001 -0.000001 0.000001
0.000000 -0.000002 0.000002
-0.000001 0.000000 0.000001
-0.000000 0.000000 0.000001
-0.000000 0.000000 0.000001
-0.000001 0.000002 -0.000001
-0.000001 0.000002 -0.000001
-0.000001 0.000002 -0.000002
-0.000001 0.000002 -0.000002
-0.000001 0.000002 -0.000002
-0.000002 0.000002 -0.000003
-0.000001 0.000002 -0.000002
-0.000002 0.000002 -0.000002
-0.000001 0.000002 -0.000002
-0.000001 0.000002 -0.000001
-0.000001 0.000002 -0.000001
-0.000001 0.000002 -0.000000
-0.000001 0.000002 0.000000
-0.000001 0.000002 0.000000
-0.000000 0.000001 0.000000
-0.000000 0.000001 0.000000
-0.000000 0.000001 0.000000
-0.000000 0.000001 -0.000000
-0.000000 0.000001 -0.000000
-0.000000 0.000000 -0.000001
-0.000001 -0.000000 -0.000001
-0.000001 -0.000000 -0.000001
-0.000001 -0.000000 -0.000001
-0.000001 -0.000000 -0.000001
VECTORS Curvature float
-104.916108 153.678853 -42.014540
-343.346097 500.876290 -131.862603
-769.054054 1113.359934 -283.224158
-1158.570020 1651.801934 -405.521424
-1590.375579 2212.644489 -517.814509
-2071.116169 2783.867406 -610.660151
-2642.869866 3392.787010 -682.940891
-3202.909199 3890.165971 -733.798151
-3808.578939 4326.581190 -763.061910
-4511.315892 4757.473902 -772.500001
-5165.416321 5019.591199 -763.112573
-5831.287831 5198.602401 -737.292349
-6570.684777 5358.941187 -697.888118
-7196.141638 5375.660963 -646.302508
-7752.323079 5312.823216 -587.227243
-8293.708913 5250.264074 -521.773273
-8682.806965 5121.713824 -454.173992
-8986.099206 5002.506868 -387.115044
-9112.270938 4864.247240 -322.685386
-9151.232758 4771.358392 -265.309691
-9040.503276 4701.087574 -213.941491
-8703.034152 4611.126354 -172.739809
-8299.360582 4576.445935 -140.917200
-7767.647316 4545.115231 -117.957404
-7157.282262 4522.010441 -103.868305
-6509.071893 4503.368550 -96.113606
-5773.902194 4423.510511 -93.510398
-5054.336849 4324.183838 -94.204928
-4375.732157 4200.792672 -96.081081
-3703.754358 3997.022087 -98.092010
-3120.241857 3778.741601 -99.143882
-2627.309158 3537.891529 -98.756036
-2246.577108 3311.234653 -96.811010
-1927.365450 3019.487750 -93.794908
-1721.589625 2762.172850 -89.806526
-1596.334150 2509.850186 -85.917171
-1520.212200 2242.925319 -82.258934
-1497.687233 2009.546523 -79.660462
-1465.248544 1739.403596 -78.231648
-1429.253966 1473.354540 -78.186770
-1322.805776 1144.256249 -79.404644
-1148.952607 774.978974 -81.706801
-911.051030 361.399525 -84.886660
-592.951864 -98.080112 -88.837345
-197.548025 -603.838997 -93.684830
242.998964 -1137.500832 -99.785655
705.972177 -1669.746642 -107.689079
1174.206725 -2222.000885 -117.937203
1613.130300 -2762.461258 -131.225534
1994.857951 -3271.493176 -147.752058
2328.365488 -3785.228306 -167.604870
2593.397187 -4279.222200 -190.343044
2788.360670 -4753.066248 -215.069972
2917.149695 -5207.362982 -240.584204
2991.848325 -5653.013354 -265.263543
3015.180010 -6078.863235 -287.579576
2990.923972 -6470.798862 -305.802996
2937.404358 -6840.938798 -318.638275
2861.479786 -7177.407195 -325.103536
2774.242411 -7480.134175 -324.692106
2666.355147 -7688.890300 -317.661952
2592.766363 -7936.362159 -303.786423
2495.680579 -8019.724428 -285.895187
2451.767285 -8152.278650 -262.297678
2387.776227 -8090.762785 -238.595239
2342.513675 -7929.333168 -211.306507
2414.574921 -8029.669370 -186.259195
2415.583449 -7758.474673 -162.695830
2387.647238 -7293.642242 -141.058409
2487.972064 -7125.554937 -122.958894
2529.826969 -6761.119501 -108.026801
2534.318371 -6257.540993 -96.837770
2603.127945 -5947.944972 -88.367092
2624.666453 -5544.096884 -82.599826
2546.356462 -5004.196881 -78.083391
2473.814728 -4542.101878 -75.769359
2405.618321 -4180.560360 -72.853976
2229.874014 -3715.337712 -70.457292
2032.279574 -3315.592735 -67.511962
1779.990499 -2925.874510 -63.830275
1525.488927 -2642.199297 -59.460523
1197.342279 -2333.256149 -53.646713
820.540575 -2043.920244 -47.128123
431.564080 -1842.771963 -38.959671
-15.833192 -1554.515313 -29.372935
-494.359758 -1300.747803 -17.874478
-1011.320811 -1043.447410 -4.322891
-1542.947037 -710.649617 11.558860
-2100.731069 -328.092368 30.028955
-2666.351140 125.787564 51.241412
-3269.373633 674.345229 74.838741
-3769.377596 1276.359596 101.471406
-4371.959235 2029.480580 128.199362
-4935.764823 2855.243967 157.602947
-5391.537437 3753.823685 183.334278
-5799.127958 4693.829483 208.568916
-6146.587560 5716.633435 224.736908
-6360.584179 6657.966691 236.380241
-6596.204447 7741.968228 231.084986
-6721.935260 8682.984162 218.452537
-6538.626740 9262.626308 184.367975
-6387.025856 9777.908536 135.654041
-6117.333409 10017.744219 72.210861
-5921.811078 10211.766903 2.109322
-5643.909608 10055.318070 -70.478099
-5290.435132 9546.014963 -134.900315
-4981.297099 8887.261786 -188.243029
-4684.615252 8065.107149 -227.375078
-4429.245182 7187.545528 -251.702531
-4156.814895 6236.503811 -263.154892
-3886.680952 5318.721502 -262.193290
-3599.846501 4477.759221 -253.290845
-3250.088417 3705.416627 -237.664752
-2887.664681 3097.464171 -218.666116
-2477.524083 2619.244924 -198.144423
-2030.711030 2270.477592 -177.519242
-1567.513779 2039.089917 -157.787413
-1103.926804 1894.796537 -139.366689
-665.590351 1813.630417 -122.377224
-271.214928 1754.241821 -106.671615
58.499788 1695.768357 -91.986960
304.279322 1606.768392 -78.034813
458.039598 1473.395625 -64.578444
513.423260 1283.099133 -51.427938
476.444539 1029.602561 -38.386994
368.150964 732.068109 -25.833216
179.022617 341.823243 -11.788287
59.410733 111.242543 -3.695273
VECTORS LocalRotation float
1.014599 -0.203361 0.123315
1.012565 -0.200391 0.122526
1.007549 -0.193111 0.120654
0.998858 -0.180644 0.117549
0.986387 -0.163112 0.113360
0.969754 -0.140415 0.108234
0.948400 -0.112436 0.102374
0.922080 -0.079645 0.095995
0.890225 -0.042314 0.089195
0.852608 -0.001242 0.082252
0.808846 0.042973 0.075307
0.758943 0.089344 0.068498
0.702728 0.137198 0.061993
0.640591 0.185650 0.055926
0.572796 0.234124 0.050332
0.500190 0.281921 0.045314
0.423341 0.328873 0.040896
0.343337 0.374715 0.037086
0.261403 0.419383 0.033873
0.178576 0.463081 0.031206
0.096374 0.505884 0.029041
0.016022 0.548054 0.027290
-0.061057 0.589706 0.025868
-0.133813 0.631011 0.024695
-0.201447 0.672100 0.023690
-0.263227 0.712900 0.022786
-0.318735 0.753241 0.021929
-0.367782 0.792864 0.021079
-0.410435 0.831424 0.020218
-0.447015 0.868539 0.019339
-0.478009 0.903856 0.018443
-0.504068 0.937029 0.017546
-0.526157 0.968070 0.016660
-0.544966 0.996598 0.015801
-0.561561 1.022892 0.014966
-0.576498 1.046626 0.014175
-0.590680 1.068254 0.013410
-0.604303 1.087450 0.012679
-0.617759 1.104475 0.011962
-0.630828 1.118982 0.011255
-0.643271 1.130817 0.010543
-0.654471 1.139513 0.009813
-0.663832 1.144677 0.009056
-0.670621 1.145865 0.008271
-0.674206 1.142683 0.007444
-0.674000 1.134815 0.006570
-0.669705 1.122109 0.005631
-0.661176 1.104455 0.004607
-0.648578 1.081926 0.003481
-0.632228 1.054583 0.002217
-0.612636 1.022604 0.000788
-0.590355 0.986095 -0.000833
-0.565993 0.945208 -0.002668
-0.540164 0.900117 -0.004731
-0.513403 0.850932 -0.007022
-0.486219 0.797840 -0.009524
-0.459026 0.741021 -0.012210
-0.432179 0.680739 -0.015038
-0.405920 0.617258 -0.017953
-0.380404 0.550896 -0.020895
-0.355765 0.482198 -0.023804
-0.331910 0.411324 -0.026623
-0.308933 0.339273 -0.029286
-0.286460 0.265816 -0.031776
-0.264673 0.192693 -0.034031
-0.243064 0.119509 -0.036086
-0.221564 0.047380 -0.037883
-0.199862 -0.023556 -0.039451
-0.178047 -0.091918 -0.040830
-0.155799 -0.157716 -0.042035
-0.133234 -0.220163 -0.043074
-0.110146 -0.279517 -0.044008
-0.086889 -0.334770 -0.044846
-0.063321 -0.386579 -0.045617
-0.040047 -0.434055 -0.046340
-0.017169 -0.477560 -0.047041
0.004824 -0.516875 -0.047711
0.025760 -0.552537 -0.048358
0.045057 -0.584369 -0.048983
0.062353 -0.612688 -0.049579
0.077378 -0.637996 -0.050139
0.089623 -0.660371 -0.050648
0.098824 -0.680331 -0.051107
0.104471 -0.697859 -0.051496
0.106347 -0.713191 -0.051804
0.104015 -0.726242 -0.052020
0.097213 -0.736832 -0.052120
0.085667 -0.744761 -0.052088
0.069187 -0.749459 -0.051899
0.047624 -0.750374 -0.051532
0.020785 -0.746756 -0.050962
-0.011010 -0.737945 -0.050165
-0.048169 -0.722856 -0.049117
-0.090017 -0.700894 -0.047832
-0.136847 -0.670925 -0.046286
-0.187364 -0.632790 -0.044517
-0.241689 -0.585447 -0.042546
-0.298269 -0.529466 -0.040460
-0.357325 -0.463833 -0.038330
-0.417014 -0.390220 -0.036315
-0.477059 -0.308960 -0.034491
-0.535600 -0.222724 -0.033042
-0.592490 -0.132662 -0.032096
-0.647151 -0.040815 -0.031758
-0.699310 0.050585 -0.032067
-0.748751 0.139215 -0.032995
-0.795262 0.222681 -0.034459
-0.839072 0.299518 -0.036342
-0.880386 0.368659 -0.038514
-0.919232 0.429394 -0.040844
-0.955703 0.481788 -0.043226
-0.989535 0.526058 -0.045555
-1.020568 0.563131 -0.047779
-1.048385 0.593963 -0.049847
-1.072672 0.619841 -0.051734
-1.093086 0.641983 -0.053435
-1.109373 0.661490 -0.054953
-1.121469 0.679301 -0.056298
-1.129481 0.696092 -0.057484
-1.133720 0.712239 -0.058520
-1.134684 0.727871 -0.059420
-1.133042 0.742816 -0.060190
-1.129587 0.756778 -0.060836
-1.125192 0.769247 -0.061361
-1.120706 0.779728 -0.061768
-1.116891 0.787687 -0.062058
-1.114408 0.792560 -0.062229
-1.113331 0.794607 -0.062299
VECTORS q1 float
0.690248 -0.695265 -0.200413
0.689775 -0.695017 -0.202887
0.688341 -0.694215 -0.210362
0.685864 -0.692764 -0.222867
0.682174 -0.690556 -0.240357
0.677052 -0.687397 -0.262842
0.670200 -0.683090 -0.290207
0.661244 -0.677480 -0.322144
0.649788 -0.670773 -0.357546
0.635448 -0.662850 -0.396025
0.617941 -0.654009 -0.436372
0.597153 -0.644620 -0.477361
0.573049 -0.634973 -0.518096
0.545725 -0.625423 -0.557701
0.515669 -0.616520 -0.594970
0.483135 -0.608474 -0.629556
0.448621 -0.601591 -0.660929
0.412538 -0.596041 -0.688874
0.375224 -0.591920 -0.713329
0.337023 -0.589280 -0.734278
0.297929 -0.588088 -0.751925
0.258298 -0.588343 -0.766247
0.218225 -0.589974 -0.777372
0.177778 -0.592891 -0.785414
0.137242 -0.596970 -0.790438
0.096769 -0.602055 -0.792569
0.056796 -0.607934 -0.791954
0.017832 -0.614353 -0.788830
-0.019840 -0.621070 -0.783504
-0.055711 -0.627821 -0.776361
-0.089334 -0.634369 -0.767851
-0.120608 -0.640562 -0.758376
-0.149338 -0.646280 -0.748345
-0.175646 -0.651491 -0.738044
-0.199202 -0.656132 -0.727880
-0.220585 -0.660298 -0.717878
-0.239455 -0.663972 -0.708380
-0.256262 -0.667251 -0.699361
-0.270772 -0.670139 -0.691083
-0.283080 -0.672676 -0.683646
-0.292907 -0.674843 -0.677343
-0.299986 -0.676602 -0.672472
-0.304004 -0.677894 -0.669359
-0.304672 -0.678640 -0.668298
-0.301664 -0.678758 -0.669542
-0.294702 -0.678154 -0.673244
-0.283610 -0.676767 -0.679376
-0.268250 -0.674547 -0.687771
-0.248417 -0.671432 -0.698189
-0.224140 -0.667423 -0.710146
-0.195309 -0.662481 -0.723169
-0.161858 -0.656561 -0.736702
-0.123814 -0.649614 -0.750115
-0.081221 -0.641558 -0.762763
-0.034199 -0.632285 -0.773981
0.017101 -0.621644 -0.783113
0.072304 -0.609495 -0.789486
0.130981 -0.595674 -0.792475
0.192577 -0.580021 -0.791511
0.256402 -0.562404 -0.786104
0.321603 -0.542760 -0.775876
0.387187 -0.521114 -0.760609
0.452569 -0.497381 -0.740131
0.516107 -0.472022 -0.714723
0.577781 -0.444864 -0.684299
0.635317 -0.416995 -0.649990
0.689448 -0.388067 -0.611608
0.739246 -0.358712 -0.569948
0.783519 -0.329974 -0.526511
0.822442 -0.302163 -0.481962
0.856714 -0.275157 -0.436268
0.885535 -0.250149 -0.391476
0.909862 -0.226862 -0.347397
0.929979 -0.205577 -0.304757
0.946286 -0.186454 -0.264153
0.959096 -0.169765 -0.226527
0.969222 -0.155011 -0.191262
0.976980 -0.142277 -0.158958
0.982818 -0.131375 -0.129650
0.987135 -0.122080 -0.103249
0.990269 -0.114157 -0.079593
0.992523 -0.107280 -0.058212
0.994061 -0.101438 -0.039421
0.995096 -0.096295 -0.022608
0.995745 -0.091806 -0.007913
0.996114 -0.087964 0.004455
0.996302 -0.084663 0.014614
0.996384 -0.082030 0.022114
0.996424 -0.080230 0.026520
0.996459 -0.079533 0.027294
0.996483 -0.080337 0.023822
0.996414 -0.083186 0.015454
0.996056 -0.088706 0.001673
0.995022 -0.097944 -0.018386
0.992749 -0.111609 -0.044633
0.988365 -0.130921 -0.077418
0.980830 -0.156570 -0.116011
0.968722 -0.189680 -0.159996
0.950785 -0.230170 -0.207438
0.925137 -0.279002 -0.257449
0.891397 -0.333981 -0.306379
0.848903 -0.394088 -0.352221
0.798267 -0.456895 -0.392448
0.740439 -0.520326 -0.425454
0.677103 -0.582148 -0.450150
0.611389 -0.639586 -0.465976
0.545984 -0.691129 -0.473542
0.483429 -0.735905 -0.474069
0.425743 -0.773721 -0.469147
0.374209 -0.804953 -0.460455
0.329713 -0.830158 -0.449586
0.292001 -0.850340 -0.437786
0.260767 -0.866316 -0.426025
0.235030 -0.879013 -0.414847
0.213663 -0.889241 -0.404474
0.195592 -0.897656 -0.394915
0.179780 -0.904802 -0.386022
0.165399 -0.911076 -0.377603
0.151833 -0.916749 -0.369483
0.138717 -0.921969 -0.361566
0.125963 -0.926774 -0.353869
0.113643 -0.931147 -0.346483
0.102080 -0.935009 -0.339614
0.091636 -0.938293 -0.333482
0.082830 -0.940912 -0.328366
0.076093 -0.942823 -0.324492
0.071887 -0.943976 -0.322088
0.070448 -0.944364 -0.321269
VECTORS q2 float
0.723572 0.662700 0.193062
0.724023 0.662712 0.191323
0.725314 0.662805 0.186033
0.727296 0.663094 0.177051
0.729731 0.663731 0.164174
0.732234 0.664993 0.147030
0.734264 0.667221 0.125193
0.735117 0.670784 0.098245
0.734098 0.675801 0.066282
0.730118 0.682713 0.028827
0.722165 0.691582 -0.013854
0.709198 0.702343 -0.061262
0.690056 0.714893 -0.112918
0.663676 0.728911 -0.167998
0.629653 0.743631 -0.224836
0.587348 0.758488 -0.282345
0.536919 0.772613 -0.338802
0.478883 0.785198 -0.392601
0.414227 0.795518 -0.442230
0.344560 0.802999 -0.486282
0.271313 0.807377 -0.523958
0.196946 0.808575 -0.554454
0.123442 0.806860 -0.577701
0.052539 0.802708 -0.594054
-0.014031 0.796737 -0.604164
-0.075278 0.789598 -0.608989
-0.130299 0.781936 -0.609588
-0.178609 0.774308 -0.607080
-0.220409 0.767095 -0.602482
-0.255918 0.760572 -0.596688
-0.285623 0.754871 -0.590415
-0.310411 0.749979 -0.584103
-0.331102 0.745824 -0.578029
-0.348704 0.742266 -0.572230
-0.363851 0.739192 -0.566752
-0.377611 0.736425 -0.561328
-0.390319 0.733884 -0.555937
-0.402613 0.731454 -0.550343
-0.414498 0.729106 -0.544606
-0.426049 0.726809 -0.538731
-0.436918 0.724593 -0.532980
-0.446674 0.722512 -0.527691
-0.454789 0.720651 -0.523287
-0.460774 0.719104 -0.520169
-0.464036 0.717993 -0.518803
-0.464158 0.717425 -0.519480
-0.460830 0.717484 -0.522353
-0.453915 0.718220 -0.527372
-0.443382 0.719660 -0.534324
-0.429469 0.721761 -0.542787
-0.412445 0.724477 -0.552288
-0.392687 0.727745 -0.562302
-0.370669 0.731489 -0.572301
-0.346880 0.735643 -0.581811
-0.321823 0.740151 -0.590429
-0.295958 0.744982 -0.597838
-0.269774 0.750101 -0.603797
-0.243676 0.755495 -0.608153
-0.218009 0.761162 -0.610823
-0.193051 0.767108 -0.611781
-0.169031 0.773337 -0.611047
-0.146126 0.779845 -0.608678
-0.124296 0.786707 -0.604684
-0.103764 0.793844 -0.599204
-0.084242 0.801423 -0.592135
-0.066075 0.809243 -0.583746
-0.048807 0.817564 -0.573765
-0.032490 0.826347 -0.562223
-0.017329 0.835410 -0.549355
-0.003223 0.844769 -0.535121
0.010031 0.854550 -0.519273
0.022068 0.864356 -0.502396
0.033072 0.874271 -0.484311
0.042956 0.884108 -0.465304
0.051665 0.893678 -0.445725
0.059109 0.902681 -0.426231
0.065461 0.911186 -0.406761
0.070693 0.918940 -0.388011
0.074892 0.925837 -0.370429
0.078163 0.931800 -0.354456
0.080620 0.936772 -0.340526
0.082395 0.940760 -0.328909
0.083589 0.943620 -0.320304
0.084329 0.945376 -0.314886
0.084726 0.945933 -0.313101
0.084878 0.945200 -0.315267
0.084855 0.943027 -0.321712
0.084709 0.939256 -0.332600
0.084440 0.933655 -0.348077
0.083990 0.925939 -0.368216
0.083225 0.915772 -0.392982
0.081917 0.902782 -0.422225
0.079738 0.886769 -0.455283
0.076237 0.866952 -0.492526
0.070895 0.843511 -0.532413
0.063083 0.816008 -0.574588
0.052251 0.784850 -0.617479
0.037772 0.749962 -0.660402
0.019410 0.712401 -0.701504
-0.003387 0.672058 -0.740491
-0.029974 0.631077 -0.775141
-0.060043 0.590175 -0.805039
-0.092715 0.550599 -0.829605
-0.127314 0.512961 -0.848918
-0.163170 0.477714 -0.863229
-0.199197 0.445500 -0.872840
-0.234838 0.416315 -0.878370
-0.269680 0.390015 -0.880432
-0.303430 0.366382 -0.879599
-0.335873 0.345173 -0.876382
-0.366567 0.326280 -0.871304
-0.395359 0.309478 -0.864821
-0.421708 0.294747 -0.857488
-0.445303 0.282001 -0.849812
-0.465828 0.271193 -0.842294
-0.482961 0.262307 -0.835430
-0.496549 0.255285 -0.829620
-0.506557 0.250031 -0.825157
-0.513118 0.246390 -0.822193
-0.516513 0.244152 -0.820734
-0.517160 0.243058 -0.820651
-0.515615 0.242825 -0.821692
-0.512546 0.243159 -0.823511
-0.508671 0.243795 -0.825723
-0.504738 0.244502 -0.827924
-0.501389 0.245118 -0.829775
-0.499170 0.245524 -0.830991
-0.498391 0.245666 -0.831417
VECTORS q3 float
-0.001416 -0.278273 0.960501
0.001483 -0.278864 0.960329
0.010282 -0.280633 0.959760
0.025127 -0.283523 0.958636
0.046161 -0.287391 0.956700
0.073721 -0.292009 0.953570
0.108114 -0.296993 0.948739
0.149530 -0.301777 0.941579
0.197170 -0.305543 0.931540
0.251263 -0.307463 0.917787
0.310848 -0.306572 0.899659
0.374761 -0.301961 0.876569
0.442083 -0.292808 0.847836
0.511584 -0.278452 0.812863
0.581054 -0.258684 0.771660
0.649310 -0.233357 0.723838
0.714463 -0.202872 0.669616
0.774909 -0.167927 0.609358
0.829230 -0.129545 0.543687
0.876181 -0.089115 0.473672
0.915220 -0.047905 0.400097
0.945777 -0.007695 0.324725
0.968060 0.030109 0.248905
0.982667 0.064345 0.173854
0.990438 0.094007 0.100969
0.992456 0.118594 0.031087
0.989847 0.137813 -0.034803
0.983759 0.151718 -0.095921
0.975206 0.160738 -0.152109
0.965092 0.165442 -0.203043
0.954169 0.166572 -0.248626
0.942920 0.164961 -0.289291
0.931703 0.161457 -0.325364
0.920627 0.156849 -0.357554
0.909907 0.151942 -0.385983
0.899306 0.147258 -0.411780
0.888995 0.143372 -0.434893
0.878767 0.140540 -0.456088
0.868835 0.138988 -0.475193
0.859272 0.138763 -0.492338
0.850476 0.139829 -0.507089
0.842906 0.142076 -0.518964
0.837107 0.145336 -0.527379
0.833584 0.149453 -0.531791
0.832868 0.154188 -0.531561
0.835289 0.159400 -0.526197
0.840952 0.164932 -0.515361
0.849708 0.170722 -0.498849
0.861221 0.176829 -0.476477
0.874825 0.183325 -0.448413
0.889800 0.190401 -0.414734
0.905317 0.198280 -0.375615
0.920475 0.207185 -0.331360
0.934386 0.217332 -0.282293
0.946182 0.228893 -0.228796
0.955048 0.241992 -0.171240
0.960205 0.256639 -0.110190
0.960971 0.272764 -0.046196
0.956758 0.290187 0.020133
0.947095 0.308620 0.088115
0.931665 0.327662 0.156964
0.910348 0.346817 0.225798
0.883024 0.365657 0.294217
0.850216 0.383416 0.360729
0.811833 0.399771 0.425571
0.769419 0.413812 0.486573
0.722689 0.425432 0.544728
0.672651 0.434139 0.599219
0.621126 0.439554 0.648841
0.568840 0.441659 0.693800
0.515694 0.440492 0.734865
0.464048 0.436251 0.770938
0.413591 0.429167 0.802968
0.365094 0.419631 0.831033
0.319175 0.408136 0.855308
0.276840 0.395406 0.875793
0.237327 0.381722 0.893288
0.201278 0.367842 0.907843
0.168700 0.354355 0.919768
0.139480 0.341825 0.929355
0.113434 0.330795 0.936860
0.090049 0.321653 0.942566
0.069689 0.315106 0.946494
0.051695 0.311435 0.948860
0.036230 0.311099 0.949687
0.023521 0.314420 0.948992
0.013456 0.321763 0.946725
0.006512 0.333270 0.942809
0.003166 0.349072 0.937091
0.004012 0.369204 0.929340
0.009755 0.393582 0.919238
0.021172 0.421977 0.906359
0.038903 0.453621 0.890345
0.064179 0.488672 0.870104
0.097071 0.525389 0.845307
0.138400 0.563019 0.814773
0.187730 0.599581 0.777985
0.245256 0.633703 0.733669
0.309244 0.662953 0.681808
0.379619 0.685927 0.620800
0.452231 0.700142 0.552529
0.525128 0.704548 0.477339
0.595125 0.698633 0.397164
0.659956 0.682738 0.313571
0.717570 0.657947 0.228472
0.765849 0.626466 0.144971
0.804209 0.590782 0.064998
0.832808 0.553473 -0.009914
0.852451 0.516837 -0.078785
0.864382 0.482604 -0.141195
0.870010 0.452084 -0.196730
0.870877 0.425611 -0.245822
0.868425 0.403263 -0.288472
0.863983 0.384464 -0.325148
0.858692 0.368382 -0.356289
0.853518 0.354132 -0.382228
0.849187 0.340828 -0.403383
0.846193 0.327758 -0.420157
0.844782 0.314425 -0.432990
0.844968 0.300604 -0.442341
0.846569 0.286379 -0.448674
0.849251 0.272032 -0.452517
0.852570 0.258132 -0.454413
0.856070 0.245298 -0.454942
0.859290 0.234315 -0.454662
0.861869 0.225837 -0.454069
0.863517 0.220514 -0.453555
0.864085 0.218689 -0.453356
