# vtk DataFile Version 2.0
VTK example
ASCII
DATASET UNSTRUCTURED_GRID
POINTS  128  float
-0.000014 -0.000015 -0.000135
-0.000014 -0.000015 -0.000126
-0.000014 -0.000015 -0.000117
-0.000014 -0.000014 -0.000108
-0.000014 -0.000014 -0.000099
-0.000014 -0.000014 -0.000090
-0.000014 -0.000013 -0.000081
-0.000014 -0.000013 -0.000072
-0.000014 -0.000012 -0.000063
-0.000013 -0.000012 -0.000054
-0.000013 -0.000011 -0.000045
-0.000013 -0.000010 -0.000036
-0.000012 -0.000009 -0.000027
-0.000012 -0.000007 -0.000018
-0.000011 -0.000005 -0.000009
-0.000010 -0.000003 -0.000001
-0.000009 -0.000000 0.000008
-0.000008 0.000003 0.000016
-0.000006 0.000007 0.000024
-0.000004 0.000011 0.000032
-0.000002 0.000016 0.000040
0.000001 0.000021 0.000047
0.000003 0.000026 0.000053
0.000007 0.000032 0.000059
0.000010 0.000039 0.000065
0.000014 0.000045 0.000069
0.000018 0.000052 0.000073
0.000022 0.000059 0.000077
0.000027 0.000067 0.000080
0.000032 0.000074 0.000082
0.000037 0.000081 0.000083
0.000043 0.000088 0.000084
0.000049 0.000095 0.000084
0.000055 0.000102 0.000084
0.000061 0.000108 0.000083
0.000068 0.000114 0.000082
0.000074 0.000120 0.000080
0.000081 0.000126 0.000078
0.000088 0.000131 0.000076
0.000095 0.000136 0.000073
0.000102 0.000141 0.000070
0.000110 0.000145 0.000067
0.000117 0.000150 0.000064
0.000124 0.000153 0.000061
0.000132 0.000157 0.000057
0.000139 0.000161 0.000054
0.000147 0.000164 0.000050
0.000155 0.000168 0.000046
0.000162 0.000171 0.000043
0.000170 0.000173 0.000039
0.000178 0.000176 0.000035
0.000186 0.000179 0.000031
0.000193 0.000181 0.000028
0.000201 0.000183 0.000024
0.000209 0.000185 0.000020
0.000218 0.000187 0.000017
0.000226 0.000189 0.000013
0.000234 0.000190 0.000009
0.000242 0.000191 0.000006
0.000251 0.000193 0.000003
0.000259 0.000194 -0.000000
0.000268 0.000195 -0.000003
0.000276 0.000195 -0.000006
0.000285 0.000196 -0.000008
0.000294 0.000197 -0.000010
0.000303 0.000198 -0.000012
0.000311 0.000198 -0.000014
0.000320 0.000199 -0.000015
0.000329 0.000199 -0.000015
0.000338 0.000200 -0.000016
0.000347 0.000201 -0.000015
0.000356 0.000202 -0.000015
0.000365 0.000203 -0.000014
0.000374 0.000204 -0.000012
0.000383 0.000205 -0.000010
0.000391 0.000207 -0.000007
0.000400 0.000208 -0.000003
0.000407 0.000210 0.000001
0.000415 0.000212 0.000005
0.000422 0.000214 0.000011
0.000428 0.000217 0.000017
0.000434 0.000219 0.000023
0.000439 0.000222 0.000030
0.000444 0.000225 0.000037
0.000448 0.000227 0.000045
0.000451 0.000230 0.000053
0.000453 0.000233 0.000061
0.000455 0.000236 0.000070
0.000456 0.000239 0.000078
0.000456 0.000242 0.000087
0.000456 0.000245 0.000095
0.000456 0.000247 0.000104
0.000455 0.000250 0.000112
0.000453 0.000253 0.000121
0.000452 0.000256 0.000129
0.000450 0.000259 0.000137
0.000447 0.000263 0.000146
0.000445 0.000266 0.000154
0.000442 0.000270 0.000161
0.000439 0.000273 0.000169
0.000436 0.000277 0.000177
0.000433 0.000281 0.000184
0.000430 0.000285 0.000192
0.000426 0.000289 0.000199
0.000423 0.000293 0.000207
0.000420 0.000297 0.000214
0.000417 0.000301 0.000221
0.000414 0.000305 0.000229
0.000411 0.000309 0.000237
0.000409 0.000313 0.000245
0.000407 0.000317 0.000253
0.000405 0.000320 0.000261
0.000403 0.000324 0.000269
0.000402 0.000327 0.000277
0.000401 0.000330 0.000286
0.000400 0.000333 0.000294
0.000400 0.000336 0.000303
0.000400 0.000339 0.000312
0.000401 0.000341 0.000320
0.000401 0.000344 0.000329
0.000402 0.000347 0.000337
0.000404 0.000349 0.000346
0.000405 0.000352 0.000354
0.000407 0.000355 0.000363
0.000409 0.000357 0.000371
0.000411 0.000360 0.000380
0.000413 0.000363 0.000388
0.000415 0.000366 0.000396
CELLS  127 381
2 0 1 
2 1 2 
2 2 3 
2 3 4 
2 4 5 
2 5 6 
2 6 7 
2 7 8 
2 8 9 
2 9 10 
2 10 11 
2 11 12 
2 12 13 
2 13 14 
2 14 15 
2 15 16 
2 16 17 
2 17 18 
2 18 19 
2 19 20 
2 20 21 
2 21 22 
2 22 23 
2 23 24 
2 24 25 
2 25 26 
2 26 27 
2 27 28 
2 28 29 
2 29 30 
2 30 31 
2 31 32 
2 32 33 
2 33 34 
2 34 35 
2 35 36 
2 36 37 
2 37 38 
2 38 39 
2 39 40 
2 40 41 
2 41 42 
2 42 43 
2 43 44 
2 44 45 
2 45 46 
2 46 47 
2 47 48 
2 48 49 
2 49 50 
2 50 51 
2 51 52 
2 52 53 
2 53 54 
2 54 55 
2 55 56 
2 56 57 
2 57 58 
2 58 59 
2 59 60 
2 60 61 
2 61 62 
2 62 63 
2 63 64 
2 64 65 
2 65 66 
2 66 67 
2 67 68 
2 68 69 
2 69 70 
2 70 71 
2 71 72 
2 72 73 
2 73 74 
2 74 75 
2 75 76 
2 76 77 
2 77 78 
2 78 79 
2 79 80 
2 80 81 
2 81 82 
2 82 83 
2 83 84 
2 84 85 
2 85 86 
2 86 87 
2 87 88 
2 88 89 
2 89 90 
2 90 91 
2 91 92 
2 92 93 
2 93 94 
2 94 95 
2 95 96 
2 96 97 
2 97 98 
2 98 99 
2 99 100 
2 100 101 
2 101 102 
2 102 103 
2 103 104 
2 104 105 
2 105 106 
2 106 107 
2 107 108 
2 108 109 
2 109 110 
2 110 111 
2 111 112 
2 112 113 
2 113 114 
2 114 115 
2 115 116 
2 116 117 
2 117 118 
2 118 119 
2 119 120 
2 120 121 
2 121 122 
2 122 123 
2 123 124 
2 124 125 
2 125 126 
2 126 127 
CELL_TYPES  127
3
3
3
3
3
3
3
3
3
3
3
3
3
3
3
3
3
3
3
3
3
3
3
3
3
3
3
3
3
3
3
3
3
3
3
3
3
3
3
3
3
3
3
3
3
3
3
3
3
3
3
3
3
3
3
3
3
3
3
3
3
3
3
3
3
3
3
3
3
3
3
3
3
3
3
3
3
3
3
3
3
3
3
3
3
3
3
3
3
3
3
3
3
3
3
3
3
3
3
3
3
3
3
3
3
3
3
3
3
3
3
3
3
3
3
3
3
3
3
3
3
3
3
3
3
3
3
POINT_DATA  128
VECTORS Position float
-0.000014 -0.000015 -0.000135
-0.000014 -0.000015 -0.000126
-0.000014 -0.000015 -0.000117
-0.000014 -0.000014 -0.000108
-0.000014 -0.000014 -0.000099
-0.000014 -0.000014 -0.000090
-0.000014 -0.000013 -0.000081
-0.000014 -0.000013 -0.000072
-0.000014 -0.000012 -0.000063
-0.000013 -0.000012 -0.000054
-0.000013 -0.000011 -0.000045
-0.000013 -0.000010 -0.000036
-0.000012 -0.000009 -0.000027
-0.000012 -0.000007 -0.000018
-0.000011 -0.000005 -0.000009
-0.000010 -0.000003 -0.000001
-0.000009 -0.000000 0.000008
-0.000008 0.000003 0.000016
-0.000006 0.000007 0.000024
-0.000004 0.000011 0.000032
-0.000002 0.000016 0.000040
0.000001 0.000021 0.000047
0.000003 0.000026 0.000053
0.000007 0.000032 0.000059
0.000010 0.000039 0.000065
0.000014 0.000045 0.000069
0.000018 0.000052 0.000073
0.000022 0.000059 0.000077
0.000027 0.000067 0.000080
0.000032 0.000074 0.000082
0.000037 0.000081 0.000083
0.000043 0.000088 0.000084
0.000049 0.000095 0.000084
0.000055 0.000102 0.000084
0.000061 0.000108 0.000083
0.000068 0.000114 0.000082
0.000074 0.000120 0.000080
0.000081 0.000126 0.000078
0.000088 0.000131 0.000076
0.000095 0.000136 0.000073
0.000102 0.000141 0.000070
0.000110 0.000145 0.000067
0.000117 0.000150 0.000064
0.000124 0.000153 0.000061
0.000132 0.000157 0.000057
0.000139 0.000161 0.000054
0.000147 0.000164 0.000050
0.000155 0.000168 0.000046
0.000162 0.000171 0.000043
0.000170 0.000173 0.000039
0.000178 0.000176 0.000035
0.000186 0.000179 0.000031
0.000193 0.000181 0.000028
0.000201 0.000183 0.000024
0.000209 0.000185 0.000020
0.000218 0.000187 0.000017
0.000226 0.000189 0.000013
0.000234 0.000190 0.000009
0.000242 0.000191 0.000006
0.000251 0.000193 0.000003
0.000259 0.000194 -0.000000
0.000268 0.000195 -0.000003
0.000276 0.000195 -0.000006
0.000285 0.000196 -0.000008
0.000294 0.000197 -0.000010
0.000303 0.000198 -0.000012
0.000311 0.000198 -0.000014
0.000320 0.000199 -0.000015
0.000329 0.000199 -0.000015
0.000338 0.000200 -0.000016
0.000347 0.000201 -0.000015
0.000356 0.000202 -0.000015
0.000365 0.000203 -0.000014
0.000374 0.000204 -0.000012
0.000383 0.000205 -0.000010
0.000391 0.000207 -0.000007
0.000400 0.000208 -0.000003
0.000407 0.000210 0.000001
0.000415 0.000212 0.000005
0.000422 0.000214 0.000011
0.000428 0.000217 0.000017
0.000434 0.000219 0.000023
0.000439 0.000222 0.000030
0.000444 0.000225 0.000037
0.000448 0.000227 0.000045
0.000451 0.000230 0.000053
0.000453 0.000233 0.000061
0.000455 0.000236 0.000070
0.000456 0.000239 0.000078
0.000456 0.000242 0.000087
0.000456 0.000245 0.000095
0.000456 0.000247 0.000104
0.000455 0.000250 0.000112
0.000453 0.000253 0.000121
0.000452 0.000256 0.000129
0.000450 0.000259 0.000137
0.000447 0.000263 0.000146
0.000445 0.000266 0.000154
0.000442 0.000270 0.000161
0.000439 0.000273 0.000169
0.000436 0.000277 0.000177
0.000433 0.000281 0.000184
0.000430 0.000285 0.000192
0.000426 0.000289 0.000199
0.000423 0.000293 0.000207
0.000420 0.000297 0.000214
0.000417 0.000301 0.000221
0.000414 0.000305 0.000229
0.000411 0.000309 0.000237
0.000409 0.000313 0.000245
0.000407 0.000317 0.000253
0.000405 0.000320 0.000261
0.000403 0.000324 0.000269
0.000402 0.000327 0.000277
0.000401 0.000330 0.000286
0.000400 0.000333 0.000294
0.000400 0.000336 0.000303
0.000400 0.000339 0.000312
0.000401 0.000341 0.000320
0.000401 0.000344 0.000329
0.000402 0.000347 0.000337
0.000404 0.000349 0.000346
0.000405 0.000352 0.000354
0.000407 0.000355 0.000363
0.000409 0.000357 0.000371
0.000411 0.000360 0.000380
0.000413 0.000363 0.000388
0.000415 0.000366 0.000396
VECTORS Rotation float
-0.021763 0.022808 -0.004848
-0.021688 0.023133 -0.004969
-0.021467 0.024173 -0.005339
-0.021101 0.026113 -0.005985
-0.020587 0.029245 -0.006962
-0.019924 0.034004 -0.008393
-0.019102 0.040929 -0.010471
-0.018103 0.050631 -0.013474
-0.016870 0.063555 -0.017696
-0.015339 0.080446 -0.023592
-0.013394 0.101722 -0.031565
-0.010867 0.127692 -0.042019
-0.007536 0.158718 -0.055418
-0.003105 0.195008 -0.072204
0.002773 0.236182 -0.092588
0.010548 0.282339 -0.117059
0.020729 0.333036 -0.145923
0.033924 0.387825 -0.179609
0.050867 0.446121 -0.218660
0.072397 0.507021 -0.263681
0.099706 0.569849 -0.315824
0.133942 0.632982 -0.375934
0.176609 0.694940 -0.445404
0.229420 0.753998 -0.525852
0.293777 0.807905 -0.618455
0.370850 0.854503 -0.724256
0.460235 0.891360 -0.842545
0.559476 0.916396 -0.970511
0.664625 0.928390 -1.104000
0.769639 0.926984 -1.236603
0.868437 0.913042 -1.361898
0.957079 0.888264 -1.475816
1.033090 0.854996 -1.575636
1.096436 0.815537 -1.661289
1.147190 0.772899 -1.732412
1.187955 0.728357 -1.791949
1.219662 0.684535 -1.840424
1.244590 0.641888 -1.880474
1.263805 0.601872 -1.913013
1.278695 0.564503 -1.939680
1.290058 0.530215 -1.961286
1.298600 0.498945 -1.978631
1.304859 0.470449 -1.992344
1.309305 0.444075 -2.003055
1.312204 0.419681 -2.011059
1.313844 0.396627 -2.016778
1.314417 0.374632 -2.020491
1.314094 0.353357 -2.022472
1.313023 0.332409 -2.022962
1.311301 0.311733 -2.022132
1.309007 0.291171 -2.020085
1.306191 0.270673 -2.016846
1.302883 0.250301 -2.012372
1.299101 0.230158 -2.006544
1.294850 0.210401 -1.999173
1.290137 0.191199 -1.989989
1.284971 0.172786 -1.978714
1.279375 0.155375 -1.965071
1.273386 0.139165 -1.948819
1.267046 0.124336 -1.929774
1.260402 0.111047 -1.907829
1.253492 0.099445 -1.882955
1.246359 0.089578 -1.854969
1.239000 0.081661 -1.824163
1.231446 0.075701 -1.790102
1.223626 0.071963 -1.753631
1.215557 0.070480 -1.713859
1.207171 0.071398 -1.670958
1.198344 0.074797 -1.625604
1.188980 0.080748 -1.577437
1.178973 0.089404 -1.525341
1.168126 0.100503 -1.470575
1.156264 0.114202 -1.411771
1.143153 0.130343 -1.348837
1.128543 0.148683 -1.281667
1.112250 0.168650 -1.210979
1.093856 0.190264 -1.134881
1.073190 0.212624 -1.054233
1.050090 0.234949 -0.969186
1.024526 0.256343 -0.880154
0.996662 0.275862 -0.787906
0.966590 0.292817 -0.692418
0.935492 0.306100 -0.597452
0.903523 0.315662 -0.502246
0.871808 0.321353 -0.409551
0.841442 0.323595 -0.321922
0.812436 0.323260 -0.238390
0.785493 0.321386 -0.160775
0.760785 0.319160 -0.089407
0.738283 0.317736 -0.024202
0.717826 0.318109 0.035204
0.699181 0.321031 0.089356
0.682284 0.326911 0.138237
0.666553 0.336028 0.183624
0.652152 0.347980 0.224855
0.638829 0.362442 0.262721
0.626752 0.378545 0.296831
0.615871 0.395642 0.327475
0.606546 0.412594 0.353955
0.598772 0.428899 0.376469
0.593159 0.443272 0.393906
0.589948 0.455150 0.405973
0.589460 0.463909 0.412207
0.591873 0.469193 0.412350
0.597276 0.470758 0.406236
0.605629 0.468485 0.393947
0.616741 0.462445 0.375707
0.630285 0.452874 0.351932
0.645828 0.440180 0.323188
0.662879 0.424914 0.290123
0.680862 0.407866 0.253663
0.699327 0.389772 0.214423
0.717749 0.371620 0.173450
0.735774 0.354248 0.131446
0.753122 0.338422 0.089097
0.769555 0.324821 0.047182
0.784932 0.313889 0.006331
0.799149 0.305868 -0.032807
0.812147 0.300758 -0.069679
0.823889 0.298340 -0.103794
0.834332 0.298220 -0.134659
0.843464 0.299868 -0.161984
0.851238 0.302671 -0.185400
0.857649 0.306018 -0.204785
0.862652 0.309311 -0.219925
0.866247 0.312061 -0.230810
0.868401 0.313863 -0.237320
0.869121 0.314493 -0.239497
VECTORS ControlForce float
0.000000 0.000000 0.000000
0.000011 0.000121 0.000010
0.000034 0.000240 0.000033
0.000076 0.000353 0.000066
0.000140 0.000450 0.000107
0.000217 0.000518 0.000160
0.000295 0.000549 0.000210
0.000358 0.000534 0.000256
0.000393 0.000473 0.000291
0.000396 0.000375 0.000321
0.000364 0.000253 0.000342
0.000306 0.000124 0.000349
0.000229 0.000004 0.000361
0.000144 -0.000093 0.000365
0.000064 -0.000162 0.000348
0.000000 -0.000209 0.000321
-0.000044 -0.000252 0.000296
-0.000063 -0.000305 0.000270
-0.000053 -0.000365 0.000235
-0.000020 -0.000440 0.000200
0.000025 -0.000532 0.000171
0.000073 -0.000630 0.000144
0.000121 -0.000703 0.000111
0.000165 -0.000715 0.000069
0.000189 -0.000662 0.000033
0.000177 -0.000560 0.000012
0.000123 -0.000424 0.000005
0.000035 -0.000252 0.000000
-0.000086 -0.000073 -0.000005
-0.000246 0.000071 -0.000015
-0.000407 0.000199 -0.000041
-0.000540 0.000309 -0.000077
-0.000624 0.000393 -0.000115
-0.000647 0.000440 -0.000152
-0.000592 0.000463 -0.000189
-0.000474 0.000451 -0.000215
-0.000302 0.000422 -0.000232
-0.000107 0.000376 -0.000232
0.000081 0.000309 -0.000218
0.000244 0.000241 -0.000187
0.000362 0.000167 -0.000151
0.000442 0.000114 -0.000113
0.000486 0.000090 -0.000073
0.000486 0.000076 -0.000031
0.000456 0.000084 0.000012
0.000399 0.000094 0.000051
0.000325 0.000100 0.000083
0.000242 0.000094 0.000104
0.000158 0.000073 0.000117
0.000067 0.000024 0.000118
-0.000014 -0.000021 0.000113
-0.000087 -0.000062 0.000106
-0.000156 -0.000113 0.000092
-0.000222 -0.000178 0.000070
-0.000269 -0.000222 0.000047
-0.000286 -0.000222 0.000030
-0.000275 -0.000188 0.000014
-0.000249 -0.000152 -0.000004
-0.000205 -0.000095 -0.000020
-0.000159 -0.000035 -0.000035
-0.000129 -0.000000 -0.000056
-0.000118 0.000019 -0.000078
-0.000114 0.000052 -0.000095
-0.000116 0.000084 -0.000112
-0.000124 0.000091 -0.000130
-0.000128 0.000082 -0.000152
-0.000128 0.000049 -0.000161
-0.000125 -0.000006 -0.000159
-0.000121 -0.000071 -0.000162
-0.000108 -0.000111 -0.000161
-0.000097 -0.000144 -0.000143
-0.000077 -0.000149 -0.000116
-0.000052 -0.000145 -0.000070
-0.000021 -0.000162 -0.000000
0.000029 -0.000193 0.000081
0.000119 -0.000203 0.000156
0.000261 -0.000146 0.000218
0.000440 -0.000031 0.000250
0.000624 0.000119 0.000238
0.000771 0.000275 0.000186
0.000844 0.000415 0.000109
0.000824 0.000538 0.000022
0.000706 0.000652 -0.000075
0.000500 0.000731 -0.000157
0.000240 0.000784 -0.000234
-0.000043 0.000787 -0.000298
-0.000299 0.000715 -0.000311
-0.000492 0.000585 -0.000278
-0.000595 0.000416 -0.000214
-0.000601 0.000224 -0.000128
-0.000508 0.000024 -0.000026
-0.000339 -0.000167 0.000070
-0.000110 -0.000342 0.000160
0.000144 -0.000486 0.000246
0.000388 -0.000591 0.000303
0.000596 -0.000654 0.000334
0.000743 -0.000675 0.000337
0.000823 -0.000658 0.000329
0.000821 -0.000606 0.000310
0.000750 -0.000528 0.000295
0.000629 -0.000431 0.000277
0.000474 -0.000323 0.000254
0.000287 -0.000207 0.000222
0.000106 -0.000095 0.000209
-0.000069 0.000009 0.000212
-0.000254 0.000108 0.000207
-0.000447 0.000197 0.000182
-0.000630 0.000271 0.000145
-0.000785 0.000322 0.000104
-0.000900 0.000343 0.000064
-0.000966 0.000329 0.000027
-0.000991 0.000279 -0.000018
-0.000963 0.000190 -0.000065
-0.000885 0.000068 -0.000116
-0.000756 -0.000082 -0.000153
-0.000594 -0.000238 -0.000190
-0.000411 -0.000386 -0.000223
-0.000216 -0.000515 -0.000241
-0.000028 -0.000608 -0.000253
0.000135 -0.000655 -0.000263
0.000267 -0.000661 -0.000261
0.000354 -0.000621 -0.000258
0.000394 -0.000542 -0.000250
0.000388 -0.000448 -0.000217
0.000338 -0.000340 -0.000173
0.000248 -0.000224 -0.000123
0.000130 -0.000106 -0.000070
0.000000 0.000000 -0.000000
VECTORS ControlTorque float
0.000000 -0.000000 0.000000
0.000000 -0.000000 0.000000
0.000000 -0.000000 0.000000
0.000000 -0.000000 0.000000
0.000001 -0.000000 0.000000
0.000001 -0.000000 0.000000
0.000001 -0.000000 0.000000
0.000001 -0.000000 0.000000
0.000002 -0.000001 0.000000
0.000002 -0.000001 0.000000
0.000002 -0.000001 0.000000
0.000002 -0.000001 0.000000
0.000002 -0.000001 0.000000
0.000002 -0.000001 0.000000
0.000002 -0.000001 0.000000
0.000002 -0.000001 0.000000
0.000002 -0.000001 0.000000
0.000002 -0.000001 0.000000
0.000001 -0.000001 0.000000
0.000002 -0.000001 0.000000
0.000001 -0.000001 0.000000
0.000000 -0.000001 0.000000
0.000000 -0.000001 0.000001
-0.000000 -0.000001 0.000001
-0.000000 -0.000001 0.000001
-0.000001 -0.000000 0.000001
-0.000001 0.000000 0.000001
-0.000001 0.000000 0.000002
-0.000001 0.000000 0.000002
-0.000002 0.000001 0.000001
-0.000001 0.000001 0.000001
-0.000002 0.000001 0.000001
-0.000001 0.000001 0.000001
-0.000002 0.000002 -0.000000
-0.000000 0.000001 0.000001
-0.000002 0.000002 -0.000001
-0.000001 0.000001 0.000000
-0.000002 0.000002 -0.000001
-0.000001 0.000001 -0.000001
-0.000001 0.000001 -0.000001
-0.000001 0.000001 -0.000001
-0.000001 0.000001 -0.000001
-0.000001 0.000001 -0.000000
-0.000001 0.000001 -0.000001
-0.000000 0.000001 -0.000000
-0.000001 0.000001 -0.000000
-0.000000 0.000001 -0.000000
-0.000000 0.000001 0.000000
-0.000000 0.000000 -0.000000
-0.000000 0.000000 0.000000
-0.000000 0.000000 0.000000
-0.000000 0.000000 0.000000
-0.000000 0.000001 0.000000
-0.000000 0.000001 -0.000000
-0.000000 0.000001 -0.000000
-0.000000 0.000001 -0.000000
-0.000000 0.000001 -0.000000
-0.000000 0.000001 -0.000000
-0.000000 0.000001 -0.000000
-0.000000 0.000001 -0.000001
-0.000000 0.000001 -0.000001
-0.000000 0.000002 -0.000001
-0.000000 0.000001 -0.000001
-0.000000 0.000002 -0.000001
-0.000000 0.000000 -0.000001
-0.000000 0.000002 -0.000001
-0.000000 0.000001 -0.000001
-0.000000 0.000001 -0.000001
-0.000000 0.000001 -0.000001
-0.000000 0.000003 -0.000001
0.000000 -0.000000 -0.000001
-0.000000 0.000002 -0.000001
0.000000 0.000001 -0.000001
0.000000 0.000002 -0.000001
0.000000 0.000000 -0.000001
0.000000 0.000003 -0.000002
0.000000 0.000001 -0.000001
0.000000 0.000001 -0.000001
0.000000 0.000001 -0.000000
0.000000 0.000000 0.000000
-0.000000 0.000002 -0.000001
-0.000000 -0.000002 0.000001
-0.000000 0.000001 -0.000000
-0.000000 -0.000001 0.000001
0.000000 -0.000003 0.000001
-0.000000 -0.000000 0.000000
0.000000 -0.000003 0.000001
0.000001 -0.000002 0.000001
0.000001 -0.000002 0.000001
0.000001 -0.000002 0.000001
0.000002 -0.000002 0.000001
0.000001 -0.000003 0.000001
0.000002 -0.000000 0.000000
0.000001 -0.000002 0.000001
0.000001 -0.000001 0.000001
0.000000 -0.000002 0.000001
0.000001 -0.000001 0.000001
-0.000001 -0.000002 0.000001
0.000000 -0.000001 0.000001
-0.000001 -0.000002 0.000001
-0.000001 -0.000002 0.000000
-0.000002 -0.000002 0.000000
-0.000002 -0.000002 0.000000
-0.000002 -0.000002 0.000000
-0.000002 -0.000002 0.000000
-0.000002 -0.000002 0.000000
-0.000002 -0.000002 0.000000
-0.000001 -0.000002 0.000000
-0.000001 -0.000002 0.000000
-0.000001 -0.000001 0.000000
-0.000000 -0.000001 0.000001
0.000000 -0.000001 0.000000
0.000001 -0.000001 0.000000
0.000001 -0.000000 0.000000
0.000001 0.000000 0.000000
0.000001 0.000000 -0.000000
0.000001 0.000001 -0.000000
0.000001 0.000001 -0.000000
0.000001 0.000001 -0.000000
0.000001 0.000001 -0.000001
0.000001 0.000001 -0.000001
0.000000 0.000002 -0.000001
0.000000 0.000001 -0.000001
-0.000000 0.000002 -0.000001
-0.000000 0.000002 -0.000000
-0.000001 0.000002 -0.000000
-0.000001 0.000002 -0.000000
-0.000001 0.000002 -0.000000
VECTORS Curvature float
-19.633704 7.966666 -4.588450
-67.100011 26.232643 -14.522148
-161.348596 59.758354 -31.562520
-271.332833 93.745938 -46.221260
-422.959425 138.513361 -60.988193
-627.386467 200.864828 -75.212984
-907.968892 294.101587 -89.086148
-1231.810404 414.202393 -102.726864
-1621.312825 575.640974 -116.208827
-2095.261377 790.568503 -129.387390
-2587.260630 1038.846632 -141.874737
-3116.086813 1327.781471 -153.149665
-3715.396340 1673.092788 -162.419574
-4276.731395 2023.252895 -168.177555
-4824.327710 2385.801931 -170.140909
-5391.672486 2771.180781 -166.358776
-5896.559856 3135.774424 -156.386389
-6383.703795 3500.802690 -139.556291
-6787.700190 3831.699205 -115.156766
-7172.886935 4173.030768 -85.007365
-7479.926471 4496.942088 -47.943336
-7627.012910 4768.698387 -7.833941
-7722.753094 5065.369161 33.602098
-7686.757804 5343.898386 74.007300
-7539.784639 5626.959429 108.487556
-7301.597312 5921.679483 135.296329
-6898.605769 6155.187241 150.591612
-6432.597908 6391.887486 152.304688
-5931.940489 6625.024226 141.503632
-5344.391173 6757.852019 119.296274
-4773.699854 6876.136414 90.764338
-4220.460776 6926.194243 59.433119
-3712.413221 6959.727746 31.068091
-3179.172693 6758.162503 4.585718
-2703.413427 6538.997282 -12.224217
-2286.700239 6213.990971 -26.805584
-1883.706711 5776.630931 -31.410209
-1565.059437 5368.239832 -33.210807
-1259.125762 4874.639527 -28.258535
-1011.910429 4455.281930 -20.416937
-771.600306 3987.136697 -8.798676
-555.503184 3559.397421 5.313366
-359.151025 3230.444382 21.677905
-174.371738 2945.290602 39.544874
4.245464 2696.983394 59.037895
170.707950 2529.072827 79.726954
324.481185 2371.925698 101.632292
470.442325 2283.143148 124.576624
605.480433 2218.370288 148.481397
729.627732 2155.977868 173.199385
856.325930 2117.478685 198.647602
985.527753 2073.302538 224.654777
1121.930419 2015.121530 251.075310
1271.183267 1935.655177 277.792021
1442.553279 1831.537277 304.630313
1637.941243 1694.890381 331.492304
1854.334316 1520.530823 358.212897
2092.547703 1314.097740 384.693573
2345.470266 1076.992865 410.806883
2609.545377 813.203328 436.426528
2857.112586 525.911759 461.526874
3139.065695 221.684878 485.721017
3368.650002 -95.286350 509.340882
3642.097017 -440.329988 531.373156
3837.202977 -782.779167 552.562403
4006.550231 -1144.188664 571.493748
4327.450135 -1567.634997 588.567643
4483.006202 -1962.053369 602.636296
4544.135900 -2319.331093 613.340778
4833.900625 -2813.710890 620.636836
5021.961102 -3255.907286 622.411013
5155.122512 -3674.318763 620.072323
5463.878231 -4210.927754 611.382823
5742.872731 -4736.017160 597.267994
5874.501597 -5120.041944 575.865590
6118.656249 -5581.325384 551.237144
6481.531694 -6115.768042 519.386946
6678.458604 -6451.757401 485.272786
6913.014193 -6766.537122 448.983284
7052.185315 -6930.729819 412.385648
7332.866608 -7172.097942 379.158292
7353.539799 -7117.917756 347.043043
7278.809193 -6928.408787 323.183406
7334.134632 -6859.814215 302.264780
6921.017916 -6372.296657 287.364968
6588.483737 -6009.092958 275.840595
6267.419099 -5743.019865 265.451630
5694.465428 -5346.151196 254.512354
5100.741840 -5040.355184 240.499662
4448.370040 -4779.943954 221.669614
3800.798013 -4619.915756 197.020827
3080.339295 -4402.855746 165.514534
2453.861711 -4340.324887 128.779653
1883.721073 -4293.492484 86.081421
1317.050594 -4151.503118 41.028368
851.493586 -3997.355872 -6.764923
448.764381 -3773.568075 -53.356195
137.251979 -3459.105996 -99.058443
-107.485917 -3102.239960 -140.136336
-278.177833 -2656.093168 -178.009580
-385.179174 -2033.039988 -210.280034
-445.709163 -1397.008222 -238.578620
-469.320401 -694.106284 -262.567765
-480.686264 30.067380 -283.036918
-479.763951 775.313474 -300.481803
-478.182354 1504.272765 -315.502962
-495.857266 2201.398751 -328.490681
-539.668550 2838.638403 -339.486839
-622.125379 3414.933755 -348.177932
-740.537677 3870.360753 -354.337981
-903.176302 4224.972108 -356.852486
-1103.253509 4453.359475 -355.556557
-1324.263998 4517.045907 -349.147834
-1571.616052 4487.252127 -337.304134
-1817.732359 4330.556167 -319.789608
-2044.669788 4066.023936 -296.679863
-2236.300996 3722.102136 -268.737389
-2371.402116 3314.787216 -237.043484
-2443.691152 2880.470526 -203.146027
-2432.025689 2430.034317 -168.724367
-2344.340608 1996.011183 -135.510098
-2173.080855 1589.644927 -104.903941
-1929.971541 1223.929613 -78.066002
-1623.631095 905.665788 -55.444907
-1261.356236 630.077296 -37.050155
-873.486158 400.519121 -22.628568
-401.261191 174.743788 -9.711473
-129.316385 54.768948 -2.949049
VECTORS LocalRotation float
0.122700 -0.583069 -0.067738
0.122306 -0.582914 -0.067824
0.121276 -0.582526 -0.068032
0.119325 -0.581834 -0.068383
0.116176 -0.580781 -0.068869
0.111404 -0.579239 -0.069488
0.104449 -0.576997 -0.070232
0.094815 -0.573808 -0.071096
0.081853 -0.569311 -0.072090
0.065049 -0.563134 -0.073201
0.043873 -0.554860 -0.074428
0.017990 -0.544120 -0.075766
-0.012975 -0.530518 -0.077197
-0.049047 -0.513835 -0.078689
-0.090323 -0.493839 -0.080223
-0.136549 -0.470504 -0.081746
-0.187648 -0.443764 -0.083207
-0.243253 -0.413714 -0.084547
-0.302882 -0.380519 -0.085700
-0.366194 -0.344217 -0.086608
-0.432405 -0.305040 -0.087209
-0.500817 -0.263081 -0.087461
-0.570405 -0.218498 -0.087344
-0.640183 -0.171362 -0.086857
-0.709184 -0.121647 -0.086030
-0.776276 -0.069440 -0.084928
-0.840448 -0.014863 -0.083636
-0.900832 0.041969 -0.082264
-0.956758 0.100846 -0.080935
-1.007811 0.161436 -0.079754
-1.053768 0.223362 -0.078800
-1.094547 0.285941 -0.078119
-1.130499 0.348873 -0.077709
-1.161554 0.410689 -0.077549
-1.188307 0.471162 -0.077583
-1.210772 0.528575 -0.077759
-1.229750 0.583138 -0.078024
-1.245318 0.633448 -0.078316
-1.258143 0.679964 -0.078595
-1.268398 0.722092 -0.078815
-1.276462 0.760263 -0.078947
-1.282475 0.794456 -0.078962
-1.286631 0.825311 -0.078840
-1.289040 0.853189 -0.078563
-1.289811 0.878774 -0.078116
-1.289021 0.902385 -0.077489
-1.286779 0.924569 -0.076669
-1.283173 0.945685 -0.075642
-1.278310 0.966031 -0.074408
-1.272260 0.985854 -0.072951
-1.265073 1.005220 -0.071265
-1.256735 1.024192 -0.069349
-1.247195 1.042699 -0.067196
-1.236361 1.060585 -0.064801
-1.224071 1.077646 -0.062164
-1.210130 1.093605 -0.059285
-1.194319 1.108162 -0.056162
-1.176446 1.120999 -0.052798
-1.156349 1.131827 -0.049196
-1.133915 1.140385 -0.045360
-1.109157 1.146449 -0.041293
-1.081959 1.149840 -0.036997
-1.052573 1.150411 -0.032503
-1.020729 1.147978 -0.027776
-0.987058 1.142472 -0.022896
-0.951226 1.133669 -0.017761
-0.913559 1.121413 -0.012518
-0.873974 1.105554 -0.007166
-0.832975 1.086109 -0.001644
-0.790181 1.062686 0.003987
-0.745861 1.035391 0.009577
-0.699462 1.003795 0.015242
-0.651391 0.968100 0.020816
-0.600868 0.927764 0.026265
-0.548580 0.883404 0.031545
-0.493924 0.834635 0.036682
-0.437133 0.781914 0.041507
-0.377695 0.725152 0.046045
-0.316160 0.665307 0.050275
-0.252798 0.603161 0.054183
-0.187415 0.539061 0.057781
-0.121367 0.474795 0.061047
-0.054646 0.410746 0.064103
0.011255 0.348565 0.066923
0.075590 0.288846 0.069584
0.137338 0.232255 0.072159
0.195416 0.179163 0.074604
0.249489 0.129036 0.076954
0.298315 0.082059 0.079193
0.341507 0.037639 0.081284
0.378806 -0.004863 0.083177
0.409889 -0.045620 0.084815
0.435149 -0.085526 0.086158
0.454651 -0.124344 0.087124
0.469165 -0.162638 0.087700
0.478954 -0.199425 0.087855
0.484867 -0.234764 0.087581
0.487518 -0.267483 0.086892
0.487654 -0.297389 0.085802
0.485926 -0.323197 0.084376
0.482922 -0.344430 0.082618
0.479159 -0.359965 0.080585
0.474996 -0.369478 0.078305
0.470682 -0.372493 0.075828
0.466351 -0.368861 0.073196
0.462019 -0.358554 0.070411
0.457609 -0.341774 0.067495
0.452916 -0.318930 0.064467
0.447649 -0.290582 0.061350
0.441484 -0.257621 0.058171
0.434031 -0.220915 0.054947
0.424964 -0.181698 0.051727
0.413966 -0.141058 0.048535
0.400842 -0.100249 0.045424
0.385499 -0.060334 0.042449
0.368009 -0.022311 0.039658
0.348632 0.012941 0.037098
0.327769 0.044802 0.034808
0.305968 0.072851 0.032815
0.283902 0.096885 0.031132
0.262261 0.116939 0.029754
0.241818 0.133166 0.028666
0.223219 0.145919 0.027837
0.207144 0.155553 0.027233
0.194070 0.162513 0.026813
0.184425 0.167169 0.026544
0.178640 0.169779 0.026397
0.176243 0.170816 0.026340
VECTORS q1 float
0.999749 0.021755 -0.005343
0.999750 0.021681 -0.005469
0.999753 0.021459 -0.005857
0.999756 0.021092 -0.006534
0.999760 0.020577 -0.007563
0.999761 0.019911 -0.009068
0.999755 0.019085 -0.011250
0.999733 0.018078 -0.014387
0.999682 0.016835 -0.018764
0.999575 0.015289 -0.024819
0.999369 0.013324 -0.032916
0.999000 0.010778 -0.043386
0.998370 0.007441 -0.056578
0.997346 0.003046 -0.072742
0.995773 -0.002696 -0.091809
0.993444 -0.010131 -0.113866
0.990145 -0.019589 -0.138671
0.985639 -0.031399 -0.165922
0.979685 -0.045868 -0.195226
0.972063 -0.063234 -0.226043
0.962500 -0.083812 -0.258010
0.950837 -0.107670 -0.290373
0.936868 -0.134948 -0.322594
0.920377 -0.165774 -0.354154
0.901222 -0.200097 -0.384395
0.879188 -0.237954 -0.412804
0.854190 -0.279089 -0.438713
0.826232 -0.323054 -0.461494
0.795223 -0.369518 -0.480704
0.761341 -0.417699 -0.495871
0.724907 -0.466649 -0.506703
0.686131 -0.515654 -0.513152
0.645601 -0.563619 -0.515298
0.603773 -0.609790 -0.513433
0.562062 -0.652613 -0.508116
0.520477 -0.692244 -0.499902
0.480657 -0.727443 -0.489689
0.442500 -0.758728 -0.478044
0.407011 -0.785739 -0.465785
0.374036 -0.809067 -0.453329
0.343879 -0.828925 -0.441170
0.316451 -0.845759 -0.429594
0.291528 -0.860030 -0.418759
0.268545 -0.872311 -0.408603
0.247375 -0.882855 -0.399215
0.227462 -0.892087 -0.390438
0.208549 -0.900224 -0.382236
0.190327 -0.907473 -0.374523
0.172447 -0.914028 -0.367172
0.154838 -0.919937 -0.360196
0.137366 -0.925271 -0.353559
0.119999 -0.930054 -0.347275
0.102816 -0.934275 -0.341407
0.085953 -0.937915 -0.336047
0.069616 -0.940949 -0.331313
0.054050 -0.943363 -0.327330
0.039569 -0.945143 -0.324252
0.026485 -0.946298 -0.322209
0.015105 -0.946855 -0.321306
0.005716 -0.946855 -0.321609
-0.001417 -0.946348 -0.323146
-0.006055 -0.945386 -0.325896
-0.007982 -0.944030 -0.329763
-0.006993 -0.942308 -0.334674
-0.002809 -0.940270 -0.340417
0.004623 -0.937905 -0.346861
0.015760 -0.935236 -0.353675
0.030774 -0.932232 -0.360549
0.049565 -0.928833 -0.367167
0.072376 -0.924966 -0.373095
0.099785 -0.920523 -0.377730
0.131054 -0.915375 -0.380674
0.166766 -0.909342 -0.381163
0.206666 -0.902227 -0.378518
0.250351 -0.893818 -0.372041
0.296730 -0.883975 -0.361303
0.346136 -0.872372 -0.345191
0.396987 -0.858939 -0.323459
0.448052 -0.843635 -0.295853
0.497939 -0.826547 -0.262442
0.545195 -0.807916 -0.223686
0.588925 -0.787924 -0.179841
0.627067 -0.767477 -0.133291
0.659814 -0.746701 -0.084166
0.686508 -0.726307 -0.034431
0.707167 -0.706907 0.014067
0.722738 -0.688363 0.061688
0.733681 -0.670965 0.107317
0.740719 -0.654671 0.150806
0.744497 -0.639331 0.192302
0.745530 -0.624748 0.232109
0.744193 -0.610710 0.270572
0.740828 -0.597172 0.307505
0.735519 -0.583701 0.343955
0.728630 -0.570523 0.378950
0.720344 -0.557519 0.412647
0.711117 -0.544994 0.444179
0.701281 -0.533044 0.473359
0.691462 -0.522198 0.499189
0.682007 -0.512578 0.521661
0.673664 -0.504959 0.539623
0.666849 -0.499682 0.552838
0.661961 -0.497158 0.560929
0.659235 -0.497624 0.563719
0.658779 -0.501218 0.561062
0.660504 -0.507942 0.552928
0.664185 -0.517629 0.539368
0.669449 -0.529962 0.520555
0.675809 -0.544487 0.496806
0.682710 -0.560665 0.468574
0.689509 -0.577828 0.436684
0.695705 -0.595423 0.401829
0.700768 -0.612797 0.365244
0.704402 -0.629487 0.327970
0.706460 -0.645127 0.291076
0.706948 -0.659430 0.255689
0.706040 -0.672244 0.222699
0.704021 -0.683495 0.192844
0.701242 -0.693188 0.166586
0.698063 -0.701379 0.144138
0.694816 -0.708147 0.125531
0.691760 -0.713619 0.110527
0.689083 -0.717910 0.098847
0.686882 -0.721169 0.090047
0.685200 -0.723523 0.083751
0.684028 -0.725106 0.079547
0.683343 -0.726008 0.077167
0.683118 -0.726302 0.076393
VECTORS q2 float
-0.021871 0.999503 -0.022695
-0.021801 0.999497 -0.023017
-0.021594 0.999477 -0.024050
-0.021256 0.999437 -0.025977
-0.020789 0.999361 -0.029091
-0.020207 0.999224 -0.033823
-0.019528 0.998980 -0.040708
-0.018782 0.998555 -0.050352
-0.017990 0.997839 -0.063195
-0.017230 0.996649 -0.079966
-0.016591 0.994742 -0.101065
-0.016206 0.991800 -0.126769
-0.016279 0.987403 -0.157388
-0.017076 0.981041 -0.193044
-0.018873 0.972235 -0.233246
-0.022060 0.960353 -0.277913
-0.027018 0.944851 -0.326384
-0.034148 0.925201 -0.377938
-0.043840 0.900961 -0.431680
-0.056393 0.871905 -0.486417
-0.072120 0.837801 -0.541192
-0.091022 0.799045 -0.594341
-0.113030 0.756144 -0.644570
-0.137923 0.709858 -0.690709
-0.165198 0.661409 -0.731606
-0.194333 0.611958 -0.766643
-0.224569 0.562974 -0.795380
-0.255079 0.515879 -0.817804
-0.285248 0.471599 -0.834403
-0.314365 0.431076 -0.845783
-0.341826 0.394939 -0.852748
-0.367348 0.363261 -0.856211
-0.390618 0.336095 -0.857005
-0.411602 0.313105 -0.855891
-0.429952 0.294267 -0.853550
-0.446075 0.278775 -0.850471
-0.459754 0.266473 -0.847124
-0.471412 0.256671 -0.843736
-0.481063 0.249090 -0.840555
-0.488998 0.243289 -0.837670
-0.495309 0.239024 -0.835186
-0.500112 0.236072 -0.833161
-0.503490 0.234263 -0.831636
-0.505533 0.233447 -0.830626
-0.506269 0.233528 -0.830154
-0.505754 0.234406 -0.830221
-0.504049 0.235992 -0.830808
-0.501220 0.238206 -0.831887
-0.497307 0.240973 -0.833437
-0.492383 0.244226 -0.835412
-0.486451 0.247916 -0.837797
-0.479476 0.252006 -0.840592
-0.471399 0.256470 -0.843805
-0.462107 0.261289 -0.847458
-0.451441 0.266449 -0.851590
-0.439178 0.271942 -0.856254
-0.425102 0.277751 -0.861477
-0.408993 0.283853 -0.867267
-0.390660 0.290212 -0.873591
-0.369963 0.296792 -0.880365
-0.346830 0.303552 -0.887449
-0.321262 0.310465 -0.894652
-0.293111 0.317497 -0.901821
-0.262716 0.324657 -0.908613
-0.229717 0.331921 -0.914909
-0.195026 0.339358 -0.920218
-0.157917 0.346951 -0.924493
-0.118701 0.354759 -0.927392
-0.078177 0.362884 -0.928549
-0.036217 0.371393 -0.927769
0.007936 0.380349 -0.924809
0.052930 0.389899 -0.919335
0.099626 0.400139 -0.911023
0.147735 0.411210 -0.899489
0.196919 0.423256 -0.884351
0.246189 0.436365 -0.865435
0.296422 0.450779 -0.841981
0.346414 0.466575 -0.813821
0.395482 0.483825 -0.780709
0.442792 0.502528 -0.742564
0.487376 0.522574 -0.699558
0.528743 0.543928 -0.651593
0.564866 0.565838 -0.600627
0.596019 0.588270 -0.546534
0.621261 0.610505 -0.491242
0.640260 0.631802 -0.436913
0.653846 0.652111 -0.383714
0.662300 0.670838 -0.333667
0.666445 0.687717 -0.287917
0.667230 0.702603 -0.247291
0.665633 0.715447 -0.212294
0.662575 0.726267 -0.183113
0.658895 0.735029 -0.159964
0.655207 0.742000 -0.141911
0.652048 0.747144 -0.128880
0.649719 0.750640 -0.120018
0.648418 0.752596 -0.114687
0.648160 0.753213 -0.112064
0.648890 0.752674 -0.111457
0.650448 0.751210 -0.112251
0.652666 0.749041 -0.113861
0.655358 0.746373 -0.115903
0.658358 0.743387 -0.118066
0.661540 0.740213 -0.120206
0.664819 0.736927 -0.122283
0.668164 0.733561 -0.124282
0.671579 0.730083 -0.126334
0.675100 0.726422 -0.128650
0.678772 0.722475 -0.131523
0.682626 0.718131 -0.135315
0.686665 0.713290 -0.140383
0.690837 0.707876 -0.147159
0.695030 0.701869 -0.155929
0.699075 0.695282 -0.166964
0.702759 0.688177 -0.180397
0.705852 0.680663 -0.196139
0.708146 0.672871 -0.213948
0.709490 0.664952 -0.233374
0.709816 0.657062 -0.253834
0.709155 0.649362 -0.274642
0.707646 0.642026 -0.295025
0.705498 0.635209 -0.314296
0.702996 0.629094 -0.331719
0.700423 0.623823 -0.346774
0.698082 0.619559 -0.358927
0.696208 0.616409 -0.367879
0.695010 0.614487 -0.373317
0.694596 0.613839 -0.375151
VECTORS q3 float
0.004847 0.022806 0.999728
0.004967 0.023131 0.999720
0.005337 0.024171 0.999694
0.005982 0.026110 0.999641
0.006959 0.029241 0.999548
0.008388 0.033998 0.999387
0.010462 0.040918 0.999108
0.013456 0.050609 0.998628
0.017659 0.063513 0.997825
0.023513 0.080359 0.996489
0.031396 0.101547 0.994335
0.041664 0.127345 0.990983
0.054694 0.158053 0.985915
0.070774 0.193774 0.978490
0.089889 0.233993 0.968074
0.112167 0.278603 0.953834
0.137417 0.326914 0.935010
0.165378 0.378176 0.910842
0.195691 0.431470 0.880647
0.227846 0.485575 0.843981
0.261519 0.539505 0.800339
0.296014 0.591552 0.749961
0.330911 0.640340 0.693154
0.365901 0.684559 0.630473
0.400634 0.722841 0.563021
0.435045 0.754245 0.491783
0.468966 0.777927 0.418211
0.502270 0.793413 0.343832
0.535027 0.800656 0.269622
0.567040 0.799813 0.196886
0.598051 0.791367 0.126781
0.627917 0.775978 0.059820
0.656214 0.754568 -0.003176
0.682672 0.728094 -0.061946
0.706560 0.698214 -0.115196
0.728094 0.665645 -0.163697
0.746723 0.632313 -0.206362
0.762866 0.598709 -0.244096
0.776480 0.566187 -0.276607
0.788021 0.534996 -0.304633
0.797757 0.505719 -0.328379
0.806069 0.478500 -0.348269
0.813332 0.453286 -0.364722
0.819951 0.429623 -0.378291
0.826134 0.407470 -0.389193
0.832150 0.386310 -0.397859
0.838118 0.365930 -0.404541
0.844129 0.346049 -0.409506
0.850263 0.326321 -0.412997
0.856495 0.306708 -0.415146
0.862842 0.287074 -0.416044
0.869311 0.267380 -0.415698
0.875907 0.247696 -0.414047
0.882649 0.228131 -0.410958
0.889581 0.208852 -0.406234
0.896773 0.190036 -0.399606
0.904280 0.171928 -0.390792
0.912153 0.154751 -0.379511
0.920411 0.138717 -0.365515
0.929029 0.124016 -0.348605
0.937927 0.110819 -0.328652
0.946971 0.099281 -0.305597
0.956045 0.089458 -0.279240
0.964848 0.081570 -0.249830
0.973253 0.075629 -0.216929
0.980787 0.071901 -0.181347
0.987327 0.070421 -0.142221
0.992453 0.071337 -0.099739
0.995707 0.074728 -0.054627
0.996720 0.080660 -0.006619
0.994977 0.089284 0.045258
0.989961 0.100333 0.099548
0.980950 0.113954 0.157324
0.967194 0.129974 0.218274
0.947917 0.148136 0.281972
0.922682 0.167852 0.347107
0.890126 0.189118 0.414621
0.849941 0.211026 0.482772
0.801775 0.232793 0.550422
0.745649 0.253544 0.616217
0.682076 0.272376 0.678663
0.611226 0.288650 0.736942
0.536389 0.301342 0.788340
0.457610 0.310446 0.833197
0.377813 0.315850 0.870342
0.299970 0.317977 0.899394
0.223908 0.317659 0.921389
0.151887 0.315881 0.936562
0.084779 0.313769 0.945707
0.022989 0.312417 0.949667
-0.033431 0.312771 0.949240
-0.084679 0.315545 0.945125
-0.130499 0.321119 0.938004
-0.172381 0.329740 0.928200
-0.209601 0.340999 0.916399
-0.242837 0.354559 0.902950
-0.271784 0.369569 0.888568
-0.296805 0.385401 0.873712
-0.317524 0.400987 0.859295
-0.334340 0.415870 0.845736
-0.346705 0.428897 0.834172
-0.354709 0.439597 0.825189
-0.358290 0.447447 0.819402
-0.357455 0.452167 0.817173
-0.352171 0.453562 0.818692
-0.342479 0.451535 0.823908
-0.328390 0.446137 0.832539
-0.309963 0.437552 0.844080
-0.287317 0.426102 0.857838
-0.260631 0.412242 0.872999
-0.230365 0.396651 0.888594
-0.196824 0.379977 0.903813
-0.160801 0.363126 0.917760
-0.122929 0.346885 0.929817
-0.083932 0.331999 0.939538
-0.044698 0.319139 0.946653
-0.006022 0.308760 0.951121
0.031278 0.301121 0.953073
0.066497 0.296244 0.952795
0.099031 0.293934 0.950682
0.128327 0.293819 0.947208
0.154080 0.295394 0.942869
0.175960 0.298071 0.938185
0.193909 0.301264 0.933616
0.207804 0.304402 0.929600
0.217718 0.307021 0.926465
0.223614 0.308735 0.924489
0.225580 0.309334 0.923811
