# vtk DataFile Version 2.0
VTK example
ASCII
DATASET UNSTRUCTURED_GRID
POINTS  128  float
-0.000325 -0.000103 -0.000105
-0.000317 -0.000102 -0.000109
-0.000309 -0.000100 -0.000114
-0.000302 -0.000099 -0.000119
-0.000294 -0.000098 -0.000124
-0.000287 -0.000097 -0.000129
-0.000279 -0.000096 -0.000134
-0.000272 -0.000095 -0.000139
-0.000265 -0.000095 -0.000144
-0.000257 -0.000094 -0.000150
-0.000250 -0.000094 -0.000155
-0.000243 -0.000094 -0.000161
-0.000236 -0.000095 -0.000166
-0.000228 -0.000095 -0.000171
-0.000221 -0.000096 -0.000177
-0.000214 -0.000096 -0.000182
-0.000206 -0.000097 -0.000187
-0.000199 -0.000098 -0.000192
-0.000191 -0.000099 -0.000197
-0.000183 -0.000099 -0.000201
-0.000175 -0.000100 -0.000205
-0.000167 -0.000100 -0.000209
-0.000158 -0.000101 -0.000212
-0.000150 -0.000101 -0.000215
-0.000141 -0.000100 -0.000218
-0.000132 -0.000100 -0.000220
-0.000123 -0.000100 -0.000222
-0.000115 -0.000099 -0.000222
-0.000106 -0.000098 -0.000223
-0.000097 -0.000096 -0.000222
-0.000088 -0.000095 -0.000221
-0.000079 -0.000093 -0.000219
-0.000071 -0.000091 -0.000217
-0.000062 -0.000088 -0.000214
-0.000055 -0.000086 -0.000210
-0.000047 -0.000082 -0.000206
-0.000040 -0.000079 -0.000202
-0.000034 -0.000075 -0.000197
-0.000027 -0.000071 -0.000191
-0.000022 -0.000067 -0.000186
-0.000017 -0.000062 -0.000180
-0.000012 -0.000058 -0.000174
-0.000007 -0.000053 -0.000168
-0.000003 -0.000048 -0.000162
0.000001 -0.000042 -0.000155
0.000005 -0.000037 -0.000149
0.000008 -0.000032 -0.000142
0.000011 -0.000027 -0.000135
0.000013 -0.000022 -0.000128
0.000015 -0.000017 -0.000121
0.000017 -0.000012 -0.000114
0.000019 -0.000008 -0.000106
0.000021 -0.000003 -0.000098
0.000022 0.000001 -0.000090
0.000022 0.000004 -0.000082
0.000023 0.000008 -0.000073
0.000023 0.000011 -0.000065
0.000024 0.000014 -0.000056
0.000024 0.000017 -0.000048
0.000024 0.000020 -0.000039
0.000024 0.000022 -0.000031
0.000023 0.000025 -0.000022
0.000023 0.000028 -0.000013
0.000023 0.000031 -0.000005
0.000023 0.000034 0.000004
0.000023 0.000037 0.000012
0.000023 0.000041 0.000020
0.000023 0.000045 0.000028
0.000023 0.000050 0.000036
0.000024 0.000055 0.000044
0.000025 0.000060 0.000051
0.000026 0.000066 0.000058
0.000028 0.000072 0.000064
0.000031 0.000079 0.000070
0.000034 0.000085 0.000075
0.000038 0.000092 0.000080
0.000042 0.000099 0.000083
0.000047 0.000106 0.000086
0.000053 0.000113 0.000089
0.000059 0.000119 0.000091
0.000065 0.000125 0.000092
0.000072 0.000131 0.000092
0.000079 0.000137 0.000092
0.000087 0.000142 0.000092
0.000094 0.000146 0.000091
0.000102 0.000151 0.000090
0.000110 0.000155 0.000088
0.000118 0.000158 0.000086
0.000127 0.000161 0.000084
0.000135 0.000164 0.000081
0.000143 0.000167 0.000078
0.000151 0.000170 0.000075
0.000159 0.000172 0.000072
0.000167 0.000175 0.000069
0.000175 0.000177 0.000065
0.000183 0.000179 0.000061
0.000191 0.000181 0.000057
0.000199 0.000182 0.000053
0.000207 0.000184 0.000049
0.000215 0.000185 0.000045
0.000223 0.000186 0.000041
0.000231 0.000187 0.000037
0.000239 0.000188 0.000033
0.000247 0.000189 0.000029
0.000255 0.000189 0.000025
0.000264 0.000189 0.000021
0.000272 0.000189 0.000018
0.000281 0.000190 0.000015
0.000289 0.000189 0.000013
0.000298 0.000189 0.000010
0.000307 0.000189 0.000009
0.000316 0.000189 0.000007
0.000325 0.000190 0.000007
0.000334 0.000190 0.000007
0.000343 0.000190 0.000007
0.000352 0.000191 0.000008
0.000361 0.000191 0.000010
0.000369 0.000192 0.000012
0.000378 0.000192 0.000015
0.000386 0.000193 0.000019
0.000395 0.000194 0.000023
0.000402 0.000195 0.000027
0.000410 0.000195 0.000031
0.000418 0.000196 0.000036
0.000425 0.000196 0.000041
0.000433 0.000197 0.000046
0.000440 0.000197 0.000052
0.000448 0.000197 0.000057
CELLS  127 381
2 0 1 
2 1 2 
2 2 3 
2 3 4 
2 4 5 
2 5 6 
2 6 7 
2 7 8 
2 8 9 
2 9 10 
2 10 11 
2 11 12 
2 12 13 
2 13 14 
2 14 15 
2 15 16 
2 16 17 
2 17 18 
2 18 19 
2 19 20 
2 20 21 
2 21 22 
2 22 23 
2 23 24 
2 24 25 
2 25 26 
2 26 27 
2 27 28 
2 28 29 
2 29 30 
2 30 31 
2 31 32 
2 32 33 
2 33 34 
2 34 35 
2 35 36 
2 36 37 
2 37 38 
2 38 39 
2 39 40 
2 40 41 
2 41 42 
2 42 43 
2 43 44 
2 44 45 
2 45 46 
2 46 47 
2 47 48 
2 48 49 
2 49 50 
2 50 51 
2 51 52 
2 52 53 
2 53 54 
2 54 55 
2 55 56 
2 56 57 
2 57 58 
2 58 59 
2 59 60 
2 60 61 
2 61 62 
2 62 63 
2 63 64 
2 64 65 
2 65 66 
2 66 67 
2 67 68 
2 68 69 
2 69 70 
2 70 71 
2 71 72 
2 72 73 
2 73 74 
2 74 75 
2 75 76 
2 76 77 
2 77 78 
2 78 79 
2 79 80 
2 80 81 
2 81 82 
2 82 83 
2 83 84 
2 84 85 
2 85 86 
2 86 87 
2 87 88 
2 88 89 
2 89 90 
2 90 91 
2 91 92 
2 92 93 
2 93 94 
2 94 95 
2 95 96 
2 96 97 
2 97 98 
2 98 99 
2 99 100 
2 100 101 
2 101 102 
2 102 103 
2 103 104 
2 104 105 
2 105 106 
2 106 107 
2 107 108 
2 108 109 
2 109 110 
2 110 111 
2 111 112 
2 112 113 
2 113 114 
2 114 115 
2 115 116 
2 116 117 
2 117 118 
2 118 119 
2 119 120 
2 120 121 
2 121 122 
2 122 123 
2 123 124 
2 124 125 
2 125 126 
2 126 127 
CELL_TYPES  127
3
3
3
3
3
3
3
3
3
3
3
3
3
3
3
3
3
3
3
3
3
3
3
3
3
3
3
3
3
3
3
3
3
3
3
3
3
3
3
3
3
3
3
3
3
3
3
3
3
3
3
3
3
3
3
3
3
3
3
3
3
3
3
3
3
3
3
3
3
3
3
3
3
3
3
3
3
3
3
3
3
3
3
3
3
3
3
3
3
3
3
3
3
3
3
3
3
3
3
3
3
3
3
3
3
3
3
3
3
3
3
3
3
3
3
3
3
3
3
3
3
3
3
3
3
3
3
POINT_DATA  128
VECTORS Position float
-0.000325 -0.000103 -0.000105
-0.000317 -0.000102 -0.000109
-0.000309 -0.000100 -0.000114
-0.000302 -0.000099 -0.000119
-0.000294 -0.000098 -0.000124
-0.000287 -0.000097 -0.000129
-0.000279 -0.000096 -0.000134
-0.000272 -0.000095 -0.000139
-0.000265 -0.000095 -0.000144
-0.000257 -0.000094 -0.000150
-0.000250 -0.000094 -0.000155
-0.000243 -0.000094 -0.000161
-0.000236 -0.000095 -0.000166
-0.000228 -0.000095 -0.000171
-0.000221 -0.000096 -0.000177
-0.000214 -0.000096 -0.000182
-0.000206 -0.000097 -0.000187
-0.000199 -0.000098 -0.000192
-0.000191 -0.000099 -0.000197
-0.000183 -0.000099 -0.000201
-0.000175 -0.000100 -0.000205
-0.000167 -0.000100 -0.000209
-0.000158 -0.000101 -0.000212
-0.000150 -0.000101 -0.000215
-0.000141 -0.000100 -0.000218
-0.000132 -0.000100 -0.000220
-0.000123 -0.000100 -0.000222
-0.000115 -0.000099 -0.000222
-0.000106 -0.000098 -0.000223
-0.000097 -0.000096 -0.000222
-0.000088 -0.000095 -0.000221
-0.000079 -0.000093 -0.000219
-0.000071 -0.000091 -0.000217
-0.000062 -0.000088 -0.000214
-0.000055 -0.000086 -0.000210
-0.000047 -0.000082 -0.000206
-0.000040 -0.000079 -0.000202
-0.000034 -0.000075 -0.000197
-0.000027 -0.000071 -0.000191
-0.000022 -0.000067 -0.000186
-0.000017 -0.000062 -0.000180
-0.000012 -0.000058 -0.000174
-0.000007 -0.000053 -0.000168
-0.000003 -0.000048 -0.000162
0.000001 -0.000042 -0.000155
0.000005 -0.000037 -0.000149
0.000008 -0.000032 -0.000142
0.000011 -0.000027 -0.000135
0.000013 -0.000022 -0.000128
0.000015 -0.000017 -0.000121
0.000017 -0.000012 -0.000114
0.000019 -0.000008 -0.000106
0.000021 -0.000003 -0.000098
0.000022 0.000001 -0.000090
0.000022 0.000004 -0.000082
0.000023 0.000008 -0.000073
0.000023 0.000011 -0.000065
0.000024 0.000014 -0.000056
0.000024 0.000017 -0.000048
0.000024 0.000020 -0.000039
0.000024 0.000022 -0.000031
0.000023 0.000025 -0.000022
0.000023 0.000028 -0.000013
0.000023 0.000031 -0.000005
0.000023 0.000034 0.000004
0.000023 0.000037 0.000012
0.000023 0.000041 0.000020
0.000023 0.000045 0.000028
0.000023 0.000050 0.000036
0.000024 0.000055 0.000044
0.000025 0.000060 0.000051
0.000026 0.000066 0.000058
0.000028 0.000072 0.000064
0.000031 0.000079 0.000070
0.000034 0.000085 0.000075
0.000038 0.000092 0.000080
0.000042 0.000099 0.000083
0.000047 0.000106 0.000086
0.000053 0.000113 0.000089
0.000059 0.000119 0.000091
0.000065 0.000125 0.000092
0.000072 0.000131 0.000092
0.000079 0.000137 0.000092
0.000087 0.000142 0.000092
0.000094 0.000146 0.000091
0.000102 0.000151 0.000090
0.000110 0.000155 0.000088
0.000118 0.000158 0.000086
0.000127 0.000161 0.000084
0.000135 0.000164 0.000081
0.000143 0.000167 0.000078
0.000151 0.000170 0.000075
0.000159 0.000172 0.000072
0.000167 0.000175 0.000069
0.000175 0.000177 0.000065
0.000183 0.000179 0.000061
0.000191 0.000181 0.000057
0.000199 0.000182 0.000053
0.000207 0.000184 0.000049
0.000215 0.000185 0.000045
0.000223 0.000186 0.000041
0.000231 0.000187 0.000037
0.000239 0.000188 0.000033
0.000247 0.000189 0.000029
0.000255 0.000189 0.000025
0.000264 0.000189 0.000021
0.000272 0.000189 0.000018
0.000281 0.000190 0.000015
0.000289 0.000189 0.000013
0.000298 0.000189 0.000010
0.000307 0.000189 0.000009
0.000316 0.000189 0.000007
0.000325 0.000190 0.000007
0.000334 0.000190 0.000007
0.000343 0.000190 0.000007
0.000352 0.000191 0.000008
0.000361 0.000191 0.000010
0.000369 0.000192 0.000012
0.000378 0.000192 0.000015
0.000386 0.000193 0.000019
0.000395 0.000194 0.000023
0.000402 0.000195 0.000027
0.000410 0.000195 0.000031
0.000418 0.000196 0.000036
0.000425 0.000196 0.000041
0.000433 0.000197 0.000046
0.000440 0.000197 0.000052
0.000448 0.000197 0.000057
VECTORS Rotation float
0.714893 0.150362 -2.120669
0.715302 0.148839 -2.122681
0.716476 0.144202 -2.128583
0.718254 0.136350 -2.137895
0.720393 0.125219 -2.149815
0.722613 0.110722 -2.163429
0.724628 0.092923 -2.177677
0.726199 0.072115 -2.191439
0.727166 0.049255 -2.203380
0.727499 0.024937 -2.212656
0.727269 0.000400 -2.218371
0.726637 -0.023039 -2.219873
0.725812 -0.044246 -2.216752
0.725006 -0.062146 -2.208758
0.724367 -0.075664 -2.195911
0.723999 -0.084277 -2.178209
0.723900 -0.087659 -2.155874
0.723995 -0.085844 -2.129124
0.724145 -0.079156 -2.098156
0.724151 -0.068166 -2.063194
0.723826 -0.053502 -2.024139
0.722909 -0.035984 -1.981238
0.721169 -0.016289 -1.934405
0.718374 0.005054 -1.883435
0.714270 0.027605 -1.828288
0.708606 0.051238 -1.768667
0.701111 0.075902 -1.704655
0.691523 0.101689 -1.636541
0.679580 0.128956 -1.564391
0.665072 0.157918 -1.488932
0.647879 0.188726 -1.411151
0.627914 0.221618 -1.331703
0.605290 0.256458 -1.251909
0.580160 0.293155 -1.172611
0.553224 0.330723 -1.096219
0.524622 0.369314 -1.022293
0.495394 0.407437 -0.953146
0.465666 0.445052 -0.887902
0.436209 0.480806 -0.827526
0.407006 0.514272 -0.770981
0.378278 0.544340 -0.718008
0.349922 0.570154 -0.667751
0.321706 0.590920 -0.619258
0.293090 0.606117 -0.571117
0.264141 0.615000 -0.523115
0.234620 0.617247 -0.474446
0.204880 0.612667 -0.425348
0.175375 0.601379 -0.376188
0.146561 0.583718 -0.327337
0.119261 0.560519 -0.279919
0.094001 0.532770 -0.234655
0.071197 0.501731 -0.192250
0.051104 0.468895 -0.153329
0.033756 0.435795 -0.118275
0.019022 0.403932 -0.087278
0.006646 0.374640 -0.060317
-0.003662 0.349155 -0.037314
-0.012210 0.328480 -0.018078
-0.019278 0.313436 -0.002391
-0.025089 0.304689 0.009935
-0.029799 0.302773 0.019010
-0.033479 0.308088 0.024827
-0.036097 0.320951 0.027257
-0.037503 0.341355 0.025923
-0.037330 0.369593 0.020214
-0.035120 0.404774 0.009430
-0.029874 0.447360 -0.007840
-0.020358 0.496500 -0.033069
-0.005124 0.550318 -0.067665
0.018067 0.607632 -0.113989
0.052609 0.667529 -0.175708
0.100539 0.725655 -0.253942
0.165911 0.779863 -0.352844
0.250698 0.825904 -0.473718
0.354136 0.859357 -0.615011
0.469794 0.876315 -0.769014
0.591744 0.875231 -0.929807
0.708267 0.856343 -1.084418
0.811414 0.822410 -1.224178
0.897522 0.777481 -1.344866
0.966696 0.725820 -1.446210
1.021822 0.670468 -1.531318
1.064556 0.615718 -1.601107
1.098809 0.562335 -1.660392
1.126471 0.512354 -1.711051
1.149165 0.467194 -1.754748
1.168652 0.426155 -1.794208
1.185591 0.389822 -1.830050
1.200565 0.357999 -1.862995
1.213948 0.330273 -1.893438
1.225973 0.306078 -1.921520
1.236787 0.284733 -1.947219
1.246454 0.265729 -1.970133
1.255116 0.247822 -1.990693
1.262793 0.230700 -2.008259
1.269558 0.213493 -2.022931
1.275477 0.195892 -2.034393
1.280596 0.177341 -2.042626
1.285012 0.157949 -2.047328
1.288733 0.137319 -2.048367
1.291948 0.116289 -2.045445
1.294738 0.095105 -2.038274
1.297247 0.074447 -2.026593
1.299579 0.054852 -2.010009
1.301844 0.036937 -1.988105
1.304190 0.021557 -1.960785
1.306671 0.009309 -1.927800
1.309280 0.000700 -1.889004
1.311928 -0.003915 -1.844361
1.314432 -0.004381 -1.793923
1.316537 -0.000789 -1.738241
1.317911 0.006495 -1.677550
1.318225 0.016738 -1.612979
1.317175 0.028985 -1.545405
1.314563 0.042079 -1.475958
1.310348 0.054734 -1.406184
1.304655 0.065753 -1.337575
1.297774 0.074125 -1.271742
1.290104 0.079172 -1.210128
1.282094 0.080615 -1.153958
1.274178 0.078597 -1.104269
1.266728 0.073660 -1.061542
1.260034 0.066693 -1.026142
1.254313 0.058756 -0.997861
1.249710 0.051040 -0.976520
1.246348 0.044598 -0.961625
1.244293 0.040366 -0.952907
1.243605 0.038884 -0.950024
VECTORS ControlForce float
0.000000 0.000000 0.000000
-0.000148 -0.000263 0.000035
-0.000304 -0.000475 0.000076
-0.000495 -0.000618 0.000105
-0.000714 -0.000666 0.000110
-0.000914 -0.000592 0.000101
-0.001085 -0.000418 0.000082
-0.001218 -0.000181 0.000050
-0.001279 0.000094 0.000008
-0.001261 0.000349 -0.000038
-0.001155 0.000549 -0.000082
-0.000972 0.000658 -0.000122
-0.000735 0.000662 -0.000151
-0.000470 0.000566 -0.000166
-0.000192 0.000402 -0.000168
0.000062 0.000190 -0.000161
0.000259 -0.000049 -0.000152
0.000396 -0.000270 -0.000139
0.000464 -0.000444 -0.000124
0.000466 -0.000547 -0.000102
0.000412 -0.000571 -0.000070
0.000303 -0.000526 -0.000034
0.000152 -0.000425 0.000007
-0.000015 -0.000273 0.000059
-0.000147 -0.000064 0.000125
-0.000223 0.000181 0.000199
-0.000229 0.000429 0.000267
-0.000147 0.000657 0.000315
0.000010 0.000821 0.000331
0.000239 0.000911 0.000307
0.000505 0.000911 0.000236
0.000736 0.000799 0.000132
0.000879 0.000575 0.000013
0.000917 0.000270 -0.000103
0.000830 -0.000092 -0.000206
0.000629 -0.000467 -0.000277
0.000351 -0.000804 -0.000320
0.000029 -0.001070 -0.000322
-0.000306 -0.001256 -0.000282
-0.000595 -0.001339 -0.000206
-0.000794 -0.001308 -0.000116
-0.000891 -0.001179 -0.000022
-0.000893 -0.000981 0.000075
-0.000800 -0.000721 0.000165
-0.000642 -0.000431 0.000246
-0.000439 -0.000123 0.000305
-0.000217 0.000191 0.000333
-0.000013 0.000482 0.000333
0.000153 0.000738 0.000307
0.000271 0.000958 0.000250
0.000332 0.001114 0.000177
0.000334 0.001190 0.000110
0.000285 0.001186 0.000059
0.000202 0.001118 0.000023
0.000103 0.001000 0.000007
0.000010 0.000860 0.000004
-0.000060 0.000715 0.000021
-0.000092 0.000590 0.000038
-0.000078 0.000486 0.000048
-0.000018 0.000392 0.000058
0.000083 0.000302 0.000062
0.000218 0.000200 0.000081
0.000370 0.000086 0.000108
0.000525 -0.000029 0.000127
0.000665 -0.000147 0.000143
0.000777 -0.000281 0.000164
0.000840 -0.000424 0.000196
0.000844 -0.000560 0.000219
0.000781 -0.000684 0.000214
0.000650 -0.000784 0.000193
0.000454 -0.000849 0.000164
0.000198 -0.000865 0.000116
-0.000097 -0.000814 0.000054
-0.000410 -0.000716 -0.000011
-0.000698 -0.000552 -0.000101
-0.000920 -0.000323 -0.000216
-0.001039 -0.000050 -0.000334
-0.001047 0.000244 -0.000443
-0.000932 0.000553 -0.000539
-0.000731 0.000818 -0.000603
-0.000491 0.000991 -0.000625
-0.000257 0.001058 -0.000606
-0.000042 0.001041 -0.000564
0.000129 0.000940 -0.000500
0.000242 0.000745 -0.000432
0.000312 0.000478 -0.000372
0.000364 0.000194 -0.000307
0.000419 -0.000064 -0.000237
0.000482 -0.000272 -0.000168
0.000542 -0.000425 -0.000105
0.000595 -0.000509 -0.000049
0.000637 -0.000513 0.000002
0.000644 -0.000474 0.000045
0.000603 -0.000412 0.000095
0.000504 -0.000351 0.000142
0.000352 -0.000303 0.000182
0.000162 -0.000263 0.000211
-0.000043 -0.000227 0.000237
-0.000248 -0.000199 0.000261
-0.000424 -0.000166 0.000293
-0.000568 -0.000142 0.000311
-0.000670 -0.000143 0.000308
-0.000719 -0.000144 0.000297
-0.000715 -0.000139 0.000292
-0.000664 -0.000123 0.000300
-0.000572 -0.000101 0.000311
-0.000434 -0.000065 0.000320
-0.000249 -0.000014 0.000324
-0.000020 0.000040 0.000320
0.000252 0.000121 0.000309
0.000547 0.000202 0.000282
0.000838 0.000304 0.000236
0.001095 0.000445 0.000163
0.001270 0.000595 0.000063
0.001326 0.000722 -0.000059
0.001244 0.000799 -0.000187
0.001035 0.000833 -0.000310
0.000712 0.000799 -0.000412
0.000310 0.000718 -0.000485
-0.000129 0.000600 -0.000523
-0.000555 0.000447 -0.000522
-0.000908 0.000280 -0.000486
-0.001135 0.000125 -0.000426
-0.001196 0.000020 -0.000353
-0.001086 -0.000043 -0.000271
-0.000822 -0.000060 -0.000184
-0.000439 -0.000034 -0.000096
0.000000 -0.000000 -0.000000
VECTORS ControlTorque float
0.000001 -0.000002 0.000001
0.000001 -0.000002 0.000001
0.000001 -0.000001 0.000001
0.000001 -0.000001 0.000001
0.000001 -0.000001 0.000001
0.000001 -0.000000 0.000001
0.000001 0.000000 0.000001
0.000000 0.000001 0.000001
0.000000 0.000001 0.000001
-0.000000 0.000002 0.000000
-0.000000 0.000002 -0.000000
-0.000001 0.000002 -0.000001
-0.000001 0.000002 -0.000001
-0.000001 0.000002 -0.000002
-0.000001 0.000002 -0.000002
-0.000001 0.000002 -0.000002
-0.000001 0.000002 -0.000002
-0.000001 0.000002 -0.000002
-0.000001 0.000002 -0.000002
-0.000001 0.000002 -0.000001
-0.000000 0.000001 -0.000001
-0.000000 0.000002 -0.000001
-0.000000 0.000002 -0.000001
-0.000000 0.000002 -0.000000
-0.000000 0.000002 -0.000001
-0.000000 0.000002 -0.000001
-0.000000 0.000001 -0.000001
-0.000000 0.000002 -0.000001
-0.000000 0.000001 -0.000001
0.000000 0.000000 -0.000001
0.000000 0.000001 -0.000002
0.000000 -0.000001 -0.000001
0.000001 -0.000000 -0.000002
0.000001 -0.000003 -0.000000
0.000001 -0.000000 -0.000002
0.000001 -0.000004 0.000001
0.000001 -0.000001 -0.000001
0.000001 -0.000003 0.000001
0.000001 -0.000001 0.000001
0.000000 -0.000002 0.000002
-0.000000 -0.000001 0.000001
-0.000001 -0.000001 0.000002
-0.000001 -0.000000 0.000001
-0.000002 -0.000001 0.000002
-0.000002 0.000000 0.000001
-0.000002 0.000000 0.000001
-0.000002 0.000000 0.000001
-0.000002 0.000000 0.000001
-0.000002 -0.000000 0.000001
-0.000001 -0.000000 0.000000
-0.000001 -0.000000 0.000000
-0.000000 -0.000001 0.000000
0.000000 -0.000001 0.000000
0.000001 -0.000001 0.000000
0.000001 -0.000001 0.000000
0.000002 -0.000001 0.000000
0.000002 -0.000001 0.000000
0.000002 -0.000001 0.000000
0.000003 -0.000001 0.000000
0.000003 -0.000001 0.000000
0.000003 -0.000001 0.000000
0.000003 -0.000001 0.000000
0.000003 -0.000001 0.000001
0.000004 -0.000002 0.000001
0.000002 -0.000002 0.000001
0.000004 -0.000002 0.000001
0.000003 -0.000003 0.000001
0.000002 -0.000002 0.000001
0.000001 -0.000002 0.000001
0.000003 -0.000004 0.000002
-0.000001 -0.000002 0.000001
0.000001 -0.000003 0.000003
-0.000000 -0.000002 0.000002
-0.000000 -0.000002 0.000003
-0.000003 0.000000 0.000001
-0.000000 -0.000002 0.000003
-0.000002 0.000001 0.000001
-0.000002 0.000001 0.000001
-0.000002 0.000002 0.000000
-0.000002 0.000002 -0.000001
-0.000001 0.000001 0.000001
-0.000002 0.000003 -0.000003
-0.000000 0.000001 -0.000000
-0.000001 0.000002 -0.000002
-0.000001 0.000002 -0.000003
-0.000000 0.000000 -0.000001
-0.000001 0.000001 -0.000002
-0.000001 0.000001 -0.000002
-0.000001 0.000001 -0.000002
-0.000001 0.000001 -0.000001
-0.000001 0.000001 -0.000001
-0.000001 0.000001 -0.000001
-0.000000 0.000000 -0.000000
-0.000001 0.000001 -0.000000
-0.000000 0.000001 0.000000
-0.000000 0.000001 0.000000
0.000000 0.000001 0.000001
-0.000000 0.000001 0.000000
0.000000 0.000001 0.000001
-0.000000 0.000002 -0.000000
-0.000000 0.000002 0.000000
-0.000000 0.000002 -0.000000
-0.000000 0.000002 -0.000000
-0.000000 0.000002 -0.000000
-0.000001 0.000002 -0.000001
-0.000001 0.000002 -0.000001
-0.000001 0.000002 -0.000001
-0.000001 0.000002 -0.000002
-0.000001 0.000003 -0.000002
-0.000000 0.000002 -0.000002
-0.000000 0.000002 -0.000001
-0.000000 0.000001 -0.000001
-0.000000 0.000001 -0.000001
-0.000000 0.000001 -0.000000
-0.000000 0.000000 0.000000
-0.000000 -0.000000 0.000001
-0.000000 -0.000001 0.000001
-0.000000 -0.000002 0.000001
-0.000000 -0.000002 0.000001
-0.000000 -0.000003 0.000001
-0.000000 -0.000003 0.000001
-0.000000 -0.000003 0.000001
0.000000 -0.000003 0.000000
0.000000 -0.000003 0.000000
0.000001 -0.000003 -0.000000
0.000001 -0.000003 -0.000001
0.000001 -0.000002 -0.000001
0.000001 -0.000002 -0.000001
VECTORS Curvature float
-11.115426 158.513024 -7.158418
-28.537143 509.447561 -21.656437
-35.832995 1105.697785 -44.696227
13.616996 1573.906801 -59.174086
128.283251 1992.539178 -67.065486
313.519687 2334.152843 -66.210437
572.362031 2603.855538 -56.598347
860.687843 2687.147790 -38.925248
1166.952589 2620.731223 -14.007107
1477.275502 2447.421671 15.950117
1723.349104 2078.651300 49.340183
1906.878854 1584.749390 84.296679
2040.922378 991.324671 118.995467
2073.492456 301.282292 152.349097
2033.809431 -446.635857 183.135660
1962.836974 -1213.916282 211.069943
1852.030847 -1969.991628 235.717984
1748.949591 -2700.620326 257.313071
1662.768036 -3367.646964 276.123482
1631.114210 -4003.538791 292.834703
1655.050356 -4581.956907 307.712596
1721.879903 -5069.534625 321.683982
1854.621334 -5553.530165 335.166825
2024.533909 -6003.443170 348.247871
2220.413226 -6455.302561 361.563929
2421.883897 -6933.225121 374.595207
2571.190123 -7357.995753 387.200904
2666.526412 -7803.748631 399.291077
2683.103432 -8262.865141 409.175568
2567.588663 -8601.851319 415.966174
2348.912981 -8918.220523 419.308944
2019.834287 -9133.242178 416.345411
1600.155066 -9307.616808 408.889477
1085.696021 -9138.854346 391.901134
540.407655 -8920.028687 373.914467
19.287763 -8528.727656 345.380705
-456.259143 -7967.462004 318.937360
-825.790591 -7433.255927 286.533272
-1065.443843 -6783.728819 257.731065
-1164.669475 -6246.852768 228.885146
-1088.926357 -5663.331442 204.461386
-859.717135 -5158.907036 183.970151
-499.025839 -4821.674043 168.826854
-26.331669 -4560.612043 158.121859
538.711726 -4358.432374 152.952586
1151.559761 -4266.204198 152.126427
1761.715385 -4159.105590 155.683182
2365.255536 -4122.615093 162.484949
2901.541484 -4073.451435 172.354739
3324.810438 -3969.341790 183.817148
3648.132997 -3854.356204 196.260290
3826.989393 -3684.132566 208.695252
3850.632519 -3458.468446 220.063251
3721.304970 -3184.769999 229.576932
3455.452210 -2878.641955 236.408885
3062.959161 -2547.671870 240.189715
2556.269352 -2198.207539 240.560004
1962.598287 -1846.546354 237.744563
1295.864083 -1494.745490 232.249916
567.752887 -1141.891865 224.950587
-202.081786 -779.722886 216.938753
-1020.280789 -404.126851 209.460153
-1827.183347 -2.062888 203.643649
-2688.916931 460.582826 200.283726
-3466.182034 960.241850 200.328556
-4209.990268 1539.636161 203.072831
-5067.148443 2264.581492 208.732028
-5679.694926 3013.901458 216.985987
-6061.799693 3755.045742 226.112191
-6619.007369 4767.351294 232.100257
-6887.621753 5696.043824 242.491325
-6901.087890 6580.852237 243.275835
-6977.474174 7610.351230 244.505384
-6818.305903 8525.356492 239.373568
-6351.800943 9049.263507 228.149453
-5849.362389 9569.422783 204.374766
-5387.618515 10049.956788 172.099575
-4710.695341 10070.881491 128.154872
-4071.644986 9963.521895 78.859398
-3437.729658 9593.501569 26.177521
-2945.566923 9314.853974 -23.500544
-2497.149699 8703.453167 -79.076666
-2134.433678 7993.023873 -125.358751
-1968.874204 7509.361141 -174.377567
-1800.553918 6642.242078 -218.302922
-1763.384454 5974.726724 -255.224789
-1812.434271 5441.672499 -289.243223
-1837.944068 4798.327493 -315.806181
-1870.169372 4248.134550 -337.116390
-1867.577796 3743.395863 -353.281604
-1832.277041 3330.035130 -365.182286
-1699.538743 2916.558970 -374.293771
-1551.426759 2654.378872 -380.378200
-1355.904575 2475.904672 -385.929394
-1080.053292 2320.161816 -389.845207
-783.364238 2245.310480 -393.604742
-440.748202 2214.581513 -396.366281
-81.234279 2195.743461 -398.481054
322.254485 2217.180853 -399.081353
740.781887 2210.628835 -398.083785
1170.407171 2092.071321 -394.911742
1620.821510 1950.282162 -389.197849
2081.225688 1720.935268 -380.831305
2602.237983 1444.006719 -369.787559
3118.932918 1068.542637 -355.852366
3612.282456 604.682604 -339.360091
4125.512567 84.984146 -319.692893
4631.265174 -480.064480 -296.284623
5155.084940 -1074.737127 -268.161345
5624.881693 -1656.681353 -234.096482
6078.598789 -2211.288483 -192.881089
6478.358127 -2691.310047 -143.668102
6754.691514 -3044.103487 -85.842104
6987.207538 -3279.926085 -19.720779
7091.773916 -3351.971450 53.283725
7057.776399 -3255.186753 131.170498
6889.989747 -3005.167631 210.711496
6577.163687 -2620.986807 287.921591
6152.711933 -2149.002838 357.856200
5606.383347 -1626.399234 415.026910
4987.986220 -1109.601365 453.697070
4306.227315 -644.763320 468.670039
3593.400302 -268.344886 455.677417
2869.919327 -8.633112 413.085128
2138.843920 130.333663 340.189376
1437.310199 160.409151 245.785219
649.130027 92.384622 116.693122
207.303315 33.213823 36.989326
VECTORS LocalRotation float
-0.133117 0.439026 -0.070316
-0.133297 0.442057 -0.070447
-0.133587 0.449341 -0.070746
-0.133687 0.461422 -0.071214
-0.133043 0.477602 -0.071787
-0.131036 0.497256 -0.072392
-0.127024 0.519625 -0.072949
-0.120571 0.543447 -0.073379
-0.111359 0.567562 -0.073619
-0.099404 0.590477 -0.073611
-0.084929 0.610946 -0.073315
-0.068455 0.627570 -0.072709
-0.050561 0.639247 -0.071787
-0.031990 0.645081 -0.070563
-0.013363 0.644422 -0.069041
0.004722 0.636908 -0.067257
0.021991 0.622495 -0.065235
0.038296 0.601347 -0.063002
0.053741 0.573875 -0.060588
0.068679 0.540446 -0.058007
0.083528 0.501651 -0.055294
0.098821 0.457944 -0.052443
0.115034 0.409785 -0.049466
0.132600 0.357452 -0.046371
0.151837 0.300994 -0.043154
0.172823 0.240470 -0.039826
0.195387 0.175886 -0.036384
0.219111 0.107211 -0.032821
0.243308 0.034539 -0.029165
0.267081 -0.041815 -0.025429
0.289411 -0.121391 -0.021635
0.309219 -0.203235 -0.017846
0.325625 -0.286811 -0.014106
0.337728 -0.369934 -0.010498
0.345123 -0.452064 -0.007015
0.347643 -0.530616 -0.003777
0.345655 -0.605682 -0.000754
0.339867 -0.675203 0.001980
0.331279 -0.739767 0.004451
0.321209 -0.798604 0.006649
0.311019 -0.852455 0.008608
0.302190 -0.901490 0.010368
0.296016 -0.946844 0.011971
0.293644 -0.989198 0.013447
0.295968 -1.029641 0.014858
0.303604 -1.068607 0.016236
0.316791 -1.106743 0.017629
0.335512 -1.144311 0.019072
0.359317 -1.181355 0.020586
0.387531 -1.217801 0.022200
0.419131 -1.253256 0.023922
0.452972 -1.287384 0.025755
0.487726 -1.319716 0.027696
0.522005 -1.349791 0.029732
0.554507 -1.377251 0.031842
0.584006 -1.401808 0.033999
0.609447 -1.423295 0.036176
0.629911 -1.441611 0.038342
0.644666 -1.456742 0.040470
0.653104 -1.468679 0.042540
0.654760 -1.477382 0.044541
0.649216 -1.482752 0.046475
0.636358 -1.484586 0.048341
0.615844 -1.482503 0.050175
0.588135 -1.476107 0.051979
0.553068 -1.464687 0.053822
0.511139 -1.447493 0.055683
0.462854 -1.423777 0.057596
0.409527 -1.393034 0.059608
0.351662 -1.354145 0.061699
0.290924 -1.307092 0.063833
0.228059 -1.251120 0.066048
0.165233 -1.186878 0.068256
0.103037 -1.114134 0.070438
0.043762 -1.035034 0.072542
-0.011843 -0.950183 0.074513
-0.062490 -0.861755 0.076210
-0.108099 -0.770878 0.077566
-0.147861 -0.680173 0.078503
-0.181932 -0.591441 0.078980
-0.210945 -0.505498 0.078992
-0.235422 -0.424466 0.078531
-0.256542 -0.348332 0.077598
-0.275047 -0.278421 0.076247
-0.292059 -0.214553 0.074474
-0.308348 -0.156885 0.072310
-0.324502 -0.105310 0.069850
-0.341004 -0.059020 0.067115
-0.357775 -0.018104 0.064162
-0.374682 0.018043 0.061039
-0.391411 0.050026 0.057791
-0.407365 0.078243 0.054450
-0.422203 0.103670 0.051006
-0.435274 0.126736 0.047561
-0.446320 0.148484 0.044043
-0.454732 0.169094 0.040506
-0.460299 0.189376 0.036914
-0.462660 0.209327 0.033318
-0.461562 0.229441 0.029683
-0.456798 0.249285 0.026110
-0.448144 0.268769 0.022519
-0.435502 0.287077 0.018968
-0.418659 0.303779 0.015465
-0.397395 0.318149 0.012057
-0.371594 0.329480 0.008784
-0.341157 0.337046 0.005641
-0.306121 0.340168 0.002656
-0.266431 0.338378 -0.000136
-0.222068 0.331330 -0.002694
-0.173296 0.318972 -0.004967
-0.120230 0.301434 -0.006903
-0.063486 0.279279 -0.008423
-0.003534 0.253295 -0.009463
0.058747 0.224633 -0.009942
0.122477 0.194613 -0.009790
0.186551 0.164694 -0.008954
0.249684 0.136357 -0.007407
0.310659 0.110883 -0.005149
0.368296 0.089286 -0.002225
0.421514 0.072200 0.001272
0.469517 0.059803 0.005209
0.511576 0.051864 0.009382
0.547384 0.047725 0.013573
0.576622 0.046472 0.017502
0.599321 0.047024 0.020916
0.615477 0.048337 0.023563
0.624945 0.049485 0.025208
0.628814 0.050052 0.025903
VECTORS q1 float
-0.310911 -0.648140 -0.695161
-0.312969 -0.648594 -0.693812
-0.319096 -0.649915 -0.689774
-0.329030 -0.651963 -0.683142
-0.342289 -0.654515 -0.674128
-0.358341 -0.657297 -0.662988
-0.376493 -0.659997 -0.650121
-0.395911 -0.662307 -0.636085
-0.415289 -0.663949 -0.621858
-0.433842 -0.664797 -0.608134
-0.450414 -0.664832 -0.595924
-0.463967 -0.664184 -0.586169
-0.473687 -0.663093 -0.579592
-0.478858 -0.661860 -0.576747
-0.478880 -0.660765 -0.577982
-0.473366 -0.660035 -0.583335
-0.462111 -0.659769 -0.592587
-0.445051 -0.659944 -0.605313
-0.422239 -0.660420 -0.620934
-0.393876 -0.660961 -0.638742
-0.360001 -0.661309 -0.658080
-0.321038 -0.661141 -0.678106
-0.277156 -0.660176 -0.698107
-0.228397 -0.658153 -0.717405
-0.174926 -0.654816 -0.735266
-0.116579 -0.649922 -0.751006
-0.053503 -0.643209 -0.763819
0.013992 -0.634417 -0.772865
0.085801 -0.623248 -0.777303
0.161069 -0.609437 -0.776301
0.238536 -0.592781 -0.769228
0.317104 -0.573091 -0.755653
0.394865 -0.550391 -0.735630
0.470312 -0.524771 -0.709522
0.540566 -0.496959 -0.678837
0.605572 -0.467114 -0.644273
0.663069 -0.436463 -0.608144
0.713805 -0.405278 -0.571167
0.757203 -0.374604 -0.535084
0.794329 -0.344657 -0.500253
0.825697 -0.315943 -0.467337
0.852215 -0.288596 -0.436397
0.874779 -0.262569 -0.407209
0.894393 -0.237447 -0.379052
0.911476 -0.213243 -0.351766
0.926645 -0.189576 -0.324638
0.940120 -0.166446 -0.297438
0.952072 -0.143866 -0.269930
0.962628 -0.121856 -0.241864
0.971726 -0.100772 -0.213525
0.979386 -0.080853 -0.185113
0.985627 -0.062369 -0.157001
0.990503 -0.045568 -0.129717
0.994129 -0.030595 -0.103785
0.996665 -0.017490 -0.079704
0.998306 -0.006185 -0.057852
0.999250 0.003441 -0.038557
0.999691 0.011557 -0.022014
0.999797 0.018337 -0.008334
0.999711 0.023931 0.002406
0.999544 0.028439 0.010119
0.999384 0.031897 0.014664
0.999288 0.034246 0.015856
0.999286 0.035331 0.013355
0.999372 0.034801 0.006719
0.999469 0.032275 -0.004403
0.999422 0.026930 -0.020757
0.998926 0.017898 -0.042747
0.997517 0.004368 -0.070286
0.994521 -0.014832 -0.103477
0.988931 -0.041297 -0.142512
0.979775 -0.075083 -0.185481
0.965639 -0.117424 -0.231846
0.945261 -0.168172 -0.279642
0.917630 -0.226421 -0.326633
0.882650 -0.289724 -0.370121
0.839537 -0.357455 -0.409151
0.789451 -0.426222 -0.441703
0.733742 -0.493509 -0.466980
0.674157 -0.557164 -0.484851
0.612625 -0.615577 -0.495737
0.550233 -0.668399 -0.500486
0.490178 -0.713966 -0.499977
0.432285 -0.753515 -0.495323
0.378192 -0.786962 -0.487505
0.329148 -0.814643 -0.477513
0.284226 -0.837921 -0.465945
0.244080 -0.857196 -0.453476
0.208584 -0.873139 -0.440591
0.177431 -0.886361 -0.427648
0.150181 -0.897394 -0.414885
0.126287 -0.906698 -0.402432
0.105428 -0.914592 -0.390394
0.086351 -0.921544 -0.378550
0.068949 -0.927694 -0.366919
0.052377 -0.933289 -0.355286
0.036414 -0.938412 -0.343595
0.020510 -0.943159 -0.331709
0.004788 -0.947498 -0.319727
-0.011163 -0.951442 -0.307627
-0.026581 -0.954880 -0.295800
-0.041265 -0.957789 -0.284494
-0.054613 -0.960151 -0.274094
-0.066113 -0.961996 -0.264938
-0.075151 -0.963392 -0.257348
-0.080929 -0.964446 -0.251582
-0.082815 -0.965279 -0.247745
-0.080248 -0.965999 -0.245777
-0.072803 -0.966673 -0.245445
-0.060242 -0.967309 -0.246342
-0.042674 -0.967850 -0.247883
-0.020406 -0.968174 -0.249444
0.005653 -0.968137 -0.250356
0.034415 -0.967604 -0.250118
0.064510 -0.966495 -0.248446
0.094346 -0.964828 -0.245371
0.122461 -0.962708 -0.241240
0.147590 -0.960316 -0.236665
0.168866 -0.957854 -0.232379
0.185856 -0.955501 -0.229076
0.198531 -0.953378 -0.227280
0.207275 -0.951539 -0.227179
0.212704 -0.949984 -0.228664
0.215611 -0.948696 -0.231276
0.216816 -0.947658 -0.234384
0.217062 -0.946884 -0.237264
0.216962 -0.946398 -0.239287
0.216882 -0.946233 -0.240012
VECTORS q2 float
-0.439015 0.746643 -0.499790
-0.439179 0.746549 -0.499786
-0.439558 0.746298 -0.499828
-0.439834 0.745968 -0.500078
-0.439542 0.745662 -0.500790
-0.438141 0.745487 -0.502276
-0.435102 0.745516 -0.504868
-0.430000 0.745760 -0.508863
-0.422688 0.746155 -0.514380
-0.413044 0.746608 -0.521508
-0.401301 0.746993 -0.530056
-0.387857 0.747214 -0.539665
-0.373130 0.747229 -0.549930
-0.357596 0.747050 -0.560393
-0.341876 0.746777 -0.570478
-0.326271 0.746504 -0.579895
-0.311089 0.746352 -0.588373
-0.296432 0.746407 -0.595823
-0.282218 0.746721 -0.602296
-0.268230 0.747322 -0.607916
-0.254029 0.748205 -0.612910
-0.239238 0.749399 -0.617387
-0.223389 0.750935 -0.621445
-0.206051 0.752867 -0.625087
-0.186984 0.755284 -0.628159
-0.166059 0.758273 -0.630433
-0.143515 0.761926 -0.631563
-0.119920 0.766297 -0.631196
-0.096001 0.771378 -0.629094
-0.072867 0.777081 -0.625168
-0.051753 0.783208 -0.619603
-0.033698 0.789463 -0.612873
-0.019687 0.795442 -0.605709
-0.010236 0.800693 -0.598987
-0.005652 0.804726 -0.593619
-0.005431 0.807156 -0.590313
-0.008908 0.807762 -0.589441
-0.015056 0.806483 -0.591065
-0.022720 0.803599 -0.594737
-0.030852 0.799528 -0.599836
-0.038460 0.794989 -0.605403
-0.044786 0.790803 -0.610430
-0.049310 0.787826 -0.613921
-0.051760 0.786818 -0.615011
-0.052075 0.788445 -0.612896
-0.050380 0.793133 -0.606961
-0.047004 0.801006 -0.596808
-0.042391 0.811908 -0.582244
-0.037018 0.825474 -0.563226
-0.031486 0.840963 -0.540175
-0.026284 0.857601 -0.513644
-0.021834 0.874530 -0.484479
-0.018446 0.890903 -0.453818
-0.016269 0.906018 -0.422926
-0.015305 0.919356 -0.393128
-0.015425 0.930619 -0.365665
-0.016422 0.939656 -0.341727
-0.018039 0.946463 -0.322307
-0.020013 0.951103 -0.308225
-0.022106 0.953640 -0.300137
-0.024124 0.954089 -0.298549
-0.025939 0.952381 -0.303805
-0.027483 0.948318 -0.316130
-0.028811 0.941639 -0.335389
-0.030017 0.931825 -0.361665
-0.031400 0.918624 -0.393882
-0.033259 0.901190 -0.432146
-0.036091 0.879073 -0.475319
-0.040471 0.852347 -0.521409
-0.046979 0.820868 -0.569182
-0.056288 0.784267 -0.617865
-0.068725 0.744287 -0.664314
-0.084684 0.701246 -0.707872
-0.104133 0.656701 -0.746927
-0.126652 0.612408 -0.780330
-0.151154 0.570652 -0.807161
-0.177124 0.531861 -0.828101
-0.203150 0.497622 -0.843269
-0.228116 0.468477 -0.853518
-0.251165 0.444393 -0.859902
-0.271830 0.424855 -0.863485
-0.290309 0.408856 -0.865192
-0.306424 0.395846 -0.865685
-0.321128 0.384646 -0.865404
-0.334877 0.374653 -0.864577
-0.348106 0.365393 -0.863314
-0.361653 0.356387 -0.861508
-0.375595 0.347560 -0.859145
-0.389952 0.338891 -0.856207
-0.404538 0.330444 -0.852734
-0.419008 0.322320 -0.848848
-0.432922 0.314634 -0.844739
-0.445642 0.307500 -0.840742
-0.457060 0.300978 -0.836964
-0.466498 0.295125 -0.833835
-0.473761 0.289967 -0.831547
-0.478480 0.285479 -0.830397
-0.480476 0.281656 -0.830550
-0.479498 0.278401 -0.832211
-0.475298 0.275718 -0.835506
-0.467778 0.273389 -0.840501
-0.456679 0.271334 -0.847244
-0.441853 0.269403 -0.855680
-0.422977 0.267502 -0.865756
-0.399701 0.265541 -0.877341
-0.371999 0.263398 -0.890078
-0.339626 0.261054 -0.903607
-0.302399 0.258545 -0.917447
-0.260199 0.255985 -0.931004
-0.212965 0.253563 -0.943584
-0.161109 0.251528 -0.954347
-0.104777 0.250193 -0.962510
-0.045011 0.249860 -0.967235
0.017307 0.250806 -0.967883
0.080991 0.253214 -0.964014
0.144446 0.257128 -0.955521
0.206163 0.262442 -0.942667
0.264621 0.268903 -0.926103
0.318589 0.276153 -0.906775
0.367152 0.283784 -0.885814
0.409649 0.291386 -0.864455
0.445923 0.298592 -0.843798
0.475875 0.305105 -0.824896
0.499820 0.310690 -0.808487
0.517954 0.315186 -0.795224
0.530679 0.318469 -0.785466
0.538161 0.320472 -0.779539
0.540643 0.321142 -0.777543
VECTORS q3 float
0.842971 0.149796 -0.516683
0.842124 0.148290 -0.518496
0.839623 0.143702 -0.523816
0.835635 0.135928 -0.532201
0.830447 0.124892 -0.542918
0.824394 0.110496 -0.555127
0.817887 0.092789 -0.567848
0.811391 0.072052 -0.580046
0.805525 0.049236 -0.590513
0.800735 0.024934 -0.598500
0.797549 0.000400 -0.603254
0.796431 -0.023037 -0.604291
0.797743 -0.044232 -0.601373
0.801760 -0.062106 -0.594410
0.808576 -0.075592 -0.583516
0.818213 -0.084177 -0.568720
0.830468 -0.087547 -0.550144
0.845019 -0.085738 -0.527818
0.861433 -0.079074 -0.501677
0.879155 -0.068113 -0.471642
0.897702 -0.053477 -0.437347
0.916351 -0.035976 -0.398756
0.934496 -0.016288 -0.355602
0.951513 0.005054 -0.307566
0.966663 0.027602 -0.254558
0.979201 0.051216 -0.196324
0.988201 0.075829 -0.133075
0.992685 0.101514 -0.065358
0.991676 0.128598 0.006353
0.984250 0.157262 0.080755
0.969754 0.187607 0.156145
0.947792 0.219808 0.231030
0.918528 0.253656 0.303257
0.882441 0.288974 0.371204
0.841283 0.324727 0.432199
0.795772 0.360976 0.486255
0.748505 0.396258 0.531714
0.700183 0.430504 0.569570
0.652784 0.462494 0.599977
0.606704 0.491901 0.624455
0.562801 0.517853 0.644269
0.521272 0.539762 0.661009
0.482007 0.557125 0.676226
0.444278 0.569681 0.691434
0.408044 0.576958 0.707544
0.372546 0.578793 0.725402
0.337586 0.575052 0.745219
0.302924 0.565780 0.766896
0.268285 0.551130 0.790113
0.234001 0.531626 0.814013
0.200283 0.507921 0.837797
0.167519 0.480944 0.860599
0.136245 0.451901 0.881602
0.106971 0.422132 0.900201
0.080153 0.393037 0.916023
0.056099 0.365938 0.928947
0.035055 0.342104 0.939008
0.017110 0.322605 0.946379
0.002275 0.308329 0.951277
-0.009477 0.299997 0.953893
-0.018145 0.298169 0.954341
-0.023656 0.303237 0.952621
-0.025862 0.315469 0.948583
-0.024425 0.334765 0.941985
-0.018848 0.361236 0.932284
-0.008668 0.393811 0.919150
0.007069 0.432587 0.901565
0.029071 0.476351 0.878774
0.057631 0.522959 0.850408
0.093383 0.570925 0.815674
0.137284 0.619047 0.773262
0.187930 0.663626 0.724074
0.245702 0.703182 0.667207
0.309253 0.735161 0.603242
0.376716 0.757423 0.533288
0.445064 0.768386 0.459893
0.513620 0.767691 0.383203
0.579221 0.755452 0.306261
0.639989 0.732788 0.231164
0.694571 0.701487 0.159650
0.742158 0.663749 0.092944
0.782920 0.621353 0.030924
0.815984 0.577545 -0.024741
0.842619 0.533163 -0.075698
0.863034 0.490230 -0.121844
0.877772 0.450383 -0.163314
0.887932 0.413373 -0.201742
0.894065 0.380024 -0.237126
0.896900 0.350401 -0.269795
0.897144 0.324301 -0.299936
0.895476 0.301321 -0.327609
0.892541 0.280901 -0.352796
0.888982 0.262613 -0.375161
0.885234 0.245293 -0.395211
0.881831 0.228659 -0.412419
0.879095 0.211875 -0.426968
0.877343 0.194642 -0.438616
0.876768 0.176413 -0.447388
0.877530 0.157293 -0.452990
0.879754 0.136888 -0.455296
0.883446 0.116027 -0.453939
0.888674 0.094961 -0.448599
0.895424 0.074378 -0.438958
0.903726 0.054825 -0.424587
0.913560 0.036929 -0.405025
0.924698 0.021555 -0.380090
0.936908 0.009308 -0.349453
0.949797 0.000700 -0.312865
0.962807 -0.003915 -0.270163
0.975201 -0.004381 -0.221278
0.986014 -0.000789 -0.166663
0.994286 0.006495 -0.106548
0.998970 0.016737 -0.042165
0.999258 0.028981 0.025378
0.994625 0.042067 0.094612
0.985005 0.054706 0.163624
0.970825 0.065705 0.230613
0.952992 0.074057 0.293807
0.932730 0.079090 0.351794
0.911404 0.080528 0.403557
0.890378 0.078516 0.448399
0.870741 0.073593 0.486204
0.853405 0.066644 0.516971
0.838863 0.058722 0.541165
0.827475 0.051018 0.559180
0.819307 0.044583 0.571619
0.814439 0.040355 0.578844
0.812815 0.038874 0.581224
