# vtk DataFile Version 2.0
VTK example
ASCII
DATASET UNSTRUCTURED_GRID
POINTS  128  float
-0.000263 -0.000093 -0.000151
-0.000255 -0.000095 -0.000155
-0.000247 -0.000097 -0.000160
-0.000240 -0.000098 -0.000165
-0.000232 -0.000100 -0.000169
-0.000225 -0.000102 -0.000174
-0.000217 -0.000103 -0.000178
-0.000209 -0.000105 -0.000182
-0.000201 -0.000106 -0.000186
-0.000193 -0.000107 -0.000190
-0.000185 -0.000108 -0.000194
-0.000176 -0.000109 -0.000197
-0.000168 -0.000109 -0.000201
-0.000159 -0.000110 -0.000204
-0.000151 -0.000110 -0.000206
-0.000142 -0.000109 -0.000209
-0.000133 -0.000108 -0.000211
-0.000124 -0.000107 -0.000213
-0.000116 -0.000106 -0.000214
-0.000107 -0.000104 -0.000215
-0.000098 -0.000102 -0.000215
-0.000089 -0.000100 -0.000215
-0.000081 -0.000097 -0.000214
-0.000072 -0.000094 -0.000213
-0.000064 -0.000090 -0.000211
-0.000056 -0.000086 -0.000208
-0.000049 -0.000082 -0.000205
-0.000042 -0.000078 -0.000201
-0.000036 -0.000074 -0.000196
-0.000030 -0.000069 -0.000191
-0.000024 -0.000064 -0.000186
-0.000019 -0.000060 -0.000180
-0.000015 -0.000055 -0.000174
-0.000011 -0.000050 -0.000167
-0.000008 -0.000045 -0.000160
-0.000005 -0.000041 -0.000153
-0.000002 -0.000036 -0.000145
0.000000 -0.000032 -0.000138
0.000002 -0.000027 -0.000130
0.000004 -0.000023 -0.000122
0.000005 -0.000019 -0.000115
0.000007 -0.000015 -0.000107
0.000008 -0.000011 -0.000099
0.000009 -0.000007 -0.000091
0.000010 -0.000003 -0.000082
0.000011 0.000001 -0.000074
0.000011 0.000005 -0.000066
0.000012 0.000009 -0.000058
0.000013 0.000012 -0.000050
0.000014 0.000016 -0.000041
0.000014 0.000020 -0.000033
0.000015 0.000024 -0.000025
0.000016 0.000027 -0.000017
0.000016 0.000031 -0.000009
0.000017 0.000035 -0.000000
0.000018 0.000039 0.000008
0.000020 0.000043 0.000016
0.000021 0.000047 0.000024
0.000022 0.000052 0.000031
0.000024 0.000056 0.000039
0.000026 0.000061 0.000046
0.000029 0.000066 0.000053
0.000032 0.000072 0.000060
0.000035 0.000077 0.000066
0.000039 0.000083 0.000072
0.000043 0.000089 0.000077
0.000047 0.000096 0.000082
0.000052 0.000102 0.000086
0.000057 0.000109 0.000089
0.000063 0.000116 0.000091
0.000069 0.000122 0.000093
0.000075 0.000129 0.000094
0.000082 0.000135 0.000095
0.000089 0.000141 0.000094
0.000096 0.000146 0.000093
0.000103 0.000151 0.000092
0.000111 0.000156 0.000090
0.000118 0.000161 0.000088
0.000126 0.000165 0.000085
0.000133 0.000169 0.000082
0.000141 0.000172 0.000079
0.000148 0.000175 0.000075
0.000156 0.000178 0.000071
0.000164 0.000181 0.000067
0.000172 0.000183 0.000063
0.000179 0.000184 0.000058
0.000187 0.000186 0.000054
0.000195 0.000187 0.000050
0.000203 0.000188 0.000045
0.000211 0.000188 0.000041
0.000219 0.000188 0.000036
0.000227 0.000188 0.000032
0.000235 0.000188 0.000028
0.000243 0.000188 0.000024
0.000251 0.000187 0.000021
0.000260 0.000187 0.000017
0.000268 0.000186 0.000014
0.000277 0.000185 0.000011
0.000285 0.000185 0.000009
0.000294 0.000184 0.000007
0.000303 0.000184 0.000005
0.000312 0.000184 0.000004
0.000321 0.000184 0.000003
0.000330 0.000184 0.000003
0.000339 0.000184 0.000003
0.000348 0.000185 0.000003
0.000357 0.000186 0.000004
0.000366 0.000188 0.000006
0.000374 0.000190 0.000008
0.000383 0.000193 0.000011
0.000390 0.000196 0.000014
0.000398 0.000200 0.000018
0.000405 0.000204 0.000022
0.000411 0.000209 0.000026
0.000417 0.000214 0.000031
0.000422 0.000219 0.000036
0.000427 0.000225 0.000041
0.000431 0.000231 0.000046
0.000435 0.000237 0.000052
0.000438 0.000243 0.000058
0.000441 0.000249 0.000064
0.000443 0.000256 0.000070
0.000445 0.000262 0.000076
0.000447 0.000268 0.000082
0.000449 0.000275 0.000088
0.000451 0.000281 0.000094
0.000452 0.000287 0.000101
0.000454 0.000294 0.000107
CELLS  127 381
2 0 1 
2 1 2 
2 2 3 
2 3 4 
2 4 5 
2 5 6 
2 6 7 
2 7 8 
2 8 9 
2 9 10 
2 10 11 
2 11 12 
2 12 13 
2 13 14 
2 14 15 
2 15 16 
2 16 17 
2 17 18 
2 18 19 
2 19 20 
2 20 21 
2 21 22 
2 22 23 
2 23 24 
2 24 25 
2 25 26 
2 26 27 
2 27 28 
2 28 29 
2 29 30 
2 30 31 
2 31 32 
2 32 33 
2 33 34 
2 34 35 
2 35 36 
2 36 37 
2 37 38 
2 38 39 
2 39 40 
2 40 41 
2 41 42 
2 42 43 
2 43 44 
2 44 45 
2 45 46 
2 46 47 
2 47 48 
2 48 49 
2 49 50 
2 50 51 
2 51 52 
2 52 53 
2 53 54 
2 54 55 
2 55 56 
2 56 57 
2 57 58 
2 58 59 
2 59 60 
2 60 61 
2 61 62 
2 62 63 
2 63 64 
2 64 65 
2 65 66 
2 66 67 
2 67 68 
2 68 69 
2 69 70 
2 70 71 
2 71 72 
2 72 73 
2 73 74 
2 74 75 
2 75 76 
2 76 77 
2 77 78 
2 78 79 
2 79 80 
2 80 81 
2 81 82 
2 82 83 
2 83 84 
2 84 85 
2 85 86 
2 86 87 
2 87 88 
2 88 89 
2 89 90 
2 90 91 
2 91 92 
2 92 93 
2 93 94 
2 94 95 
2 95 96 
2 96 97 
2 97 98 
2 98 99 
2 99 100 
2 100 101 
2 101 102 
2 102 103 
2 103 104 
2 104 105 
2 105 106 
2 106 107 
2 107 108 
2 108 109 
2 109 110 
2 110 111 
2 111 112 
2 112 113 
2 113 114 
2 114 115 
2 115 116 
2 116 117 
2 117 118 
2 118 119 
2 119 120 
2 120 121 
2 121 122 
2 122 123 
2 123 124 
2 124 125 
2 125 126 
2 126 127 
CELL_TYPES  127
3
3
3
3
3
3
3
3
3
3
3
3
3
3
3
3
3
3
3
3
3
3
3
3
3
3
3
3
3
3
3
3
3
3
3
3
3
3
3
3
3
3
3
3
3
3
3
3
3
3
3
3
3
3
3
3
3
3
3
3
3
3
3
3
3
3
3
3
3
3
3
3
3
3
3
3
3
3
3
3
3
3
3
3
3
3
3
3
3
3
3
3
3
3
3
3
3
3
3
3
3
3
3
3
3
3
3
3
3
3
3
3
3
3
3
3
3
3
3
3
3
3
3
3
3
3
3
POINT_DATA  128
VECTORS Position float
-0.000263 -0.000093 -0.000151
-0.000255 -0.000095 -0.000155
-0.000247 -0.000097 -0.000160
-0.000240 -0.000098 -0.000165
-0.000232 -0.000100 -0.000169
-0.000225 -0.000102 -0.000174
-0.000217 -0.000103 -0.000178
-0.000209 -0.000105 -0.000182
-0.000201 -0.000106 -0.000186
-0.000193 -0.000107 -0.000190
-0.000185 -0.000108 -0.000194
-0.000176 -0.000109 -0.000197
-0.000168 -0.000109 -0.000201
-0.000159 -0.000110 -0.000204
-0.000151 -0.000110 -0.000206
-0.000142 -0.000109 -0.000209
-0.000133 -0.000108 -0.000211
-0.000124 -0.000107 -0.000213
-0.000116 -0.000106 -0.000214
-0.000107 -0.000104 -0.000215
-0.000098 -0.000102 -0.000215
-0.000089 -0.000100 -0.000215
-0.000081 -0.000097 -0.000214
-0.000072 -0.000094 -0.000213
-0.000064 -0.000090 -0.000211
-0.000056 -0.000086 -0.000208
-0.000049 -0.000082 -0.000205
-0.000042 -0.000078 -0.000201
-0.000036 -0.000074 -0.000196
-0.000030 -0.000069 -0.000191
-0.000024 -0.000064 -0.000186
-0.000019 -0.000060 -0.000180
-0.000015 -0.000055 -0.000174
-0.000011 -0.000050 -0.000167
-0.000008 -0.000045 -0.000160
-0.000005 -0.000041 -0.000153
-0.000002 -0.000036 -0.000145
0.000000 -0.000032 -0.000138
0.000002 -0.000027 -0.000130
0.000004 -0.000023 -0.000122
0.000005 -0.000019 -0.000115
0.000007 -0.000015 -0.000107
0.000008 -0.000011 -0.000099
0.000009 -0.000007 -0.000091
0.000010 -0.000003 -0.000082
0.000011 0.000001 -0.000074
0.000011 0.000005 -0.000066
0.000012 0.000009 -0.000058
0.000013 0.000012 -0.000050
0.000014 0.000016 -0.000041
0.000014 0.000020 -0.000033
0.000015 0.000024 -0.000025
0.000016 0.000027 -0.000017
0.000016 0.000031 -0.000009
0.000017 0.000035 -0.000000
0.000018 0.000039 0.000008
0.000020 0.000043 0.000016
0.000021 0.000047 0.000024
0.000022 0.000052 0.000031
0.000024 0.000056 0.000039
0.000026 0.000061 0.000046
0.000029 0.000066 0.000053
0.000032 0.000072 0.000060
0.000035 0.000077 0.000066
0.000039 0.000083 0.000072
0.000043 0.000089 0.000077
0.000047 0.000096 0.000082
0.000052 0.000102 0.000086
0.000057 0.000109 0.000089
0.000063 0.000116 0.000091
0.000069 0.000122 0.000093
0.000075 0.000129 0.000094
0.000082 0.000135 0.000095
0.000089 0.000141 0.000094
0.000096 0.000146 0.000093
0.000103 0.000151 0.000092
0.000111 0.000156 0.000090
0.000118 0.000161 0.000088
0.000126 0.000165 0.000085
0.000133 0.000169 0.000082
0.000141 0.000172 0.000079
0.000148 0.000175 0.000075
0.000156 0.000178 0.000071
0.000164 0.000181 0.000067
0.000172 0.000183 0.000063
0.000179 0.000184 0.000058
0.000187 0.000186 0.000054
0.000195 0.000187 0.000050
0.000203 0.000188 0.000045
0.000211 0.000188 0.000041
0.000219 0.000188 0.000036
0.000227 0.000188 0.000032
0.000235 0.000188 0.000028
0.000243 0.000188 0.000024
0.000251 0.000187 0.000021
0.000260 0.000187 0.000017
0.000268 0.000186 0.000014
0.000277 0.000185 0.000011
0.000285 0.000185 0.000009
0.000294 0.000184 0.000007
0.000303 0.000184 0.000005
0.000312 0.000184 0.000004
0.000321 0.000184 0.000003
0.000330 0.000184 0.000003
0.000339 0.000184 0.000003
0.000348 0.000185 0.000003
0.000357 0.000186 0.000004
0.000366 0.000188 0.000006
0.000374 0.000190 0.000008
0.000383 0.000193 0.000011
0.000390 0.000196 0.000014
0.000398 0.000200 0.000018
0.000405 0.000204 0.000022
0.000411 0.000209 0.000026
0.000417 0.000214 0.000031
0.000422 0.000219 0.000036
0.000427 0.000225 0.000041
0.000431 0.000231 0.000046
0.000435 0.000237 0.000052
0.000438 0.000243 0.000058
0.000441 0.000249 0.000064
0.000443 0.000256 0.000070
0.000445 0.000262 0.000076
0.000447 0.000268 0.000082
0.000449 0.000275 0.000088
0.000451 0.000281 0.000094
0.000452 0.000287 0.000101
0.000454 0.000294 0.000107
VECTORS Rotation float
0.816412 -0.201051 -2.128573
0.816577 -0.200209 -2.126767
0.817062 -0.197633 -2.121390
0.817806 -0.193231 -2.112638
0.818700 -0.186872 -2.100840
0.819644 -0.178327 -2.086275
0.820529 -0.167326 -2.069237
0.821243 -0.153586 -2.050001
0.821573 -0.137112 -2.029139
0.821479 -0.117533 -2.006552
0.820820 -0.094873 -1.982412
0.819476 -0.069243 -1.956706
0.817360 -0.040666 -1.929067
0.814342 -0.009278 -1.899016
0.810195 0.024332 -1.866309
0.804698 0.060049 -1.830124
0.797518 0.097417 -1.789946
0.788270 0.136091 -1.745200
0.776515 0.175756 -1.695374
0.761798 0.216018 -1.640195
0.743617 0.256756 -1.579120
0.721611 0.297343 -1.512426
0.695462 0.337339 -1.440160
0.664944 0.376225 -1.362449
0.630092 0.413195 -1.279905
0.591020 0.447527 -1.192927
0.548252 0.478268 -1.102588
0.502652 0.504530 -1.010295
0.455078 0.525752 -0.917102
0.406831 0.541464 -0.824795
0.359302 0.551544 -0.735205
0.313491 0.556263 -0.649426
0.270510 0.556103 -0.568915
0.230936 0.551764 -0.494293
0.195831 0.544189 -0.427340
0.164730 0.534144 -0.367096
0.138232 0.522709 -0.314841
0.115613 0.510448 -0.269358
0.096848 0.498162 -0.230878
0.081307 0.486192 -0.198394
0.068669 0.474968 -0.171510
0.058503 0.464730 -0.149555
0.050402 0.455620 -0.131848
0.043934 0.447618 -0.117577
0.038858 0.440822 -0.106329
0.034888 0.435156 -0.097542
0.031864 0.430622 -0.090920
0.029671 0.427201 -0.086258
0.028247 0.424891 -0.083463
0.027605 0.423780 -0.082623
0.027802 0.424014 -0.083913
0.028941 0.425840 -0.087613
0.031163 0.429601 -0.094067
0.034652 0.435733 -0.103672
0.039640 0.444745 -0.116876
0.046440 0.457195 -0.134201
0.055444 0.473597 -0.156216
0.067183 0.494380 -0.183610
0.082357 0.519795 -0.217207
0.101858 0.549814 -0.257974
0.126781 0.584024 -0.307004
0.158389 0.621548 -0.365466
0.198370 0.661282 -0.435043
0.247703 0.700986 -0.516209
0.308367 0.738937 -0.611047
0.379202 0.771694 -0.717292
0.461242 0.797473 -0.836329
0.551797 0.813655 -0.964819
0.645204 0.818477 -1.096025
0.737101 0.811689 -1.225285
0.824639 0.793628 -1.349918
0.901831 0.766273 -1.462585
0.968718 0.731120 -1.563646
1.024743 0.690269 -1.652203
1.070515 0.645709 -1.728640
1.106808 0.599713 -1.793272
1.136045 0.552438 -1.849131
1.159123 0.505381 -1.896833
1.177246 0.459163 -1.937611
1.191397 0.414137 -1.972449
1.202346 0.370471 -2.002068
1.210805 0.327685 -2.027280
1.217051 0.286802 -2.047782
1.221657 0.246761 -2.064268
1.224917 0.208022 -2.076589
1.227160 0.171080 -2.084633
1.228730 0.135160 -2.088568
1.229936 0.100929 -2.088289
1.231089 0.068694 -2.083789
1.232474 0.038822 -2.075088
1.234347 0.011730 -2.062235
1.236919 -0.012160 -2.045306
1.240375 -0.032190 -2.024625
1.244745 -0.048525 -1.999799
1.250114 -0.060517 -1.971566
1.256417 -0.068166 -1.939734
1.263581 -0.071291 -1.904866
1.271421 -0.069874 -1.866732
1.279763 -0.063882 -1.826046
1.288270 -0.053064 -1.782027
1.296735 -0.037578 -1.736055
1.304800 -0.017139 -1.687841
1.312134 0.008332 -1.637716
1.318301 0.039161 -1.585420
1.322802 0.075624 -1.530714
1.325263 0.117381 -1.474075
1.325195 0.164283 -1.415372
1.322098 0.215918 -1.354487
1.315458 0.271621 -1.291247
1.304726 0.330495 -1.225358
1.289568 0.390989 -1.156907
1.269410 0.451879 -1.085335
1.244232 0.511076 -1.010995
1.213955 0.566945 -0.933902
1.178824 0.617899 -0.854422
1.139685 0.662439 -0.773628
1.097751 0.699599 -0.692917
1.054750 0.728883 -0.614250
1.012587 0.750399 -0.539739
0.973101 0.764782 -0.471398
0.937891 0.773050 -0.410979
0.907824 0.776521 -0.359382
0.883425 0.776579 -0.317143
0.864471 0.774573 -0.283924
0.850648 0.771705 -0.259284
0.841294 0.768935 -0.242368
0.835972 0.766995 -0.232597
0.834234 0.766299 -0.229389
VECTORS ControlForce float
-0.000000 -0.000000 0.000000
0.000066 0.000144 0.000096
0.000114 0.000259 0.000183
0.000152 0.000349 0.000254
0.000176 0.000407 0.000298
0.000190 0.000427 0.000324
0.000182 0.000384 0.000340
0.000168 0.000297 0.000357
0.000158 0.000178 0.000371
0.000130 0.000008 0.000378
0.000103 -0.000174 0.000384
0.000086 -0.000336 0.000389
0.000061 -0.000473 0.000394
0.000023 -0.000570 0.000400
0.000006 -0.000579 0.000411
0.000005 -0.000506 0.000425
0.000003 -0.000385 0.000436
0.000022 -0.000217 0.000447
0.000057 -0.000041 0.000452
0.000117 0.000119 0.000450
0.000213 0.000248 0.000440
0.000333 0.000325 0.000413
0.000438 0.000321 0.000370
0.000526 0.000258 0.000317
0.000604 0.000169 0.000257
0.000660 0.000079 0.000194
0.000675 0.000002 0.000133
0.000637 -0.000053 0.000078
0.000569 -0.000057 0.000028
0.000463 -0.000036 -0.000011
0.000350 0.000024 -0.000049
0.000241 0.000105 -0.000084
0.000131 0.000176 -0.000105
0.000033 0.000231 -0.000116
-0.000058 0.000256 -0.000123
-0.000141 0.000253 -0.000122
-0.000228 0.000211 -0.000108
-0.000313 0.000153 -0.000087
-0.000389 0.000093 -0.000069
-0.000449 0.000042 -0.000055
-0.000486 0.000003 -0.000050
-0.000494 -0.000035 -0.000046
-0.000467 -0.000060 -0.000047
-0.000408 -0.000080 -0.000036
-0.000320 -0.000079 -0.000028
-0.000214 -0.000063 -0.000012
-0.000098 -0.000029 0.000008
0.000017 0.000023 0.000032
0.000120 0.000092 0.000065
0.000205 0.000188 0.000089
0.000265 0.000297 0.000112
0.000300 0.000399 0.000146
0.000317 0.000499 0.000173
0.000325 0.000581 0.000195
0.000332 0.000627 0.000216
0.000339 0.000615 0.000250
0.000347 0.000550 0.000283
0.000349 0.000422 0.000321
0.000336 0.000240 0.000354
0.000307 0.000029 0.000367
0.000258 -0.000197 0.000354
0.000185 -0.000425 0.000317
0.000095 -0.000623 0.000252
-0.000004 -0.000763 0.000151
-0.000109 -0.000841 0.000032
-0.000215 -0.000854 -0.000102
-0.000300 -0.000788 -0.000230
-0.000369 -0.000669 -0.000342
-0.000415 -0.000510 -0.000449
-0.000432 -0.000331 -0.000538
-0.000422 -0.000155 -0.000593
-0.000376 0.000033 -0.000622
-0.000310 0.000195 -0.000613
-0.000240 0.000313 -0.000566
-0.000167 0.000387 -0.000499
-0.000095 0.000409 -0.000425
-0.000042 0.000358 -0.000345
-0.000004 0.000257 -0.000267
0.000021 0.000132 -0.000200
0.000036 0.000015 -0.000142
0.000042 -0.000069 -0.000087
0.000025 -0.000123 -0.000032
-0.000019 -0.000151 0.000008
-0.000089 -0.000155 0.000041
-0.000172 -0.000123 0.000062
-0.000260 -0.000065 0.000068
-0.000332 0.000025 0.000081
-0.000392 0.000113 0.000097
-0.000425 0.000200 0.000112
-0.000427 0.000257 0.000121
-0.000392 0.000285 0.000126
-0.000317 0.000302 0.000128
-0.000219 0.000290 0.000126
-0.000121 0.000257 0.000132
-0.000040 0.000207 0.000137
0.000018 0.000190 0.000146
0.000045 0.000202 0.000150
0.000031 0.000209 0.000151
-0.000019 0.000201 0.000152
-0.000086 0.000186 0.000166
-0.000153 0.000167 0.000177
-0.000205 0.000142 0.000180
-0.000225 0.000126 0.000180
-0.000200 0.000115 0.000186
-0.000124 0.000110 0.000201
0.000010 0.000118 0.000209
0.000194 0.000134 0.000197
0.000410 0.000136 0.000158
0.000637 0.000100 0.000095
0.000855 0.000044 0.000010
0.001046 -0.000005 -0.000099
0.001185 -0.000030 -0.000225
0.001252 -0.000045 -0.000357
0.001236 -0.000042 -0.000482
0.001137 -0.000002 -0.000592
0.000958 0.000086 -0.000687
0.000718 0.000184 -0.000755
0.000439 0.000279 -0.000795
0.000144 0.000347 -0.000805
-0.000143 0.000386 -0.000790
-0.000403 0.000390 -0.000751
-0.000609 0.000355 -0.000688
-0.000738 0.000284 -0.000601
-0.000771 0.000198 -0.000494
-0.000701 0.000119 -0.000378
-0.000532 0.000056 -0.000252
-0.000285 0.000018 -0.000126
-0.000000 -0.000000 -0.000000
VECTORS ControlTorque float
-0.000000 0.000001 -0.000001
-0.000000 0.000001 -0.000001
-0.000000 0.000001 -0.000001
-0.000000 0.000001 -0.000001
-0.000000 0.000001 -0.000001
-0.000000 0.000001 -0.000001
-0.000001 0.000001 -0.000001
-0.000000 0.000000 -0.000001
-0.000001 0.000001 -0.000001
-0.000001 0.000001 -0.000001
-0.000000 0.000001 -0.000001
-0.000000 0.000001 -0.000001
-0.000000 0.000001 -0.000001
-0.000000 0.000001 -0.000001
-0.000000 0.000002 -0.000001
-0.000000 0.000001 -0.000001
-0.000000 0.000002 -0.000001
-0.000000 0.000002 -0.000001
-0.000000 0.000002 -0.000000
-0.000000 0.000002 -0.000001
-0.000000 0.000001 -0.000000
-0.000000 0.000001 -0.000000
-0.000000 0.000001 -0.000000
-0.000000 0.000001 -0.000000
-0.000000 0.000001 -0.000000
-0.000000 0.000000 0.000000
0.000000 -0.000000 0.000001
-0.000000 -0.000000 0.000001
0.000000 -0.000001 0.000001
0.000000 -0.000001 0.000001
-0.000000 -0.000001 0.000001
0.000000 -0.000002 0.000001
-0.000000 -0.000001 0.000001
0.000001 -0.000003 0.000002
-0.000000 -0.000001 0.000001
0.000001 -0.000003 0.000002
0.000000 -0.000001 0.000001
0.000001 -0.000002 0.000001
0.000000 -0.000001 0.000001
0.000001 -0.000002 0.000001
0.000001 -0.000001 0.000001
0.000001 -0.000001 0.000001
0.000000 -0.000001 0.000000
0.000001 -0.000001 0.000000
0.000000 -0.000001 0.000000
0.000001 -0.000001 0.000000
0.000000 -0.000001 0.000000
0.000000 -0.000001 0.000000
0.000001 -0.000001 0.000000
0.000001 -0.000001 0.000000
0.000001 -0.000001 0.000000
0.000001 -0.000001 0.000000
0.000001 -0.000001 0.000000
0.000001 -0.000001 0.000000
0.000002 -0.000001 0.000000
0.000002 -0.000001 0.000000
0.000002 -0.000002 0.000000
0.000002 -0.000002 0.000001
0.000002 -0.000002 0.000001
0.000002 -0.000002 0.000001
0.000002 -0.000002 0.000001
0.000003 -0.000003 0.000001
0.000001 -0.000001 0.000001
0.000003 -0.000003 0.000001
-0.000001 0.000000 0.000000
0.000001 -0.000002 0.000001
0.000000 -0.000001 0.000001
-0.000001 0.000001 0.000001
-0.000001 0.000001 0.000001
0.000000 -0.000001 0.000002
-0.000003 0.000003 -0.000000
-0.000000 0.000000 0.000001
-0.000001 0.000002 0.000000
-0.000001 0.000001 0.000001
-0.000002 0.000003 -0.000001
-0.000000 0.000001 0.000001
-0.000001 0.000002 -0.000001
-0.000001 0.000001 -0.000000
-0.000001 0.000001 -0.000000
-0.000001 0.000002 -0.000001
-0.000000 0.000001 0.000000
-0.000001 0.000002 -0.000001
-0.000000 0.000001 0.000000
-0.000001 0.000002 -0.000000
-0.000001 0.000002 -0.000001
-0.000000 0.000001 0.000000
-0.000001 0.000002 -0.000001
-0.000000 0.000002 -0.000001
-0.000001 0.000002 -0.000001
-0.000001 0.000002 -0.000001
-0.000000 0.000002 -0.000001
-0.000001 0.000001 -0.000002
-0.000000 0.000002 -0.000001
-0.000001 0.000001 -0.000002
-0.000000 0.000002 -0.000002
-0.000001 0.000001 -0.000002
-0.000000 0.000002 -0.000002
-0.000000 0.000000 -0.000002
-0.000000 0.000002 -0.000002
-0.000000 0.000000 -0.000002
-0.000000 0.000001 -0.000002
-0.000000 0.000001 -0.000002
-0.000000 0.000001 -0.000002
-0.000000 0.000001 -0.000002
0.000000 0.000001 -0.000002
0.000000 0.000001 -0.000002
0.000000 0.000001 -0.000002
0.000000 0.000000 -0.000002
0.000000 0.000001 -0.000002
0.000000 -0.000000 -0.000001
0.000000 0.000000 -0.000001
0.000000 -0.000001 0.000000
-0.000000 -0.000000 0.000001
-0.000000 -0.000001 0.000001
-0.000001 -0.000001 0.000002
-0.000001 -0.000001 0.000002
-0.000001 -0.000002 0.000002
-0.000001 -0.000002 0.000002
-0.000001 -0.000002 0.000002
-0.000001 -0.000002 0.000002
-0.000001 -0.000002 0.000002
-0.000000 -0.000002 0.000002
-0.000000 -0.000002 0.000002
0.000000 -0.000002 0.000002
0.000000 -0.000002 0.000001
0.000001 -0.000002 0.000001
0.000001 -0.000002 0.000001
0.000001 -0.000002 0.000001
VECTORS Curvature float
45.621121 -115.277281 12.433545
144.129226 -372.934300 39.579014
304.092668 -819.590681 86.240512
412.111406 -1195.591031 126.802652
487.853244 -1573.958005 167.894279
524.009562 -1952.316609 207.291494
523.144077 -2361.873103 244.944400
471.118370 -2714.881971 280.255697
385.732199 -3065.018302 313.314430
288.868786 -3466.285974 343.188345
183.701160 -3814.218669 369.597606
97.447829 -4174.389451 392.394764
46.982236 -4604.541282 411.329626
45.554864 -4990.724623 425.734929
103.825521 -5381.756231 436.922891
223.742881 -5832.259647 443.873815
396.593903 -6258.897544 447.424716
611.463019 -6720.050589 447.543350
844.382093 -7152.087380 443.746381
1087.327129 -7628.517624 436.987075
1314.276256 -8087.360948 424.869826
1500.768985 -8439.978130 408.591226
1659.829052 -8800.248702 386.925063
1777.249551 -9070.680155 358.922094
1866.164612 -9264.335399 325.805884
1937.881136 -9383.766343 287.010558
1979.262584 -9307.856361 244.590607
2021.892296 -9141.526418 201.231515
2070.537022 -8895.507992 158.454367
2099.746998 -8467.056904 119.528581
2139.682759 -8004.090704 86.384074
2170.724410 -7488.316615 59.840363
2208.528703 -6985.843620 40.410894
2174.200658 -6325.084359 27.880476
2139.091626 -5707.304118 20.198691
2061.647667 -5086.873413 17.572381
1943.682109 -4428.240448 16.851404
1823.817710 -3863.501973 18.652375
1666.529460 -3277.279360 20.566563
1522.305161 -2788.463106 22.960728
1348.987445 -2300.426400 24.783104
1176.486343 -1873.607021 26.097018
1023.305392 -1526.058509 26.743023
873.171196 -1227.631428 27.040143
724.258144 -964.721465 27.021901
591.229783 -749.899235 27.132965
455.569858 -548.141926 27.614257
328.126366 -365.281225 28.810657
196.391396 -180.044963 31.018464
51.230625 20.289945 34.487944
-114.948939 242.676003 39.439386
-315.700186 495.620831 46.017433
-562.211476 782.480791 54.292981
-864.487986 1104.493664 64.253246
-1233.843496 1465.902215 75.737910
-1672.681336 1865.161650 88.518540
-2176.230572 2299.752215 102.208878
-2739.464388 2774.512028 116.400511
-3343.435769 3285.713620 130.709007
-3969.493620 3834.725067 144.755991
-4554.625164 4380.213282 158.825486
-5156.751975 5002.213670 171.625511
-5608.478779 5543.205396 186.572728
-6040.738821 6166.162563 198.261820
-6246.399845 6625.010199 215.281644
-6285.111691 7021.846737 226.065480
-6442.483221 7622.459545 239.139524
-6223.815263 7861.243228 247.618808
-5779.219600 7854.897154 248.842329
-5506.898533 8137.425339 246.232311
-5063.661980 8139.291453 234.256156
-4479.441636 7943.581384 221.361025
-4050.633047 7930.044910 202.972692
-3562.275738 7768.510225 183.727475
-3028.388785 7362.299873 161.021779
-2572.527949 7040.572478 141.697714
-2221.253064 6833.162201 117.872597
-1839.997234 6429.512190 95.883263
-1513.491911 6088.917244 73.248246
-1198.108957 5712.308338 50.385235
-913.018426 5496.292026 28.363411
-608.864987 5165.416221 4.273930
-286.462226 4834.133886 -18.071267
38.622111 4670.629718 -42.644508
377.966160 4273.392547 -67.913556
737.638652 3983.976239 -94.381667
1116.703059 3744.562369 -123.249122
1477.097262 3376.681171 -154.085494
1834.038051 3002.060121 -187.740572
2168.271129 2580.105915 -224.263165
2502.152885 2131.063791 -263.722906
2738.943085 1607.382619 -305.946087
3031.099348 1084.410774 -351.115243
3293.449008 554.470259 -397.649796
3487.763955 -18.116907 -445.870734
3676.736517 -565.958979 -494.789586
3862.368143 -1130.121713 -543.509799
4005.296051 -1656.416246 -591.805721
4217.970375 -2236.047904 -637.455980
4406.220824 -2800.955211 -681.920660
4455.525290 -3307.345692 -722.554319
4566.432886 -3863.369744 -761.193773
4639.025710 -4417.226863 -796.258763
4798.688799 -5082.224195 -828.129828
4903.938783 -5718.446326 -858.397579
4942.195372 -6290.288022 -885.732336
4991.270437 -6868.695750 -911.748992
5015.131974 -7391.393994 -936.438093
5046.013227 -7882.365492 -959.333762
5025.107673 -8221.564497 -981.779630
5000.476123 -8453.935642 -999.839318
4956.748334 -8532.157657 -1016.203210
4855.484174 -8372.322659 -1025.503171
4772.914482 -8105.300416 -1027.585049
4659.102553 -7658.674680 -1020.234910
4515.312855 -7059.649706 -1000.914489
4341.891952 -6352.455195 -968.845003
4123.625766 -5559.903515 -923.099732
3868.752311 -4740.617214 -864.220690
3556.115924 -3912.091093 -793.282822
3204.088780 -3127.650004 -711.977457
2805.281709 -2409.874012 -622.216000
2373.384039 -1781.607902 -526.045969
1917.636464 -1258.285719 -425.252988
1441.911646 -832.346162 -320.594698
974.581451 -504.651956 -217.149746
441.413358 -213.116186 -99.456159
141.171633 -65.228233 -31.038245
VECTORS LocalRotation float
-0.050194 0.661981 -0.044942
-0.049333 0.659766 -0.044706
-0.047311 0.654388 -0.044139
-0.044082 0.645302 -0.043178
-0.039999 0.632737 -0.041841
-0.035403 0.616719 -0.040137
-0.030660 0.597176 -0.038088
-0.026183 0.574319 -0.035724
-0.022290 0.548059 -0.033027
-0.019240 0.518529 -0.030059
-0.017103 0.485604 -0.026835
-0.015827 0.449351 -0.023377
-0.015172 0.409559 -0.019734
-0.014755 0.366250 -0.015956
-0.014077 0.319208 -0.012044
-0.012595 0.268466 -0.008058
-0.009787 0.213732 -0.004024
-0.005222 0.154964 0.000029
0.001368 0.092163 0.004064
0.010129 0.025132 0.008058
0.020981 -0.045883 0.011952
0.033729 -0.120727 0.015727
0.048057 -0.198885 0.019333
0.063621 -0.279810 0.022711
0.080132 -0.362896 0.025814
0.097328 -0.447197 0.028584
0.115030 -0.531666 0.030986
0.133154 -0.615233 0.033006
0.151664 -0.696817 0.034632
0.170545 -0.775425 0.035891
0.189801 -0.850237 0.036826
0.209344 -0.920478 0.037489
0.229191 -0.986077 0.037944
0.248940 -1.046059 0.038251
0.268557 -1.100780 0.038470
0.287468 -1.149374 0.038640
0.305694 -1.192673 0.038797
0.322701 -1.230103 0.038957
0.338552 -1.262532 0.039135
0.352951 -1.289921 0.039332
0.365933 -1.312930 0.039547
0.377376 -1.331842 0.039778
0.387372 -1.347291 0.040018
0.395933 -1.359721 0.040261
0.403177 -1.369663 0.040506
0.409120 -1.377409 0.040751
0.413858 -1.383285 0.040998
0.417413 -1.387428 0.041254
0.419784 -1.389893 0.041525
0.420906 -1.390617 0.041822
0.420617 -1.389425 0.042157
0.418668 -1.386083 0.042544
0.414694 -1.380297 0.042998
0.408235 -1.371755 0.043534
0.398732 -1.360114 0.044168
0.385578 -1.345039 0.044912
0.368152 -1.326183 0.045775
0.345892 -1.303204 0.046765
0.318346 -1.275761 0.047884
0.285237 -1.243523 0.049131
0.246632 -1.206319 0.050506
0.202583 -1.163761 0.052005
0.153972 -1.116143 0.053623
0.101058 -1.062956 0.055371
0.045743 -1.005372 0.057232
-0.011504 -0.943030 0.059248
-0.069028 -0.876843 0.061351
-0.125937 -0.807275 0.063538
-0.180452 -0.735897 0.065793
-0.231953 -0.662920 0.068052
-0.279487 -0.589726 0.070213
-0.322996 -0.516401 0.072290
-0.361610 -0.444543 0.074211
-0.395932 -0.373770 0.075954
-0.425595 -0.305669 0.077506
-0.451120 -0.240031 0.078885
-0.472726 -0.177500 0.080055
-0.491069 -0.117598 0.081021
-0.506252 -0.060921 0.081786
-0.518555 -0.007378 0.082347
-0.528150 0.043568 0.082705
-0.534994 0.091516 0.082852
-0.539077 0.137112 0.082789
-0.540195 0.179976 0.082515
-0.538315 0.220342 0.082016
-0.533216 0.258083 0.081275
-0.524838 0.292998 0.080291
-0.513113 0.325189 0.079038
-0.498137 0.354040 0.077492
-0.480034 0.379289 0.075628
-0.458917 0.400591 0.073422
-0.435242 0.417478 0.070848
-0.408906 0.429764 0.067849
-0.380470 0.437132 0.064483
-0.349721 0.439565 0.060658
-0.317378 0.436928 0.056412
-0.283093 0.429215 0.051690
-0.247501 0.416609 0.046554
-0.210020 0.398867 0.040951
-0.171368 0.376293 0.035038
-0.131241 0.348634 0.028678
-0.090380 0.316157 0.021958
-0.048499 0.278483 0.014872
-0.005650 0.235354 0.007497
0.038107 0.186645 -0.000109
0.082628 0.132346 -0.007995
0.127607 0.072762 -0.016134
0.172960 0.008128 -0.024511
0.218569 -0.061109 -0.033105
0.264133 -0.133968 -0.041887
0.309592 -0.209579 -0.050872
0.354588 -0.286339 -0.059982
0.399042 -0.362923 -0.069232
0.442680 -0.437603 -0.078537
0.485375 -0.508961 -0.087807
0.526920 -0.575611 -0.096959
0.567011 -0.636319 -0.105875
0.605340 -0.690254 -0.114441
0.641527 -0.736892 -0.122534
0.675130 -0.776051 -0.130035
0.705760 -0.807948 -0.136855
0.732954 -0.833007 -0.142893
0.756429 -0.852007 -0.148098
0.775839 -0.865758 -0.152401
0.791065 -0.875232 -0.155781
0.801982 -0.881273 -0.158211
0.808407 -0.884530 -0.159647
0.811039 -0.885787 -0.160237
VECTORS q1 float
-0.485951 -0.714015 -0.504018
-0.484484 -0.714248 -0.505098
-0.480064 -0.714945 -0.508324
-0.472703 -0.716068 -0.513614
-0.462448 -0.717544 -0.520838
-0.449233 -0.719312 -0.529887
-0.432962 -0.721290 -0.540633
-0.413504 -0.723377 -0.552938
-0.391100 -0.725346 -0.566493
-0.365337 -0.727103 -0.581249
-0.336236 -0.728415 -0.596957
-0.303777 -0.729037 -0.613371
-0.267669 -0.728740 -0.630311
-0.227637 -0.727243 -0.647533
-0.183901 -0.724207 -0.664608
-0.135990 -0.719322 -0.681236
-0.083911 -0.712232 -0.696911
-0.027595 -0.702578 -0.711071
0.032948 -0.690001 -0.723058
0.097412 -0.674182 -0.732113
0.165776 -0.654763 -0.737431
0.237008 -0.631607 -0.738173
0.310276 -0.604627 -0.733590
0.384572 -0.573860 -0.723042
0.458386 -0.539632 -0.706173
0.530473 -0.502334 -0.682832
0.599207 -0.462714 -0.653335
0.663099 -0.421725 -0.618423
0.721343 -0.380172 -0.578908
0.773087 -0.339098 -0.536050
0.817914 -0.299482 -0.491250
0.856083 -0.261888 -0.445573
0.887841 -0.226957 -0.400285
0.913855 -0.194922 -0.356195
0.934428 -0.166474 -0.314850
0.950702 -0.141144 -0.276124
0.963077 -0.119393 -0.241303
0.972505 -0.100651 -0.210010
0.979477 -0.084944 -0.182784
0.984625 -0.071806 -0.159238
0.988361 -0.061020 -0.139351
0.991050 -0.052268 -0.122831
0.992976 -0.045241 -0.109323
0.994367 -0.039593 -0.098315
0.995361 -0.035134 -0.089567
0.996073 -0.031630 -0.082693
0.996572 -0.028950 -0.077505
0.996903 -0.027000 -0.073867
0.997092 -0.025732 -0.071731
0.997146 -0.025160 -0.071186
0.997055 -0.025337 -0.072386
0.996793 -0.026353 -0.075557
0.996315 -0.028327 -0.080962
0.995547 -0.031408 -0.088880
0.994386 -0.035775 -0.099585
0.992682 -0.041655 -0.113346
0.990237 -0.049316 -0.130375
0.986789 -0.059094 -0.150850
0.981999 -0.071398 -0.174872
0.975452 -0.086696 -0.202427
0.966662 -0.105484 -0.233321
0.955090 -0.128229 -0.267133
0.940075 -0.155530 -0.303431
0.921204 -0.187366 -0.340994
0.897689 -0.224345 -0.379242
0.869744 -0.265319 -0.416114
0.836531 -0.310883 -0.451185
0.798197 -0.360058 -0.482949
0.755737 -0.410930 -0.509899
0.709555 -0.462620 -0.531522
0.659489 -0.514940 -0.547642
0.607787 -0.565206 -0.557796
0.554330 -0.613528 -0.562407
0.500118 -0.658946 -0.561847
0.446055 -0.700794 -0.556707
0.393551 -0.738222 -0.547856
0.341908 -0.772060 -0.535745
0.292155 -0.801887 -0.521175
0.244558 -0.827895 -0.504758
0.199247 -0.850363 -0.487015
0.156268 -0.869597 -0.468382
0.115102 -0.886101 -0.448974
0.076711 -0.899764 -0.429581
0.040100 -0.911204 -0.409999
0.005709 -0.920496 -0.390710
-0.026006 -0.927791 -0.372194
-0.055719 -0.933472 -0.354297
-0.082851 -0.937671 -0.337503
-0.107149 -0.940628 -0.322083
-0.128317 -0.942602 -0.308279
-0.146029 -0.943868 -0.296292
-0.159950 -0.944709 -0.286254
-0.169600 -0.945416 -0.278254
-0.175022 -0.946199 -0.272166
-0.175822 -0.947283 -0.267845
-0.171931 -0.948780 -0.265060
-0.163298 -0.950758 -0.263425
-0.149822 -0.953189 -0.262647
-0.131622 -0.955994 -0.262205
-0.108255 -0.959003 -0.261907
-0.080197 -0.962000 -0.261006
-0.047119 -0.964689 -0.259141
-0.009068 -0.966700 -0.255753
0.034253 -0.967550 -0.250349
0.083018 -0.966636 -0.242328
0.136542 -0.963333 -0.230967
0.194363 -0.956931 -0.215652
0.255643 -0.946728 -0.195838
0.319207 -0.932104 -0.171140
0.383632 -0.912598 -0.141394
0.446834 -0.888213 -0.106854
0.507310 -0.859078 -0.067979
0.562900 -0.826122 -0.025823
0.612305 -0.790406 0.018438
0.654634 -0.753278 0.063454
0.689373 -0.716349 0.107743
0.716683 -0.681081 0.149982
0.737126 -0.648783 0.189015
0.751628 -0.620391 0.223988
0.761284 -0.596445 0.254363
0.767185 -0.577146 0.279874
0.770401 -0.562243 0.300606
0.771794 -0.551333 0.316806
0.772105 -0.543725 0.328963
0.771853 -0.538766 0.337600
0.771436 -0.535759 0.343290
0.771088 -0.534203 0.346484
0.770959 -0.533721 0.347513
VECTORS q2 float
-0.269664 0.671046 -0.690636
-0.268977 0.671043 -0.690907
-0.266964 0.671045 -0.691686
-0.263785 0.671097 -0.692854
-0.259689 0.671278 -0.694225
-0.254969 0.671659 -0.695604
-0.249961 0.672312 -0.696790
-0.245014 0.673292 -0.697600
-0.240496 0.674678 -0.697833
-0.236631 0.676440 -0.697449
-0.233571 0.678556 -0.696424
-0.231316 0.680968 -0.694820
-0.229700 0.683583 -0.692786
-0.228415 0.686317 -0.690503
-0.227018 0.689153 -0.688136
-0.225007 0.692079 -0.685856
-0.221889 0.695173 -0.683739
-0.217256 0.698554 -0.681779
-0.210844 0.702371 -0.679868
-0.202586 0.706779 -0.677808
-0.192538 0.711897 -0.675375
-0.181041 0.717799 -0.672301
-0.168479 0.724486 -0.668382
-0.155257 0.731911 -0.663477
-0.141810 0.739976 -0.657514
-0.128407 0.748598 -0.650472
-0.115306 0.757675 -0.642365
-0.102684 0.767122 -0.633230
-0.090565 0.776918 -0.623054
-0.079048 0.787010 -0.611855
-0.068231 0.797328 -0.599678
-0.058140 0.807845 -0.586520
-0.048906 0.818433 -0.572517
-0.040587 0.828994 -0.557783
-0.033387 0.839195 -0.542805
-0.027187 0.849053 -0.527608
-0.022100 0.858205 -0.512831
-0.017951 0.866701 -0.498505
-0.014696 0.874346 -0.485081
-0.012167 0.881198 -0.472591
-0.010257 0.887211 -0.461249
-0.008847 0.892413 -0.451132
-0.007830 0.896848 -0.442270
-0.007106 0.900611 -0.434568
-0.006621 0.903718 -0.428076
-0.006314 0.906252 -0.422690
-0.006155 0.908245 -0.418393
-0.006123 0.909729 -0.415158
-0.006207 0.910720 -0.412977
-0.006416 0.911194 -0.411928
-0.006769 0.911093 -0.412146
-0.007304 0.910311 -0.413861
-0.008082 0.908691 -0.417392
-0.009194 0.906017 -0.423142
-0.010770 0.902011 -0.431578
-0.012994 0.896327 -0.443204
-0.016109 0.888566 -0.458466
-0.020432 0.878277 -0.477715
-0.026348 0.864979 -0.501116
-0.034301 0.848203 -0.528560
-0.044764 0.827555 -0.559597
-0.058187 0.802802 -0.593400
-0.075035 0.773728 -0.629058
-0.095403 0.740882 -0.664825
-0.119595 0.704318 -0.699738
-0.146873 0.665814 -0.731519
-0.177328 0.625523 -0.759787
-0.210152 0.584908 -0.783402
-0.243916 0.545968 -0.801513
-0.277754 0.509612 -0.814339
-0.311301 0.476034 -0.822487
-0.342825 0.446836 -0.826322
-0.372256 0.421611 -0.826843
-0.399070 0.400434 -0.824861
-0.422987 0.383101 -0.821167
-0.443674 0.369425 -0.816504
-0.461712 0.358533 -0.811342
-0.477052 0.350122 -0.806124
-0.489873 0.343751 -0.801161
-0.500313 0.339054 -0.796699
-0.508433 0.335735 -0.792955
-0.514308 0.333522 -0.790095
-0.517735 0.332264 -0.788386
-0.518698 0.331726 -0.787978
-0.517058 0.331715 -0.789061
-0.512737 0.331995 -0.791758
-0.505544 0.332376 -0.796211
-0.495514 0.332596 -0.802400
-0.482667 0.332426 -0.810263
-0.467075 0.331655 -0.819662
-0.448851 0.330115 -0.830395
-0.428127 0.327685 -0.842217
-0.405309 0.324274 -0.854734
-0.379920 0.319928 -0.867932
-0.352685 0.314637 -0.881259
-0.323305 0.308508 -0.894593
-0.292189 0.301638 -0.907546
-0.258968 0.294204 -0.919989
-0.224145 0.286357 -0.931536
-0.186893 0.278390 -0.942109
-0.148338 0.270452 -0.951237
-0.108196 0.262832 -0.958756
-0.066772 0.255778 -0.964427
-0.023939 0.249630 -0.968045
0.020316 0.244759 -0.969371
0.065340 0.241401 -0.968223
0.110869 0.239866 -0.964454
0.156518 0.240427 -0.957965
0.201844 0.243312 -0.948714
0.246407 0.248712 -0.936710
0.289535 0.256591 -0.922134
0.330942 0.267049 -0.905076
0.369999 0.279800 -0.885897
0.406415 0.294664 -0.864870
0.439943 0.311377 -0.842315
0.470340 0.329496 -0.818665
0.497499 0.348579 -0.794347
0.521369 0.368070 -0.769869
0.542003 0.387408 -0.745753
0.559534 0.406035 -0.722535
0.574154 0.423379 -0.700783
0.586122 0.439044 -0.680957
0.595693 0.452604 -0.663550
0.603133 0.463884 -0.648878
0.608667 0.472676 -0.637262
0.612484 0.478981 -0.628841
0.614719 0.482728 -0.623773
0.615454 0.483981 -0.622076
VECTORS q3 float
0.831344 -0.199700 -0.518640
0.832422 -0.198874 -0.517226
0.835625 -0.196349 -0.513009
0.840815 -0.192030 -0.506117
0.847764 -0.185787 -0.496769
0.856259 -0.177384 -0.485134
0.866062 -0.166546 -0.471380
0.876917 -0.152983 -0.455646
0.888370 -0.136683 -0.438310
0.900297 -0.117263 -0.419184
0.912354 -0.094731 -0.398292
0.924236 -0.069188 -0.375500
0.935730 -0.040655 -0.350366
0.946577 -0.009278 -0.322345
0.956370 0.024329 -0.291144
0.964820 0.060013 -0.255968
0.971455 0.097263 -0.216369
0.975724 0.135671 -0.171916
0.976964 0.174853 -0.122341
0.974408 0.214342 -0.067731
0.967185 0.253945 -0.008051
0.954490 0.292981 0.055777
0.935598 0.330977 0.122924
0.909945 0.367412 0.192377
0.877367 0.401538 0.262669
0.837920 0.432738 0.332607
0.792247 0.460243 0.400651
0.741455 0.483396 0.465373
0.686631 0.501864 0.525994
0.629355 0.515391 0.581622
0.571280 0.524003 0.631712
0.513557 0.528016 0.676356
0.457543 0.527880 0.715539
0.404007 0.524190 0.749669
0.354583 0.517725 0.778609
0.308912 0.509105 0.803359
0.268316 0.499229 0.823879
0.232191 0.488568 0.841064
0.201021 0.477812 0.855153
0.174255 0.467263 0.866776
0.151779 0.457310 0.876259
0.133196 0.448181 0.883964
0.118055 0.440019 0.890194
0.105749 0.432819 0.895257
0.095983 0.426683 0.899293
0.088311 0.421552 0.902494
0.082506 0.417436 0.904953
0.078408 0.414325 0.906745
0.075954 0.412221 0.907912
0.075228 0.411209 0.908431
0.076393 0.411422 0.908238
0.079687 0.413086 0.907199
0.085393 0.416508 0.905113
0.093817 0.422075 0.901693
0.105266 0.430227 0.896562
0.120057 0.441433 0.889226
0.138457 0.456090 0.879097
0.160718 0.474486 0.865467
0.187039 0.496703 0.847527
0.217523 0.522529 0.824407
0.252114 0.551386 0.795244
0.290545 0.582294 0.759287
0.332610 0.614129 0.715692
0.377202 0.644971 0.664628
0.424089 0.673502 0.605428
0.471140 0.697350 0.540120
0.518431 0.715593 0.468141
0.564551 0.726802 0.391205
0.607755 0.730106 0.312376
0.647599 0.725450 0.233103
0.684227 0.712902 0.153638
0.716286 0.693455 0.077814
0.744408 0.667703 0.005323
0.768522 0.636744 -0.062701
0.788744 0.601765 -0.125542
0.805152 0.564406 -0.182142
0.818487 0.524764 -0.233885
0.828895 0.484141 -0.280252
0.836789 0.443198 -0.321497
0.842608 0.402400 -0.357892
0.846804 0.362055 -0.389666
0.849846 0.321852 -0.417340
0.852095 0.282887 -0.440351
0.854016 0.244264 -0.459338
0.855931 0.206524 -0.474056
0.858152 0.170247 -0.484347
0.861000 0.134749 -0.490431
0.864639 0.100758 -0.492185
0.869225 0.068640 -0.489629
0.874857 0.038813 -0.482823
0.881594 0.011730 -0.471863
0.889451 -0.012160 -0.456868
0.898310 -0.032184 -0.438183
0.908310 -0.048506 -0.415475
0.919076 -0.060480 -0.389413
0.930545 -0.068113 -0.359787
0.942316 -0.071231 -0.327058
0.954196 -0.069818 -0.290923
0.965626 -0.063839 -0.251972
0.976397 -0.053039 -0.209368
0.985680 -0.037569 -0.164391
0.993012 -0.017138 -0.116760
0.997727 0.008332 -0.066868
0.999126 0.039151 -0.014612
0.996341 0.075552 0.039957
0.988477 0.117111 0.095906
0.974644 0.163545 0.152715
0.954017 0.214245 0.209643
0.925940 0.268293 0.265806
0.890006 0.324511 0.320284
0.846468 0.381103 0.371822
0.795685 0.436657 0.419782
0.739084 0.489116 0.463163
0.678166 0.537058 0.501658
0.614740 0.579324 0.535237
0.550949 0.615041 0.564074
0.488734 0.643911 0.588658
0.429907 0.666037 0.609569
0.375884 0.681931 0.627440
0.327672 0.692379 0.642839
0.285961 0.698321 0.656181
0.250884 0.700802 0.667783
0.222450 0.700843 0.677743
0.200210 0.699411 0.686105
0.183760 0.697358 0.692765
0.172478 0.695370 0.697647
0.165964 0.693975 0.700611
0.163825 0.693473 0.701610
