# vtk DataFile Version 2.0
VTK example
ASCII
DATASET UNSTRUCTURED_GRID
POINTS  128  float
-0.000008 -0.000008 -0.000103
-0.000008 -0.000008 -0.000094
-0.000008 -0.000008 -0.000085
-0.000008 -0.000008 -0.000076
-0.000008 -0.000009 -0.000067
-0.000009 -0.000008 -0.000058
-0.000009 -0.000008 -0.000049
-0.000009 -0.000008 -0.000040
-0.000009 -0.000007 -0.000031
-0.000009 -0.000006 -0.000022
-0.000008 -0.000004 -0.000013
-0.000008 -0.000002 -0.000004
-0.000007 0.000000 0.000005
-0.000006 0.000003 0.000013
-0.000005 0.000007 0.000021
-0.000003 0.000011 0.000029
-0.000001 0.000015 0.000037
0.000001 0.000020 0.000044
0.000004 0.000026 0.000051
0.000007 0.000031 0.000057
0.000010 0.000038 0.000063
0.000014 0.000044 0.000068
0.000018 0.000051 0.000072
0.000022 0.000058 0.000076
0.000027 0.000065 0.000079
0.000032 0.000072 0.000081
0.000037 0.000079 0.000083
0.000043 0.000086 0.000084
0.000049 0.000093 0.000084
0.000055 0.000100 0.000084
0.000062 0.000106 0.000083
0.000068 0.000112 0.000082
0.000075 0.000118 0.000080
0.000082 0.000124 0.000078
0.000089 0.000129 0.000075
0.000096 0.000134 0.000073
0.000103 0.000138 0.000070
0.000110 0.000143 0.000067
0.000118 0.000147 0.000063
0.000125 0.000151 0.000060
0.000133 0.000154 0.000056
0.000140 0.000158 0.000053
0.000148 0.000161 0.000049
0.000156 0.000164 0.000045
0.000163 0.000167 0.000042
0.000171 0.000170 0.000038
0.000179 0.000173 0.000035
0.000187 0.000175 0.000031
0.000195 0.000177 0.000028
0.000203 0.000180 0.000024
0.000211 0.000182 0.000021
0.000220 0.000183 0.000018
0.000228 0.000185 0.000015
0.000236 0.000187 0.000012
0.000245 0.000188 0.000009
0.000253 0.000190 0.000006
0.000262 0.000191 0.000004
0.000271 0.000192 0.000001
0.000279 0.000193 -0.000001
0.000288 0.000194 -0.000003
0.000297 0.000195 -0.000004
0.000306 0.000195 -0.000006
0.000315 0.000196 -0.000007
0.000324 0.000197 -0.000008
0.000333 0.000198 -0.000008
0.000342 0.000199 -0.000008
0.000351 0.000200 -0.000008
0.000360 0.000201 -0.000007
0.000369 0.000202 -0.000005
0.000377 0.000203 -0.000003
0.000386 0.000205 -0.000001
0.000394 0.000206 0.000002
0.000402 0.000208 0.000006
0.000410 0.000210 0.000011
0.000417 0.000213 0.000016
0.000424 0.000215 0.000021
0.000430 0.000218 0.000027
0.000435 0.000220 0.000034
0.000440 0.000223 0.000041
0.000444 0.000226 0.000049
0.000448 0.000229 0.000056
0.000451 0.000232 0.000064
0.000453 0.000236 0.000072
0.000455 0.000239 0.000081
0.000456 0.000243 0.000089
0.000456 0.000246 0.000097
0.000456 0.000250 0.000106
0.000455 0.000253 0.000114
0.000454 0.000257 0.000122
0.000452 0.000261 0.000130
0.000450 0.000264 0.000138
0.000448 0.000268 0.000146
0.000445 0.000272 0.000154
0.000442 0.000276 0.000161
0.000438 0.000279 0.000169
0.000435 0.000283 0.000176
0.000431 0.000287 0.000184
0.000428 0.000291 0.000191
0.000424 0.000295 0.000198
0.000420 0.000299 0.000205
0.000417 0.000303 0.000213
0.000413 0.000307 0.000220
0.000410 0.000311 0.000228
0.000407 0.000315 0.000235
0.000404 0.000319 0.000243
0.000401 0.000322 0.000251
0.000399 0.000326 0.000258
0.000397 0.000330 0.000266
0.000396 0.000334 0.000275
0.000395 0.000337 0.000283
0.000394 0.000340 0.000291
0.000394 0.000344 0.000300
0.000394 0.000347 0.000308
0.000395 0.000349 0.000317
0.000397 0.000352 0.000325
0.000399 0.000355 0.000334
0.000401 0.000357 0.000342
0.000404 0.000359 0.000351
0.000407 0.000361 0.000359
0.000411 0.000363 0.000367
0.000415 0.000365 0.000375
0.000420 0.000366 0.000382
0.000424 0.000368 0.000390
0.000429 0.000369 0.000397
0.000435 0.000370 0.000405
0.000440 0.000372 0.000412
0.000445 0.000373 0.000419
0.000451 0.000374 0.000426
CELLS  127 381
2 0 1 
2 1 2 
2 2 3 
2 3 4 
2 4 5 
2 5 6 
2 6 7 
2 7 8 
2 8 9 
2 9 10 
2 10 11 
2 11 12 
2 12 13 
2 13 14 
2 14 15 
2 15 16 
2 16 17 
2 17 18 
2 18 19 
2 19 20 
2 20 21 
2 21 22 
2 22 23 
2 23 24 
2 24 25 
2 25 26 
2 26 27 
2 27 28 
2 28 29 
2 29 30 
2 30 31 
2 31 32 
2 32 33 
2 33 34 
2 34 35 
2 35 36 
2 36 37 
2 37 38 
2 38 39 
2 39 40 
2 40 41 
2 41 42 
2 42 43 
2 43 44 
2 44 45 
2 45 46 
2 46 47 
2 47 48 
2 48 49 
2 49 50 
2 50 51 
2 51 52 
2 52 53 
2 53 54 
2 54 55 
2 55 56 
2 56 57 
2 57 58 
2 58 59 
2 59 60 
2 60 61 
2 61 62 
2 62 63 
2 63 64 
2 64 65 
2 65 66 
2 66 67 
2 67 68 
2 68 69 
2 69 70 
2 70 71 
2 71 72 
2 72 73 
2 73 74 
2 74 75 
2 75 76 
2 76 77 
2 77 78 
2 78 79 
2 79 80 
2 80 81 
2 81 82 
2 82 83 
2 83 84 
2 84 85 
2 85 86 
2 86 87 
2 87 88 
2 88 89 
2 89 90 
2 90 91 
2 91 92 
2 92 93 
2 93 94 
2 94 95 
2 95 96 
2 96 97 
2 97 98 
2 98 99 
2 99 100 
2 100 101 
2 101 102 
2 102 103 
2 103 104 
2 104 105 
2 105 106 
2 106 107 
2 107 108 
2 108 109 
2 109 110 
2 110 111 
2 111 112 
2 112 113 
2 113 114 
2 114 115 
2 115 116 
2 116 117 
2 117 118 
2 118 119 
2 119 120 
2 120 121 
2 121 122 
2 122 123 
2 123 124 
2 124 125 
2 125 126 
2 126 127 
CELL_TYPES  127
3
3
3
3
3
3
3
3
3
3
3
3
3
3
3
3
3
3
3
3
3
3
3
3
3
3
3
3
3
3
3
3
3
3
3
3
3
3
3
3
3
3
3
3
3
3
3
3
3
3
3
3
3
3
3
3
3
3
3
3
3
3
3
3
3
3
3
3
3
3
3
3
3
3
3
3
3
3
3
3
3
3
3
3
3
3
3
3
3
3
3
3
3
3
3
3
3
3
3
3
3
3
3
3
3
3
3
3
3
3
3
3
3
3
3
3
3
3
3
3
3
3
3
3
3
3
3
POINT_DATA  128
VECTORS Position float
-0.000008 -0.000008 -0.000103
-0.000008 -0.000008 -0.000094
-0.000008 -0.000008 -0.000085
-0.000008 -0.000008 -0.000076
-0.000008 -0.000009 -0.000067
-0.000009 -0.000008 -0.000058
-0.000009 -0.000008 -0.000049
-0.000009 -0.000008 -0.000040
-0.000009 -0.000007 -0.000031
-0.000009 -0.000006 -0.000022
-0.000008 -0.000004 -0.000013
-0.000008 -0.000002 -0.000004
-0.000007 0.000000 0.000005
-0.000006 0.000003 0.000013
-0.000005 0.000007 0.000021
-0.000003 0.000011 0.000029
-0.000001 0.000015 0.000037
0.000001 0.000020 0.000044
0.000004 0.000026 0.000051
0.000007 0.000031 0.000057
0.000010 0.000038 0.000063
0.000014 0.000044 0.000068
0.000018 0.000051 0.000072
0.000022 0.000058 0.000076
0.000027 0.000065 0.000079
0.000032 0.000072 0.000081
0.000037 0.000079 0.000083
0.000043 0.000086 0.000084
0.000049 0.000093 0.000084
0.000055 0.000100 0.000084
0.000062 0.000106 0.000083
0.000068 0.000112 0.000082
0.000075 0.000118 0.000080
0.000082 0.000124 0.000078
0.000089 0.000129 0.000075
0.000096 0.000134 0.000073
0.000103 0.000138 0.000070
0.000110 0.000143 0.000067
0.000118 0.000147 0.000063
0.000125 0.000151 0.000060
0.000133 0.000154 0.000056
0.000140 0.000158 0.000053
0.000148 0.000161 0.000049
0.000156 0.000164 0.000045
0.000163 0.000167 0.000042
0.000171 0.000170 0.000038
0.000179 0.000173 0.000035
0.000187 0.000175 0.000031
0.000195 0.000177 0.000028
0.000203 0.000180 0.000024
0.000211 0.000182 0.000021
0.000220 0.000183 0.000018
0.000228 0.000185 0.000015
0.000236 0.000187 0.000012
0.000245 0.000188 0.000009
0.000253 0.000190 0.000006
0.000262 0.000191 0.000004
0.000271 0.000192 0.000001
0.000279 0.000193 -0.000001
0.000288 0.000194 -0.000003
0.000297 0.000195 -0.000004
0.000306 0.000195 -0.000006
0.000315 0.000196 -0.000007
0.000324 0.000197 -0.000008
0.000333 0.000198 -0.000008
0.000342 0.000199 -0.000008
0.000351 0.000200 -0.000008
0.000360 0.000201 -0.000007
0.000369 0.000202 -0.000005
0.000377 0.000203 -0.000003
0.000386 0.000205 -0.000001
0.000394 0.000206 0.000002
0.000402 0.000208 0.000006
0.000410 0.000210 0.000011
0.000417 0.000213 0.000016
0.000424 0.000215 0.000021
0.000430 0.000218 0.000027
0.000435 0.000220 0.000034
0.000440 0.000223 0.000041
0.000444 0.000226 0.000049
0.000448 0.000229 0.000056
0.000451 0.000232 0.000064
0.000453 0.000236 0.000072
0.000455 0.000239 0.000081
0.000456 0.000243 0.000089
0.000456 0.000246 0.000097
0.000456 0.000250 0.000106
0.000455 0.000253 0.000114
0.000454 0.000257 0.000122
0.000452 0.000261 0.000130
0.000450 0.000264 0.000138
0.000448 0.000268 0.000146
0.000445 0.000272 0.000154
0.000442 0.000276 0.000161
0.000438 0.000279 0.000169
0.000435 0.000283 0.000176
0.000431 0.000287 0.000184
0.000428 0.000291 0.000191
0.000424 0.000295 0.000198
0.000420 0.000299 0.000205
0.000417 0.000303 0.000213
0.000413 0.000307 0.000220
0.000410 0.000311 0.000228
0.000407 0.000315 0.000235
0.000404 0.000319 0.000243
0.000401 0.000322 0.000251
0.000399 0.000326 0.000258
0.000397 0.000330 0.000266
0.000396 0.000334 0.000275
0.000395 0.000337 0.000283
0.000394 0.000340 0.000291
0.000394 0.000344 0.000300
0.000394 0.000347 0.000308
0.000395 0.000349 0.000317
0.000397 0.000352 0.000325
0.000399 0.000355 0.000334
0.000401 0.000357 0.000342
0.000404 0.000359 0.000351
0.000407 0.000361 0.000359
0.000411 0.000363 0.000367
0.000415 0.000365 0.000375
0.000420 0.000366 0.000382
0.000424 0.000368 0.000390
0.000429 0.000369 0.000397
0.000435 0.000370 0.000405
0.000440 0.000372 0.000412
0.000445 0.000373 0.000419
0.000451 0.000374 0.000426
VECTORS Rotation float
-0.025460 -0.033722 0.028310
-0.025462 -0.031572 0.028066
-0.025466 -0.025063 0.027256
-0.025467 -0.014130 0.025669
-0.025446 0.001283 0.022975
-0.025354 0.021395 0.018724
-0.025093 0.046457 0.012384
-0.024492 0.076711 0.003378
-0.023307 0.111774 -0.008693
-0.021174 0.152109 -0.024504
-0.017641 0.197384 -0.044450
-0.012168 0.247163 -0.068886
-0.004074 0.301243 -0.098331
0.007444 0.359218 -0.133336
0.023155 0.419842 -0.174100
0.044147 0.482663 -0.221539
0.071499 0.546470 -0.276332
0.106475 0.610050 -0.339461
0.150465 0.672004 -0.412092
0.204775 0.730576 -0.495280
0.270963 0.784215 -0.590598
0.349391 0.830573 -0.698102
0.439722 0.867659 -0.817369
0.540114 0.893671 -0.946493
0.646423 0.907212 -1.081108
0.753541 0.907825 -1.216008
0.855532 0.896043 -1.344982
0.947553 0.873448 -1.462883
1.027300 0.842123 -1.567284
1.093884 0.804533 -1.657026
1.147915 0.763103 -1.732486
1.191115 0.719672 -1.795355
1.225084 0.675956 -1.847089
1.251588 0.632985 -1.889465
1.271716 0.592288 -1.923265
1.287056 0.553634 -1.950349
1.298321 0.518112 -1.971184
1.306536 0.485128 -1.987066
1.312256 0.455077 -1.998532
1.316063 0.427444 -2.006379
1.318344 0.402210 -2.011101
1.319418 0.379137 -2.013164
1.319525 0.357955 -2.012944
1.318838 0.338164 -2.010716
1.317488 0.319672 -2.006695
1.315552 0.302018 -2.000973
1.313108 0.285010 -1.993663
1.310213 0.268403 -1.984831
1.306910 0.251913 -1.974485
1.303268 0.235529 -1.962758
1.299338 0.219174 -1.949700
1.295172 0.202866 -1.935369
1.290815 0.186724 -1.919819
1.286301 0.170905 -1.903053
1.281651 0.155613 -1.885033
1.276875 0.141069 -1.865634
1.271972 0.127561 -1.844731
1.266932 0.115394 -1.822140
1.261731 0.104895 -1.797659
1.256333 0.096399 -1.771060
1.250679 0.090226 -1.742093
1.244685 0.086642 -1.710476
1.238246 0.085811 -1.675632
1.231217 0.087836 -1.637494
1.223437 0.092758 -1.595036
1.214712 0.100391 -1.548836
1.204817 0.110805 -1.497352
1.193512 0.123811 -1.440504
1.180596 0.138992 -1.379102
1.165844 0.156187 -1.312830
1.148940 0.175417 -1.240559
1.129934 0.195740 -1.164682
1.108584 0.217081 -1.084148
1.084919 0.238785 -0.999844
1.059102 0.260167 -0.912768
1.031679 0.280350 -0.825073
1.002567 0.299313 -0.735651
0.972466 0.316451 -0.646624
0.941864 0.331647 -0.558914
0.911204 0.344998 -0.473245
0.880846 0.356747 -0.390137
0.850706 0.367307 -0.308900
0.821617 0.376703 -0.231642
0.792989 0.385382 -0.156422
0.765179 0.393320 -0.084069
0.738559 0.400465 -0.015390
0.712560 0.406949 0.051241
0.687626 0.412614 0.114801
0.663947 0.417450 0.174947
0.641750 0.421510 0.231225
0.621296 0.424917 0.283084
0.602856 0.427851 0.329926
0.586921 0.430496 0.370631
0.573279 0.433125 0.405666
0.562504 0.435837 0.433726
0.554578 0.438771 0.454859
0.549719 0.441899 0.468628
0.547894 0.445169 0.475158
0.549166 0.448334 0.474441
0.553509 0.451166 0.466595
0.560799 0.453210 0.452082
0.570953 0.454076 0.431162
0.583748 0.453354 0.404410
0.599012 0.450677 0.372204
0.616531 0.445737 0.334966
0.635859 0.438408 0.293641
0.656702 0.428651 0.248762
0.678765 0.416547 0.200825
0.701784 0.402272 0.150223
0.725530 0.386053 0.097204
0.749676 0.368274 0.042299
0.774045 0.349185 -0.014491
0.798258 0.329275 -0.072473
0.822045 0.308902 -0.131322
0.845104 0.288432 -0.190567
0.867095 0.268291 -0.249413
0.887727 0.248834 -0.307087
0.906735 0.230407 -0.362631
0.923922 0.213279 -0.415110
0.939156 0.197657 -0.463617
0.952367 0.183711 -0.507253
0.963561 0.171498 -0.545467
0.972781 0.161104 -0.577708
0.980120 0.152519 -0.603889
0.985675 0.145801 -0.623907
0.989554 0.140948 -0.638012
0.991841 0.138030 -0.646314
0.992596 0.137051 -0.649066
VECTORS ControlForce float
0.000000 0.000000 0.000000
0.000137 -0.000014 0.000216
0.000259 -0.000036 0.000405
0.000355 -0.000071 0.000558
0.000416 -0.000123 0.000674
0.000431 -0.000193 0.000765
0.000395 -0.000282 0.000847
0.000310 -0.000388 0.000926
0.000183 -0.000505 0.000992
0.000033 -0.000622 0.001039
-0.000119 -0.000721 0.001052
-0.000249 -0.000789 0.001030
-0.000345 -0.000824 0.000992
-0.000403 -0.000837 0.000950
-0.000426 -0.000830 0.000892
-0.000416 -0.000813 0.000819
-0.000383 -0.000799 0.000740
-0.000324 -0.000781 0.000650
-0.000247 -0.000759 0.000556
-0.000167 -0.000735 0.000471
-0.000103 -0.000702 0.000401
-0.000074 -0.000658 0.000346
-0.000092 -0.000595 0.000304
-0.000150 -0.000496 0.000268
-0.000241 -0.000363 0.000240
-0.000359 -0.000223 0.000218
-0.000478 -0.000078 0.000195
-0.000575 0.000061 0.000163
-0.000624 0.000185 0.000124
-0.000629 0.000258 0.000077
-0.000581 0.000285 0.000027
-0.000472 0.000295 -0.000015
-0.000330 0.000280 -0.000039
-0.000177 0.000255 -0.000047
-0.000023 0.000250 -0.000042
0.000112 0.000266 -0.000022
0.000207 0.000275 -0.000003
0.000265 0.000278 0.000021
0.000294 0.000268 0.000043
0.000307 0.000245 0.000068
0.000313 0.000209 0.000089
0.000316 0.000156 0.000100
0.000316 0.000095 0.000106
0.000306 0.000028 0.000111
0.000291 -0.000010 0.000119
0.000262 -0.000020 0.000129
0.000211 -0.000021 0.000133
0.000149 0.000001 0.000135
0.000086 0.000041 0.000138
0.000018 0.000064 0.000134
-0.000052 0.000060 0.000121
-0.000114 0.000040 0.000106
-0.000164 0.000019 0.000092
-0.000214 -0.000024 0.000074
-0.000263 -0.000069 0.000056
-0.000307 -0.000092 0.000042
-0.000343 -0.000098 0.000030
-0.000369 -0.000108 0.000016
-0.000375 -0.000133 0.000003
-0.000362 -0.000195 -0.000010
-0.000325 -0.000268 -0.000017
-0.000275 -0.000351 -0.000016
-0.000220 -0.000415 -0.000006
-0.000169 -0.000439 0.000010
-0.000125 -0.000407 0.000029
-0.000100 -0.000347 0.000041
-0.000083 -0.000259 0.000060
-0.000048 -0.000121 0.000078
0.000011 0.000030 0.000071
0.000085 0.000141 0.000047
0.000183 0.000235 0.000016
0.000294 0.000313 -0.000031
0.000393 0.000357 -0.000079
0.000457 0.000370 -0.000119
0.000477 0.000381 -0.000163
0.000432 0.000379 -0.000210
0.000324 0.000359 -0.000239
0.000183 0.000333 -0.000257
0.000040 0.000277 -0.000262
-0.000073 0.000184 -0.000253
-0.000139 0.000064 -0.000223
-0.000151 -0.000065 -0.000167
-0.000114 -0.000164 -0.000110
-0.000040 -0.000223 -0.000038
0.000060 -0.000227 0.000029
0.000170 -0.000183 0.000079
0.000264 -0.000095 0.000111
0.000338 0.000013 0.000130
0.000400 0.000109 0.000149
0.000434 0.000183 0.000152
0.000443 0.000221 0.000145
0.000434 0.000216 0.000138
0.000391 0.000173 0.000120
0.000323 0.000099 0.000116
0.000246 0.000003 0.000123
0.000155 -0.000100 0.000129
0.000074 -0.000202 0.000139
0.000018 -0.000292 0.000161
-0.000029 -0.000360 0.000186
-0.000085 -0.000399 0.000209
-0.000139 -0.000408 0.000221
-0.000191 -0.000381 0.000216
-0.000232 -0.000319 0.000201
-0.000261 -0.000225 0.000189
-0.000281 -0.000107 0.000182
-0.000274 0.000016 0.000190
-0.000247 0.000130 0.000203
-0.000214 0.000222 0.000218
-0.000187 0.000278 0.000235
-0.000178 0.000291 0.000254
-0.000194 0.000258 0.000271
-0.000238 0.000185 0.000280
-0.000295 0.000074 0.000284
-0.000353 -0.000063 0.000282
-0.000398 -0.000215 0.000276
-0.000421 -0.000365 0.000266
-0.000412 -0.000486 0.000245
-0.000363 -0.000559 0.000218
-0.000279 -0.000570 0.000194
-0.000170 -0.000512 0.000175
-0.000050 -0.000383 0.000157
0.000061 -0.000213 0.000145
0.000149 -0.000032 0.000133
0.000203 0.000127 0.000112
0.000209 0.000219 0.000088
0.000170 0.000225 0.000059
0.000095 0.000141 0.000028
0.000000 0.000000 -0.000000
VECTORS ControlTorque float
0.000002 -0.000000 0.000000
0.000002 -0.000000 0.000000
0.000002 -0.000000 0.000000
0.000002 -0.000000 0.000000
0.000002 -0.000001 0.000000
0.000002 -0.000001 0.000000
0.000002 -0.000001 0.000000
0.000002 -0.000001 0.000000
0.000002 -0.000002 0.000000
0.000002 -0.000002 0.000000
0.000002 -0.000002 0.000000
0.000002 -0.000002 0.000000
0.000002 -0.000002 0.000000
0.000001 -0.000001 0.000000
0.000002 -0.000002 0.000000
0.000001 -0.000001 0.000000
0.000001 -0.000001 0.000001
0.000001 -0.000001 0.000001
-0.000000 -0.000001 0.000001
0.000000 -0.000001 0.000001
-0.000001 -0.000000 0.000001
-0.000001 -0.000000 0.000001
-0.000001 -0.000000 0.000001
-0.000001 0.000000 0.000001
-0.000001 0.000000 0.000001
-0.000001 0.000001 0.000001
-0.000002 0.000001 0.000001
-0.000001 0.000001 0.000001
-0.000001 0.000001 0.000001
-0.000002 0.000002 0.000000
-0.000001 0.000001 0.000000
-0.000002 0.000002 -0.000000
-0.000001 0.000001 -0.000000
-0.000002 0.000002 -0.000001
-0.000001 0.000001 -0.000000
-0.000002 0.000002 -0.000002
-0.000001 0.000001 -0.000000
-0.000001 0.000001 -0.000001
-0.000001 0.000001 -0.000000
-0.000001 0.000001 -0.000001
-0.000001 0.000001 -0.000001
-0.000001 0.000001 -0.000001
-0.000000 0.000001 -0.000000
-0.000001 0.000001 -0.000001
-0.000000 0.000001 -0.000000
-0.000000 0.000001 -0.000000
-0.000000 0.000001 -0.000000
-0.000000 0.000001 0.000000
-0.000000 0.000001 -0.000000
-0.000000 0.000001 0.000000
-0.000000 0.000001 0.000000
-0.000000 0.000001 -0.000000
-0.000000 0.000001 -0.000000
-0.000000 0.000001 -0.000000
-0.000000 0.000001 -0.000000
-0.000000 0.000001 -0.000000
-0.000000 0.000001 -0.000001
-0.000000 0.000001 -0.000001
-0.000000 0.000001 -0.000001
-0.000000 0.000001 -0.000001
-0.000000 0.000001 -0.000001
-0.000000 0.000002 -0.000001
-0.000000 0.000001 -0.000001
-0.000000 0.000002 -0.000001
-0.000000 0.000001 -0.000001
-0.000000 0.000003 -0.000001
-0.000000 0.000002 -0.000001
-0.000000 0.000001 -0.000001
-0.000000 0.000001 -0.000001
-0.000000 0.000004 -0.000002
0.000000 -0.000000 -0.000000
0.000000 0.000003 -0.000001
0.000000 0.000001 -0.000001
0.000000 0.000001 -0.000001
0.000000 -0.000002 0.000000
0.000000 0.000002 -0.000001
0.000000 -0.000001 0.000000
0.000000 -0.000001 0.000000
0.000000 -0.000001 0.000000
0.000001 -0.000002 0.000001
0.000001 0.000000 -0.000000
0.000001 -0.000003 0.000001
0.000001 0.000000 -0.000000
0.000001 -0.000001 0.000001
0.000000 -0.000002 0.000001
0.000001 0.000000 0.000000
0.000000 -0.000002 0.000001
0.000000 -0.000001 0.000001
0.000000 -0.000001 0.000001
-0.000000 -0.000002 0.000001
-0.000000 -0.000002 0.000001
-0.000000 -0.000003 0.000001
0.000000 -0.000001 0.000001
-0.000000 -0.000003 0.000001
-0.000000 -0.000002 0.000001
-0.000000 -0.000003 0.000001
-0.000000 -0.000002 0.000001
-0.000001 -0.000002 0.000001
-0.000001 -0.000002 0.000001
-0.000001 -0.000002 0.000001
-0.000001 -0.000002 0.000001
-0.000001 -0.000002 0.000001
-0.000001 -0.000002 0.000001
-0.000001 -0.000002 0.000001
-0.000001 -0.000001 0.000000
-0.000001 -0.000001 0.000000
-0.000001 -0.000001 0.000000
-0.000001 -0.000001 0.000000
-0.000001 -0.000001 0.000001
-0.000000 -0.000001 0.000000
-0.000000 -0.000001 0.000001
0.000000 -0.000001 0.000000
0.000000 -0.000001 0.000000
0.000000 -0.000001 0.000000
0.000001 -0.000000 -0.000000
0.000001 0.000000 -0.000000
0.000001 0.000001 -0.000000
0.000001 0.000001 -0.000001
0.000001 0.000001 -0.000001
0.000001 0.000002 -0.000001
0.000001 0.000002 -0.000001
0.000000 0.000002 -0.000001
0.000000 0.000002 -0.000001
0.000000 0.000003 -0.000001
0.000000 0.000002 -0.000001
0.000000 0.000002 -0.000001
0.000000 0.000002 -0.000001
0.000000 0.000002 -0.000001
VECTORS Curvature float
-134.761225 18.037526 -0.417237
-438.731758 62.646385 -1.356383
-974.154774 154.008644 -2.869565
-1445.004375 265.965536 -4.005194
-1941.750236 423.020633 -4.963660
-2463.572293 634.199400 -5.651972
-3049.937351 919.148414 -6.269514
-3579.711742 1239.631258 -6.560598
-4112.814191 1612.758250 -7.524027
-4707.107207 2052.031322 -8.751610
-5206.982451 2487.660799 -10.880135
-5684.552520 2936.684162 -14.402413
-6203.363180 3429.176980 -19.610388
-6597.724910 3865.716133 -25.162561
-6920.080005 4273.312532 -33.450249
-7235.262631 4684.484981 -41.665206
-7430.321132 5032.538244 -50.807446
-7575.329553 5364.524052 -59.926620
-7602.139328 5635.183957 -67.690686
-7590.562611 5916.140006 -75.349615
-7492.997293 6168.501738 -79.195682
-7241.197366 6347.299042 -81.973914
-6962.695717 6554.074052 -82.517852
-6597.668306 6726.360209 -81.525505
-6176.322719 6884.569246 -80.798042
-5726.275246 7028.803290 -80.584655
-5193.403908 7063.639885 -81.794605
-4656.199259 7055.152686 -83.015156
-4133.948214 6995.415313 -84.440327
-3585.532659 6789.319954 -85.363482
-3078.753212 6542.368880 -84.848746
-2608.631186 6231.696230 -84.342979
-2181.552509 5916.377892 -82.233220
-1752.371028 5448.799224 -80.874067
-1359.286739 5013.936913 -76.712976
-1005.878384 4569.213724 -73.718427
-663.644775 4098.583732 -68.165519
-373.899216 3711.723097 -62.653423
-102.746622 3308.975182 -55.361817
130.480838 2992.158030 -47.191723
338.580748 2663.208828 -37.634514
517.064614 2373.340055 -26.819621
688.076747 2153.814898 -14.826207
844.044725 1963.585197 -1.608024
993.928430 1795.919353 12.636576
1151.805399 1679.482559 28.029419
1296.325250 1568.260031 44.428742
1458.069534 1500.178121 61.734700
1616.311467 1445.196120 79.991798
1759.018123 1388.370350 98.908130
1906.589751 1342.588449 118.469681
2044.526518 1287.114485 138.492408
2174.010841 1215.246282 158.839014
2297.988829 1121.540749 179.466017
2425.657139 1002.403561 200.320225
2557.595763 850.806817 221.534931
2691.749650 660.147353 243.224709
2835.936657 428.772533 265.663239
2988.206658 153.407050 289.108945
3154.591612 -168.212763 313.801002
3316.839646 -528.040117 339.945998
3545.639025 -939.516463 367.411534
3755.041377 -1362.770186 396.139329
4062.485470 -1846.228915 425.491476
4334.509349 -2304.986760 454.581471
4628.793293 -2776.794092 482.920978
5139.060312 -3370.621173 508.591240
5480.186871 -3859.635914 529.623092
5698.939453 -4253.585099 545.258274
6177.406530 -4850.404340 555.097496
6472.917034 -5309.975756 553.532425
6629.292789 -5660.595216 545.549904
6929.062214 -6127.514916 525.878941
7096.402479 -6476.972360 497.748589
6996.916127 -6564.005046 459.520350
6937.664492 -6668.908507 417.751031
6929.362762 -6813.485572 368.612189
6667.085960 -6706.674232 318.895195
6403.800902 -6606.361683 268.472626
6044.880756 -6423.351536 219.221221
5809.430558 -6396.362666 173.349679
5418.267658 -6213.907192 129.169599
5016.473681 -6018.466746 90.484371
4791.540299 -6023.077597 54.103213
4347.111551 -5721.957450 21.681833
4047.476601 -5560.467677 -6.730997
3833.528992 -5472.190757 -32.503450
3526.610729 -5209.338896 -54.295082
3244.494245 -4944.731941 -72.792827
2938.208391 -4618.485983 -87.771926
2627.030216 -4271.567075 -99.227902
2233.166685 -3779.083594 -107.379334
1864.893824 -3326.650122 -112.209339
1483.658527 -2841.952676 -114.481631
1047.907869 -2247.330739 -114.266440
636.168829 -1664.626167 -112.500478
221.735666 -1043.711896 -109.736846
-153.340695 -435.963823 -106.840624
-515.160269 195.013573 -104.649255
-827.794877 808.623166 -104.036466
-1079.478662 1406.039642 -106.095437
-1292.129978 1985.219919 -111.996505
-1454.889095 2531.877607 -123.067294
-1609.672431 3099.956834 -140.446528
-1723.814435 3608.054385 -165.401265
-1803.383914 4034.813545 -198.482953
-1890.217030 4434.726639 -239.932796
-1985.259677 4784.642059 -288.990616
-2112.731100 5119.286105 -343.825167
-2253.889097 5378.755266 -402.475244
-2429.293109 5608.643223 -460.987436
-2626.712367 5785.027727 -517.077613
-2814.075754 5853.030082 -566.335805
-3018.237524 5893.657985 -606.326394
-3194.369440 5841.906359 -634.595297
-3323.557714 5696.058621 -649.299178
-3391.008710 5463.842539 -649.938822
-3373.828792 5137.329385 -636.415140
-3273.118561 4742.461910 -609.534206
-3071.812804 4270.680522 -570.530682
-2791.955739 3759.375754 -520.790595
-2440.232882 3214.487704 -462.067631
-2042.844057 2658.636256 -395.780704
-1623.378765 2106.145118 -323.658267
-1196.777316 1558.352515 -246.242887
-793.816416 1041.133139 -167.994009
-354.992599 468.464385 -77.280425
-112.557644 149.323678 -24.046972
VECTORS LocalRotation float
0.178775 -0.615983 -0.029066
0.176172 -0.615617 -0.029074
0.169801 -0.614640 -0.029093
0.158893 -0.612746 -0.029124
0.143529 -0.609621 -0.029165
0.123517 -0.604818 -0.029213
0.098542 -0.597782 -0.029267
0.068692 -0.588062 -0.029325
0.033743 -0.575103 -0.029389
-0.006134 -0.558533 -0.029462
-0.050970 -0.538003 -0.029551
-0.100396 -0.513387 -0.029666
-0.154281 -0.484532 -0.029820
-0.212059 -0.451606 -0.030022
-0.273366 -0.414694 -0.030288
-0.337417 -0.374161 -0.030628
-0.403805 -0.330174 -0.031046
-0.471749 -0.283097 -0.031548
-0.540460 -0.233300 -0.032126
-0.609360 -0.180913 -0.032774
-0.677518 -0.126307 -0.033473
-0.744242 -0.069629 -0.034203
-0.808634 -0.011141 -0.034948
-0.870040 0.048996 -0.035691
-0.927926 0.110676 -0.036427
-0.981733 0.173572 -0.037156
-1.031080 0.237257 -0.037890
-1.075694 0.301209 -0.038637
-1.115453 0.364762 -0.039394
-1.150403 0.427171 -0.040163
-1.180672 0.487724 -0.040936
-1.206458 0.545640 -0.041703
-1.228168 0.600697 -0.042458
-1.245895 0.651910 -0.043193
-1.260046 0.699494 -0.043910
-1.270694 0.742636 -0.044587
-1.278291 0.782079 -0.045232
-1.282975 0.817336 -0.045823
-1.285139 0.849219 -0.046359
-1.285014 0.877670 -0.046822
-1.282893 0.903241 -0.047206
-1.279016 0.926061 -0.047498
-1.273540 0.946633 -0.047687
-1.266624 0.965220 -0.047761
-1.258289 0.982268 -0.047711
-1.248595 0.997969 -0.047527
-1.237514 1.012670 -0.047199
-1.225019 1.026589 -0.046718
-1.211124 1.039902 -0.046077
-1.195828 1.052742 -0.045266
-1.179217 1.065118 -0.044281
-1.161330 1.077023 -0.043118
-1.142233 1.088350 -0.041772
-1.121988 1.098929 -0.040241
-1.100596 1.108548 -0.038521
-1.078044 1.116935 -0.036611
-1.054278 1.123776 -0.034507
-1.029246 1.128707 -0.032203
-1.002872 1.131343 -0.029691
-0.975060 1.131276 -0.026961
-0.945752 1.128123 -0.024000
-0.914625 1.121466 -0.020792
-0.881658 1.111070 -0.017344
-0.846149 1.096494 -0.013612
-0.808347 1.077806 -0.009650
-0.767400 1.054591 -0.005367
-0.723253 1.026807 -0.000886
-0.675541 0.994322 0.003779
-0.624769 0.957474 0.008661
-0.570575 0.915930 0.013682
-0.513687 0.870240 0.018667
-0.453952 0.820223 0.023678
-0.392575 0.766860 0.028528
-0.329344 0.710036 0.033143
-0.265913 0.651341 0.037452
-0.202409 0.591034 0.041450
-0.139908 0.530267 0.044994
-0.078499 0.469202 0.048099
-0.019321 0.408928 0.050758
0.037160 0.349811 0.052971
0.091040 0.291543 0.054755
0.141534 0.234832 0.056116
0.189115 0.179054 0.057117
0.233346 0.124749 0.057770
0.274590 0.071742 0.058112
0.312959 0.020174 0.058180
0.348563 -0.029667 0.058003
0.381834 -0.077952 0.057610
0.412459 -0.123878 0.057035
0.440424 -0.167135 0.056309
0.465588 -0.207331 0.055464
0.487542 -0.243697 0.054530
0.506247 -0.276130 0.053528
0.521302 -0.303864 0.052509
0.532781 -0.326942 0.051472
0.540384 -0.344601 0.050448
0.544285 -0.356918 0.049437
0.544595 -0.363612 0.048458
0.541548 -0.364710 0.047494
0.535529 -0.360212 0.046558
0.526892 -0.350184 0.045607
0.516151 -0.334824 0.044619
0.503653 -0.314273 0.043550
0.489740 -0.288704 0.042353
0.474706 -0.258452 0.040974
0.458757 -0.223893 0.039329
0.442033 -0.185543 0.037343
0.424467 -0.143757 0.034946
0.405891 -0.098861 0.032077
0.386135 -0.051365 0.028701
0.364900 -0.001545 0.024786
0.342052 0.049942 0.020366
0.317403 0.102668 0.015458
0.290970 0.155906 0.010143
0.262848 0.209029 0.004526
0.233332 0.261277 -0.001288
0.202939 0.311791 -0.007169
0.172310 0.359789 -0.012993
0.142215 0.404522 -0.018635
0.113500 0.445313 -0.023975
0.086932 0.481696 -0.028920
0.063254 0.513255 -0.033368
0.042933 0.539878 -0.037256
0.026348 0.561431 -0.040511
0.013568 0.578039 -0.043093
0.004575 0.589782 -0.044965
-0.000638 0.596633 -0.046078
-0.002751 0.599424 -0.046536
VECTORS q1 float
0.999251 0.025443 0.029155
0.999260 0.025446 0.028856
0.999287 0.025455 0.027882
0.999337 0.025462 0.026017
0.999413 0.025444 0.022933
0.999514 0.025346 0.018174
0.999623 0.025063 0.011214
0.999701 0.024417 0.001501
0.999668 0.023159 -0.011290
0.999397 0.020928 -0.027703
0.998703 0.017298 -0.047884
0.997350 0.011798 -0.071796
0.995042 0.003891 -0.099375
0.991444 -0.006969 -0.130344
0.986254 -0.021142 -0.163880
0.979111 -0.039091 -0.199534
0.969733 -0.061034 -0.236416
0.957868 -0.087104 -0.273683
0.943309 -0.117307 -0.310494
0.925945 -0.151451 -0.345960
0.905570 -0.189488 -0.379522
0.882235 -0.230883 -0.410310
0.855895 -0.275256 -0.437810
0.826507 -0.322196 -0.461602
0.794203 -0.371005 -0.481245
0.759040 -0.421114 -0.496509
0.721359 -0.471602 -0.507181
0.681672 -0.521449 -0.513239
0.640368 -0.569931 -0.514885
0.598198 -0.616071 -0.512460
0.555995 -0.659033 -0.506503
0.514296 -0.698465 -0.497641
0.473863 -0.733953 -0.486587
0.435074 -0.765536 -0.473989
0.398967 -0.792835 -0.460693
0.365112 -0.816607 -0.447041
0.334352 -0.836705 -0.433743
0.306079 -0.853907 -0.420903
0.280586 -0.868374 -0.408899
0.257386 -0.880662 -0.397727
0.236433 -0.891030 -0.387511
0.217498 -0.899787 -0.378257
0.200336 -0.907203 -0.369930
0.184521 -0.913580 -0.362387
0.169966 -0.919044 -0.355627
0.156296 -0.923806 -0.349505
0.143352 -0.927973 -0.343972
0.130936 -0.931644 -0.338961
0.118827 -0.934913 -0.334390
0.107007 -0.937800 -0.330273
0.095421 -0.940334 -0.326598
0.084097 -0.942523 -0.323387
0.073153 -0.944355 -0.320690
0.062761 -0.945820 -0.318568
0.053146 -0.946906 -0.317087
0.044580 -0.947607 -0.316311
0.037404 -0.947918 -0.316309
0.031996 -0.947841 -0.317132
0.028772 -0.947382 -0.318808
0.028172 -0.946547 -0.321332
0.030635 -0.945338 -0.324651
0.036572 -0.943742 -0.328654
0.046404 -0.941735 -0.333140
0.060330 -0.939260 -0.337863
0.078817 -0.936233 -0.342427
0.101567 -0.932550 -0.346460
0.129236 -0.928047 -0.349322
0.161700 -0.922552 -0.350358
0.198254 -0.915914 -0.348994
0.238749 -0.907933 -0.344465
0.283389 -0.898330 -0.335700
0.330161 -0.887114 -0.322525
0.378945 -0.874061 -0.304003
0.428349 -0.859175 -0.279884
0.476914 -0.842573 -0.250247
0.522756 -0.824659 -0.216019
0.565754 -0.805381 -0.176872
0.604475 -0.785249 -0.134139
0.638382 -0.764590 -0.088712
0.667254 -0.743678 -0.041415
0.691109 -0.722716 0.007041
0.710309 -0.701603 0.056696
0.724687 -0.680904 0.105818
0.734874 -0.660199 0.155234
0.741003 -0.639775 0.203967
0.743391 -0.619958 0.251043
0.742444 -0.600381 0.297186
0.738513 -0.581437 0.341363
0.732059 -0.563312 0.383105
0.723605 -0.546204 0.421968
0.713735 -0.530326 0.457533
0.703076 -0.515888 0.489431
0.692402 -0.503270 0.517009
0.682106 -0.492304 0.540710
0.672976 -0.483451 0.559802
0.665402 -0.476704 0.574450
0.659830 -0.472262 0.584460
0.656446 -0.470124 0.589968
0.655385 -0.470389 0.590935
0.656645 -0.473076 0.587381
0.660027 -0.478170 0.579412
0.665313 -0.485670 0.566995
0.672111 -0.495479 0.550243
0.680029 -0.507530 0.529125
0.688596 -0.521714 0.503637
0.697157 -0.537706 0.474178
0.705155 -0.555273 0.440939
0.712033 -0.574147 0.404183
0.717264 -0.594047 0.364198
0.720368 -0.614698 0.321272
0.720882 -0.635714 0.276039
0.718479 -0.656848 0.228774
0.712891 -0.677668 0.180423
0.704025 -0.697867 0.131646
0.691943 -0.717140 0.083221
0.676912 -0.735176 0.036147
0.659391 -0.751750 -0.008710
0.640035 -0.766685 -0.050483
0.619626 -0.779891 -0.088503
0.599012 -0.791346 -0.122295
0.579060 -0.801079 -0.151530
0.560509 -0.809181 -0.176225
0.544034 -0.815753 -0.196403
0.530077 -0.820923 -0.212379
0.519005 -0.824800 -0.224362
0.510982 -0.827493 -0.232706
0.506155 -0.829074 -0.237578
0.504539 -0.829595 -0.239191
VECTORS q2 float
-0.026402 0.999108 0.032970
-0.026335 0.999178 0.030830
-0.026136 0.999362 0.024349
-0.025819 0.999576 0.013466
-0.025407 0.999675 -0.001866
-0.024947 0.999450 -0.021858
-0.024514 0.998607 -0.046733
-0.024230 0.996760 -0.076695
-0.024273 0.993490 -0.111304
-0.024878 0.988232 -0.150925
-0.026336 0.980430 -0.195096
-0.028978 0.969539 -0.243219
-0.033183 0.954961 -0.294872
-0.039355 0.936146 -0.349402
-0.047786 0.912909 -0.405357
-0.058833 0.884899 -0.462053
-0.072692 0.852181 -0.518173
-0.089477 0.814978 -0.572542
-0.109183 0.773734 -0.624031
-0.131614 0.729229 -0.671493
-0.156622 0.682112 -0.714278
-0.183649 0.633703 -0.751461
-0.212202 0.585102 -0.782704
-0.241761 0.537365 -0.807955
-0.271636 0.491674 -0.827327
-0.301295 0.448838 -0.841288
-0.330075 0.409692 -0.850414
-0.357356 0.374826 -0.855454
-0.382802 0.344347 -0.857256
-0.406024 0.318319 -0.856632
-0.426753 0.296586 -0.854353
-0.444977 0.278718 -0.851065
-0.460620 0.264353 -0.847317
-0.473768 0.253018 -0.843520
-0.484266 0.244454 -0.840077
-0.492407 0.238130 -0.837156
-0.498132 0.233796 -0.834987
-0.501714 0.231058 -0.833604
-0.503276 0.229650 -0.833051
-0.503030 0.229316 -0.833292
-0.501156 0.229846 -0.834274
-0.497827 0.231075 -0.835926
-0.493179 0.232876 -0.838178
-0.487253 0.235182 -0.840996
-0.480142 0.237912 -0.844311
-0.471778 0.241054 -0.848126
-0.462169 0.244565 -0.852402
-0.451277 0.248419 -0.857110
-0.439005 0.252602 -0.862246
-0.425422 0.257050 -0.867722
-0.410521 0.261722 -0.873484
-0.394320 0.266567 -0.879462
-0.376869 0.271534 -0.885572
-0.358191 0.276584 -0.891740
-0.338287 0.281688 -0.897894
-0.317099 0.286830 -0.903978
-0.294588 0.292005 -0.909918
-0.270680 0.297220 -0.915638
-0.245296 0.302496 -0.921046
-0.218349 0.307870 -0.926035
-0.189739 0.313398 -0.930474
-0.159340 0.319160 -0.934210
-0.126736 0.325254 -0.937095
-0.091997 0.331807 -0.938851
-0.054311 0.338953 -0.939234
-0.014348 0.346852 -0.937810
0.029053 0.355669 -0.934160
0.075676 0.365577 -0.927700
0.124468 0.376705 -0.917933
0.175225 0.389179 -0.904343
0.228243 0.403171 -0.886204
0.281027 0.418571 -0.863610
0.333699 0.435464 -0.836072
0.384953 0.453734 -0.803702
0.433568 0.473177 -0.766891
0.477918 0.493336 -0.726784
0.518404 0.514214 -0.683258
0.553862 0.535295 -0.637728
0.584034 0.556225 -0.591201
0.608933 0.576687 -0.544641
0.628784 0.596424 -0.498909
0.644172 0.615466 -0.454142
0.655176 0.633286 -0.411940
0.662662 0.650251 -0.371554
0.667008 0.666185 -0.333615
0.668707 0.680935 -0.298595
0.668255 0.694894 -0.265627
0.666023 0.707902 -0.235134
0.662400 0.719935 -0.207172
0.657775 0.730936 -0.181837
0.652551 0.740816 -0.159277
0.647143 0.749469 -0.139649
0.642056 0.756678 -0.123300
0.637519 0.762549 -0.109948
0.634008 0.766843 -0.099930
0.631712 0.769594 -0.093086
0.630821 0.770765 -0.089368
0.631347 0.770427 -0.088562
0.633230 0.768663 -0.090431
0.636337 0.765565 -0.094789
0.640407 0.761340 -0.101199
0.645214 0.756126 -0.109421
0.650494 0.750114 -0.119109
0.656047 0.743430 -0.130059
0.661705 0.736171 -0.142120
0.667303 0.728473 -0.155028
0.672764 0.720355 -0.168752
0.678035 0.711793 -0.183356
0.683057 0.702729 -0.199009
0.687740 0.693086 -0.215977
0.691934 0.682835 -0.234442
0.695415 0.671935 -0.254758
0.697920 0.660459 -0.276952
0.699133 0.648504 -0.301089
0.698742 0.636238 -0.327049
0.696523 0.623896 -0.354414
0.692366 0.611736 -0.382633
0.686353 0.600033 -0.410950
0.678754 0.589039 -0.438550
0.670016 0.578972 -0.464618
0.660745 0.570001 -0.488381
0.651535 0.562229 -0.509314
0.643016 0.555713 -0.526986
0.635618 0.550458 -0.541281
0.629711 0.546440 -0.552148
0.625427 0.543618 -0.559751
0.622874 0.541945 -0.564202
0.622020 0.541393 -0.565672
VECTORS q3 float
-0.028290 -0.033716 0.999031
-0.028048 -0.031567 0.999108
-0.027244 -0.025061 0.999315
-0.025663 -0.014129 0.999571
-0.022973 0.001283 0.999735
-0.018718 0.021394 0.999596
-0.012370 0.046440 0.998844
-0.003368 0.076636 0.997053
0.008639 0.111542 0.993722
0.024219 0.151523 0.988157
0.043573 0.196104 0.979614
0.066739 0.244654 0.967311
0.093751 0.296707 0.950355
0.124456 0.351542 0.927863
0.158178 0.407616 0.899349
0.194629 0.464140 0.864114
0.233095 0.519675 0.821952
0.272916 0.572908 0.772847
0.313443 0.622555 0.717063
0.353983 0.667299 0.655293
0.394223 0.706270 0.588023
0.433514 0.738318 0.516674
0.471607 0.762817 0.442376
0.508368 0.779377 0.366241
0.543559 0.787789 0.289710
0.577131 0.788167 0.213806
0.608845 0.780861 0.139871
0.638451 0.766548 0.069166
0.665876 0.746059 0.002339
0.690871 0.720507 -0.059721
0.713268 0.691168 -0.116344
0.733141 0.659138 -0.167458
0.750522 0.625644 -0.212806
0.765673 0.591554 -0.252605
0.778661 0.558260 -0.286414
0.790081 0.525782 -0.315159
0.800046 0.495241 -0.338619
0.809072 0.466322 -0.357695
0.817303 0.439531 -0.372595
0.825054 0.414546 -0.383977
0.832431 0.391453 -0.392202
0.839561 0.370119 -0.397680
0.846546 0.350359 -0.400760
0.853544 0.331756 -0.401748
0.860567 0.314255 -0.400835
0.867754 0.297448 -0.398156
0.875129 0.281167 -0.393821
0.882726 0.265191 -0.387902
0.890593 0.249257 -0.380415
0.898646 0.233358 -0.371455
0.906845 0.217424 -0.361053
0.915117 0.201478 -0.349238
0.923373 0.185641 -0.336035
0.931537 0.170074 -0.321425
0.939541 0.154986 -0.305356
0.947344 0.140601 -0.287698
0.954892 0.127216 -0.268323
0.962137 0.115138 -0.247052
0.969021 0.104703 -0.223685
0.975464 0.096250 -0.198004
0.981356 0.090104 -0.169767
0.986546 0.086533 -0.138703
0.990850 0.085706 -0.104259
0.993930 0.087723 -0.066391
0.995409 0.092625 -0.024133
0.994725 0.100222 0.021848
0.991188 0.110579 0.072928
0.983934 0.123495 0.128929
0.972216 0.138545 0.188685
0.955141 0.155552 0.252009
0.931448 0.174519 0.319292
0.901120 0.194492 0.387499
0.863160 0.215380 0.456690
0.817513 0.236523 0.525099
0.764573 0.257242 0.590977
0.705918 0.276692 0.652013
0.641233 0.294864 0.708431
0.572579 0.311196 0.758492
0.501370 0.325601 0.801631
0.428920 0.338195 0.837646
0.356370 0.349228 0.866626
0.283733 0.359103 0.889124
0.213479 0.367857 0.905046
0.144358 0.375913 0.915341
0.077559 0.383257 0.920379
0.014172 0.389847 0.920771
-0.047036 0.395809 0.917127
-0.104936 0.401006 0.910046
-0.159109 0.405431 0.900172
-0.209112 0.409139 0.888188
-0.254479 0.412245 0.874811
-0.294770 0.414916 0.860787
-0.329156 0.417322 0.847053
-0.358190 0.419709 0.833993
-0.380968 0.422169 0.822579
-0.397719 0.424827 0.813229
-0.408276 0.427657 0.806486
-0.412892 0.430611 0.802555
-0.411692 0.433465 0.801635
-0.404836 0.436015 0.803740
-0.392739 0.437853 0.808728
-0.375577 0.438632 0.816421
-0.353729 0.437984 0.826466
-0.327358 0.435575 0.838517
-0.296617 0.431123 0.852145
-0.262067 0.424499 0.866673
-0.223929 0.415644 0.881530
-0.182421 0.404605 0.896112
-0.137712 0.391510 0.909811
-0.089909 0.376535 0.922029
-0.039451 0.360005 0.932116
0.013616 0.342132 0.939553
0.068519 0.323357 0.943793
0.124747 0.304012 0.944465
0.181591 0.284449 0.941336
0.238005 0.265084 0.934390
0.292973 0.246274 0.923859
0.345361 0.228373 0.910259
0.394153 0.211666 0.894338
0.438479 0.196372 0.877026
0.477604 0.182679 0.859374
0.511207 0.170659 0.842344
0.539034 0.160408 0.826869
0.561256 0.151928 0.813578
0.578012 0.145285 0.802991
0.589693 0.140482 0.795316
0.596520 0.137592 0.790717
0.598775 0.136622 0.789179
