# vtk DataFile Version 2.0
VTK example
ASCII
DATASET UNSTRUCTURED_GRID
POINTS  128  float
-0.000204 -0.000111 -0.000185
-0.000196 -0.000111 -0.000188
-0.000187 -0.000112 -0.000190
-0.000178 -0.000112 -0.000193
-0.000170 -0.000112 -0.000195
-0.000161 -0.000113 -0.000198
-0.000152 -0.000112 -0.000200
-0.000143 -0.000112 -0.000202
-0.000135 -0.000111 -0.000204
-0.000126 -0.000110 -0.000206
-0.000117 -0.000108 -0.000208
-0.000108 -0.000106 -0.000210
-0.000100 -0.000104 -0.000211
-0.000091 -0.000101 -0.000211
-0.000083 -0.000098 -0.000211
-0.000074 -0.000094 -0.000211
-0.000066 -0.000090 -0.000210
-0.000058 -0.000086 -0.000208
-0.000051 -0.000082 -0.000205
-0.000044 -0.000077 -0.000202
-0.000037 -0.000072 -0.000198
-0.000031 -0.000067 -0.000194
-0.000026 -0.000062 -0.000189
-0.000021 -0.000057 -0.000183
-0.000016 -0.000052 -0.000177
-0.000012 -0.000047 -0.000170
-0.000009 -0.000043 -0.000163
-0.000006 -0.000038 -0.000156
-0.000004 -0.000034 -0.000148
-0.000002 -0.000030 -0.000140
-0.000001 -0.000027 -0.000132
0.000001 -0.000023 -0.000124
0.000002 -0.000020 -0.000115
0.000002 -0.000017 -0.000107
0.000003 -0.000014 -0.000098
0.000003 -0.000011 -0.000090
0.000004 -0.000008 -0.000081
0.000004 -0.000005 -0.000072
0.000005 -0.000003 -0.000064
0.000005 0.000000 -0.000055
0.000005 0.000003 -0.000047
0.000006 0.000006 -0.000038
0.000006 0.000010 -0.000030
0.000007 0.000013 -0.000022
0.000008 0.000017 -0.000013
0.000009 0.000022 -0.000005
0.000010 0.000026 0.000002
0.000012 0.000031 0.000010
0.000013 0.000036 0.000017
0.000015 0.000041 0.000024
0.000018 0.000046 0.000031
0.000021 0.000052 0.000038
0.000024 0.000058 0.000044
0.000028 0.000064 0.000049
0.000032 0.000070 0.000055
0.000036 0.000077 0.000059
0.000041 0.000083 0.000064
0.000046 0.000089 0.000068
0.000051 0.000096 0.000071
0.000057 0.000102 0.000074
0.000064 0.000108 0.000076
0.000070 0.000114 0.000078
0.000077 0.000120 0.000079
0.000084 0.000126 0.000080
0.000091 0.000131 0.000080
0.000099 0.000136 0.000080
0.000106 0.000141 0.000080
0.000114 0.000146 0.000079
0.000121 0.000151 0.000077
0.000129 0.000155 0.000075
0.000137 0.000159 0.000073
0.000145 0.000163 0.000071
0.000152 0.000167 0.000068
0.000160 0.000170 0.000065
0.000168 0.000174 0.000062
0.000176 0.000177 0.000059
0.000184 0.000180 0.000055
0.000192 0.000182 0.000051
0.000199 0.000184 0.000048
0.000207 0.000186 0.000044
0.000215 0.000188 0.000040
0.000223 0.000189 0.000036
0.000231 0.000190 0.000031
0.000240 0.000190 0.000028
0.000248 0.000191 0.000024
0.000256 0.000191 0.000020
0.000264 0.000191 0.000016
0.000273 0.000191 0.000013
0.000281 0.000191 0.000010
0.000290 0.000191 0.000007
0.000299 0.000191 0.000005
0.000308 0.000190 0.000003
0.000317 0.000190 0.000002
0.000325 0.000190 0.000001
0.000335 0.000190 0.000001
0.000344 0.000190 0.000001
0.000353 0.000191 0.000002
0.000362 0.000191 0.000004
0.000370 0.000192 0.000006
0.000379 0.000193 0.000009
0.000387 0.000194 0.000012
0.000395 0.000196 0.000016
0.000402 0.000198 0.000021
0.000409 0.000201 0.000026
0.000416 0.000204 0.000032
0.000421 0.000207 0.000038
0.000426 0.000211 0.000045
0.000431 0.000215 0.000051
0.000435 0.000219 0.000059
0.000437 0.000223 0.000066
0.000440 0.000228 0.000073
0.000441 0.000233 0.000081
0.000443 0.000237 0.000089
0.000443 0.000242 0.000096
0.000443 0.000247 0.000104
0.000443 0.000252 0.000111
0.000442 0.000257 0.000119
0.000441 0.000262 0.000127
0.000439 0.000267 0.000134
0.000438 0.000272 0.000141
0.000436 0.000277 0.000149
0.000434 0.000281 0.000156
0.000431 0.000286 0.000163
0.000429 0.000291 0.000170
0.000426 0.000296 0.000177
0.000423 0.000301 0.000185
0.000421 0.000306 0.000192
0.000418 0.000311 0.000199
CELLS  127 381
2 0 1 
2 1 2 
2 2 3 
2 3 4 
2 4 5 
2 5 6 
2 6 7 
2 7 8 
2 8 9 
2 9 10 
2 10 11 
2 11 12 
2 12 13 
2 13 14 
2 14 15 
2 15 16 
2 16 17 
2 17 18 
2 18 19 
2 19 20 
2 20 21 
2 21 22 
2 22 23 
2 23 24 
2 24 25 
2 25 26 
2 26 27 
2 27 28 
2 28 29 
2 29 30 
2 30 31 
2 31 32 
2 32 33 
2 33 34 
2 34 35 
2 35 36 
2 36 37 
2 37 38 
2 38 39 
2 39 40 
2 40 41 
2 41 42 
2 42 43 
2 43 44 
2 44 45 
2 45 46 
2 46 47 
2 47 48 
2 48 49 
2 49 50 
2 50 51 
2 51 52 
2 52 53 
2 53 54 
2 54 55 
2 55 56 
2 56 57 
2 57 58 
2 58 59 
2 59 60 
2 60 61 
2 61 62 
2 62 63 
2 63 64 
2 64 65 
2 65 66 
2 66 67 
2 67 68 
2 68 69 
2 69 70 
2 70 71 
2 71 72 
2 72 73 
2 73 74 
2 74 75 
2 75 76 
2 76 77 
2 77 78 
2 78 79 
2 79 80 
2 80 81 
2 81 82 
2 82 83 
2 83 84 
2 84 85 
2 85 86 
2 86 87 
2 87 88 
2 88 89 
2 89 90 
2 90 91 
2 91 92 
2 92 93 
2 93 94 
2 94 95 
2 95 96 
2 96 97 
2 97 98 
2 98 99 
2 99 100 
2 100 101 
2 101 102 
2 102 103 
2 103 104 
2 104 105 
2 105 106 
2 106 107 
2 107 108 
2 108 109 
2 109 110 
2 110 111 
2 111 112 
2 112 113 
2 113 114 
2 114 115 
2 115 116 
2 116 117 
2 117 118 
2 118 119 
2 119 120 
2 120 121 
2 121 122 
2 122 123 
2 123 124 
2 124 125 
2 125 126 
2 126 127 
CELL_TYPES  127
3
3
3
3
3
3
3
3
3
3
3
3
3
3
3
3
3
3
3
3
3
3
3
3
3
3
3
3
3
3
3
3
3
3
3
3
3
3
3
3
3
3
3
3
3
3
3
3
3
3
3
3
3
3
3
3
3
3
3
3
3
3
3
3
3
3
3
3
3
3
3
3
3
3
3
3
3
3
3
3
3
3
3
3
3
3
3
3
3
3
3
3
3
3
3
3
3
3
3
3
3
3
3
3
3
3
3
3
3
3
3
3
3
3
3
3
3
3
3
3
3
3
3
3
3
3
3
POINT_DATA  128
VECTORS Position float
-0.000204 -0.000111 -0.000185
-0.000196 -0.000111 -0.000188
-0.000187 -0.000112 -0.000190
-0.000178 -0.000112 -0.000193
-0.000170 -0.000112 -0.000195
-0.000161 -0.000113 -0.000198
-0.000152 -0.000112 -0.000200
-0.000143 -0.000112 -0.000202
-0.000135 -0.000111 -0.000204
-0.000126 -0.000110 -0.000206
-0.000117 -0.000108 -0.000208
-0.000108 -0.000106 -0.000210
-0.000100 -0.000104 -0.000211
-0.000091 -0.000101 -0.000211
-0.000083 -0.000098 -0.000211
-0.000074 -0.000094 -0.000211
-0.000066 -0.000090 -0.000210
-0.000058 -0.000086 -0.000208
-0.000051 -0.000082 -0.000205
-0.000044 -0.000077 -0.000202
-0.000037 -0.000072 -0.000198
-0.000031 -0.000067 -0.000194
-0.000026 -0.000062 -0.000189
-0.000021 -0.000057 -0.000183
-0.000016 -0.000052 -0.000177
-0.000012 -0.000047 -0.000170
-0.000009 -0.000043 -0.000163
-0.000006 -0.000038 -0.000156
-0.000004 -0.000034 -0.000148
-0.000002 -0.000030 -0.000140
-0.000001 -0.000027 -0.000132
0.000001 -0.000023 -0.000124
0.000002 -0.000020 -0.000115
0.000002 -0.000017 -0.000107
0.000003 -0.000014 -0.000098
0.000003 -0.000011 -0.000090
0.000004 -0.000008 -0.000081
0.000004 -0.000005 -0.000072
0.000005 -0.000003 -0.000064
0.000005 0.000000 -0.000055
0.000005 0.000003 -0.000047
0.000006 0.000006 -0.000038
0.000006 0.000010 -0.000030
0.000007 0.000013 -0.000022
0.000008 0.000017 -0.000013
0.000009 0.000022 -0.000005
0.000010 0.000026 0.000002
0.000012 0.000031 0.000010
0.000013 0.000036 0.000017
0.000015 0.000041 0.000024
0.000018 0.000046 0.000031
0.000021 0.000052 0.000038
0.000024 0.000058 0.000044
0.000028 0.000064 0.000049
0.000032 0.000070 0.000055
0.000036 0.000077 0.000059
0.000041 0.000083 0.000064
0.000046 0.000089 0.000068
0.000051 0.000096 0.000071
0.000057 0.000102 0.000074
0.000064 0.000108 0.000076
0.000070 0.000114 0.000078
0.000077 0.000120 0.000079
0.000084 0.000126 0.000080
0.000091 0.000131 0.000080
0.000099 0.000136 0.000080
0.000106 0.000141 0.000080
0.000114 0.000146 0.000079
0.000121 0.000151 0.000077
0.000129 0.000155 0.000075
0.000137 0.000159 0.000073
0.000145 0.000163 0.000071
0.000152 0.000167 0.000068
0.000160 0.000170 0.000065
0.000168 0.000174 0.000062
0.000176 0.000177 0.000059
0.000184 0.000180 0.000055
0.000192 0.000182 0.000051
0.000199 0.000184 0.000048
0.000207 0.000186 0.000044
0.000215 0.000188 0.000040
0.000223 0.000189 0.000036
0.000231 0.000190 0.000031
0.000240 0.000190 0.000028
0.000248 0.000191 0.000024
0.000256 0.000191 0.000020
0.000264 0.000191 0.000016
0.000273 0.000191 0.000013
0.000281 0.000191 0.000010
0.000290 0.000191 0.000007
0.000299 0.000191 0.000005
0.000308 0.000190 0.000003
0.000317 0.000190 0.000002
0.000325 0.000190 0.000001
0.000335 0.000190 0.000001
0.000344 0.000190 0.000001
0.000353 0.000191 0.000002
0.000362 0.000191 0.000004
0.000370 0.000192 0.000006
0.000379 0.000193 0.000009
0.000387 0.000194 0.000012
0.000395 0.000196 0.000016
0.000402 0.000198 0.000021
0.000409 0.000201 0.000026
0.000416 0.000204 0.000032
0.000421 0.000207 0.000038
0.000426 0.000211 0.000045
0.000431 0.000215 0.000051
0.000435 0.000219 0.000059
0.000437 0.000223 0.000066
0.000440 0.000228 0.000073
0.000441 0.000233 0.000081
0.000443 0.000237 0.000089
0.000443 0.000242 0.000096
0.000443 0.000247 0.000104
0.000443 0.000252 0.000111
0.000442 0.000257 0.000119
0.000441 0.000262 0.000127
0.000439 0.000267 0.000134
0.000438 0.000272 0.000141
0.000436 0.000277 0.000149
0.000434 0.000281 0.000156
0.000431 0.000286 0.000163
0.000429 0.000291 0.000170
0.000426 0.000296 0.000177
0.000423 0.000301 0.000185
0.000421 0.000306 0.000192
0.000418 0.000311 0.000199
VECTORS Rotation float
0.842283 -0.065191 -1.842324
0.842075 -0.062055 -1.842513
0.841476 -0.052654 -1.842918
0.840536 -0.037177 -1.843053
0.839292 -0.016015 -1.842153
0.837749 0.010496 -1.839224
0.835820 0.041907 -1.833110
0.833277 0.077671 -1.822568
0.829711 0.116505 -1.806586
0.824575 0.158188 -1.783866
0.817169 0.201777 -1.753567
0.806718 0.246436 -1.715043
0.792353 0.291698 -1.667573
0.773184 0.336997 -1.610647
0.748620 0.381148 -1.544682
0.717961 0.423569 -1.469397
0.680982 0.463118 -1.385472
0.637762 0.498695 -1.293726
0.588791 0.529199 -1.195310
0.535134 0.553553 -1.091982
0.477887 0.571036 -0.985061
0.419095 0.580984 -0.877307
0.360605 0.583245 -0.770884
0.304171 0.578013 -0.667804
0.251558 0.565860 -0.570297
0.203889 0.547624 -0.479752
0.162097 0.524467 -0.397631
0.126624 0.497769 -0.324939
0.097252 0.468830 -0.261764
0.073643 0.439130 -0.208240
0.055191 0.410112 -0.164111
0.041040 0.382916 -0.128524
0.030428 0.358726 -0.100706
0.022570 0.338394 -0.079557
0.016905 0.322989 -0.064348
0.012821 0.312778 -0.053780
0.009973 0.308319 -0.047190
0.008074 0.309669 -0.043771
0.006997 0.316772 -0.043161
0.006751 0.329500 -0.045241
0.007461 0.347410 -0.050183
0.009391 0.369980 -0.058409
0.012938 0.396565 -0.070511
0.018688 0.426724 -0.087324
0.027182 0.459374 -0.109384
0.039184 0.493997 -0.137521
0.055312 0.529620 -0.172122
0.076193 0.565462 -0.213536
0.102522 0.600981 -0.262235
0.134575 0.635218 -0.317997
0.172704 0.667525 -0.380877
0.217059 0.697178 -0.450744
0.267488 0.723377 -0.527172
0.323601 0.745359 -0.609587
0.384686 0.762399 -0.697150
0.449787 0.773879 -0.788869
0.517482 0.779290 -0.883248
0.586199 0.778358 -0.978707
0.654285 0.771074 -1.073597
0.720162 0.757730 -1.166342
0.782451 0.738938 -1.255534
0.840077 0.715613 -1.340030
0.892722 0.688693 -1.419633
0.939589 0.659670 -1.493146
0.981321 0.629312 -1.561496
1.017199 0.599424 -1.623133
1.048489 0.570095 -1.679800
1.075396 0.541965 -1.731376
1.097930 0.515651 -1.777291
1.116729 0.490779 -1.818189
1.132598 0.466337 -1.855177
1.145429 0.442270 -1.887614
1.155937 0.417242 -1.916639
1.164389 0.390533 -1.942559
1.171007 0.361612 -1.965628
1.175855 0.330612 -1.985716
1.179283 0.296886 -2.003289
1.181302 0.261317 -2.017911
1.182051 0.224689 -2.029250
1.181714 0.187974 -2.036888
1.180529 0.152219 -2.040377
1.178809 0.117998 -2.039323
1.176837 0.086998 -2.033427
1.174947 0.059089 -2.022323
1.173412 0.035043 -2.005994
1.172450 0.015334 -1.984635
1.172198 -0.000474 -1.957754
1.172723 -0.012233 -1.925717
1.174008 -0.020079 -1.888619
1.175968 -0.024161 -1.846569
1.178453 -0.024601 -1.799715
1.181254 -0.021475 -1.748261
1.184122 -0.014854 -1.693108
1.186725 -0.004522 -1.633178
1.188754 0.009375 -1.570231
1.189818 0.027124 -1.503802
1.189583 0.048636 -1.435000
1.187592 0.074285 -1.363203
1.183533 0.103789 -1.289481
1.176727 0.137824 -1.212063
1.167049 0.175253 -1.133017
1.153982 0.215983 -1.051532
1.137259 0.259091 -0.967961
1.116454 0.303805 -0.881825
1.091233 0.348967 -0.792894
1.061938 0.392588 -0.702404
1.028921 0.433124 -0.610958
0.992883 0.469142 -0.519540
0.954808 0.499576 -0.429363
0.915818 0.523901 -0.341662
0.877358 0.542029 -0.258168
0.840266 0.554613 -0.179521
0.805603 0.562542 -0.106896
0.773722 0.567045 -0.040406
0.744688 0.569339 0.020151
0.718463 0.570472 0.075017
0.694808 0.571237 0.124677
0.673512 0.572114 0.169513
0.654379 0.573299 0.209851
0.637284 0.574766 0.245890
0.622217 0.576362 0.277635
0.609138 0.577895 0.305146
0.598125 0.579195 0.328300
0.589145 0.580175 0.347161
0.582239 0.580819 0.361676
0.577335 0.581187 0.371981
0.574436 0.581358 0.378087
0.573470 0.581407 0.380119
VECTORS ControlForce float
-0.000000 0.000000 0.000000
-0.000115 -0.000314 0.000101
-0.000214 -0.000633 0.000200
-0.000259 -0.000919 0.000288
-0.000252 -0.001157 0.000352
-0.000211 -0.001319 0.000393
-0.000127 -0.001357 0.000427
-0.000031 -0.001275 0.000457
0.000063 -0.001083 0.000478
0.000148 -0.000808 0.000495
0.000221 -0.000495 0.000508
0.000308 -0.000174 0.000513
0.000388 0.000089 0.000508
0.000490 0.000292 0.000492
0.000606 0.000433 0.000457
0.000697 0.000492 0.000403
0.000736 0.000465 0.000337
0.000727 0.000383 0.000271
0.000667 0.000263 0.000215
0.000575 0.000136 0.000178
0.000488 0.000045 0.000160
0.000423 0.000004 0.000151
0.000378 0.000006 0.000149
0.000353 0.000048 0.000150
0.000345 0.000134 0.000144
0.000324 0.000236 0.000138
0.000279 0.000357 0.000121
0.000184 0.000471 0.000101
0.000039 0.000579 0.000070
-0.000148 0.000667 0.000028
-0.000365 0.000701 -0.000005
-0.000572 0.000681 -0.000031
-0.000732 0.000613 -0.000051
-0.000817 0.000493 -0.000053
-0.000806 0.000341 -0.000054
-0.000696 0.000181 -0.000053
-0.000499 0.000019 -0.000050
-0.000247 -0.000129 -0.000045
0.000020 -0.000267 -0.000032
0.000255 -0.000385 -0.000013
0.000420 -0.000481 0.000009
0.000494 -0.000547 0.000026
0.000475 -0.000564 0.000028
0.000373 -0.000544 0.000036
0.000215 -0.000487 0.000042
0.000037 -0.000395 0.000040
-0.000128 -0.000294 0.000030
-0.000249 -0.000200 0.000013
-0.000311 -0.000132 -0.000006
-0.000316 -0.000102 -0.000024
-0.000274 -0.000099 -0.000043
-0.000196 -0.000096 -0.000065
-0.000110 -0.000099 -0.000079
-0.000032 -0.000094 -0.000083
0.000021 -0.000089 -0.000074
0.000040 -0.000073 -0.000053
0.000038 -0.000015 -0.000034
-0.000003 0.000065 -0.000016
-0.000095 0.000135 0.000001
-0.000218 0.000208 0.000003
-0.000357 0.000260 -0.000012
-0.000488 0.000267 -0.000044
-0.000576 0.000218 -0.000090
-0.000586 0.000123 -0.000148
-0.000490 0.000012 -0.000208
-0.000283 -0.000091 -0.000264
-0.000015 -0.000197 -0.000294
0.000273 -0.000290 -0.000298
0.000562 -0.000326 -0.000290
0.000808 -0.000298 -0.000263
0.000957 -0.000225 -0.000206
0.000969 -0.000143 -0.000134
0.000826 -0.000079 -0.000049
0.000539 -0.000046 0.000041
0.000147 -0.000053 0.000113
-0.000282 -0.000073 0.000153
-0.000668 -0.000091 0.000170
-0.000965 -0.000111 0.000159
-0.001128 -0.000119 0.000121
-0.001134 -0.000091 0.000071
-0.001008 -0.000048 0.000022
-0.000795 0.000003 -0.000012
-0.000544 0.000037 -0.000043
-0.000298 0.000058 -0.000060
-0.000092 0.000059 -0.000074
0.000058 0.000037 -0.000090
0.000151 0.000022 -0.000085
0.000193 0.000022 -0.000062
0.000194 0.000041 -0.000029
0.000174 0.000101 0.000008
0.000142 0.000184 0.000040
0.000093 0.000255 0.000060
0.000031 0.000302 0.000068
-0.000033 0.000325 0.000081
-0.000097 0.000323 0.000093
-0.000152 0.000301 0.000104
-0.000198 0.000238 0.000115
-0.000216 0.000160 0.000134
-0.000182 0.000094 0.000161
-0.000080 0.000054 0.000195
0.000094 0.000024 0.000212
0.000325 -0.000015 0.000201
0.000595 -0.000048 0.000151
0.000859 -0.000081 0.000072
0.001067 -0.000109 -0.000031
0.001170 -0.000124 -0.000157
0.001126 -0.000105 -0.000300
0.000925 -0.000046 -0.000445
0.000599 0.000032 -0.000563
0.000213 0.000112 -0.000636
-0.000163 0.000194 -0.000673
-0.000461 0.000262 -0.000685
-0.000629 0.000283 -0.000674
-0.000643 0.000242 -0.000645
-0.000525 0.000157 -0.000616
-0.000322 0.000051 -0.000596
-0.000077 -0.000061 -0.000571
0.000148 -0.000149 -0.000555
0.000309 -0.000195 -0.000546
0.000393 -0.000204 -0.000535
0.000393 -0.000176 -0.000526
0.000323 -0.000124 -0.000515
0.000217 -0.000066 -0.000489
0.000102 -0.000012 -0.000444
0.000013 0.000022 -0.000373
-0.000030 0.000033 -0.000270
-0.000028 0.000022 -0.000143
-0.000000 -0.000000 -0.000000
VECTORS ControlTorque float
-0.000001 -0.000000 -0.000002
-0.000001 -0.000000 -0.000002
-0.000001 0.000000 -0.000002
-0.000001 0.000000 -0.000002
-0.000001 0.000001 -0.000002
-0.000001 0.000001 -0.000002
-0.000001 0.000002 -0.000002
-0.000000 0.000002 -0.000001
-0.000001 0.000003 -0.000001
-0.000001 0.000003 -0.000001
-0.000001 0.000003 -0.000000
-0.000001 0.000003 -0.000000
-0.000001 0.000003 -0.000001
-0.000001 0.000002 0.000000
-0.000001 0.000003 -0.000000
-0.000001 0.000002 0.000000
-0.000001 0.000002 0.000000
-0.000001 0.000001 0.000000
-0.000000 0.000000 0.000001
-0.000001 0.000001 0.000000
-0.000000 -0.000001 0.000001
-0.000000 -0.000001 0.000001
-0.000000 -0.000001 0.000001
-0.000000 -0.000001 0.000001
-0.000000 -0.000001 0.000001
-0.000000 -0.000002 0.000001
0.000000 -0.000002 0.000001
0.000000 -0.000002 0.000001
0.000001 -0.000003 0.000001
0.000001 -0.000003 0.000001
0.000001 -0.000003 0.000001
0.000002 -0.000003 0.000001
0.000002 -0.000002 0.000001
0.000002 -0.000002 0.000001
0.000002 -0.000001 0.000000
0.000003 -0.000002 0.000000
0.000002 -0.000001 0.000000
0.000002 -0.000001 0.000000
0.000002 -0.000001 0.000000
0.000002 -0.000001 0.000000
0.000002 -0.000001 0.000000
0.000002 -0.000001 0.000000
0.000002 -0.000002 0.000001
0.000001 -0.000001 0.000001
0.000001 -0.000002 0.000001
0.000001 -0.000002 0.000001
0.000000 -0.000002 0.000001
0.000001 -0.000002 0.000001
0.000000 -0.000001 0.000001
0.000000 -0.000001 0.000001
0.000000 -0.000001 0.000001
-0.000000 -0.000001 0.000001
-0.000000 -0.000001 0.000001
-0.000000 -0.000000 0.000001
-0.000000 -0.000000 0.000001
-0.000000 -0.000000 0.000001
-0.000000 -0.000000 0.000001
-0.000000 -0.000000 0.000001
-0.000000 0.000000 0.000001
-0.000000 0.000000 0.000000
-0.000001 0.000000 0.000000
-0.000000 -0.000000 0.000000
-0.000001 0.000001 -0.000001
0.000000 -0.000000 0.000000
-0.000001 0.000002 -0.000002
-0.000000 0.000000 -0.000000
-0.000001 0.000001 -0.000001
-0.000001 0.000001 -0.000001
-0.000001 0.000001 -0.000001
-0.000000 0.000000 0.000000
-0.000001 0.000002 -0.000001
-0.000000 0.000001 0.000001
-0.000000 0.000001 0.000001
0.000000 0.000001 0.000001
-0.000000 0.000001 0.000000
0.000000 0.000000 0.000002
-0.000000 0.000001 0.000001
-0.000000 0.000001 0.000001
-0.000000 0.000001 0.000000
-0.000001 0.000002 -0.000000
-0.000000 0.000002 0.000000
-0.000001 0.000002 -0.000002
-0.000000 0.000002 -0.000001
-0.000001 0.000002 -0.000002
-0.000001 0.000002 -0.000002
-0.000000 0.000003 -0.000001
-0.000001 0.000002 -0.000002
-0.000000 0.000002 -0.000002
-0.000000 0.000002 -0.000002
-0.000000 0.000002 -0.000001
-0.000000 0.000002 -0.000001
-0.000000 0.000001 -0.000001
-0.000000 0.000003 -0.000002
-0.000000 0.000000 -0.000001
0.000000 0.000002 -0.000002
0.000000 0.000000 -0.000001
0.000000 0.000002 -0.000002
0.000000 -0.000001 -0.000001
0.000000 0.000003 -0.000003
0.000001 -0.000001 -0.000001
0.000001 0.000001 -0.000002
0.000001 -0.000000 -0.000001
0.000001 0.000000 -0.000001
0.000001 0.000001 -0.000001
0.000000 -0.000001 0.000000
0.000000 -0.000001 0.000000
-0.000000 -0.000001 0.000001
-0.000001 -0.000001 0.000001
-0.000001 -0.000001 0.000001
-0.000001 -0.000002 0.000002
-0.000001 -0.000002 0.000001
-0.000001 -0.000002 0.000002
-0.000000 -0.000002 0.000001
-0.000000 -0.000002 0.000001
0.000000 -0.000002 0.000001
0.000000 -0.000002 0.000001
0.000000 -0.000001 0.000001
0.000000 -0.000001 0.000001
0.000000 -0.000001 0.000001
0.000000 -0.000001 0.000001
-0.000000 -0.000001 0.000001
-0.000000 -0.000001 0.000001
-0.000000 -0.000001 0.000001
-0.000000 -0.000001 0.000001
-0.000000 -0.000001 0.000001
-0.000000 -0.000001 0.000001
-0.000000 -0.000001 0.000001
-0.000000 -0.000001 0.000001
VECTORS Curvature float
-142.078502 -138.831047 12.583512
-452.481483 -454.250965 39.533520
-965.873063 -1016.946475 85.135932
-1333.541841 -1528.650358 122.350920
-1615.870628 -2086.603346 156.760866
-1784.964126 -2690.894146 185.126563
-1841.170239 -3384.806714 206.850731
-1715.918669 -4030.370493 220.617463
-1450.999692 -4693.627275 227.262841
-1097.553437 -5440.805621 226.049250
-632.617022 -6097.222199 218.103198
-121.967083 -6746.928818 204.808106
413.141800 -7467.028622 187.502696
932.068924 -8052.193916 165.765350
1418.945335 -8557.510733 143.966942
1862.454618 -9047.811581 119.877102
2237.470327 -9373.970906 96.249600
2560.783214 -9617.043077 73.084116
2817.377788 -9691.015784 50.684917
3053.400810 -9705.011870 30.714639
3256.518595 -9604.949137 12.178856
3411.014487 -9313.453474 -2.574931
3572.605354 -8997.611784 -13.927100
3707.868232 -8577.797672 -20.865126
3824.922424 -8086.292178 -23.349329
3919.458650 -7543.677603 -20.949872
3933.872153 -6866.279239 -13.950091
3900.931434 -6150.844245 -3.615941
3810.493187 -5414.941272 9.913831
3604.732735 -4610.041572 24.989125
3332.484573 -3837.357536 40.047597
2978.859334 -3107.985732 54.596056
2559.605165 -2449.357520 66.947295
2026.521343 -1831.569134 77.343492
1441.941907 -1307.723856 84.709993
831.405087 -881.678815 90.249799
172.316400 -511.315428 93.850283
-464.186567 -213.413473 96.566209
-1100.932524 69.917759 98.840780
-1707.644386 350.709805 101.156545
-2254.096779 659.968854 103.525903
-2721.796291 1004.313878 105.705122
-3167.278910 1422.564263 106.660518
-3522.152323 1880.247959 106.060702
-3790.402721 2372.778620 101.947463
-4021.975923 2900.285200 94.212194
-4140.777645 3386.449562 81.595962
-4261.288314 3889.983556 63.498079
-4336.577586 4346.380574 41.095597
-4350.991464 4725.713321 13.822645
-4371.048281 5085.513146 -16.527328
-4359.662723 5389.871833 -48.520249
-4317.787350 5644.650364 -80.549786
-4247.934239 5859.112508 -110.712651
-4159.776525 6054.582319 -137.374191
-4049.520732 6227.465340 -158.937172
-3912.948892 6370.293185 -174.509569
-3768.537266 6499.635735 -183.351379
-3620.833940 6604.346727 -185.141298
-3480.642555 6679.465355 -179.709599
-3334.331564 6666.265825 -167.384769
-3241.295169 6665.972778 -147.593341
-3129.447294 6504.071979 -123.015301
-3064.609698 6339.615065 -91.223802
-2963.448457 6000.801989 -58.563254
-2833.471252 5566.323847 -20.545026
-2806.515354 5322.968823 15.676715
-2640.191112 4858.359158 50.722364
-2394.410591 4347.859512 84.323434
-2221.978260 4108.971014 115.223315
-1971.092051 3871.293895 141.087787
-1659.273200 3684.072891 164.848651
-1394.621772 3731.820384 184.053409
-1091.488522 3837.668850 199.755962
-764.106682 3900.564300 211.068107
-437.770510 4045.069808 219.221669
-114.104555 4230.824674 222.006078
232.521347 4231.351306 220.458243
589.911382 4156.342776 213.786447
949.820059 3924.773391 201.897744
1356.347173 3660.647878 184.796830
1726.537981 3200.242398 162.301990
2099.350993 2635.220841 134.553051
2532.159284 2094.642558 102.202827
2831.957105 1414.537200 65.963388
3196.184735 767.193626 26.215888
3609.621725 141.332650 -14.444331
3939.967329 -486.453898 -55.112624
4291.977673 -1086.268703 -94.220513
4626.518516 -1658.669058 -130.493776
4992.919128 -2230.871876 -162.692917
5204.527261 -2711.682452 -190.748383
5536.382248 -3266.057512 -212.922505
5826.771649 -3800.502491 -231.415389
5983.494700 -4288.073091 -243.878967
6122.512014 -4779.891649 -254.341905
6228.326319 -5301.739595 -260.327712
6256.640080 -5780.842194 -268.190499
6374.269695 -6402.388903 -272.224433
6449.166887 -7000.784323 -284.192939
6308.307782 -7388.036454 -294.749341
6252.370549 -7839.610725 -311.951001
6132.968109 -8168.335988 -330.942218
6118.142179 -8553.107256 -352.549174
6021.437478 -8715.605952 -377.024290
5839.026314 -8610.488414 -398.732342
5672.270356 -8375.907536 -417.960684
5482.525410 -7968.759912 -432.252841
5304.526234 -7471.381239 -440.557926
5073.223337 -6847.890514 -443.204280
4829.973386 -6205.056725 -439.385385
4557.045083 -5583.836263 -431.141380
4214.597220 -4970.080773 -418.343263
3875.961108 -4478.390357 -402.365801
3505.937504 -4061.146278 -383.633217
3121.012280 -3714.058061 -362.574514
2741.352784 -3423.941539 -339.434948
2374.194113 -3157.819378 -314.375866
2038.053017 -2902.657866 -287.530023
1728.726830 -2626.758300 -259.016396
1455.257246 -2333.011813 -229.053537
1209.622089 -2012.805599 -197.844236
987.505806 -1675.618771 -165.728142
781.826269 -1331.334256 -133.011053
582.722508 -984.753952 -99.722568
393.270720 -656.436636 -67.279152
178.311543 -294.738663 -30.748965
57.152914 -93.748533 -9.564569
VECTORS LocalRotation float
-0.058174 0.540973 -0.015162
-0.060872 0.538281 -0.014925
-0.067268 0.531647 -0.014363
-0.077636 0.520170 -0.013427
-0.091016 0.503768 -0.012161
-0.106465 0.482066 -0.010608
-0.122891 0.454544 -0.008833
-0.138906 0.421158 -0.006908
-0.153294 0.381522 -0.004873
-0.164817 0.335702 -0.002824
-0.172642 0.283522 -0.000815
-0.176066 0.225235 0.001104
-0.174746 0.160807 0.002883
-0.168674 0.090760 0.004477
-0.158012 0.015431 0.005882
-0.143164 -0.064231 0.007076
-0.124605 -0.147622 0.008054
-0.102878 -0.233613 0.008821
-0.078531 -0.321023 0.009381
-0.051906 -0.408986 0.009750
-0.023394 -0.496240 0.009944
0.006800 -0.581913 0.009987
0.038460 -0.664925 0.009913
0.071428 -0.744512 0.009755
0.105564 -0.820027 0.009555
0.140573 -0.890684 0.009355
0.176063 -0.955803 0.009197
0.211551 -1.014765 0.009117
0.246431 -1.067078 0.009146
0.280003 -1.112466 0.009304
0.311512 -1.150834 0.009599
0.340127 -1.182324 0.010028
0.365228 -1.207510 0.010579
0.385894 -1.226801 0.011229
0.401668 -1.241078 0.011966
0.411902 -1.250934 0.012754
0.416469 -1.257273 0.013592
0.415152 -1.260545 0.014451
0.408044 -1.261196 0.015339
0.395363 -1.259297 0.016242
0.377450 -1.254727 0.017167
0.354904 -1.247187 0.018115
0.328143 -1.236158 0.019080
0.297946 -1.221249 0.020040
0.264787 -1.201963 0.020984
0.229491 -1.178140 0.021870
0.192543 -1.149684 0.022666
0.154430 -1.116676 0.023324
0.115569 -1.079450 0.023797
0.076201 -1.038340 0.024045
0.036675 -0.993877 0.024033
-0.002850 -0.946454 0.023739
-0.042130 -0.896504 0.023154
-0.080908 -0.844426 0.022289
-0.118985 -0.790470 0.021165
-0.156136 -0.734888 0.019824
-0.192186 -0.677852 0.018314
-0.226972 -0.619570 0.016694
-0.260434 -0.560231 0.015025
-0.292586 -0.500088 0.013373
-0.323450 -0.439647 0.011801
-0.353276 -0.379174 0.010373
-0.382043 -0.319704 0.009151
-0.410178 -0.261365 0.008178
-0.437316 -0.205810 0.007503
-0.463797 -0.152968 0.007142
-0.489288 -0.103753 0.007120
-0.513760 -0.058008 0.007418
-0.536626 -0.016196 0.008032
-0.557691 0.022394 0.008942
-0.576547 0.058280 0.010095
-0.593098 0.092726 0.011490
-0.606923 0.126297 0.013069
-0.618131 0.160423 0.014799
-0.626483 0.195251 0.016648
-0.631960 0.231462 0.018609
-0.634448 0.268762 0.020598
-0.633913 0.306982 0.022596
-0.630189 0.344957 0.024562
-0.623203 0.381622 0.026448
-0.612721 0.416099 0.028206
-0.598857 0.446954 0.029767
-0.581411 0.473563 0.031121
-0.560524 0.494894 0.032188
-0.536315 0.510731 0.032947
-0.508763 0.520703 0.033369
-0.478017 0.524808 0.033422
-0.443889 0.523247 0.033107
-0.406657 0.516134 0.032432
-0.366317 0.503718 0.031416
-0.322822 0.486132 0.030090
-0.276759 0.463805 0.028493
-0.227734 0.436521 0.026651
-0.176645 0.404750 0.024653
-0.123091 0.368072 0.022498
-0.068441 0.327136 0.020249
-0.012274 0.281289 0.017908
0.044206 0.231153 0.015517
0.101776 0.175623 0.013054
0.159248 0.115553 0.010560
0.217015 0.050399 0.007939
0.273904 -0.018568 0.005191
0.330252 -0.091398 0.002266
0.385875 -0.167317 -0.000837
0.440622 -0.245195 -0.004127
0.494251 -0.323538 -0.007635
0.546374 -0.400452 -0.011333
0.596933 -0.474534 -0.015186
0.645832 -0.544526 -0.019143
0.692784 -0.609311 -0.023141
0.737687 -0.668496 -0.027143
0.780107 -0.721770 -0.031077
0.819846 -0.769583 -0.034926
0.856514 -0.812406 -0.038645
0.889929 -0.851061 -0.042203
0.919938 -0.886270 -0.045582
0.946474 -0.918579 -0.048760
0.969635 -0.948380 -0.051720
0.989612 -0.975819 -0.054445
1.006660 -1.000844 -0.056919
1.021086 -1.023316 -0.059130
1.033146 -1.042982 -0.061062
1.043105 -1.059702 -0.062710
1.051109 -1.073304 -0.064062
1.057293 -1.083800 -0.065116
1.061702 -1.091215 -0.065871
1.064296 -1.095531 -0.066316
1.065360 -1.097286 -0.066498
VECTORS q1 float
-0.225388 -0.744580 -0.628332
-0.223290 -0.744590 -0.629068
-0.216900 -0.744594 -0.631295
-0.206048 -0.744486 -0.635047
-0.190528 -0.744075 -0.640353
-0.169945 -0.743098 -0.647244
-0.143873 -0.741195 -0.655691
-0.111902 -0.737908 -0.665560
-0.074325 -0.732735 -0.676443
-0.030503 -0.725092 -0.687977
0.019335 -0.714417 -0.699453
0.074853 -0.700206 -0.710006
0.135952 -0.681930 -0.718671
0.202238 -0.659133 -0.724323
0.272228 -0.631786 -0.725768
0.345236 -0.599714 -0.721910
0.419598 -0.563241 -0.711826
0.493676 -0.522884 -0.694893
0.565807 -0.479390 -0.670857
0.634259 -0.433800 -0.639947
0.698023 -0.386936 -0.602532
0.755661 -0.340165 -0.559700
0.806558 -0.294509 -0.512570
0.850474 -0.250848 -0.462352
0.887296 -0.210114 -0.410557
0.917393 -0.172869 -0.358477
0.941189 -0.139696 -0.307649
0.959333 -0.110961 -0.259553
0.972724 -0.086622 -0.215184
0.982211 -0.066596 -0.175573
0.988655 -0.050588 -0.141428
0.992882 -0.038057 -0.112860
0.995547 -0.028487 -0.089862
0.997179 -0.021288 -0.071985
0.998133 -0.016030 -0.058940
0.998684 -0.012198 -0.049810
0.998980 -0.009502 -0.044147
0.999117 -0.007690 -0.041297
0.999138 -0.006649 -0.040969
0.999053 -0.006388 -0.043043
0.998841 -0.007015 -0.047624
0.998449 -0.008755 -0.054983
0.997784 -0.011934 -0.065462
0.996690 -0.017011 -0.079493
0.994972 -0.024361 -0.097147
0.992345 -0.034490 -0.118584
0.988500 -0.047710 -0.143494
0.983095 -0.064270 -0.171443
0.975744 -0.084410 -0.201987
0.966166 -0.107998 -0.234219
0.954074 -0.134961 -0.267448
0.939238 -0.165107 -0.300951
0.921516 -0.198120 -0.334001
0.900805 -0.233668 -0.365990
0.877048 -0.271387 -0.396405
0.850177 -0.310953 -0.424862
0.820221 -0.351931 -0.450980
0.787212 -0.393915 -0.474477
0.751243 -0.436460 -0.495114
0.712498 -0.479064 -0.512683
0.671326 -0.521139 -0.527006
0.628279 -0.562014 -0.537964
0.583758 -0.601280 -0.545609
0.539054 -0.637937 -0.549962
0.494403 -0.671995 -0.551351
0.451742 -0.702339 -0.550136
0.410704 -0.729606 -0.546806
0.371960 -0.753703 -0.541827
0.336286 -0.774507 -0.535771
0.303251 -0.792597 -0.528989
0.271739 -0.808827 -0.521494
0.241890 -0.823244 -0.513575
0.212273 -0.836660 -0.504915
0.182187 -0.849386 -0.495330
0.151094 -0.861571 -0.484630
0.119108 -0.873032 -0.472894
0.085573 -0.883895 -0.459790
0.051330 -0.893694 -0.445730
0.017145 -0.902124 -0.431135
-0.016016 -0.908959 -0.416578
-0.047100 -0.914114 -0.402712
-0.075441 -0.917726 -0.389985
-0.099514 -0.919904 -0.379306
-0.119222 -0.921059 -0.370724
-0.133864 -0.921510 -0.364554
-0.143043 -0.921595 -0.360834
-0.146872 -0.921606 -0.359264
-0.145286 -0.921740 -0.359564
-0.138358 -0.922121 -0.361317
-0.126193 -0.922793 -0.364044
-0.108903 -0.923736 -0.367222
-0.086595 -0.924870 -0.370294
-0.059664 -0.926066 -0.372615
-0.027543 -0.927137 -0.373708
0.008910 -0.927864 -0.372811
0.050011 -0.927960 -0.369309
0.095079 -0.927116 -0.362513
0.144417 -0.924913 -0.351680
0.197004 -0.920963 -0.336179
0.253583 -0.914598 -0.314969
0.311765 -0.905509 -0.287846
0.371032 -0.893139 -0.254241
0.429696 -0.877197 -0.214213
0.486500 -0.857401 -0.167875
0.539906 -0.833722 -0.115798
0.587712 -0.806863 -0.059723
0.628720 -0.777631 -0.001324
0.662211 -0.747107 0.057512
0.688094 -0.716451 0.114995
0.706862 -0.686691 0.169711
0.719293 -0.658820 0.220397
0.726577 -0.633176 0.266784
0.729764 -0.610106 0.308571
0.729893 -0.589434 0.346155
0.727788 -0.570834 0.380096
0.724060 -0.553995 0.410884
0.719168 -0.538589 0.438998
0.713463 -0.524410 0.464720
0.707246 -0.511351 0.488184
0.700800 -0.499408 0.509383
0.694414 -0.488681 0.528186
0.688353 -0.479250 0.544508
0.682879 -0.471256 0.558206
0.678185 -0.464728 0.569292
0.674432 -0.459720 0.577753
0.671703 -0.456180 0.583708
0.670058 -0.454096 0.587213
0.669507 -0.453404 0.588375
VECTORS q2 float
-0.158342 0.664347 -0.730459
-0.160441 0.664635 -0.729739
-0.166627 0.665439 -0.727617
-0.176455 0.666603 -0.724227
-0.189160 0.667904 -0.719807
-0.203864 0.669100 -0.714664
-0.219505 0.669981 -0.709185
-0.234916 0.670426 -0.703806
-0.248645 0.670512 -0.698991
-0.259791 0.670393 -0.695041
-0.267392 0.670405 -0.692140
-0.270817 0.670969 -0.690260
-0.269783 0.672510 -0.689164
-0.264283 0.675434 -0.688435
-0.254662 0.680054 -0.687513
-0.241376 0.686592 -0.685806
-0.225148 0.695114 -0.682734
-0.206744 0.705578 -0.677802
-0.186920 0.717858 -0.670627
-0.166412 0.731740 -0.660957
-0.145705 0.747085 -0.648563
-0.125425 0.763580 -0.633415
-0.105964 0.780996 -0.615480
-0.087646 0.799103 -0.594772
-0.070823 0.817560 -0.571472
-0.055716 0.836079 -0.545772
-0.042570 0.854244 -0.518127
-0.031534 0.871615 -0.489175
-0.022587 0.887882 -0.459516
-0.015670 0.902669 -0.430051
-0.010619 0.915680 -0.401769
-0.007157 0.926798 -0.375492
-0.005011 0.935911 -0.352200
-0.003880 0.943049 -0.332632
-0.003538 0.948155 -0.317787
-0.003737 0.951404 -0.307922
-0.004353 0.952798 -0.303575
-0.005268 0.952404 -0.304794
-0.006449 0.950223 -0.311505
-0.007889 0.946183 -0.323537
-0.009627 0.940231 -0.340400
-0.011733 0.932293 -0.361513
-0.014305 0.922316 -0.386171
-0.017475 0.910168 -0.413872
-0.021369 0.895999 -0.443541
-0.026147 0.879769 -0.474682
-0.031929 0.861679 -0.506448
-0.038827 0.841891 -0.538248
-0.046974 0.820451 -0.569784
-0.056401 0.797664 -0.600458
-0.067165 0.773673 -0.630015
-0.079290 0.748667 -0.658187
-0.092739 0.722918 -0.684682
-0.107446 0.696704 -0.709267
-0.123311 0.670328 -0.731747
-0.140232 0.644070 -0.752003
-0.158042 0.618265 -0.769916
-0.176593 0.593187 -0.785458
-0.195751 0.569057 -0.798659
-0.215414 0.546032 -0.809596
-0.235497 0.524220 -0.818373
-0.255935 0.503685 -0.825105
-0.276842 0.484320 -0.829935
-0.297944 0.466310 -0.832938
-0.319466 0.449428 -0.834240
-0.340704 0.434092 -0.833958
-0.361938 0.419983 -0.832235
-0.382726 0.407260 -0.829253
-0.402339 0.396220 -0.825308
-0.420499 0.386852 -0.820687
-0.437169 0.379001 -0.815623
-0.451605 0.372951 -0.810531
-0.463899 0.368483 -0.805616
-0.473878 0.365548 -0.801134
-0.481426 0.364053 -0.797305
-0.486386 0.363917 -0.794351
-0.488773 0.364894 -0.792435
-0.488440 0.366829 -0.791746
-0.485269 0.369500 -0.792454
-0.479134 0.372658 -0.794705
-0.469929 0.376036 -0.798601
-0.457448 0.379369 -0.804251
-0.441961 0.382396 -0.811445
-0.423087 0.384919 -0.820265
-0.401033 0.386770 -0.830410
-0.376088 0.387850 -0.841505
-0.347619 0.388127 -0.853533
-0.315897 0.387614 -0.866005
-0.280849 0.386381 -0.878541
-0.242400 0.384537 -0.890715
-0.200522 0.382239 -0.902045
-0.155282 0.379677 -0.911994
-0.107439 0.377069 -0.919933
-0.056109 0.374694 -0.925449
-0.002970 0.372800 -0.927907
0.052082 0.371692 -0.926894
0.107740 0.371607 -0.922117
0.164003 0.372864 -0.913277
0.219473 0.375624 -0.900410
0.274787 0.380308 -0.883096
0.327804 0.386849 -0.861912
0.378430 0.395443 -0.836908
0.425871 0.406062 -0.808546
0.469904 0.418774 -0.777058
0.510235 0.433582 -0.742743
0.546168 0.450117 -0.706467
0.577584 0.468119 -0.668776
0.604458 0.487256 -0.630248
0.626896 0.507154 -0.591436
0.645120 0.527441 -0.552835
0.659380 0.547567 -0.515158
0.670108 0.567245 -0.478737
0.677716 0.585936 -0.444274
0.682712 0.603362 -0.412140
0.685592 0.619311 -0.382645
0.686846 0.633607 -0.356069
0.686916 0.646216 -0.332493
0.686187 0.657167 -0.311896
0.684964 0.666570 -0.294124
0.683475 0.674573 -0.278950
0.681894 0.681315 -0.266139
0.680326 0.686962 -0.255420
0.678866 0.691611 -0.246608
0.677564 0.695369 -0.239520
0.676486 0.698266 -0.234074
0.675670 0.700343 -0.230195
0.675167 0.701584 -0.227880
0.674995 0.702000 -0.227108
VECTORS q3 float
0.961316 -0.065145 -0.267634
0.961457 -0.062015 -0.267869
0.961868 -0.052630 -0.268403
0.962501 -0.037168 -0.268720
0.963285 -0.016014 -0.268004
0.964136 0.010496 -0.265201
0.964945 0.041895 -0.259088
0.965553 0.077593 -0.248369
0.965739 0.116242 -0.232027
0.965183 0.157529 -0.208821
0.963394 0.200410 -0.178067
0.959716 0.243949 -0.139404
0.953275 0.287579 -0.092544
0.943003 0.330654 -0.037599
0.927922 0.371986 0.024238
0.906945 0.411017 0.092280
0.879344 0.446740 0.164856
0.844713 0.478280 0.240224
0.803071 0.504842 0.316561
0.754998 0.525713 0.391923
0.701095 0.540504 0.465104
0.642841 0.548847 0.534342
0.581580 0.550735 0.598712
0.518664 0.546361 0.657630
0.455729 0.536142 0.710537
0.394062 0.520660 0.757382
0.335187 0.500752 0.798058
0.280510 0.477466 0.832670
0.230862 0.451843 0.861708
0.187123 0.425152 0.885568
0.149827 0.398712 0.904754
0.118888 0.373627 0.919928
0.094136 0.351082 0.931601
0.074966 0.331972 0.940306
0.060978 0.317403 0.946328
0.051146 0.307703 0.950107
0.044948 0.303458 0.951784
0.041675 0.304743 0.951522
0.041001 0.311500 0.949361
0.042793 0.323570 0.945236
0.047165 0.340464 0.939074
0.054425 0.361597 0.930745
0.064985 0.386252 0.920101
0.079392 0.413891 0.906858
0.097849 0.443387 0.890973
0.120699 0.474149 0.872132
0.147809 0.505205 0.850247
0.178930 0.535806 0.825164
0.213816 0.565452 0.796585
0.251677 0.593353 0.764585
0.291944 0.619044 0.729077
0.333983 0.642057 0.690086
0.377105 0.661920 0.647807
0.420720 0.678236 0.602488
0.464308 0.690658 0.554445
0.507478 0.698915 0.503968
0.549783 0.702775 0.451494
0.590857 0.702111 0.397402
0.630330 0.696906 0.342062
0.667790 0.687275 0.285850
0.702753 0.673503 0.229196
0.734685 0.656080 0.172616
0.763273 0.635529 0.116266
0.787814 0.612856 0.061297
0.808398 0.588589 0.007519
0.824530 0.564167 -0.043193
0.836853 0.539712 -0.091583
0.845675 0.515820 -0.136977
0.851490 0.493101 -0.178371
0.855114 0.471313 -0.215973
0.857345 0.449618 -0.250605
0.858803 0.427992 -0.281568
0.860080 0.405241 -0.309907
0.861538 0.380682 -0.335907
0.863365 0.353782 -0.359776
0.865588 0.324622 -0.381285
0.868204 0.292544 -0.400799
0.871086 0.258353 -0.417687
0.874197 0.222803 -0.431437
0.877595 0.186869 -0.441482
0.881447 0.151632 -0.447280
0.886030 0.117725 -0.448432
0.891497 0.086888 -0.444616
0.898211 0.059055 -0.435579
0.906230 0.035036 -0.421331
0.915476 0.015334 -0.402080
0.926061 -0.000474 -0.377372
0.937604 -0.012233 -0.347490
0.949727 -0.020078 -0.312436
0.961934 -0.024158 -0.272211
0.973618 -0.024599 -0.226856
0.984067 -0.021474 -0.176494
0.992420 -0.014853 -0.121993
0.998045 -0.004522 -0.062341
0.999956 0.009375 0.000566
0.997390 0.027121 0.066919
0.989622 0.048617 0.135219
0.975831 0.074216 0.205537
0.955521 0.103602 0.276126
0.927463 0.137388 0.347760
0.891822 0.174357 0.417436
0.848013 0.214307 0.484712
0.796238 0.256202 0.548056
0.736551 0.299153 0.606630
0.669449 0.341927 0.659487
0.596904 0.382580 0.705222
0.520681 0.419708 0.743463
0.442840 0.452121 0.774261
0.365415 0.479053 0.798110
0.290114 0.500262 0.815826
0.218714 0.515875 0.828273
0.151793 0.526614 0.836443
0.090251 0.533339 0.841074
0.034073 0.537142 0.842803
-0.016971 0.539075 0.842087
-0.063078 0.540030 0.839279
-0.104611 0.540673 0.834703
-0.141837 0.541411 0.828708
-0.175008 0.542406 0.821686
-0.204306 0.543639 0.814074
-0.229804 0.544978 0.806343
-0.251646 0.546262 0.798919
-0.269846 0.547351 0.792206
-0.284556 0.548170 0.786471
-0.295817 0.548709 0.781928
-0.303786 0.549016 0.778650
-0.308500 0.549160 0.776693
-0.310067 0.549200 0.776040
