# vtk DataFile Version 2.0
VTK example
ASCII
DATASET UNSTRUCTURED_GRID
POINTS  128  float
-0.000441 -0.000117 -0.000179
-0.000435 -0.000118 -0.000171
-0.000430 -0.000119 -0.000164
-0.000424 -0.000119 -0.000157
-0.000418 -0.000120 -0.000151
-0.000412 -0.000121 -0.000144
-0.000405 -0.000121 -0.000138
-0.000398 -0.000122 -0.000132
-0.000391 -0.000122 -0.000127
-0.000383 -0.000122 -0.000122
-0.000375 -0.000122 -0.000118
-0.000367 -0.000122 -0.000115
-0.000358 -0.000122 -0.000112
-0.000349 -0.000122 -0.000110
-0.000340 -0.000121 -0.000109
-0.000331 -0.000120 -0.000108
-0.000322 -0.000120 -0.000108
-0.000313 -0.000119 -0.000109
-0.000304 -0.000118 -0.000111
-0.000296 -0.000117 -0.000113
-0.000287 -0.000116 -0.000116
-0.000279 -0.000115 -0.000119
-0.000270 -0.000114 -0.000122
-0.000262 -0.000113 -0.000126
-0.000254 -0.000112 -0.000130
-0.000247 -0.000112 -0.000135
-0.000239 -0.000111 -0.000140
-0.000231 -0.000110 -0.000144
-0.000224 -0.000109 -0.000149
-0.000216 -0.000107 -0.000154
-0.000209 -0.000106 -0.000159
-0.000201 -0.000105 -0.000164
-0.000193 -0.000103 -0.000168
-0.000185 -0.000102 -0.000173
-0.000177 -0.000101 -0.000177
-0.000170 -0.000099 -0.000181
-0.000161 -0.000097 -0.000184
-0.000153 -0.000096 -0.000188
-0.000145 -0.000094 -0.000191
-0.000136 -0.000092 -0.000194
-0.000128 -0.000090 -0.000196
-0.000119 -0.000088 -0.000198
-0.000111 -0.000086 -0.000200
-0.000102 -0.000083 -0.000201
-0.000093 -0.000081 -0.000202
-0.000085 -0.000078 -0.000202
-0.000076 -0.000075 -0.000202
-0.000068 -0.000072 -0.000201
-0.000059 -0.000069 -0.000200
-0.000051 -0.000066 -0.000198
-0.000043 -0.000062 -0.000195
-0.000036 -0.000059 -0.000192
-0.000028 -0.000055 -0.000188
-0.000021 -0.000051 -0.000184
-0.000015 -0.000047 -0.000178
-0.000009 -0.000044 -0.000173
-0.000004 -0.000040 -0.000166
0.000001 -0.000036 -0.000160
0.000005 -0.000033 -0.000152
0.000009 -0.000029 -0.000145
0.000012 -0.000026 -0.000137
0.000015 -0.000022 -0.000129
0.000017 -0.000019 -0.000121
0.000018 -0.000016 -0.000113
0.000020 -0.000012 -0.000105
0.000021 -0.000009 -0.000096
0.000022 -0.000006 -0.000088
0.000023 -0.000003 -0.000079
0.000023 0.000001 -0.000071
0.000023 0.000004 -0.000062
0.000024 0.000007 -0.000054
0.000024 0.000011 -0.000046
0.000024 0.000014 -0.000037
0.000024 0.000018 -0.000029
0.000025 0.000022 -0.000021
0.000025 0.000026 -0.000013
0.000025 0.000030 -0.000005
0.000026 0.000034 0.000003
0.000027 0.000038 0.000011
0.000028 0.000043 0.000019
0.000029 0.000048 0.000027
0.000031 0.000053 0.000034
0.000033 0.000058 0.000041
0.000036 0.000063 0.000048
0.000039 0.000069 0.000054
0.000043 0.000074 0.000061
0.000047 0.000080 0.000066
0.000051 0.000086 0.000071
0.000056 0.000092 0.000076
0.000062 0.000098 0.000080
0.000068 0.000104 0.000083
0.000074 0.000110 0.000085
0.000081 0.000115 0.000087
0.000088 0.000121 0.000088
0.000096 0.000126 0.000089
0.000103 0.000131 0.000089
0.000111 0.000136 0.000088
0.000119 0.000140 0.000087
0.000127 0.000144 0.000085
0.000134 0.000148 0.000082
0.000142 0.000152 0.000080
0.000150 0.000155 0.000077
0.000158 0.000158 0.000073
0.000166 0.000161 0.000070
0.000173 0.000164 0.000066
0.000181 0.000167 0.000062
0.000189 0.000169 0.000058
0.000196 0.000171 0.000053
0.000204 0.000173 0.000049
0.000212 0.000175 0.000045
0.000219 0.000177 0.000040
0.000227 0.000179 0.000036
0.000235 0.000180 0.000031
0.000243 0.000182 0.000027
0.000251 0.000183 0.000023
0.000259 0.000184 0.000018
0.000267 0.000185 0.000015
0.000275 0.000186 0.000011
0.000283 0.000187 0.000007
0.000292 0.000188 0.000004
0.000300 0.000188 0.000002
0.000309 0.000189 -0.000001
0.000318 0.000189 -0.000003
0.000327 0.000189 -0.000004
0.000336 0.000190 -0.000006
0.000345 0.000190 -0.000007
0.000354 0.000190 -0.000008
0.000363 0.000190 -0.000008
CELLS  127 381
2 0 1 
2 1 2 
2 2 3 
2 3 4 
2 4 5 
2 5 6 
2 6 7 
2 7 8 
2 8 9 
2 9 10 
2 10 11 
2 11 12 
2 12 13 
2 13 14 
2 14 15 
2 15 16 
2 16 17 
2 17 18 
2 18 19 
2 19 20 
2 20 21 
2 21 22 
2 22 23 
2 23 24 
2 24 25 
2 25 26 
2 26 27 
2 27 28 
2 28 29 
2 29 30 
2 30 31 
2 31 32 
2 32 33 
2 33 34 
2 34 35 
2 35 36 
2 36 37 
2 37 38 
2 38 39 
2 39 40 
2 40 41 
2 41 42 
2 42 43 
2 43 44 
2 44 45 
2 45 46 
2 46 47 
2 47 48 
2 48 49 
2 49 50 
2 50 51 
2 51 52 
2 52 53 
2 53 54 
2 54 55 
2 55 56 
2 56 57 
2 57 58 
2 58 59 
2 59 60 
2 60 61 
2 61 62 
2 62 63 
2 63 64 
2 64 65 
2 65 66 
2 66 67 
2 67 68 
2 68 69 
2 69 70 
2 70 71 
2 71 72 
2 72 73 
2 73 74 
2 74 75 
2 75 76 
2 76 77 
2 77 78 
2 78 79 
2 79 80 
2 80 81 
2 81 82 
2 82 83 
2 83 84 
2 84 85 
2 85 86 
2 86 87 
2 87 88 
2 88 89 
2 89 90 
2 90 91 
2 91 92 
2 92 93 
2 93 94 
2 94 95 
2 95 96 
2 96 97 
2 97 98 
2 98 99 
2 99 100 
2 100 101 
2 101 102 
2 102 103 
2 103 104 
2 104 105 
2 105 106 
2 106 107 
2 107 108 
2 108 109 
2 109 110 
2 110 111 
2 111 112 
2 112 113 
2 113 114 
2 114 115 
2 115 116 
2 116 117 
2 117 118 
2 118 119 
2 119 120 
2 120 121 
2 121 122 
2 122 123 
2 123 124 
2 124 125 
2 125 126 
2 126 127 
CELL_TYPES  127
3
3
3
3
3
3
3
3
3
3
3
3
3
3
3
3
3
3
3
3
3
3
3
3
3
3
3
3
3
3
3
3
3
3
3
3
3
3
3
3
3
3
3
3
3
3
3
3
3
3
3
3
3
3
3
3
3
3
3
3
3
3
3
3
3
3
3
3
3
3
3
3
3
3
3
3
3
3
3
3
3
3
3
3
3
3
3
3
3
3
3
3
3
3
3
3
3
3
3
3
3
3
3
3
3
3
3
3
3
3
3
3
3
3
3
3
3
3
3
3
3
3
3
3
3
3
3
POINT_DATA  128
VECTORS Position float
-0.000441 -0.000117 -0.000179
-0.000435 -0.000118 -0.000171
-0.000430 -0.000119 -0.000164
-0.000424 -0.000119 -0.000157
-0.000418 -0.000120 -0.000151
-0.000412 -0.000121 -0.000144
-0.000405 -0.000121 -0.000138
-0.000398 -0.000122 -0.000132
-0.000391 -0.000122 -0.000127
-0.000383 -0.000122 -0.000122
-0.000375 -0.000122 -0.000118
-0.000367 -0.000122 -0.000115
-0.000358 -0.000122 -0.000112
-0.000349 -0.000122 -0.000110
-0.000340 -0.000121 -0.000109
-0.000331 -0.000120 -0.000108
-0.000322 -0.000120 -0.000108
-0.000313 -0.000119 -0.000109
-0.000304 -0.000118 -0.000111
-0.000296 -0.000117 -0.000113
-0.000287 -0.000116 -0.000116
-0.000279 -0.000115 -0.000119
-0.000270 -0.000114 -0.000122
-0.000262 -0.000113 -0.000126
-0.000254 -0.000112 -0.000130
-0.000247 -0.000112 -0.000135
-0.000239 -0.000111 -0.000140
-0.000231 -0.000110 -0.000144
-0.000224 -0.000109 -0.000149
-0.000216 -0.000107 -0.000154
-0.000209 -0.000106 -0.000159
-0.000201 -0.000105 -0.000164
-0.000193 -0.000103 -0.000168
-0.000185 -0.000102 -0.000173
-0.000177 -0.000101 -0.000177
-0.000170 -0.000099 -0.000181
-0.000161 -0.000097 -0.000184
-0.000153 -0.000096 -0.000188
-0.000145 -0.000094 -0.000191
-0.000136 -0.000092 -0.000194
-0.000128 -0.000090 -0.000196
-0.000119 -0.000088 -0.000198
-0.000111 -0.000086 -0.000200
-0.000102 -0.000083 -0.000201
-0.000093 -0.000081 -0.000202
-0.000085 -0.000078 -0.000202
-0.000076 -0.000075 -0.000202
-0.000068 -0.000072 -0.000201
-0.000059 -0.000069 -0.000200
-0.000051 -0.000066 -0.000198
-0.000043 -0.000062 -0.000195
-0.000036 -0.000059 -0.000192
-0.000028 -0.000055 -0.000188
-0.000021 -0.000051 -0.000184
-0.000015 -0.000047 -0.000178
-0.000009 -0.000044 -0.000173
-0.000004 -0.000040 -0.000166
0.000001 -0.000036 -0.000160
0.000005 -0.000033 -0.000152
0.000009 -0.000029 -0.000145
0.000012 -0.000026 -0.000137
0.000015 -0.000022 -0.000129
0.000017 -0.000019 -0.000121
0.000018 -0.000016 -0.000113
0.000020 -0.000012 -0.000105
0.000021 -0.000009 -0.000096
0.000022 -0.000006 -0.000088
0.000023 -0.000003 -0.000079
0.000023 0.000001 -0.000071
0.000023 0.000004 -0.000062
0.000024 0.000007 -0.000054
0.000024 0.000011 -0.000046
0.000024 0.000014 -0.000037
0.000024 0.000018 -0.000029
0.000025 0.000022 -0.000021
0.000025 0.000026 -0.000013
0.000025 0.000030 -0.000005
0.000026 0.000034 0.000003
0.000027 0.000038 0.000011
0.000028 0.000043 0.000019
0.000029 0.000048 0.000027
0.000031 0.000053 0.000034
0.000033 0.000058 0.000041
0.000036 0.000063 0.000048
0.000039 0.000069 0.000054
0.000043 0.000074 0.000061
0.000047 0.000080 0.000066
0.000051 0.000086 0.000071
0.000056 0.000092 0.000076
0.000062 0.000098 0.000080
0.000068 0.000104 0.000083
0.000074 0.000110 0.000085
0.000081 0.000115 0.000087
0.000088 0.000121 0.000088
0.000096 0.000126 0.000089
0.000103 0.000131 0.000089
0.000111 0.000136 0.000088
0.000119 0.000140 0.000087
0.000127 0.000144 0.000085
0.000134 0.000148 0.000082
0.000142 0.000152 0.000080
0.000150 0.000155 0.000077
0.000158 0.000158 0.000073
0.000166 0.000161 0.000070
0.000173 0.000164 0.000066
0.000181 0.000167 0.000062
0.000189 0.000169 0.000058
0.000196 0.000171 0.000053
0.000204 0.000173 0.000049
0.000212 0.000175 0.000045
0.000219 0.000177 0.000040
0.000227 0.000179 0.000036
0.000235 0.000180 0.000031
0.000243 0.000182 0.000027
0.000251 0.000183 0.000023
0.000259 0.000184 0.000018
0.000267 0.000185 0.000015
0.000275 0.000186 0.000011
0.000283 0.000187 0.000007
0.000292 0.000188 0.000004
0.000300 0.000188 0.000002
0.000309 0.000189 -0.000001
0.000318 0.000189 -0.000003
0.000327 0.000189 -0.000004
0.000336 0.000190 -0.000006
0.000345 0.000190 -0.000007
0.000354 0.000190 -0.000008
0.000363 0.000190 -0.000008
VECTORS Rotation float
0.653370 -0.087605 -0.644034
0.653055 -0.086970 -0.650141
0.652126 -0.084995 -0.668376
0.650680 -0.081510 -0.698185
0.648894 -0.076285 -0.738582
0.646962 -0.069018 -0.788732
0.645129 -0.059440 -0.847673
0.643687 -0.047396 -0.914348
0.643037 -0.033160 -0.986393
0.643400 -0.016870 -1.063444
0.645041 0.000824 -1.143788
0.648101 0.019093 -1.225890
0.652596 0.037141 -1.308925
0.658445 0.054131 -1.392041
0.665436 0.069120 -1.473511
0.673318 0.081613 -1.553080
0.681781 0.091206 -1.629840
0.690522 0.097809 -1.703242
0.699267 0.101605 -1.772829
0.707773 0.103024 -1.838005
0.715886 0.102717 -1.898620
0.723454 0.101471 -1.953769
0.730406 0.100125 -2.002924
0.736712 0.099469 -2.045579
0.742351 0.100160 -2.081059
0.747311 0.102640 -2.108966
0.751559 0.107092 -2.128887
0.755043 0.113414 -2.140672
0.757689 0.121302 -2.144535
0.759426 0.130235 -2.140914
0.760206 0.139599 -2.130529
0.759991 0.148875 -2.114223
0.758809 0.157613 -2.093008
0.756687 0.165635 -2.067759
0.753794 0.172848 -2.039772
0.750071 0.179649 -2.009242
0.745697 0.186327 -1.977289
0.740513 0.193533 -1.943499
0.734535 0.201696 -1.908242
0.727514 0.211372 -1.870765
0.719298 0.222836 -1.830850
0.709649 0.236259 -1.788016
0.698305 0.251644 -1.741815
0.684867 0.268994 -1.691361
0.669183 0.287828 -1.636843
0.650857 0.307886 -1.577528
0.629723 0.328537 -1.513522
0.605596 0.349168 -1.444737
0.578220 0.369209 -1.370755
0.547725 0.387790 -1.292144
0.514175 0.404196 -1.208996
0.477832 0.417704 -1.121701
0.439233 0.427661 -1.031078
0.399105 0.433615 -0.938174
0.358378 0.435386 -0.844345
0.318047 0.433129 -0.751049
0.279208 0.427344 -0.660079
0.242795 0.418840 -0.573056
0.209521 0.408623 -0.491400
0.179840 0.397777 -0.416233
0.153949 0.387328 -0.348337
0.131826 0.378140 -0.288137
0.113121 0.370772 -0.235258
0.097719 0.365662 -0.189920
0.085011 0.362883 -0.150940
0.075000 0.362466 -0.118589
0.067050 0.364260 -0.091409
0.060982 0.368083 -0.069022
0.056790 0.373671 -0.051368
0.054319 0.380877 -0.038027
0.053396 0.389724 -0.028627
0.054230 0.399890 -0.023436
0.056810 0.411565 -0.022450
0.061306 0.424744 -0.025912
0.067935 0.439461 -0.034120
0.076952 0.455592 -0.047293
0.088751 0.473622 -0.066163
0.103692 0.493411 -0.090996
0.122256 0.514986 -0.122315
0.145018 0.538281 -0.160718
0.172640 0.563072 -0.206859
0.206159 0.589227 -0.262060
0.245673 0.615445 -0.325630
0.292689 0.641455 -0.399713
0.347305 0.665747 -0.483823
0.408971 0.686743 -0.576718
0.478538 0.703526 -0.679875
0.554091 0.714464 -0.790529
0.633650 0.718514 -0.906312
0.714713 0.715098 -1.024343
0.794589 0.704197 -1.141550
0.870816 0.686332 -1.255114
0.940734 0.662773 -1.361503
1.004684 0.634131 -1.461825
1.060719 0.602362 -1.552792
1.109513 0.568351 -1.635312
1.150950 0.533627 -1.708505
1.186086 0.498682 -1.773641
1.215272 0.464683 -1.830388
1.239787 0.431330 -1.880658
1.259816 0.399908 -1.923670
1.276231 0.370361 -1.960531
1.289606 0.342979 -1.991711
1.300541 0.317658 -2.018020
1.309505 0.294291 -2.040107
1.316825 0.273034 -2.058231
1.322797 0.253730 -2.072783
1.327639 0.236181 -2.083997
1.331500 0.220134 -2.091961
1.334481 0.205273 -2.096627
1.336651 0.191350 -2.097783
1.338039 0.177972 -2.095117
1.338693 0.164921 -2.088249
1.338643 0.151911 -2.076746
1.337939 0.138732 -2.060198
1.336674 0.125299 -2.038345
1.334960 0.111595 -2.011076
1.332949 0.097735 -1.978583
1.330810 0.083921 -1.941380
1.328713 0.070434 -1.900383
1.326817 0.057633 -1.857019
1.325226 0.045834 -1.812952
1.324007 0.035397 -1.770394
1.323149 0.026551 -1.731428
1.322610 0.019531 -1.698420
1.322307 0.014434 -1.673190
1.322166 0.011368 -1.657472
1.322126 0.010340 -1.652106
VECTORS ControlForce float
0.000000 0.000000 0.000000
-0.000276 -0.000101 0.000042
-0.000524 -0.000195 0.000086
-0.000708 -0.000275 0.000113
-0.000817 -0.000354 0.000118
-0.000838 -0.000439 0.000107
-0.000788 -0.000545 0.000094
-0.000674 -0.000663 0.000075
-0.000516 -0.000778 0.000043
-0.000353 -0.000871 0.000007
-0.000224 -0.000930 -0.000028
-0.000122 -0.000918 -0.000066
-0.000043 -0.000819 -0.000098
0.000006 -0.000650 -0.000112
0.000020 -0.000433 -0.000106
-0.000003 -0.000198 -0.000080
-0.000074 0.000023 -0.000038
-0.000207 0.000197 0.000006
-0.000384 0.000309 0.000043
-0.000566 0.000358 0.000064
-0.000712 0.000342 0.000070
-0.000778 0.000280 0.000062
-0.000760 0.000172 0.000038
-0.000644 0.000046 0.000006
-0.000425 -0.000063 -0.000022
-0.000126 -0.000131 -0.000039
0.000217 -0.000140 -0.000046
0.000548 -0.000093 -0.000056
0.000808 -0.000001 -0.000075
0.000965 0.000135 -0.000106
0.000998 0.000299 -0.000148
0.000888 0.000456 -0.000195
0.000677 0.000589 -0.000229
0.000414 0.000674 -0.000243
0.000121 0.000673 -0.000249
-0.000166 0.000575 -0.000243
-0.000397 0.000417 -0.000223
-0.000554 0.000228 -0.000188
-0.000616 0.000055 -0.000136
-0.000574 -0.000067 -0.000068
-0.000457 -0.000139 0.000001
-0.000327 -0.000188 0.000056
-0.000200 -0.000215 0.000099
-0.000095 -0.000222 0.000140
-0.000029 -0.000228 0.000173
0.000024 -0.000223 0.000204
0.000062 -0.000220 0.000228
0.000088 -0.000221 0.000246
0.000092 -0.000227 0.000264
0.000100 -0.000210 0.000279
0.000107 -0.000164 0.000292
0.000134 -0.000071 0.000299
0.000198 0.000074 0.000288
0.000293 0.000253 0.000252
0.000406 0.000435 0.000185
0.000505 0.000580 0.000090
0.000547 0.000644 -0.000015
0.000533 0.000630 -0.000132
0.000447 0.000536 -0.000245
0.000284 0.000368 -0.000327
0.000075 0.000168 -0.000378
-0.000141 -0.000023 -0.000401
-0.000330 -0.000187 -0.000385
-0.000458 -0.000302 -0.000345
-0.000506 -0.000358 -0.000296
-0.000481 -0.000368 -0.000248
-0.000402 -0.000339 -0.000196
-0.000293 -0.000284 -0.000152
-0.000172 -0.000214 -0.000132
-0.000059 -0.000140 -0.000130
0.000036 -0.000066 -0.000126
0.000110 -0.000004 -0.000110
0.000163 0.000055 -0.000078
0.000196 0.000113 -0.000029
0.000213 0.000169 0.000020
0.000217 0.000214 0.000065
0.000212 0.000245 0.000111
0.000201 0.000250 0.000157
0.000183 0.000215 0.000205
0.000160 0.000153 0.000243
0.000132 0.000087 0.000260
0.000092 0.000019 0.000267
0.000029 -0.000062 0.000264
-0.000056 -0.000135 0.000251
-0.000161 -0.000196 0.000222
-0.000280 -0.000252 0.000180
-0.000392 -0.000293 0.000136
-0.000471 -0.000291 0.000084
-0.000519 -0.000276 0.000032
-0.000532 -0.000259 -0.000016
-0.000506 -0.000240 -0.000061
-0.000451 -0.000231 -0.000102
-0.000362 -0.000219 -0.000138
-0.000254 -0.000200 -0.000153
-0.000148 -0.000189 -0.000156
-0.000051 -0.000164 -0.000152
0.000042 -0.000101 -0.000142
0.000114 -0.000024 -0.000122
0.000162 0.000057 -0.000090
0.000190 0.000137 -0.000040
0.000203 0.000206 0.000006
0.000215 0.000265 0.000039
0.000231 0.000303 0.000063
0.000245 0.000294 0.000086
0.000261 0.000248 0.000119
0.000267 0.000145 0.000149
0.000275 0.000023 0.000178
0.000284 -0.000100 0.000207
0.000289 -0.000221 0.000234
0.000275 -0.000344 0.000259
0.000243 -0.000447 0.000287
0.000198 -0.000498 0.000326
0.000139 -0.000505 0.000369
0.000075 -0.000448 0.000417
0.000009 -0.000322 0.000465
-0.000049 -0.000124 0.000507
-0.000085 0.000142 0.000535
-0.000082 0.000478 0.000543
-0.000037 0.000846 0.000523
0.000049 0.001218 0.000475
0.000158 0.001543 0.000399
0.000265 0.001763 0.000303
0.000343 0.001831 0.000201
0.000378 0.001742 0.000111
0.000351 0.001469 0.000042
0.000267 0.001050 0.000004
0.000141 0.000536 -0.000008
-0.000000 -0.000000 -0.000000
VECTORS ControlTorque float
0.000000 -0.000005 -0.000001
0.000000 -0.000005 -0.000001
0.000000 -0.000005 -0.000001
0.000000 -0.000004 -0.000001
0.000000 -0.000004 -0.000001
0.000001 -0.000004 -0.000001
0.000001 -0.000004 -0.000001
0.000000 -0.000001 -0.000001
0.000000 -0.000003 -0.000001
0.000000 -0.000001 -0.000001
0.000000 -0.000000 -0.000000
-0.000000 -0.000000 -0.000000
-0.000000 -0.000000 0.000000
-0.000000 0.000001 0.000001
-0.000000 0.000000 0.000001
-0.000000 0.000001 0.000001
-0.000000 0.000001 0.000001
-0.000000 0.000002 0.000001
-0.000000 0.000002 0.000001
0.000000 0.000002 0.000001
-0.000000 0.000002 0.000000
-0.000000 0.000002 -0.000000
-0.000000 0.000003 -0.000000
-0.000001 0.000003 -0.000000
-0.000001 0.000003 -0.000001
-0.000001 0.000003 -0.000001
-0.000001 0.000003 -0.000000
-0.000001 0.000003 -0.000000
-0.000001 0.000003 -0.000000
-0.000000 0.000003 0.000000
-0.000000 0.000002 0.000000
-0.000000 0.000002 0.000000
-0.000000 0.000002 0.000000
0.000000 0.000001 0.000000
-0.000000 0.000002 0.000000
0.000000 -0.000000 0.000000
-0.000000 0.000001 -0.000000
-0.000000 0.000000 -0.000000
-0.000001 0.000001 -0.000001
-0.000000 0.000001 -0.000001
-0.000001 0.000001 -0.000001
-0.000000 0.000001 -0.000001
-0.000001 0.000002 -0.000001
-0.000000 0.000001 -0.000001
-0.000001 0.000002 -0.000001
-0.000000 0.000001 -0.000001
-0.000000 0.000001 -0.000001
-0.000001 0.000002 -0.000001
-0.000000 0.000001 -0.000000
-0.000000 0.000001 -0.000000
-0.000000 0.000001 -0.000000
-0.000000 0.000001 0.000000
-0.000000 0.000001 0.000000
-0.000000 0.000000 0.000000
-0.000000 -0.000000 0.000000
0.000000 -0.000001 0.000000
0.000000 -0.000001 0.000000
0.000001 -0.000002 0.000000
0.000001 -0.000002 0.000001
0.000001 -0.000002 0.000001
0.000001 -0.000003 0.000001
0.000001 -0.000002 0.000001
0.000002 -0.000003 0.000001
0.000001 -0.000002 0.000000
0.000001 -0.000003 0.000001
0.000001 -0.000001 0.000000
0.000001 -0.000002 0.000001
0.000001 -0.000002 0.000001
0.000001 -0.000002 0.000001
0.000001 -0.000001 0.000001
0.000000 -0.000002 0.000001
0.000001 -0.000001 0.000001
0.000001 -0.000002 0.000001
0.000001 -0.000002 0.000001
0.000000 -0.000001 0.000001
0.000001 -0.000002 0.000001
0.000001 -0.000002 0.000001
0.000001 -0.000002 0.000001
0.000001 -0.000002 0.000001
0.000001 -0.000002 0.000001
0.000002 -0.000003 0.000001
0.000000 -0.000001 0.000001
0.000002 -0.000003 0.000001
0.000001 -0.000002 0.000001
0.000000 -0.000001 0.000000
0.000002 -0.000003 0.000002
0.000000 -0.000001 0.000001
0.000000 -0.000001 0.000001
0.000000 -0.000001 0.000000
-0.000000 -0.000000 0.000000
0.000000 -0.000000 0.000000
-0.000001 0.000002 -0.000001
0.000001 -0.000001 0.000001
-0.000002 0.000002 -0.000001
-0.000000 0.000000 -0.000000
-0.000002 0.000002 -0.000001
-0.000001 0.000001 -0.000000
-0.000002 0.000003 -0.000001
-0.000000 0.000000 0.000000
-0.000002 0.000003 -0.000001
-0.000001 0.000001 -0.000001
-0.000001 0.000002 -0.000001
-0.000001 0.000001 -0.000001
-0.000001 0.000001 -0.000000
-0.000001 0.000001 -0.000001
-0.000001 0.000001 -0.000001
-0.000001 0.000001 -0.000001
-0.000001 0.000001 -0.000000
-0.000000 0.000001 -0.000000
-0.000000 0.000001 -0.000000
-0.000000 0.000002 0.000000
-0.000000 0.000002 0.000000
-0.000000 0.000002 0.000000
-0.000000 0.000002 0.000000
-0.000000 0.000002 0.000000
-0.000000 0.000002 0.000000
-0.000000 0.000002 0.000000
-0.000000 0.000002 0.000000
-0.000000 0.000002 -0.000000
-0.000000 0.000001 -0.000000
-0.000000 0.000000 -0.000000
-0.000000 -0.000001 -0.000001
-0.000000 -0.000001 -0.000001
-0.000000 -0.000003 -0.000001
-0.000000 -0.000003 -0.000001
-0.000000 -0.000004 -0.000001
-0.000000 -0.000004 -0.000001
-0.000000 -0.000005 -0.000001
VECTORS Curvature float
-265.450624 281.931273 -13.908020
-857.893585 905.343435 -44.152606
-1880.289504 1963.672038 -94.812628
-2727.600155 2797.165888 -135.833172
-3558.106006 3561.360151 -173.576571
-4354.108590 4233.983670 -204.658062
-5164.323270 4864.155275 -228.855049
-5776.403698 5272.431364 -244.582711
-6280.547644 5567.467073 -253.879974
-6766.315907 5862.446247 -255.446657
-6998.691932 5976.562329 -251.286652
-7099.973673 6040.360139 -243.107884
-7149.632730 6133.135257 -232.500417
-6977.745040 6108.755402 -220.632714
-6672.479538 6034.113590 -210.898789
-6339.058785 5980.308610 -203.025238
-5899.721403 5851.358207 -198.780846
-5452.755620 5705.804671 -197.992477
-4974.804928 5482.867659 -200.390471
-4535.263245 5225.505063 -205.206872
-4114.274320 4882.986888 -211.454756
-3674.415683 4398.194500 -218.195169
-3279.508443 3846.211287 -224.611342
-2883.774335 3190.640188 -230.197399
-2484.533831 2456.818277 -234.699358
-2075.663858 1675.467584 -238.089731
-1626.534579 862.433423 -240.425667
-1161.497021 77.360440 -241.757822
-685.381958 -645.399240 -241.908452
-202.213289 -1266.797316 -240.571381
265.254584 -1782.633012 -237.146190
695.049449 -2180.241821 -231.047194
1089.932731 -2503.598063 -221.581151
1386.991935 -2688.345198 -208.483824
1630.515643 -2858.939133 -191.181403
1781.472986 -2991.450209 -170.257624
1860.434478 -3126.850717 -145.561257
1904.740345 -3328.573301 -118.131886
1902.662252 -3562.452398 -88.283976
1913.272779 -3902.880523 -57.173458
1899.748497 -4254.173324 -25.385297
1893.174547 -4633.806126 6.156624
1933.068855 -5121.735098 37.038559
1982.979757 -5599.072443 65.294322
2044.275896 -6055.281148 91.545597
2142.692732 -6551.141970 113.812400
2230.190581 -6937.682300 132.284929
2362.435325 -7378.400918 146.772136
2504.698335 -7767.971254 156.023127
2644.268424 -8059.903227 161.225696
2812.088957 -8358.804617 161.810324
2978.356976 -8588.739446 158.157690
3130.392760 -8740.523753 150.629428
3250.702900 -8805.015580 139.438856
3325.881722 -8786.928200 124.819617
3330.308868 -8659.855860 106.927109
3243.953591 -8398.757728 85.911985
3070.009538 -8026.430884 61.969253
2809.682770 -7542.408846 35.480655
2476.992715 -6967.518385 6.978160
2081.663954 -6290.572517 -22.912358
1677.696838 -5641.231454 -53.646569
1256.193182 -4929.399202 -84.380863
856.598682 -4287.338935 -114.997748
486.227685 -3643.382296 -145.089900
146.921928 -3026.905679 -174.464744
-143.130362 -2595.215304 -202.858780
-400.455267 -2093.645563 -229.979855
-609.040432 -1606.908142 -255.663910
-827.203381 -1213.077486 -279.383769
-1010.595684 -805.275548 -301.081921
-1177.476677 -375.656115 -319.951190
-1379.775225 40.297637 -336.292066
-1587.466523 494.319174 -349.726797
-1762.896704 940.147132 -360.391290
-1992.354634 1428.967469 -368.879083
-2284.339005 1960.780254 -374.924838
-2552.077690 2473.015737 -379.267136
-2868.914799 3018.006750 -382.219369
-3182.779726 3544.251353 -383.786953
-3611.253468 4195.666313 -385.511307
-3953.767111 4734.138085 -384.518350
-4291.005932 5275.824025 -385.991521
-4751.666565 5966.012491 -385.089839
-4950.491104 6329.596738 -384.082079
-5234.499077 6814.377990 -385.090799
-5563.619759 7342.997464 -383.607889
-5701.159855 7620.426665 -383.457232
-5815.325304 7850.482758 -382.985767
-5849.792543 7954.827561 -382.571722
-5865.285710 8016.422941 -381.076051
-5678.598728 7775.214222 -380.141792
-5570.890441 7650.487383 -373.761362
-5423.143649 7445.700045 -370.039367
-5106.666192 7036.577848 -359.932471
-4791.802125 6634.298521 -351.255511
-4422.709210 6193.393625 -338.152019
-4021.111689 5721.441919 -327.309969
-3654.829784 5336.137771 -312.953642
-3289.432282 4956.245992 -302.782973
-2816.908132 4430.741930 -290.494368
-2427.451440 4017.977245 -280.357357
-2041.336451 3596.370274 -270.435871
-1725.583185 3272.608894 -261.524502
-1417.073699 2938.758119 -253.458207
-1114.601741 2598.682282 -245.660495
-834.039547 2305.060945 -238.294111
-553.092450 2039.280291 -231.200267
-260.394207 1815.433004 -224.378821
59.299049 1612.972432 -217.812189
422.046713 1443.141869 -211.451713
833.212134 1299.860105 -205.158174
1293.821277 1165.279812 -198.693546
1815.349297 1053.738815 -191.644364
2378.717763 945.367607 -183.409580
2965.841390 834.117341 -173.392398
3551.985151 715.421775 -160.930990
4094.556337 584.073057 -145.686897
4562.834239 442.616938 -127.701288
4885.964180 294.654509 -107.431861
5042.258943 151.190051 -86.158747
4970.952552 24.997547 -65.028572
4662.984879 -72.633306 -45.928643
4106.594781 -131.248949 -29.770945
3308.880262 -147.405532 -17.573121
2352.814721 -125.710863 -9.176903
1097.333199 -64.091754 -3.434761
356.652955 -21.790113 -1.113460
VECTORS LocalRotation float
0.779317 -0.105128 0.092801
0.774219 -0.099740 0.092537
0.761871 -0.086802 0.091911
0.741096 -0.065337 0.090871
0.712579 -0.036490 0.089467
0.676638 -0.001080 0.087749
0.633520 0.040134 0.085785
0.584261 0.085773 0.083654
0.529482 0.135022 0.081389
0.470494 0.186700 0.079086
0.408243 0.240240 0.076795
0.344262 0.294774 0.074551
0.279673 0.349953 0.072395
0.215908 0.405207 0.070350
0.154001 0.460278 0.068393
0.095126 0.514642 0.066520
0.039724 0.568201 0.064701
-0.011680 0.620532 0.062904
-0.058887 0.671184 0.061101
-0.102016 0.719748 0.059261
-0.141100 0.765424 0.057379
-0.176371 0.807454 0.055433
-0.207897 0.844830 0.053426
-0.235806 0.876695 0.051366
-0.260133 0.902287 0.049259
-0.280748 0.920967 0.047122
-0.297478 0.932436 0.044960
-0.310107 0.936693 0.042776
-0.318460 0.934124 0.040588
-0.322479 0.925466 0.038403
-0.322193 0.911616 0.036234
-0.317839 0.893649 0.034111
-0.309749 0.872421 0.032060
-0.298587 0.849025 0.030122
-0.284864 0.823797 0.028304
-0.269504 0.797459 0.026677
-0.252931 0.769618 0.025240
-0.235935 0.740477 0.024049
-0.218644 0.709183 0.023112
-0.201414 0.675474 0.022455
-0.184174 0.638593 0.022082
-0.166988 0.598322 0.021995
-0.149601 0.553991 0.022191
-0.131923 0.505594 0.022653
-0.113661 0.452748 0.023364
-0.094745 0.395792 0.024292
-0.074952 0.334737 0.025406
-0.054118 0.269796 0.026672
-0.032120 0.201337 0.028040
-0.008787 0.129614 0.029478
0.015940 0.055207 0.030942
0.042154 -0.021516 0.032390
0.069806 -0.099961 0.033788
0.098694 -0.179390 0.035101
0.128478 -0.259061 0.036298
0.158600 -0.338016 0.037347
0.188365 -0.415249 0.038220
0.216958 -0.489631 0.038890
0.243584 -0.560132 0.039331
0.267519 -0.625826 0.039523
0.288165 -0.685870 0.039451
0.305217 -0.739991 0.039104
0.318465 -0.787723 0.038480
0.328062 -0.829588 0.037575
0.334107 -0.865291 0.036404
0.336999 -0.895763 0.034944
0.337016 -0.921172 0.033239
0.334574 -0.942239 0.031294
0.329989 -0.959046 0.029088
0.323435 -0.971914 0.026647
0.315171 -0.980991 0.024037
0.305195 -0.986375 0.021205
0.293619 -0.987893 0.018234
0.280242 -0.985483 0.015142
0.265162 -0.979026 0.011946
0.248048 -0.968230 0.008622
0.228773 -0.952952 0.005270
0.206929 -0.932926 0.001863
0.182385 -0.908066 -0.001584
0.154928 -0.878292 -0.005060
0.124048 -0.843112 -0.008556
0.090026 -0.802953 -0.012019
0.052431 -0.757309 -0.015533
0.011651 -0.706611 -0.019010
-0.032136 -0.651119 -0.022482
-0.078688 -0.591043 -0.025997
-0.127470 -0.527085 -0.029470
-0.178392 -0.459444 -0.032937
-0.230480 -0.389471 -0.036404
-0.283243 -0.317980 -0.039867
-0.336213 -0.245765 -0.043320
-0.388359 -0.174432 -0.046758
-0.439705 -0.104024 -0.050199
-0.489134 -0.036152 -0.053543
-0.536882 0.029519 -0.056853
-0.581567 0.091233 -0.060064
-0.623471 0.149568 -0.063199
-0.661669 0.203469 -0.066209
-0.696656 0.253869 -0.069128
-0.727778 0.299997 -0.071887
-0.755428 0.342502 -0.074574
-0.779180 0.380767 -0.077159
-0.799512 0.415409 -0.079665
-0.816614 0.446596 -0.082080
-0.830787 0.474608 -0.084403
-0.842234 0.499646 -0.086660
-0.851058 0.521850 -0.088851
-0.857345 0.541541 -0.090979
-0.861033 0.559015 -0.093044
-0.861942 0.574526 -0.095045
-0.859760 0.588383 -0.096991
-0.854087 0.600779 -0.098874
-0.844451 0.611947 -0.100703
-0.830360 0.622004 -0.102472
-0.811375 0.631053 -0.104170
-0.787173 0.639111 -0.105786
-0.757670 0.646125 -0.107299
-0.723049 0.652009 -0.108687
-0.683852 0.656657 -0.109925
-0.641089 0.659994 -0.110989
-0.596105 0.662014 -0.111867
-0.550792 0.662811 -0.112551
-0.507122 0.662595 -0.113054
-0.467452 0.661673 -0.113396
-0.433846 0.660410 -0.113611
-0.408268 0.659176 -0.113731
-0.392612 0.658315 -0.113789
-0.386043 0.657927 -0.113809
VECTORS q1 float
0.603045 -0.605535 -0.519293
0.600261 -0.605319 -0.522758
0.591851 -0.604687 -0.532978
0.577790 -0.603716 -0.549259
0.558132 -0.602548 -0.570460
0.532838 -0.601330 -0.595387
0.501956 -0.600240 -0.622698
0.465653 -0.599475 -0.650997
0.424934 -0.599299 -0.678433
0.379876 -0.599834 -0.704197
0.331387 -0.601231 -0.727121
0.280397 -0.603564 -0.746383
0.227470 -0.606832 -0.761585
0.173213 -0.610991 -0.772455
0.118848 -0.615928 -0.778786
0.064677 -0.621508 -0.780733
0.011478 -0.627558 -0.778485
-0.040151 -0.633895 -0.772376
-0.089611 -0.640337 -0.762849
-0.136132 -0.646696 -0.750501
-0.179231 -0.652827 -0.735998
-0.217883 -0.658573 -0.720284
-0.251410 -0.663831 -0.704359
-0.279259 -0.668535 -0.689257
-0.300912 -0.672634 -0.676029
-0.316181 -0.676092 -0.665530
-0.325009 -0.678867 -0.658414
-0.327605 -0.680917 -0.655001
-0.324443 -0.682195 -0.655246
-0.316158 -0.682675 -0.658786
-0.303534 -0.682367 -0.665013
-0.287332 -0.681294 -0.673259
-0.268352 -0.679529 -0.682809
-0.247158 -0.677121 -0.693124
-0.224531 -0.674211 -0.703580
-0.200320 -0.670720 -0.714148
-0.175012 -0.666741 -0.724450
-0.147927 -0.662072 -0.734696
-0.119009 -0.656655 -0.744742
-0.087389 -0.650214 -0.754708
-0.052723 -0.642566 -0.764414
-0.014561 -0.633467 -0.773633
0.027398 -0.622671 -0.782004
0.073741 -0.609822 -0.789100
0.123949 -0.594826 -0.794241
0.178246 -0.577378 -0.796783
0.235972 -0.557423 -0.795988
0.296572 -0.534902 -0.791154
0.359706 -0.509705 -0.781545
0.424143 -0.482079 -0.766617
0.489090 -0.452185 -0.745868
0.553572 -0.420318 -0.718951
0.616412 -0.386947 -0.685790
0.676467 -0.352631 -0.646563
0.732608 -0.318033 -0.601781
0.783879 -0.283835 -0.552242
0.829391 -0.250810 -0.499204
0.868619 -0.219635 -0.444142
0.901388 -0.190867 -0.388676
0.927883 -0.164906 -0.334423
0.948595 -0.141982 -0.282858
0.964246 -0.122159 -0.235173
0.975773 -0.105209 -0.191830
0.983920 -0.091113 -0.153622
0.989592 -0.079379 -0.120027
0.993328 -0.070061 -0.091597
0.995766 -0.062604 -0.067307
0.997277 -0.056862 -0.046962
0.998135 -0.052843 -0.030571
0.998571 -0.050401 -0.017794
0.998746 -0.049369 -0.008313
0.998750 -0.049927 -0.002303
0.998645 -0.052038 0.000296
0.998440 -0.055824 -0.000622
0.998098 -0.061433 -0.005171
0.997525 -0.069035 -0.013348
0.996558 -0.078878 -0.025515
0.994969 -0.091160 -0.041561
0.992449 -0.106134 -0.061484
0.988607 -0.124075 -0.085217
0.982966 -0.145263 -0.112593
0.974877 -0.170183 -0.143712
0.963919 -0.198584 -0.177268
0.949182 -0.231176 -0.213568
0.930159 -0.267682 -0.251297
0.906606 -0.307521 -0.288958
0.877580 -0.351148 -0.326419
0.843241 -0.397493 -0.361862
0.803771 -0.445716 -0.394068
0.759649 -0.494847 -0.421973
0.711644 -0.543839 -0.444750
0.660743 -0.591673 -0.461889
0.608728 -0.636930 -0.473043
0.555413 -0.679909 -0.478790
0.503177 -0.719110 -0.479263
0.452288 -0.754703 -0.475246
0.404130 -0.786194 -0.467523
0.358617 -0.814023 -0.456904
0.316691 -0.838059 -0.444257
0.277454 -0.859097 -0.430083
0.242070 -0.876916 -0.415236
0.210082 -0.892046 -0.400151
0.181501 -0.904770 -0.385289
0.155944 -0.915488 -0.370894
0.133084 -0.924525 -0.357131
0.112932 -0.932068 -0.344233
0.095206 -0.938368 -0.332267
0.079642 -0.943638 -0.321255
0.065965 -0.948061 -0.311174
0.053884 -0.951796 -0.301961
0.043210 -0.954959 -0.293574
0.033645 -0.957665 -0.285913
0.025069 -0.959980 -0.278944
0.017315 -0.961966 -0.272621
0.010282 -0.963662 -0.266925
0.003958 -0.965092 -0.261879
-0.001628 -0.966271 -0.257522
-0.006382 -0.967210 -0.253899
-0.010188 -0.967923 -0.251041
-0.012941 -0.968433 -0.248936
-0.014581 -0.968773 -0.247519
-0.015150 -0.968980 -0.246673
-0.014801 -0.969094 -0.246246
-0.013799 -0.969150 -0.246085
-0.012488 -0.969175 -0.246058
-0.011222 -0.969184 -0.246082
-0.010325 -0.969188 -0.246107
-0.010000 -0.969189 -0.246117
VECTORS q2 float
0.527812 0.790995 -0.309422
0.525419 0.791230 -0.312875
0.518108 0.791926 -0.323135
0.505638 0.793031 -0.339754
0.487718 0.794436 -0.361944
0.463835 0.796019 -0.388858
0.433486 0.797611 -0.419412
0.396296 0.798990 -0.452288
0.352945 0.799838 -0.485477
0.303276 0.799947 -0.517792
0.248400 0.799075 -0.547518
0.189783 0.797086 -0.573268
0.128714 0.793962 -0.594186
0.066685 0.789786 -0.609746
0.005897 0.784769 -0.619760
-0.052673 0.779155 -0.624615
-0.107782 0.773224 -0.624906
-0.158736 0.767229 -0.621420
-0.205204 0.761367 -0.614988
-0.247032 0.755783 -0.606439
-0.284559 0.750535 -0.596426
-0.317792 0.745668 -0.585651
-0.347029 0.741173 -0.574660
-0.372554 0.737020 -0.563919
-0.394470 0.733188 -0.553921
-0.412907 0.729659 -0.545074
-0.427823 0.726440 -0.537823
-0.439140 0.723563 -0.532552
-0.446846 0.721088 -0.529490
-0.450895 0.719090 -0.528776
-0.451319 0.717644 -0.530376
-0.448243 0.716825 -0.534080
-0.441921 0.716661 -0.539539
-0.432686 0.717163 -0.546315
-0.421193 0.718233 -0.553839
-0.407767 0.719866 -0.561711
-0.393265 0.721900 -0.569389
-0.377884 0.724342 -0.576656
-0.362192 0.727098 -0.583220
-0.346195 0.730209 -0.589020
-0.330072 0.733668 -0.593956
-0.313811 0.737517 -0.597989
-0.297349 0.741810 -0.601084
-0.280420 0.746651 -0.603222
-0.263105 0.752063 -0.604298
-0.245165 0.758154 -0.604232
-0.226630 0.764965 -0.602883
-0.207474 0.772552 -0.600099
-0.187584 0.781005 -0.595688
-0.167136 0.790321 -0.589456
-0.146177 0.800537 -0.581182
-0.124860 0.811647 -0.570649
-0.103486 0.823565 -0.557701
-0.082455 0.836135 -0.542291
-0.062271 0.849101 -0.524547
-0.043466 0.862136 -0.504809
-0.026589 0.874826 -0.483706
-0.012037 0.886767 -0.462061
-0.000011 0.897600 -0.440811
0.009505 0.907056 -0.420903
0.016729 0.914971 -0.403173
0.022024 0.921289 -0.388254
0.025852 0.926091 -0.376413
0.028629 0.929432 -0.367882
0.030760 0.931501 -0.362435
0.032570 0.932397 -0.359966
0.034273 0.932288 -0.360090
0.036029 0.931285 -0.362506
0.037972 0.929493 -0.366880
0.040141 0.926970 -0.372982
0.042489 0.923696 -0.380763
0.045079 0.919750 -0.389908
0.047799 0.915017 -0.400572
0.050590 0.909433 -0.412762
0.053363 0.902894 -0.426539
0.056051 0.895343 -0.441836
0.058404 0.886419 -0.459184
0.060270 0.875992 -0.478546
0.061396 0.863804 -0.500074
0.061470 0.849579 -0.523867
0.060118 0.833049 -0.549923
0.056791 0.813766 -0.578412
0.051285 0.792000 -0.608364
0.042833 0.767151 -0.640035
0.031144 0.739499 -0.672437
0.016140 0.709540 -0.704480
-0.002929 0.676906 -0.736063
-0.025856 0.642414 -0.765921
-0.052497 0.606648 -0.793235
-0.082526 0.570259 -0.817309
-0.115441 0.533933 -0.837609
-0.150600 0.498339 -0.853802
-0.186748 0.464456 -0.865682
-0.224104 0.432080 -0.873547
-0.260878 0.402313 -0.877546
-0.296805 0.375124 -0.878174
-0.330729 0.350948 -0.876044
-0.362542 0.329585 -0.871744
-0.391397 0.311172 -0.866014
-0.417778 0.295232 -0.859244
-0.440812 0.281848 -0.852201
-0.460781 0.270639 -0.845243
-0.477724 0.261337 -0.838739
-0.491954 0.253620 -0.832861
-0.503750 0.247222 -0.827718
-0.513197 0.241943 -0.823464
-0.520461 0.237606 -0.820161
-0.525605 0.234085 -0.817890
-0.528587 0.231300 -0.816759
-0.529257 0.229207 -0.816916
-0.527346 0.227778 -0.818550
-0.522474 0.227018 -0.821878
-0.514223 0.226904 -0.827097
-0.502092 0.227424 -0.834375
-0.485576 0.228541 -0.843792
-0.464284 0.230171 -0.855255
-0.437934 0.232203 -0.868502
-0.406519 0.234486 -0.883039
-0.370352 0.236853 -0.898187
-0.330177 0.239131 -0.913126
-0.287317 0.241165 -0.926978
-0.243416 0.242854 -0.939026
-0.200742 0.244139 -0.948735
-0.161486 0.245037 -0.955970
-0.128136 0.245600 -0.960865
-0.102606 0.245914 -0.963845
-0.086692 0.246061 -0.965370
-0.081258 0.246103 -0.965832
VECTORS q3 float
0.598124 -0.087493 0.796614
0.603011 -0.086861 0.792990
0.617475 -0.084892 0.781996
0.640694 -0.081419 0.763467
0.671282 -0.076211 0.737273
0.707771 -0.068963 0.703067
0.748418 -0.059405 0.660561
0.791275 -0.047378 0.609622
0.833583 -0.033154 0.551398
0.873909 -0.016869 0.485796
0.910209 0.000824 0.414149
0.940936 0.019092 0.338047
0.965241 0.037133 0.258710
0.982624 0.054105 0.177545
0.992895 0.069065 0.096900
0.996515 0.081522 0.017657
0.994108 0.091079 -0.058765
0.986504 0.097653 -0.131427
0.974608 0.101430 -0.199627
0.959397 0.102842 -0.262641
0.941755 0.102537 -0.320287
0.922787 0.101297 -0.371757
0.903529 0.099958 -0.416706
0.884996 0.099305 -0.454885
0.868243 0.099992 -0.485959
0.854130 0.102460 -0.509867
0.843408 0.106887 -0.526534
0.836559 0.113171 -0.536061
0.833706 0.121005 -0.538788
0.834708 0.129867 -0.535161
0.839154 0.139146 -0.525794
0.846474 0.148325 -0.511352
0.855975 0.156961 -0.492616
0.867004 0.164879 -0.470233
0.878739 0.171989 -0.445238
0.890841 0.178684 -0.417701
0.902615 0.185251 -0.388546
0.913959 0.192327 -0.357336
0.924475 0.200331 -0.324366
0.934084 0.209802 -0.288913
0.942482 0.220996 -0.250774
0.949374 0.234067 -0.209528
0.954376 0.248996 -0.164826
0.957041 0.265762 -0.115948
0.956772 0.283871 -0.063284
0.952955 0.303045 -0.006415
0.944963 0.322658 0.054181
0.932202 0.342116 0.118139
0.914015 0.360878 0.185319
0.890038 0.378143 0.254636
0.859897 0.393279 0.325436
0.823388 0.405663 0.396824
0.780594 0.414744 0.467612
0.731842 0.420154 0.536542
0.677797 0.421761 0.602254
0.619390 0.419712 0.663473
0.558036 0.414455 0.718904
0.495335 0.406701 0.767618
0.433012 0.397346 0.809084
0.372750 0.387370 0.843209
0.316050 0.377716 0.870312
0.264091 0.369193 0.891040
0.217254 0.362335 0.906374
0.176300 0.357568 0.917095
0.140575 0.354971 0.924248
0.110624 0.354581 0.928458
0.085292 0.356258 0.930487
0.064348 0.359827 0.930797
0.047803 0.365035 0.929766
0.035294 0.371735 0.927668
0.026476 0.379933 0.924635
0.021585 0.389317 0.920851
0.020574 0.400044 0.916265
0.023607 0.412087 0.910839
0.030872 0.425452 0.904454
0.042453 0.439994 0.896997
0.058837 0.456113 0.887975
0.080032 0.473633 0.877078
0.106185 0.492523 0.863798
0.137397 0.512660 0.847527
0.173679 0.533787 0.827591
0.215384 0.555719 0.802986
0.261208 0.577322 0.773608
0.311800 0.598362 0.738068
0.365833 0.617647 0.696189
0.421670 0.634022 0.648236
0.479422 0.646910 0.593011
0.536913 0.655213 0.531432
0.592619 0.658266 0.464207
0.645076 0.655691 0.392359
0.692991 0.647422 0.317188
0.735349 0.633704 0.240168
0.771087 0.615305 0.163781
0.800808 0.592478 0.087612
0.823866 0.566590 0.014835
0.841036 0.538243 -0.054335
0.852817 0.508659 -0.118189
0.860208 0.478269 -0.176922
0.864011 0.448139 -0.229468
0.865148 0.418080 -0.276999
0.864342 0.389333 -0.318328
0.862291 0.361952 -0.354181
0.859556 0.336294 -0.384798
0.856541 0.312342 -0.410828
0.853537 0.290061 -0.432828
0.850808 0.269654 -0.451012
0.848561 0.251016 -0.465763
0.846993 0.233992 -0.477338
0.846312 0.218360 -0.485875
0.846749 0.203834 -0.491394
0.848551 0.190184 -0.493752
0.851991 0.177034 -0.492717
0.857290 0.164174 -0.487956
0.864641 0.151328 -0.479057
0.874134 0.138288 -0.465581
0.885677 0.124971 -0.447166
0.899006 0.111364 -0.423541
0.913620 0.097580 -0.394686
0.928836 0.083823 -0.360885
0.943830 0.070376 -0.322849
0.957724 0.057601 -0.281862
0.969804 0.045818 -0.239545
0.979532 0.035389 -0.198151
0.986779 0.026548 -0.159885
0.991678 0.019530 -0.127253
0.994659 0.014433 -0.102204
0.996182 0.011368 -0.086561
0.996643 0.010340 -0.081215
