# vtk DataFile Version 2.0
VTK example
ASCII
DATASET UNSTRUCTURED_GRID
POINTS  128  float
-0.000453 -0.000119 -0.000223
-0.000451 -0.000119 -0.000214
-0.000450 -0.000120 -0.000205
-0.000448 -0.000120 -0.000196
-0.000446 -0.000121 -0.000187
-0.000444 -0.000121 -0.000178
-0.000442 -0.000122 -0.000170
-0.000439 -0.000123 -0.000161
-0.000435 -0.000124 -0.000153
-0.000431 -0.000125 -0.000145
-0.000426 -0.000126 -0.000137
-0.000420 -0.000127 -0.000130
-0.000414 -0.000127 -0.000124
-0.000407 -0.000128 -0.000118
-0.000400 -0.000128 -0.000113
-0.000392 -0.000129 -0.000109
-0.000383 -0.000129 -0.000106
-0.000375 -0.000128 -0.000103
-0.000366 -0.000128 -0.000102
-0.000357 -0.000127 -0.000101
-0.000348 -0.000126 -0.000101
-0.000339 -0.000125 -0.000101
-0.000330 -0.000124 -0.000102
-0.000321 -0.000122 -0.000104
-0.000312 -0.000121 -0.000106
-0.000304 -0.000120 -0.000109
-0.000295 -0.000118 -0.000112
-0.000287 -0.000117 -0.000115
-0.000279 -0.000116 -0.000119
-0.000271 -0.000115 -0.000122
-0.000263 -0.000113 -0.000127
-0.000255 -0.000112 -0.000131
-0.000247 -0.000111 -0.000136
-0.000239 -0.000110 -0.000140
-0.000232 -0.000109 -0.000145
-0.000224 -0.000108 -0.000150
-0.000217 -0.000107 -0.000155
-0.000209 -0.000106 -0.000160
-0.000202 -0.000105 -0.000164
-0.000194 -0.000103 -0.000169
-0.000186 -0.000102 -0.000174
-0.000179 -0.000100 -0.000178
-0.000171 -0.000099 -0.000183
-0.000163 -0.000097 -0.000187
-0.000155 -0.000096 -0.000191
-0.000147 -0.000094 -0.000194
-0.000139 -0.000092 -0.000198
-0.000130 -0.000091 -0.000201
-0.000122 -0.000089 -0.000203
-0.000113 -0.000087 -0.000205
-0.000104 -0.000085 -0.000206
-0.000096 -0.000083 -0.000207
-0.000087 -0.000080 -0.000208
-0.000078 -0.000078 -0.000207
-0.000070 -0.000075 -0.000206
-0.000061 -0.000072 -0.000204
-0.000053 -0.000069 -0.000202
-0.000045 -0.000066 -0.000199
-0.000037 -0.000063 -0.000195
-0.000030 -0.000059 -0.000191
-0.000024 -0.000056 -0.000186
-0.000017 -0.000052 -0.000181
-0.000011 -0.000048 -0.000175
-0.000006 -0.000044 -0.000169
-0.000001 -0.000040 -0.000162
0.000003 -0.000036 -0.000155
0.000007 -0.000032 -0.000148
0.000011 -0.000028 -0.000141
0.000014 -0.000024 -0.000133
0.000016 -0.000020 -0.000126
0.000019 -0.000016 -0.000118
0.000021 -0.000013 -0.000110
0.000022 -0.000009 -0.000102
0.000024 -0.000005 -0.000094
0.000025 -0.000002 -0.000085
0.000026 0.000002 -0.000077
0.000027 0.000005 -0.000069
0.000028 0.000009 -0.000060
0.000028 0.000012 -0.000052
0.000029 0.000015 -0.000043
0.000029 0.000018 -0.000035
0.000029 0.000021 -0.000027
0.000030 0.000025 -0.000018
0.000030 0.000028 -0.000010
0.000031 0.000032 -0.000001
0.000031 0.000035 0.000007
0.000032 0.000039 0.000015
0.000033 0.000043 0.000023
0.000034 0.000047 0.000031
0.000036 0.000052 0.000039
0.000038 0.000057 0.000046
0.000040 0.000062 0.000053
0.000043 0.000067 0.000060
0.000047 0.000073 0.000066
0.000051 0.000079 0.000072
0.000055 0.000085 0.000077
0.000060 0.000091 0.000081
0.000066 0.000097 0.000085
0.000072 0.000103 0.000087
0.000078 0.000109 0.000089
0.000085 0.000115 0.000091
0.000092 0.000121 0.000091
0.000100 0.000126 0.000091
0.000107 0.000131 0.000091
0.000115 0.000136 0.000089
0.000122 0.000141 0.000087
0.000130 0.000145 0.000085
0.000137 0.000149 0.000083
0.000145 0.000153 0.000080
0.000153 0.000157 0.000076
0.000160 0.000160 0.000073
0.000168 0.000164 0.000069
0.000175 0.000167 0.000065
0.000182 0.000170 0.000060
0.000190 0.000173 0.000056
0.000197 0.000175 0.000051
0.000205 0.000177 0.000047
0.000212 0.000180 0.000042
0.000219 0.000182 0.000037
0.000227 0.000183 0.000032
0.000234 0.000185 0.000027
0.000242 0.000186 0.000023
0.000249 0.000188 0.000018
0.000257 0.000189 0.000013
0.000264 0.000189 0.000008
0.000272 0.000190 0.000003
0.000279 0.000191 -0.000002
0.000287 0.000192 -0.000007
CELLS  127 381
2 0 1 
2 1 2 
2 2 3 
2 3 4 
2 4 5 
2 5 6 
2 6 7 
2 7 8 
2 8 9 
2 9 10 
2 10 11 
2 11 12 
2 12 13 
2 13 14 
2 14 15 
2 15 16 
2 16 17 
2 17 18 
2 18 19 
2 19 20 
2 20 21 
2 21 22 
2 22 23 
2 23 24 
2 24 25 
2 25 26 
2 26 27 
2 27 28 
2 28 29 
2 29 30 
2 30 31 
2 31 32 
2 32 33 
2 33 34 
2 34 35 
2 35 36 
2 36 37 
2 37 38 
2 38 39 
2 39 40 
2 40 41 
2 41 42 
2 42 43 
2 43 44 
2 44 45 
2 45 46 
2 46 47 
2 47 48 
2 48 49 
2 49 50 
2 50 51 
2 51 52 
2 52 53 
2 53 54 
2 54 55 
2 55 56 
2 56 57 
2 57 58 
2 58 59 
2 59 60 
2 60 61 
2 61 62 
2 62 63 
2 63 64 
2 64 65 
2 65 66 
2 66 67 
2 67 68 
2 68 69 
2 69 70 
2 70 71 
2 71 72 
2 72 73 
2 73 74 
2 74 75 
2 75 76 
2 76 77 
2 77 78 
2 78 79 
2 79 80 
2 80 81 
2 81 82 
2 82 83 
2 83 84 
2 84 85 
2 85 86 
2 86 87 
2 87 88 
2 88 89 
2 89 90 
2 90 91 
2 91 92 
2 92 93 
2 93 94 
2 94 95 
2 95 96 
2 96 97 
2 97 98 
2 98 99 
2 99 100 
2 100 101 
2 101 102 
2 102 103 
2 103 104 
2 104 105 
2 105 106 
2 106 107 
2 107 108 
2 108 109 
2 109 110 
2 110 111 
2 111 112 
2 112 113 
2 113 114 
2 114 115 
2 115 116 
2 116 117 
2 117 118 
2 118 119 
2 119 120 
2 120 121 
2 121 122 
2 122 123 
2 123 124 
2 124 125 
2 125 126 
2 126 127 
CELL_TYPES  127
3
3
3
3
3
3
3
3
3
3
3
3
3
3
3
3
3
3
3
3
3
3
3
3
3
3
3
3
3
3
3
3
3
3
3
3
3
3
3
3
3
3
3
3
3
3
3
3
3
3
3
3
3
3
3
3
3
3
3
3
3
3
3
3
3
3
3
3
3
3
3
3
3
3
3
3
3
3
3
3
3
3
3
3
3
3
3
3
3
3
3
3
3
3
3
3
3
3
3
3
3
3
3
3
3
3
3
3
3
3
3
3
3
3
3
3
3
3
3
3
3
3
3
3
3
3
3
POINT_DATA  128
VECTORS Position float
-0.000453 -0.000119 -0.000223
-0.000451 -0.000119 -0.000214
-0.000450 -0.000120 -0.000205
-0.000448 -0.000120 -0.000196
-0.000446 -0.000121 -0.000187
-0.000444 -0.000121 -0.000178
-0.000442 -0.000122 -0.000170
-0.000439 -0.000123 -0.000161
-0.000435 -0.000124 -0.000153
-0.000431 -0.000125 -0.000145
-0.000426 -0.000126 -0.000137
-0.000420 -0.000127 -0.000130
-0.000414 -0.000127 -0.000124
-0.000407 -0.000128 -0.000118
-0.000400 -0.000128 -0.000113
-0.000392 -0.000129 -0.000109
-0.000383 -0.000129 -0.000106
-0.000375 -0.000128 -0.000103
-0.000366 -0.000128 -0.000102
-0.000357 -0.000127 -0.000101
-0.000348 -0.000126 -0.000101
-0.000339 -0.000125 -0.000101
-0.000330 -0.000124 -0.000102
-0.000321 -0.000122 -0.000104
-0.000312 -0.000121 -0.000106
-0.000304 -0.000120 -0.000109
-0.000295 -0.000118 -0.000112
-0.000287 -0.000117 -0.000115
-0.000279 -0.000116 -0.000119
-0.000271 -0.000115 -0.000122
-0.000263 -0.000113 -0.000127
-0.000255 -0.000112 -0.000131
-0.000247 -0.000111 -0.000136
-0.000239 -0.000110 -0.000140
-0.000232 -0.000109 -0.000145
-0.000224 -0.000108 -0.000150
-0.000217 -0.000107 -0.000155
-0.000209 -0.000106 -0.000160
-0.000202 -0.000105 -0.000164
-0.000194 -0.000103 -0.000169
-0.000186 -0.000102 -0.000174
-0.000179 -0.000100 -0.000178
-0.000171 -0.000099 -0.000183
-0.000163 -0.000097 -0.000187
-0.000155 -0.000096 -0.000191
-0.000147 -0.000094 -0.000194
-0.000139 -0.000092 -0.000198
-0.000130 -0.000091 -0.000201
-0.000122 -0.000089 -0.000203
-0.000113 -0.000087 -0.000205
-0.000104 -0.000085 -0.000206
-0.000096 -0.000083 -0.000207
-0.000087 -0.000080 -0.000208
-0.000078 -0.000078 -0.000207
-0.000070 -0.000075 -0.000206
-0.000061 -0.000072 -0.000204
-0.000053 -0.000069 -0.000202
-0.000045 -0.000066 -0.000199
-0.000037 -0.000063 -0.000195
-0.000030 -0.000059 -0.000191
-0.000024 -0.000056 -0.000186
-0.000017 -0.000052 -0.000181
-0.000011 -0.000048 -0.000175
-0.000006 -0.000044 -0.000169
-0.000001 -0.000040 -0.000162
0.000003 -0.000036 -0.000155
0.000007 -0.000032 -0.000148
0.000011 -0.000028 -0.000141
0.000014 -0.000024 -0.000133
0.000016 -0.000020 -0.000126
0.000019 -0.000016 -0.000118
0.000021 -0.000013 -0.000110
0.000022 -0.000009 -0.000102
0.000024 -0.000005 -0.000094
0.000025 -0.000002 -0.000085
0.000026 0.000002 -0.000077
0.000027 0.000005 -0.000069
0.000028 0.000009 -0.000060
0.000028 0.000012 -0.000052
0.000029 0.000015 -0.000043
0.000029 0.000018 -0.000035
0.000029 0.000021 -0.000027
0.000030 0.000025 -0.000018
0.000030 0.000028 -0.000010
0.000031 0.000032 -0.000001
0.000031 0.000035 0.000007
0.000032 0.000039 0.000015
0.000033 0.000043 0.000023
0.000034 0.000047 0.000031
0.000036 0.000052 0.000039
0.000038 0.000057 0.000046
0.000040 0.000062 0.000053
0.000043 0.000067 0.000060
0.000047 0.000073 0.000066
0.000051 0.000079 0.000072
0.000055 0.000085 0.000077
0.000060 0.000091 0.000081
0.000066 0.000097 0.000085
0.000072 0.000103 0.000087
0.000078 0.000109 0.000089
0.000085 0.000115 0.000091
0.000092 0.000121 0.000091
0.000100 0.000126 0.000091
0.000107 0.000131 0.000091
0.000115 0.000136 0.000089
0.000122 0.000141 0.000087
0.000130 0.000145 0.000085
0.000137 0.000149 0.000083
0.000145 0.000153 0.000080
0.000153 0.000157 0.000076
0.000160 0.000160 0.000073
0.000168 0.000164 0.000069
0.000175 0.000167 0.000065
0.000182 0.000170 0.000060
0.000190 0.000173 0.000056
0.000197 0.000175 0.000051
0.000205 0.000177 0.000047
0.000212 0.000180 0.000042
0.000219 0.000182 0.000037
0.000227 0.000183 0.000032
0.000234 0.000185 0.000027
0.000242 0.000186 0.000023
0.000249 0.000188 0.000018
0.000257 0.000189 0.000013
0.000264 0.000189 0.000008
0.000272 0.000190 0.000003
0.000279 0.000191 -0.000002
0.000287 0.000192 -0.000007
VECTORS Rotation float
0.704771 -0.043853 -0.157826
0.704758 -0.045572 -0.161742
0.704660 -0.050577 -0.173694
0.704331 -0.058342 -0.194070
0.703554 -0.068015 -0.223352
0.702031 -0.078605 -0.262385
0.699435 -0.088962 -0.312016
0.695486 -0.097840 -0.372921
0.690184 -0.103842 -0.444241
0.683518 -0.105897 -0.526496
0.675912 -0.103036 -0.618218
0.668036 -0.094686 -0.717398
0.660654 -0.080677 -0.822255
0.654600 -0.061330 -0.930547
0.650678 -0.037727 -1.038660
0.649286 -0.011031 -1.144927
0.650562 0.017113 -1.247035
0.654306 0.045085 -1.343524
0.660099 0.071412 -1.433543
0.667393 0.094833 -1.516559
0.675687 0.114613 -1.593081
0.684456 0.130142 -1.663007
0.693312 0.141303 -1.726906
0.701968 0.148274 -1.785413
0.710182 0.151430 -1.838845
0.717813 0.151337 -1.887680
0.724732 0.148660 -1.932017
0.730857 0.144142 -1.971876
0.736188 0.138521 -2.007501
0.740726 0.132555 -2.038884
0.744507 0.126953 -2.066039
0.747604 0.122302 -2.089171
0.750068 0.119101 -2.108273
0.751960 0.117677 -2.123426
0.753287 0.118211 -2.134379
0.754091 0.120703 -2.141300
0.754350 0.124928 -2.143990
0.754045 0.130664 -2.142437
0.753136 0.137454 -2.136592
0.751563 0.144973 -2.126333
0.749275 0.152785 -2.111671
0.746214 0.160573 -2.092556
0.742320 0.168122 -2.068930
0.737490 0.175423 -2.040457
0.731708 0.182452 -2.007345
0.724849 0.189461 -1.969216
0.716859 0.196718 -1.926170
0.707636 0.204605 -1.878140
0.696987 0.213579 -1.824805
0.684827 0.223970 -1.766522
0.670956 0.236104 -1.703270
0.655179 0.250169 -1.635199
0.637351 0.266164 -1.562731
0.617355 0.283927 -1.486381
0.595152 0.303137 -1.406817
0.570750 0.323371 -1.324696
0.544315 0.344062 -1.240932
0.516079 0.364619 -1.156354
0.486365 0.384431 -1.071784
0.455576 0.402908 -0.988018
0.424190 0.419506 -0.905847
0.392738 0.433765 -0.826036
0.361482 0.445425 -0.748656
0.331219 0.454157 -0.674949
0.301837 0.459990 -0.604169
0.274438 0.462822 -0.538223
0.248498 0.462854 -0.475627
0.224386 0.460229 -0.416873
0.202726 0.455267 -0.363059
0.183446 0.448302 -0.313922
0.166147 0.439565 -0.268589
0.151421 0.429725 -0.228336
0.138775 0.419031 -0.192219
0.128146 0.407972 -0.160224
0.119417 0.397048 -0.132249
0.112591 0.386912 -0.108469
0.107241 0.377835 -0.088153
0.103376 0.370450 -0.071486
0.100909 0.365253 -0.058451
0.099792 0.362714 -0.049116
0.100035 0.363277 -0.043645
0.101668 0.367366 -0.042244
0.104893 0.375213 -0.045273
0.109906 0.387259 -0.053208
0.117027 0.403532 -0.066465
0.126635 0.423850 -0.085423
0.139449 0.448624 -0.111235
0.156130 0.477342 -0.144458
0.177610 0.509580 -0.186069
0.205018 0.544684 -0.237213
0.239653 0.581687 -0.299144
0.282897 0.619264 -0.373128
0.335425 0.655279 -0.459225
0.399360 0.688529 -0.560150
0.473249 0.715892 -0.673087
0.556609 0.735508 -0.797543
0.645585 0.745391 -0.928530
0.737178 0.744759 -1.062914
0.825764 0.733828 -1.193824
0.909519 0.713462 -1.319844
0.983550 0.686150 -1.434350
1.047574 0.654092 -1.537010
1.101445 0.619748 -1.627163
1.146373 0.584849 -1.706033
1.183676 0.550661 -1.774973
1.214242 0.518428 -1.834548
1.239305 0.488563 -1.886093
1.259894 0.461101 -1.930759
1.276852 0.435771 -1.969550
1.290865 0.412078 -2.003338
1.302390 0.389580 -2.032637
1.311890 0.367599 -2.058127
1.319618 0.345775 -2.080049
1.325839 0.323687 -2.098748
1.330760 0.301079 -2.114465
1.334549 0.277931 -2.127342
1.337367 0.254337 -2.137535
1.339367 0.230575 -2.145185
1.340699 0.207013 -2.150479
1.341514 0.184102 -2.153661
1.341952 0.162379 -2.155040
1.342138 0.142308 -2.154986
1.342172 0.124444 -2.153910
1.342129 0.109168 -2.152233
1.342061 0.096919 -2.150382
1.341998 0.087935 -2.148729
1.341956 0.082488 -2.147600
1.341942 0.080654 -2.147198
VECTORS ControlForce float
0.000000 0.000000 0.000000
-0.000013 0.000434 0.000101
-0.000042 0.000807 0.000213
-0.000098 0.001071 0.000327
-0.000184 0.001198 0.000432
-0.000304 0.001171 0.000538
-0.000456 0.000996 0.000644
-0.000633 0.000697 0.000733
-0.000813 0.000305 0.000768
-0.000969 -0.000135 0.000736
-0.001083 -0.000587 0.000640
-0.001129 -0.001009 0.000480
-0.001055 -0.001339 0.000257
-0.000854 -0.001542 0.000004
-0.000556 -0.001601 -0.000243
-0.000194 -0.001501 -0.000451
0.000181 -0.001252 -0.000594
0.000488 -0.000908 -0.000655
0.000694 -0.000517 -0.000642
0.000775 -0.000136 -0.000570
0.000704 0.000161 -0.000461
0.000536 0.000373 -0.000343
0.000317 0.000501 -0.000234
0.000079 0.000548 -0.000141
-0.000134 0.000544 -0.000068
-0.000286 0.000527 -0.000010
-0.000372 0.000515 0.000034
-0.000419 0.000499 0.000060
-0.000418 0.000483 0.000078
-0.000378 0.000454 0.000087
-0.000335 0.000376 0.000083
-0.000286 0.000254 0.000072
-0.000199 0.000123 0.000072
-0.000079 0.000003 0.000085
0.000030 -0.000121 0.000089
0.000114 -0.000230 0.000089
0.000185 -0.000298 0.000088
0.000231 -0.000317 0.000098
0.000241 -0.000298 0.000112
0.000202 -0.000258 0.000129
0.000121 -0.000200 0.000144
0.000021 -0.000117 0.000156
-0.000083 -0.000011 0.000169
-0.000192 0.000098 0.000186
-0.000298 0.000199 0.000203
-0.000384 0.000282 0.000223
-0.000418 0.000359 0.000246
-0.000398 0.000419 0.000266
-0.000338 0.000446 0.000280
-0.000235 0.000443 0.000282
-0.000088 0.000423 0.000271
0.000087 0.000390 0.000247
0.000271 0.000350 0.000205
0.000413 0.000280 0.000147
0.000521 0.000195 0.000075
0.000570 0.000081 -0.000003
0.000580 -0.000041 -0.000083
0.000554 -0.000158 -0.000161
0.000484 -0.000269 -0.000229
0.000388 -0.000351 -0.000285
0.000267 -0.000402 -0.000323
0.000143 -0.000414 -0.000343
0.000041 -0.000384 -0.000346
-0.000035 -0.000330 -0.000335
-0.000068 -0.000255 -0.000319
-0.000071 -0.000173 -0.000307
-0.000052 -0.000091 -0.000289
-0.000022 -0.000005 -0.000273
0.000003 0.000084 -0.000275
0.000003 0.000159 -0.000275
-0.000022 0.000215 -0.000251
-0.000063 0.000254 -0.000209
-0.000100 0.000297 -0.000154
-0.000117 0.000343 -0.000089
-0.000105 0.000391 -0.000026
-0.000065 0.000423 0.000035
-0.000002 0.000434 0.000106
0.000072 0.000434 0.000163
0.000146 0.000425 0.000190
0.000207 0.000404 0.000191
0.000252 0.000366 0.000185
0.000281 0.000308 0.000189
0.000299 0.000233 0.000199
0.000311 0.000168 0.000206
0.000321 0.000108 0.000216
0.000334 0.000062 0.000216
0.000347 0.000014 0.000243
0.000351 -0.000046 0.000295
0.000336 -0.000117 0.000354
0.000290 -0.000189 0.000404
0.000200 -0.000278 0.000445
0.000066 -0.000365 0.000458
-0.000101 -0.000433 0.000433
-0.000293 -0.000493 0.000391
-0.000494 -0.000533 0.000319
-0.000680 -0.000546 0.000217
-0.000812 -0.000495 0.000084
-0.000874 -0.000399 -0.000054
-0.000854 -0.000259 -0.000179
-0.000765 -0.000111 -0.000269
-0.000616 0.000029 -0.000334
-0.000412 0.000151 -0.000379
-0.000181 0.000217 -0.000399
0.000074 0.000260 -0.000387
0.000324 0.000284 -0.000340
0.000534 0.000273 -0.000277
0.000685 0.000230 -0.000212
0.000782 0.000190 -0.000150
0.000818 0.000158 -0.000091
0.000790 0.000126 -0.000038
0.000704 0.000101 0.000009
0.000565 0.000070 0.000046
0.000393 0.000053 0.000073
0.000213 0.000061 0.000095
0.000034 0.000081 0.000110
-0.000127 0.000110 0.000116
-0.000255 0.000159 0.000117
-0.000338 0.000233 0.000115
-0.000378 0.000321 0.000111
-0.000388 0.000395 0.000098
-0.000371 0.000447 0.000079
-0.000329 0.000480 0.000061
-0.000272 0.000475 0.000041
-0.000204 0.000446 0.000027
-0.000138 0.000380 0.000017
-0.000078 0.000291 0.000013
-0.000033 0.000159 0.000006
0.000000 -0.000000 -0.000000
VECTORS ControlTorque float
-0.000001 -0.000003 0.000000
-0.000001 -0.000003 0.000000
-0.000001 -0.000004 0.000000
-0.000001 -0.000004 0.000000
-0.000000 -0.000004 -0.000000
-0.000000 -0.000004 -0.000000
0.000000 -0.000005 -0.000001
0.000001 -0.000003 -0.000001
0.000001 -0.000005 -0.000001
0.000001 -0.000004 -0.000001
0.000001 -0.000003 -0.000001
0.000001 -0.000002 -0.000002
0.000001 -0.000002 -0.000002
0.000001 0.000001 -0.000001
0.000001 0.000000 -0.000001
0.000000 0.000002 -0.000001
-0.000000 0.000002 -0.000000
-0.000000 0.000003 0.000000
-0.000000 0.000003 0.000001
-0.000000 0.000002 0.000001
-0.000000 0.000003 0.000002
-0.000000 0.000003 0.000002
-0.000000 0.000002 0.000002
-0.000000 0.000002 0.000001
0.000000 0.000002 0.000001
0.000000 0.000002 0.000001
-0.000000 0.000002 0.000001
-0.000000 0.000002 0.000000
-0.000000 0.000002 0.000000
-0.000000 0.000002 -0.000000
-0.000000 0.000002 -0.000000
-0.000001 0.000002 -0.000000
-0.000001 0.000001 -0.000001
-0.000001 0.000002 -0.000001
-0.000001 0.000001 -0.000001
-0.000001 0.000002 -0.000000
-0.000001 0.000002 -0.000000
-0.000000 0.000002 -0.000000
-0.000000 0.000002 -0.000000
-0.000000 0.000002 0.000000
-0.000000 0.000002 0.000000
-0.000000 0.000002 0.000000
-0.000000 0.000002 0.000000
-0.000000 0.000002 0.000000
-0.000000 0.000002 0.000000
-0.000000 0.000002 -0.000000
-0.000000 0.000002 -0.000000
-0.000001 0.000002 -0.000001
-0.000001 0.000002 -0.000001
-0.000001 0.000002 -0.000001
-0.000001 0.000002 -0.000001
-0.000000 0.000001 -0.000001
-0.000000 0.000001 -0.000001
-0.000000 0.000001 -0.000001
0.000000 0.000001 -0.000001
0.000000 0.000000 -0.000001
0.000000 -0.000000 -0.000001
0.000000 -0.000000 -0.000001
0.000001 -0.000001 -0.000000
0.000000 -0.000001 0.000000
0.000001 -0.000001 0.000000
0.000000 -0.000001 0.000000
0.000000 -0.000002 0.000001
-0.000000 -0.000000 0.000000
0.000000 -0.000003 0.000002
-0.000000 -0.000000 0.000000
-0.000000 -0.000001 0.000001
-0.000000 -0.000002 0.000001
-0.000000 -0.000002 0.000001
-0.000000 -0.000000 0.000000
0.000000 -0.000002 0.000001
-0.000000 -0.000001 0.000000
0.000000 -0.000001 0.000001
0.000000 -0.000001 0.000000
0.000001 -0.000002 0.000001
0.000000 -0.000001 0.000000
0.000001 -0.000001 0.000000
0.000001 -0.000001 0.000000
0.000001 -0.000001 0.000000
0.000001 -0.000001 0.000000
0.000002 -0.000001 0.000000
0.000001 -0.000002 0.000001
0.000002 -0.000002 0.000001
0.000002 -0.000002 0.000001
0.000001 -0.000002 0.000001
0.000002 -0.000002 0.000001
0.000002 -0.000002 0.000001
0.000002 -0.000002 0.000001
0.000002 -0.000002 0.000001
0.000002 -0.000002 0.000001
0.000002 -0.000003 0.000001
0.000000 -0.000001 0.000001
0.000003 -0.000004 0.000002
-0.000000 -0.000001 0.000001
0.000001 -0.000003 0.000002
-0.000001 0.000000 0.000000
0.000001 -0.000002 0.000001
-0.000002 0.000002 -0.000000
0.000001 -0.000001 0.000001
-0.000002 0.000003 -0.000001
-0.000001 0.000001 -0.000000
-0.000002 0.000002 -0.000001
-0.000001 0.000002 -0.000001
-0.000001 0.000002 -0.000001
-0.000002 0.000002 -0.000001
-0.000001 0.000002 -0.000001
-0.000001 0.000002 -0.000001
-0.000001 0.000002 -0.000001
-0.000001 0.000001 -0.000001
-0.000001 0.000001 -0.000000
-0.000000 0.000001 0.000000
-0.000001 0.000001 0.000000
-0.000000 0.000001 0.000000
-0.000000 0.000001 0.000000
-0.000000 0.000001 0.000000
-0.000000 0.000001 0.000000
-0.000000 0.000001 0.000000
-0.000000 0.000001 0.000000
-0.000000 0.000001 -0.000000
-0.000000 0.000001 -0.000000
-0.000000 0.000001 -0.000000
-0.000001 0.000000 -0.000001
-0.000001 0.000000 -0.000001
-0.000001 0.000000 -0.000001
-0.000001 -0.000000 -0.000001
-0.000001 -0.000000 -0.000001
-0.000001 -0.000000 -0.000001
-0.000001 -0.000000 -0.000001
VECTORS Curvature float
-74.781514 258.006303 -10.422015
-255.435296 837.046091 -32.161972
-611.813887 1846.962993 -69.775018
-1017.403932 2709.352645 -101.381035
-1552.370660 3584.466475 -131.913012
-2231.827153 4457.544647 -159.208983
-3100.943536 5380.570885 -182.544849
-4012.940658 6127.069876 -201.528560
-5003.658790 6784.035063 -214.229945
-6096.085716 7436.205747 -220.968271
-7054.275425 7816.195515 -220.089858
-7913.589000 8040.461366 -211.714455
-8718.381447 8187.067781 -196.512964
-9197.688618 8051.244727 -173.748949
-9403.595829 7730.588578 -148.245216
-9426.579790 7353.305782 -119.621877
-9137.866482 6844.131087 -92.259522
-8674.223775 6336.800426 -67.842876
-8017.063240 5822.996454 -47.727780
-7309.667953 5399.990971 -33.715711
-6561.635197 5050.273661 -24.329621
-5756.281833 4726.870705 -20.426957
-5035.000243 4500.474398 -20.200151
-4360.413097 4303.096702 -22.536135
-3755.346778 4124.630376 -26.233959
-3228.676420 3949.614203 -30.027614
-2739.850489 3713.760369 -33.052451
-2324.578575 3451.761548 -34.529233
-1979.924630 3159.160349 -34.167601
-1676.741572 2795.478438 -31.805361
-1438.157060 2408.495482 -27.562341
-1247.233436 1993.334417 -21.857340
-1095.401043 1557.389242 -15.146230
-940.597602 1081.420004 -7.970808
-794.130072 597.105677 -0.986575
-637.183068 131.650981 5.307120
-446.201504 -337.250088 10.270969
-234.639598 -771.506939 13.573757
21.058549 -1186.290696 14.902525
306.268518 -1582.080904 14.099740
622.185585 -1941.451898 11.237241
951.374979 -2274.269035 6.392613
1313.389660 -2644.880544 0.008244
1668.349327 -3010.859151 -7.844615
2008.999276 -3388.144002 -16.259997
2341.132220 -3824.889036 -25.128832
2608.287711 -4249.160708 -33.762878
2862.183336 -4765.832038 -41.770038
3058.114072 -5309.411614 -49.307654
3175.602482 -5842.003382 -56.031855
3255.651813 -6422.757438 -62.473027
3271.379307 -6982.542723 -69.056282
3224.790942 -7494.206944 -76.175534
3121.464850 -7932.984633 -84.344499
2975.250149 -8294.987322 -93.680039
2792.010465 -8552.463698 -104.522609
2580.534914 -8682.184528 -116.483378
2363.858020 -8706.224641 -129.397788
2154.238893 -8621.057662 -142.819696
1966.570389 -8442.888191 -156.284173
1799.854378 -8134.528610 -169.488039
1692.446804 -7851.676082 -181.554374
1602.848471 -7430.078556 -193.337514
1575.509706 -7069.524686 -203.106760
1553.129794 -6599.509370 -212.538066
1553.759386 -6091.844133 -220.021547
1633.651931 -5842.884794 -226.815693
1661.053532 -5362.780648 -232.152808
1655.648277 -4804.023011 -236.553501
1721.447080 -4475.506804 -240.371380
1729.650025 -4057.613290 -242.643480
1691.000732 -3581.332367 -244.961242
1678.990425 -3248.188178 -246.190499
1614.897879 -2880.478410 -247.035520
1473.105285 -2468.211257 -247.189687
1310.373914 -2108.529916 -247.265187
1125.449294 -1803.896889 -246.513948
857.058587 -1447.837506 -245.479309
548.953081 -1105.821866 -243.875266
193.470047 -748.811128 -241.694989
-216.212676 -382.905258 -238.911112
-655.634904 9.169598 -235.475849
-1139.946052 436.764556 -231.488977
-1689.826504 908.571584 -226.990480
-2179.120383 1368.959615 -221.724889
-2738.153643 1898.808564 -216.547262
-3353.214855 2497.918839 -210.144950
-3902.305090 3089.040237 -203.094094
-4465.382782 3733.116783 -194.561399
-4996.760769 4397.564141 -183.822450
-5543.379327 5132.251612 -170.976734
-5890.500594 5717.469036 -152.787386
-6338.053408 6465.240603 -136.006573
-6703.135230 7138.278558 -110.894540
-6858.885641 7640.690179 -89.751976
-6945.770912 8042.069917 -66.902272
-6918.754438 8331.710319 -49.685121
-6758.030407 8402.308059 -37.670465
-6603.003487 8480.483963 -29.444108
-6376.259822 8375.450815 -29.032709
-5876.687554 7881.122076 -28.215977
-5463.835806 7415.887761 -29.920895
-4992.022692 6815.760418 -29.898261
-4623.248232 6302.887681 -29.184900
-4217.592050 5707.798948 -28.323980
-3781.056305 5067.134486 -25.571590
-3392.311045 4509.389535 -22.455335
-3022.098808 4017.827519 -18.949682
-2687.477858 3632.469308 -15.439580
-2356.072488 3317.353539 -12.547315
-2043.002211 3098.431893 -10.084404
-1743.226935 2959.968115 -8.916847
-1435.764847 2860.085001 -8.684929
-1147.258857 2827.531324 -9.659026
-861.892527 2812.872589 -11.645028
-583.868920 2798.513363 -14.262949
-319.120216 2770.579091 -17.134522
-72.709547 2708.792086 -19.735397
146.165909 2612.191653 -21.637990
326.747654 2462.970620 -22.517627
462.344585 2271.638093 -22.220753
543.995198 2031.995566 -20.782189
570.915593 1753.214842 -18.381078
541.875557 1441.406533 -15.262566
460.142358 1099.819066 -11.670895
339.329579 751.778331 -7.947425
161.600223 342.795984 -3.638781
53.143720 110.043127 -1.159620
VECTORS LocalRotation float
0.907423 -0.293902 0.060984
0.905924 -0.288932 0.060791
0.902014 -0.276829 0.060331
0.894668 -0.256286 0.059560
0.883010 -0.227733 0.058501
0.865820 -0.191202 0.057179
0.841663 -0.146636 0.055631
0.809634 -0.094824 0.053901
0.768668 -0.036165 0.052013
0.718483 0.028129 0.050045
0.659012 0.097106 0.048050
0.591087 0.169065 0.046091
0.515699 0.242619 0.044240
0.434834 0.315912 0.042569
0.350473 0.387486 0.041109
0.265269 0.455739 0.039897
0.181232 0.520007 0.038938
0.100579 0.579690 0.038213
0.025015 0.634739 0.037689
-0.044493 0.685636 0.037320
-0.107172 0.732857 0.037058
-0.162954 0.777133 0.036855
-0.211876 0.818965 0.036671
-0.254421 0.858830 0.036477
-0.291198 0.897021 0.036256
-0.322770 0.933522 0.036002
-0.349743 0.968153 0.035717
-0.372682 1.000610 0.035411
-0.392152 1.030512 0.035100
-0.408707 1.057471 0.034802
-0.422855 1.081108 0.034532
-0.435031 1.101065 0.034308
-0.445648 1.117157 0.034140
-0.454822 1.129048 0.034036
-0.462712 1.136682 0.033995
-0.469155 1.139963 0.034015
-0.474085 1.139027 0.034086
-0.477159 1.134022 0.034193
-0.478129 1.125131 0.034322
-0.476651 1.112631 0.034453
-0.472453 1.096700 0.034568
-0.465323 1.077599 0.034648
-0.455031 1.055245 0.034677
-0.441571 1.029714 0.034642
-0.424896 1.000697 0.034532
-0.405242 0.968109 0.034345
-0.382840 0.931563 0.034079
-0.358024 0.890669 0.033736
-0.331266 0.845131 0.033324
-0.303018 0.794599 0.032847
-0.273873 0.739017 0.032310
-0.244324 0.678330 0.031715
-0.214918 0.612798 0.031057
-0.186188 0.542958 0.030331
-0.158577 0.469464 0.029524
-0.132477 0.393221 0.028627
-0.108153 0.315192 0.027627
-0.085762 0.236448 0.026513
-0.065303 0.157983 0.025281
-0.046646 0.080726 0.023926
-0.029588 0.005650 0.022451
-0.013748 -0.066861 0.020859
0.001133 -0.135867 0.019166
0.015569 -0.201728 0.017365
0.029654 -0.263264 0.015494
0.043847 -0.321241 0.013518
0.058253 -0.375182 0.011498
0.073056 -0.425529 0.009436
0.088120 -0.471703 0.007307
0.103530 -0.514048 0.005131
0.119049 -0.552420 0.002959
0.134645 -0.587247 0.000736
0.149900 -0.618164 -0.001487
0.164750 -0.645794 -0.003711
0.178648 -0.669867 -0.005935
0.191334 -0.690725 -0.008189
0.202312 -0.708358 -0.010414
0.211266 -0.723045 -0.012636
0.217632 -0.734607 -0.014852
0.221000 -0.743021 -0.017055
0.220897 -0.748165 -0.019239
0.216976 -0.749846 -0.021373
0.208789 -0.747813 -0.023502
0.196027 -0.741746 -0.025570
0.178566 -0.731467 -0.027595
0.156091 -0.716531 -0.029598
0.128572 -0.696668 -0.031526
0.095774 -0.671413 -0.033394
0.057928 -0.640557 -0.035192
0.015129 -0.603780 -0.036904
-0.032529 -0.560691 -0.038508
-0.084178 -0.511681 -0.039971
-0.139992 -0.456075 -0.041289
-0.198626 -0.394914 -0.042399
-0.260123 -0.327898 -0.043309
-0.322441 -0.257101 -0.044016
-0.385492 -0.182640 -0.044546
-0.447363 -0.106938 -0.044941
-0.508262 -0.029987 -0.045247
-0.566432 0.045557 -0.045509
-0.621915 0.119169 -0.045768
-0.673277 0.188450 -0.046032
-0.720847 0.253198 -0.046304
-0.764502 0.312760 -0.046572
-0.804372 0.366925 -0.046831
-0.840540 0.415646 -0.047075
-0.873021 0.459009 -0.047293
-0.902094 0.497658 -0.047480
-0.927976 0.532338 -0.047636
-0.950795 0.563781 -0.047763
-0.970741 0.592872 -0.047865
-0.987851 0.620249 -0.047951
-1.002253 0.646616 -0.048031
-1.013960 0.672394 -0.048114
-1.023055 0.697926 -0.048211
-1.029601 0.723336 -0.048328
-1.033689 0.748544 -0.048470
-1.035463 0.773353 -0.048637
-1.035130 0.797445 -0.048824
-1.032990 0.820413 -0.049024
-1.029415 0.841866 -0.049227
-1.024861 0.861341 -0.049421
-1.019807 0.878499 -0.049599
-1.014773 0.892950 -0.049751
-1.010232 0.904467 -0.049873
-1.006620 0.912832 -0.049962
-1.004347 0.917799 -0.050014
-1.003377 0.919845 -0.050036
VECTORS q1 float
0.747828 -0.647237 -0.147775
0.747073 -0.647177 -0.151802
0.744709 -0.646947 -0.163917
0.740458 -0.646423 -0.184011
0.733867 -0.645436 -0.211779
0.724247 -0.643776 -0.247022
0.710701 -0.641240 -0.289336
0.692169 -0.637694 -0.338007
0.667918 -0.633249 -0.391000
0.636809 -0.627987 -0.447333
0.598449 -0.622291 -0.504592
0.553040 -0.616671 -0.560236
0.501140 -0.611638 -0.612175
0.443982 -0.607697 -0.658471
0.384017 -0.605295 -0.697243
0.322976 -0.604581 -0.728126
0.262979 -0.605545 -0.751104
0.205510 -0.607990 -0.766886
0.151421 -0.611632 -0.776516
0.101101 -0.616160 -0.781105
0.054122 -0.621330 -0.781678
0.010361 -0.626905 -0.779027
-0.030672 -0.632718 -0.773774
-0.069416 -0.638637 -0.766371
-0.105982 -0.644511 -0.757214
-0.140493 -0.650221 -0.746642
-0.172741 -0.655623 -0.735064
-0.202428 -0.660586 -0.722945
-0.229411 -0.665036 -0.710702
-0.253366 -0.668904 -0.698837
-0.274020 -0.672156 -0.687837
-0.291290 -0.674805 -0.678077
-0.305001 -0.676860 -0.669952
-0.315123 -0.678347 -0.663734
-0.321486 -0.679266 -0.659730
-0.324263 -0.679646 -0.657978
-0.323504 -0.679478 -0.658524
-0.319341 -0.678757 -0.661294
-0.311992 -0.677479 -0.666095
-0.301525 -0.675619 -0.672771
-0.288128 -0.673174 -0.681043
-0.271865 -0.670130 -0.690663
-0.252712 -0.666468 -0.701396
-0.230335 -0.662113 -0.713129
-0.204729 -0.657051 -0.725513
-0.175342 -0.651158 -0.738409
-0.141911 -0.644349 -0.751449
-0.104005 -0.636480 -0.764249
-0.060988 -0.627325 -0.776366
-0.012823 -0.616740 -0.787062
0.040706 -0.604486 -0.795575
0.099499 -0.590334 -0.801003
0.162999 -0.574114 -0.802387
0.230334 -0.555704 -0.798836
0.300291 -0.535072 -0.789635
0.371512 -0.512261 -0.774317
0.442358 -0.487483 -0.752781
0.511306 -0.461033 -0.725269
0.576983 -0.433300 -0.692345
0.638253 -0.404748 -0.654837
0.694259 -0.375894 -0.613765
0.744459 -0.347276 -0.570246
0.788971 -0.319153 -0.525038
0.827448 -0.292231 -0.479511
0.860740 -0.266375 -0.433787
0.888514 -0.242495 -0.389537
0.911983 -0.220070 -0.346203
0.931453 -0.199356 -0.304389
0.947111 -0.180833 -0.265104
0.959586 -0.164393 -0.228407
0.969546 -0.149662 -0.193862
0.977124 -0.137128 -0.162554
0.982898 -0.126362 -0.133955
0.987186 -0.117307 -0.108178
0.990283 -0.109865 -0.085259
0.992418 -0.104048 -0.065426
0.993871 -0.099486 -0.048201
0.994789 -0.096192 -0.033780
0.995316 -0.094092 -0.022200
0.995560 -0.093144 -0.013546
0.995601 -0.093351 -0.007959
0.995488 -0.094721 -0.005594
0.995221 -0.097417 -0.006678
0.994763 -0.101562 -0.011498
0.994012 -0.107382 -0.020215
0.992807 -0.115122 -0.032883
0.990865 -0.125243 -0.050014
0.987831 -0.138115 -0.071511
0.983223 -0.154230 -0.097389
0.976429 -0.174124 -0.127540
0.966713 -0.198328 -0.161655
0.953240 -0.227304 -0.199167
0.935353 -0.260992 -0.238742
0.911779 -0.300247 -0.280198
0.882439 -0.343890 -0.321000
0.846713 -0.391737 -0.360027
0.805230 -0.442118 -0.395142
0.758167 -0.494236 -0.425339
0.707295 -0.545872 -0.449175
0.652826 -0.596721 -0.466628
0.597887 -0.644074 -0.477179
0.543616 -0.687428 -0.481585
0.491716 -0.725998 -0.480773
0.442977 -0.759818 -0.475865
0.397918 -0.789118 -0.467925
0.357294 -0.813969 -0.458035
0.321005 -0.834936 -0.447033
0.288698 -0.852628 -0.435521
0.259816 -0.867662 -0.423862
0.233659 -0.880623 -0.412196
0.209666 -0.891947 -0.400589
0.187069 -0.902090 -0.388894
0.165461 -0.911291 -0.377057
0.144384 -0.919767 -0.364941
0.123540 -0.927636 -0.352461
0.102848 -0.934914 -0.339643
0.082321 -0.941582 -0.326569
0.062126 -0.947580 -0.313420
0.042500 -0.952856 -0.300431
0.023740 -0.957373 -0.287877
0.006210 -0.961118 -0.276069
-0.009787 -0.964126 -0.265266
-0.023877 -0.966447 -0.255754
-0.035820 -0.968171 -0.247712
-0.045328 -0.969383 -0.241333
-0.052262 -0.970177 -0.236698
-0.056447 -0.970619 -0.233909
-0.057854 -0.970761 -0.232973
VECTORS q2 float
0.645056 0.761027 -0.068845
0.644982 0.760978 -0.070078
0.644684 0.760858 -0.074015
0.643938 0.760748 -0.081278
0.642342 0.760784 -0.092758
0.639219 0.761175 -0.109599
0.633571 0.762180 -0.132926
0.624041 0.764071 -0.163611
0.609234 0.766975 -0.201454
0.587182 0.771012 -0.246490
0.556322 0.775999 -0.297204
0.515559 0.781523 -0.351313
0.464243 0.787023 -0.406292
0.402712 0.791800 -0.459212
0.333192 0.795107 -0.506743
0.257777 0.796467 -0.546984
0.179764 0.795627 -0.578500
0.102290 0.792664 -0.601016
0.028067 0.787918 -0.615140
-0.040712 0.781908 -0.622063
-0.103148 0.775158 -0.623290
-0.158336 0.768211 -0.620308
-0.206365 0.761468 -0.614475
-0.247737 0.755195 -0.606883
-0.282973 0.749566 -0.598396
-0.312861 0.744636 -0.589605
-0.338025 0.740420 -0.580963
-0.359073 0.736881 -0.572777
-0.376719 0.733936 -0.565173
-0.391512 0.731505 -0.558229
-0.403957 0.729503 -0.551945
-0.414571 0.727843 -0.546238
-0.423681 0.726459 -0.541065
-0.431546 0.725301 -0.536383
-0.438150 0.724354 -0.532294
-0.443604 0.723591 -0.528803
-0.447676 0.723038 -0.526121
-0.450247 0.722712 -0.524371
-0.451032 0.722666 -0.523759
-0.449775 0.722958 -0.524436
-0.446219 0.723654 -0.526511
-0.440127 0.724819 -0.530025
-0.431306 0.726512 -0.534935
-0.419521 0.728799 -0.541160
-0.404838 0.731685 -0.548401
-0.387169 0.735204 -0.556395
-0.366743 0.739333 -0.564700
-0.343817 0.744050 -0.572869
-0.318614 0.749358 -0.580472
-0.291755 0.755184 -0.587007
-0.263727 0.761498 -0.592088
-0.235113 0.768255 -0.595404
-0.206586 0.775375 -0.596754
-0.178797 0.782766 -0.596079
-0.152353 0.790307 -0.593467
-0.127720 0.797881 -0.589129
-0.105275 0.805344 -0.583385
-0.085182 0.812583 -0.576588
-0.067427 0.819514 -0.569079
-0.051844 0.826100 -0.561134
-0.038169 0.832348 -0.552938
-0.026085 0.838305 -0.544577
-0.015209 0.844107 -0.535959
-0.005335 0.849788 -0.527098
0.003858 0.855548 -0.517709
0.012388 0.861310 -0.507928
0.020477 0.867297 -0.497370
0.028121 0.873490 -0.486029
0.035260 0.879751 -0.474126
0.041909 0.886063 -0.461666
0.048081 0.892475 -0.448527
0.053702 0.898679 -0.435308
0.058801 0.904701 -0.421969
0.063381 0.910401 -0.408843
0.067464 0.915639 -0.396300
0.071103 0.920215 -0.384901
0.074328 0.924126 -0.374788
0.077208 0.927188 -0.366553
0.079806 0.929282 -0.360646
0.082173 0.930286 -0.357513
0.084347 0.930064 -0.357583
0.086313 0.928458 -0.361271
0.088099 0.925316 -0.368821
0.089566 0.920361 -0.380675
0.090601 0.913390 -0.396877
0.091028 0.904213 -0.417267
0.090459 0.892298 -0.442291
0.088545 0.877415 -0.471489
0.084804 0.859217 -0.504534
0.078672 0.837379 -0.540932
0.069532 0.811657 -0.579981
0.056755 0.781938 -0.620767
0.040011 0.748691 -0.661711
0.018375 0.711418 -0.702529
-0.007791 0.671582 -0.740890
-0.038682 0.629564 -0.775985
-0.073403 0.586938 -0.806297
-0.111567 0.544357 -0.831402
-0.151599 0.503490 -0.850597
-0.193346 0.464341 -0.864294
-0.234540 0.428679 -0.872482
-0.274587 0.396541 -0.875989
-0.312542 0.368190 -0.875645
-0.348128 0.343353 -0.872305
-0.381193 0.321717 -0.866712
-0.411285 0.303182 -0.859608
-0.438440 0.287378 -0.851578
-0.462742 0.273969 -0.843096
-0.484319 0.262653 -0.834535
-0.503330 0.253161 -0.826177
-0.519811 0.245323 -0.818299
-0.533959 0.238919 -0.811052
-0.545776 0.233835 -0.804643
-0.555359 0.229921 -0.799195
-0.562784 0.227043 -0.794811
-0.568109 0.225074 -0.791577
-0.571423 0.223874 -0.789529
-0.572844 0.223299 -0.788662
-0.572541 0.223203 -0.788909
-0.570750 0.223438 -0.790139
-0.567780 0.223868 -0.792155
-0.563985 0.224380 -0.794716
-0.559780 0.224885 -0.797542
-0.555567 0.225330 -0.800357
-0.551771 0.225681 -0.802880
-0.548741 0.225931 -0.804885
-0.546798 0.226077 -0.806165
-0.546124 0.226125 -0.806608
VECTORS q3 float
0.157020 -0.043839 0.986622
0.160870 -0.045556 0.985924
0.172601 -0.050555 0.983694
0.192526 -0.058309 0.979558
0.220988 -0.067962 0.972906
0.258584 -0.078524 0.962792
0.305764 -0.088845 0.947953
0.362594 -0.097684 0.926813
0.427458 -0.103656 0.898073
0.499692 -0.105699 0.859730
0.576510 -0.102854 0.810591
0.654482 -0.094545 0.750143
0.730299 -0.080589 0.678357
0.800439 -0.061292 0.596272
0.861112 -0.037718 0.507014
0.910625 -0.011031 0.413087
0.947907 0.017112 0.318088
0.973295 0.045070 0.225092
0.988071 0.071351 0.136474
0.994043 0.094691 0.053967
0.993192 0.114362 -0.022136
0.987331 0.129775 -0.091302
0.977994 0.140833 -0.153927
0.966337 0.147731 -0.210636
0.953255 0.150852 -0.261819
0.939351 0.150760 -0.308045
0.925148 0.148113 -0.349518
0.911093 0.143643 -0.386364
0.897471 0.138079 -0.418904
0.884604 0.132167 -0.447222
0.872773 0.126612 -0.471420
0.862137 0.121997 -0.491768
0.852918 0.118820 -0.508343
0.845261 0.117405 -0.521297
0.839447 0.117936 -0.530490
0.835505 0.120410 -0.536127
0.833625 0.124603 -0.538092
0.833846 0.130293 -0.536401
0.836200 0.137022 -0.531031
0.840705 0.144465 -0.521867
0.847273 0.152192 -0.508888
0.855791 0.159884 -0.491995
0.866090 0.167331 -0.471050
0.878036 0.174524 -0.445638
0.891175 0.181442 -0.415796
0.905182 0.188330 -0.381020
0.919435 0.195452 -0.341230
0.933259 0.203181 -0.296218
0.945920 0.211959 -0.245577
0.956407 0.222102 -0.189621
0.963738 0.233917 -0.128422
0.966862 0.247568 -0.062355
0.964756 0.263032 0.007781
0.956545 0.280127 0.080939
0.941602 0.298516 0.155803
0.919601 0.317764 0.230997
0.890638 0.337314 0.304930
0.855166 0.356593 0.376207
0.813968 0.375032 0.443630
0.768079 0.392095 0.506277
0.718712 0.407310 0.563518
0.667159 0.420290 0.615025
0.614242 0.430841 0.661122
0.561517 0.438705 0.701596
0.509030 0.443939 0.737432
0.458682 0.446475 0.768291
0.409717 0.446504 0.795466
0.362773 0.444153 0.819221
0.318963 0.439702 0.839598
0.278278 0.433436 0.857143
0.240144 0.425546 0.872491
0.205777 0.416620 0.885485
0.174510 0.406876 0.896660
0.146445 0.396748 0.906170
0.121606 0.386698 0.914154
0.100254 0.377330 0.920636
0.081829 0.368909 0.925857
0.066580 0.362035 0.929784
0.054564 0.357185 0.932438
0.045902 0.354813 0.933810
0.040783 0.355339 0.933847
0.039413 0.359158 0.932444
0.042109 0.366470 0.929476
0.049245 0.377651 0.924637
0.061082 0.392669 0.917649
0.077769 0.411273 0.908189
0.100021 0.433726 0.895476
0.127864 0.459420 0.878968
0.161493 0.487811 0.857881
0.200989 0.518148 0.831340
0.246234 0.549435 0.798430
0.296839 0.580436 0.758275
0.351446 0.609381 0.710733
0.410270 0.635402 0.654173
0.470362 0.656291 0.589951
0.530642 0.670964 0.517906
0.588402 0.678259 0.440167
0.642445 0.677795 0.357573
0.690472 0.669717 0.273362
0.732417 0.654455 0.187760
0.766500 0.633563 0.105240
0.793148 0.608439 0.026808
0.812732 0.580830 -0.045860
0.826183 0.552073 -0.112416
0.834478 0.523251 -0.172789
0.838562 0.495516 -0.226447
0.839480 0.469357 -0.273819
0.838166 0.444935 -0.315453
0.835423 0.422109 -0.351984
0.831903 0.400514 -0.384090
0.828153 0.379800 -0.412208
0.824556 0.359376 -0.436985
0.821432 0.338926 -0.458670
0.818981 0.318065 -0.477604
0.817320 0.296551 -0.494010
0.816502 0.274367 -0.507984
0.816516 0.251604 -0.519612
0.817307 0.228537 -0.528943
0.818774 0.205538 -0.536063
0.820780 0.183063 -0.541117
0.823157 0.161666 -0.544313
0.825727 0.141828 -0.545949
0.828297 0.124123 -0.546367
0.830700 0.108952 -0.545956
0.832763 0.096768 -0.545107
0.834358 0.087821 -0.544183
0.835360 0.082395 -0.543493
0.835704 0.080567 -0.543238
