# vtk DataFile Version 2.0
VTK example
ASCII
DATASET UNSTRUCTURED_GRID
POINTS  128  float
-0.000352 -0.000112 -0.000103
-0.000343 -0.000111 -0.000106
-0.000335 -0.000110 -0.000110
-0.000326 -0.000108 -0.000113
-0.000318 -0.000107 -0.000116
-0.000310 -0.000106 -0.000119
-0.000301 -0.000104 -0.000123
-0.000293 -0.000103 -0.000126
-0.000285 -0.000102 -0.000130
-0.000277 -0.000102 -0.000134
-0.000269 -0.000101 -0.000138
-0.000261 -0.000100 -0.000142
-0.000253 -0.000100 -0.000146
-0.000245 -0.000100 -0.000150
-0.000237 -0.000099 -0.000155
-0.000229 -0.000099 -0.000160
-0.000221 -0.000099 -0.000164
-0.000214 -0.000099 -0.000169
-0.000206 -0.000100 -0.000174
-0.000198 -0.000100 -0.000179
-0.000191 -0.000100 -0.000183
-0.000183 -0.000100 -0.000188
-0.000175 -0.000100 -0.000193
-0.000167 -0.000101 -0.000197
-0.000159 -0.000101 -0.000201
-0.000151 -0.000101 -0.000204
-0.000142 -0.000100 -0.000208
-0.000134 -0.000100 -0.000211
-0.000125 -0.000100 -0.000213
-0.000116 -0.000099 -0.000215
-0.000107 -0.000098 -0.000216
-0.000098 -0.000096 -0.000217
-0.000089 -0.000095 -0.000216
-0.000081 -0.000093 -0.000216
-0.000072 -0.000090 -0.000214
-0.000064 -0.000087 -0.000212
-0.000056 -0.000084 -0.000210
-0.000048 -0.000080 -0.000207
-0.000041 -0.000076 -0.000203
-0.000034 -0.000072 -0.000199
-0.000027 -0.000068 -0.000195
-0.000021 -0.000063 -0.000190
-0.000015 -0.000058 -0.000185
-0.000010 -0.000053 -0.000180
-0.000005 -0.000048 -0.000174
-0.000001 -0.000043 -0.000168
0.000004 -0.000037 -0.000162
0.000007 -0.000032 -0.000156
0.000011 -0.000027 -0.000149
0.000014 -0.000023 -0.000142
0.000017 -0.000018 -0.000134
0.000019 -0.000014 -0.000127
0.000021 -0.000010 -0.000119
0.000022 -0.000006 -0.000111
0.000024 -0.000002 -0.000103
0.000025 0.000001 -0.000094
0.000025 0.000004 -0.000086
0.000025 0.000007 -0.000077
0.000026 0.000010 -0.000069
0.000025 0.000012 -0.000060
0.000025 0.000015 -0.000051
0.000024 0.000017 -0.000042
0.000024 0.000020 -0.000034
0.000023 0.000022 -0.000025
0.000022 0.000025 -0.000017
0.000022 0.000028 -0.000008
0.000021 0.000031 0.000000
0.000021 0.000035 0.000009
0.000020 0.000039 0.000017
0.000021 0.000043 0.000025
0.000021 0.000048 0.000033
0.000022 0.000053 0.000040
0.000023 0.000058 0.000047
0.000024 0.000064 0.000054
0.000027 0.000070 0.000060
0.000029 0.000077 0.000066
0.000033 0.000083 0.000071
0.000037 0.000090 0.000075
0.000042 0.000097 0.000079
0.000047 0.000104 0.000082
0.000053 0.000110 0.000084
0.000059 0.000117 0.000086
0.000065 0.000123 0.000087
0.000072 0.000129 0.000088
0.000080 0.000134 0.000088
0.000087 0.000139 0.000087
0.000095 0.000144 0.000087
0.000103 0.000148 0.000086
0.000111 0.000152 0.000084
0.000119 0.000155 0.000082
0.000127 0.000159 0.000080
0.000135 0.000162 0.000078
0.000144 0.000165 0.000076
0.000152 0.000167 0.000073
0.000160 0.000169 0.000070
0.000168 0.000172 0.000067
0.000176 0.000174 0.000064
0.000185 0.000176 0.000060
0.000193 0.000177 0.000057
0.000201 0.000179 0.000053
0.000209 0.000180 0.000050
0.000217 0.000181 0.000046
0.000226 0.000182 0.000042
0.000234 0.000183 0.000038
0.000242 0.000184 0.000035
0.000250 0.000184 0.000031
0.000259 0.000184 0.000027
0.000267 0.000185 0.000024
0.000276 0.000185 0.000021
0.000284 0.000185 0.000018
0.000293 0.000185 0.000016
0.000302 0.000185 0.000013
0.000310 0.000186 0.000011
0.000319 0.000186 0.000010
0.000328 0.000187 0.000009
0.000337 0.000188 0.000008
0.000346 0.000189 0.000008
0.000355 0.000191 0.000008
0.000364 0.000193 0.000009
0.000372 0.000196 0.000010
0.000381 0.000198 0.000011
0.000389 0.000202 0.000013
0.000397 0.000205 0.000015
0.000405 0.000209 0.000017
0.000413 0.000213 0.000019
0.000421 0.000218 0.000021
0.000428 0.000222 0.000024
0.000436 0.000227 0.000026
CELLS  127 381
2 0 1 
2 1 2 
2 2 3 
2 3 4 
2 4 5 
2 5 6 
2 6 7 
2 7 8 
2 8 9 
2 9 10 
2 10 11 
2 11 12 
2 12 13 
2 13 14 
2 14 15 
2 15 16 
2 16 17 
2 17 18 
2 18 19 
2 19 20 
2 20 21 
2 21 22 
2 22 23 
2 23 24 
2 24 25 
2 25 26 
2 26 27 
2 27 28 
2 28 29 
2 29 30 
2 30 31 
2 31 32 
2 32 33 
2 33 34 
2 34 35 
2 35 36 
2 36 37 
2 37 38 
2 38 39 
2 39 40 
2 40 41 
2 41 42 
2 42 43 
2 43 44 
2 44 45 
2 45 46 
2 46 47 
2 47 48 
2 48 49 
2 49 50 
2 50 51 
2 51 52 
2 52 53 
2 53 54 
2 54 55 
2 55 56 
2 56 57 
2 57 58 
2 58 59 
2 59 60 
2 60 61 
2 61 62 
2 62 63 
2 63 64 
2 64 65 
2 65 66 
2 66 67 
2 67 68 
2 68 69 
2 69 70 
2 70 71 
2 71 72 
2 72 73 
2 73 74 
2 74 75 
2 75 76 
2 76 77 
2 77 78 
2 78 79 
2 79 80 
2 80 81 
2 81 82 
2 82 83 
2 83 84 
2 84 85 
2 85 86 
2 86 87 
2 87 88 
2 88 89 
2 89 90 
2 90 91 
2 91 92 
2 92 93 
2 93 94 
2 94 95 
2 95 96 
2 96 97 
2 97 98 
2 98 99 
2 99 100 
2 100 101 
2 101 102 
2 102 103 
2 103 104 
2 104 105 
2 105 106 
2 106 107 
2 107 108 
2 108 109 
2 109 110 
2 110 111 
2 111 112 
2 112 113 
2 113 114 
2 114 115 
2 115 116 
2 116 117 
2 117 118 
2 118 119 
2 119 120 
2 120 121 
2 121 122 
2 122 123 
2 123 124 
2 124 125 
2 125 126 
2 126 127 
CELL_TYPES  127
3
3
3
3
3
3
3
3
3
3
3
3
3
3
3
3
3
3
3
3
3
3
3
3
3
3
3
3
3
3
3
3
3
3
3
3
3
3
3
3
3
3
3
3
3
3
3
3
3
3
3
3
3
3
3
3
3
3
3
3
3
3
3
3
3
3
3
3
3
3
3
3
3
3
3
3
3
3
3
3
3
3
3
3
3
3
3
3
3
3
3
3
3
3
3
3
3
3
3
3
3
3
3
3
3
3
3
3
3
3
3
3
3
3
3
3
3
3
3
3
3
3
3
3
3
3
3
POINT_DATA  128
VECTORS Position float
-0.000352 -0.000112 -0.000103
-0.000343 -0.000111 -0.000106
-0.000335 -0.000110 -0.000110
-0.000326 -0.000108 -0.000113
-0.000318 -0.000107 -0.000116
-0.000310 -0.000106 -0.000119
-0.000301 -0.000104 -0.000123
-0.000293 -0.000103 -0.000126
-0.000285 -0.000102 -0.000130
-0.000277 -0.000102 -0.000134
-0.000269 -0.000101 -0.000138
-0.000261 -0.000100 -0.000142
-0.000253 -0.000100 -0.000146
-0.000245 -0.000100 -0.000150
-0.000237 -0.000099 -0.000155
-0.000229 -0.000099 -0.000160
-0.000221 -0.000099 -0.000164
-0.000214 -0.000099 -0.000169
-0.000206 -0.000100 -0.000174
-0.000198 -0.000100 -0.000179
-0.000191 -0.000100 -0.000183
-0.000183 -0.000100 -0.000188
-0.000175 -0.000100 -0.000193
-0.000167 -0.000101 -0.000197
-0.000159 -0.000101 -0.000201
-0.000151 -0.000101 -0.000204
-0.000142 -0.000100 -0.000208
-0.000134 -0.000100 -0.000211
-0.000125 -0.000100 -0.000213
-0.000116 -0.000099 -0.000215
-0.000107 -0.000098 -0.000216
-0.000098 -0.000096 -0.000217
-0.000089 -0.000095 -0.000216
-0.000081 -0.000093 -0.000216
-0.000072 -0.000090 -0.000214
-0.000064 -0.000087 -0.000212
-0.000056 -0.000084 -0.000210
-0.000048 -0.000080 -0.000207
-0.000041 -0.000076 -0.000203
-0.000034 -0.000072 -0.000199
-0.000027 -0.000068 -0.000195
-0.000021 -0.000063 -0.000190
-0.000015 -0.000058 -0.000185
-0.000010 -0.000053 -0.000180
-0.000005 -0.000048 -0.000174
-0.000001 -0.000043 -0.000168
0.000004 -0.000037 -0.000162
0.000007 -0.000032 -0.000156
0.000011 -0.000027 -0.000149
0.000014 -0.000023 -0.000142
0.000017 -0.000018 -0.000134
0.000019 -0.000014 -0.000127
0.000021 -0.000010 -0.000119
0.000022 -0.000006 -0.000111
0.000024 -0.000002 -0.000103
0.000025 0.000001 -0.000094
0.000025 0.000004 -0.000086
0.000025 0.000007 -0.000077
0.000026 0.000010 -0.000069
0.000025 0.000012 -0.000060
0.000025 0.000015 -0.000051
0.000024 0.000017 -0.000042
0.000024 0.000020 -0.000034
0.000023 0.000022 -0.000025
0.000022 0.000025 -0.000017
0.000022 0.000028 -0.000008
0.000021 0.000031 0.000000
0.000021 0.000035 0.000009
0.000020 0.000039 0.000017
0.000021 0.000043 0.000025
0.000021 0.000048 0.000033
0.000022 0.000053 0.000040
0.000023 0.000058 0.000047
0.000024 0.000064 0.000054
0.000027 0.000070 0.000060
0.000029 0.000077 0.000066
0.000033 0.000083 0.000071
0.000037 0.000090 0.000075
0.000042 0.000097 0.000079
0.000047 0.000104 0.000082
0.000053 0.000110 0.000084
0.000059 0.000117 0.000086
0.000065 0.000123 0.000087
0.000072 0.000129 0.000088
0.000080 0.000134 0.000088
0.000087 0.000139 0.000087
0.000095 0.000144 0.000087
0.000103 0.000148 0.000086
0.000111 0.000152 0.000084
0.000119 0.000155 0.000082
0.000127 0.000159 0.000080
0.000135 0.000162 0.000078
0.000144 0.000165 0.000076
0.000152 0.000167 0.000073
0.000160 0.000169 0.000070
0.000168 0.000172 0.000067
0.000176 0.000174 0.000064
0.000185 0.000176 0.000060
0.000193 0.000177 0.000057
0.000201 0.000179 0.000053
0.000209 0.000180 0.000050
0.000217 0.000181 0.000046
0.000226 0.000182 0.000042
0.000234 0.000183 0.000038
0.000242 0.000184 0.000035
0.000250 0.000184 0.000031
0.000259 0.000184 0.000027
0.000267 0.000185 0.000024
0.000276 0.000185 0.000021
0.000284 0.000185 0.000018
0.000293 0.000185 0.000016
0.000302 0.000185 0.000013
0.000310 0.000186 0.000011
0.000319 0.000186 0.000010
0.000328 0.000187 0.000009
0.000337 0.000188 0.000008
0.000346 0.000189 0.000008
0.000355 0.000191 0.000008
0.000364 0.000193 0.000009
0.000372 0.000196 0.000010
0.000381 0.000198 0.000011
0.000389 0.000202 0.000013
0.000397 0.000205 0.000015
0.000405 0.000209 0.000017
0.000413 0.000213 0.000019
0.000421 0.000218 0.000021
0.000428 0.000222 0.000024
0.000436 0.000227 0.000026
VECTORS Rotation float
0.692439 0.153471 -1.920257
0.692697 0.152650 -1.921545
0.693463 0.150160 -1.925422
0.694703 0.145964 -1.931854
0.696365 0.140043 -1.940748
0.698375 0.132347 -1.952039
0.700639 0.122874 -1.965595
0.703040 0.111698 -1.981203
0.705433 0.099203 -1.998275
0.707708 0.085527 -2.016614
0.709747 0.071126 -2.035618
0.711462 0.056486 -2.054641
0.712802 0.041990 -2.073109
0.713756 0.028034 -2.090355
0.714346 0.015141 -2.105478
0.714638 0.003571 -2.117841
0.714720 -0.006343 -2.126683
0.714698 -0.014348 -2.131331
0.714672 -0.020233 -2.131189
0.714731 -0.023808 -2.125751
0.714933 -0.024940 -2.114555
0.715292 -0.023491 -2.097340
0.715774 -0.019350 -2.073885
0.716290 -0.012387 -2.044047
0.716688 -0.002471 -2.007896
0.716753 0.010625 -1.965430
0.716206 0.027128 -1.916956
0.714718 0.047290 -1.862939
0.711884 0.071477 -1.803608
0.707279 0.099851 -1.739625
0.700473 0.132395 -1.671757
0.690992 0.169085 -1.600381
0.678482 0.209399 -1.526399
0.662589 0.252795 -1.450282
0.643556 0.297627 -1.374114
0.621079 0.343608 -1.297353
0.596028 0.388571 -1.222492
0.568347 0.432185 -1.148871
0.538969 0.472734 -1.078014
0.507977 0.509705 -1.009283
0.475929 0.541934 -0.943017
0.443037 0.568633 -0.878837
0.409375 0.589128 -0.816167
0.374582 0.603049 -0.753713
0.339069 0.609839 -0.691585
0.302736 0.609369 -0.628966
0.266189 0.601712 -0.566251
0.230052 0.587286 -0.503862
0.194864 0.566716 -0.442089
0.161543 0.541145 -0.382071
0.130601 0.511782 -0.324378
0.102411 0.480005 -0.269556
0.077187 0.447297 -0.218107
0.054928 0.415061 -0.170327
0.035490 0.384563 -0.126402
0.018621 0.356832 -0.086377
0.004058 0.332754 -0.050364
-0.008482 0.312967 -0.018414
-0.019250 0.297939 0.009401
-0.028446 0.288014 0.032969
-0.036202 0.283462 0.052130
-0.042572 0.284511 0.066679
-0.047539 0.291387 0.076487
-0.050977 0.304207 0.081214
-0.052649 0.323329 0.080634
-0.052258 0.348382 0.074409
-0.049209 0.379976 0.061892
-0.042808 0.417849 0.042398
-0.032270 0.460991 0.015348
-0.016320 0.508993 -0.020563
0.007061 0.561817 -0.067654
0.039176 0.616539 -0.126460
0.083000 0.672327 -0.200250
0.140970 0.726397 -0.291038
0.215014 0.775388 -0.400212
0.304450 0.815125 -0.526027
0.409385 0.843022 -0.668772
0.523320 0.855846 -0.820735
0.638334 0.852524 -0.973245
0.746302 0.833932 -1.117476
0.841301 0.802564 -1.246878
0.921627 0.761233 -1.359680
0.985591 0.714369 -1.453011
1.036674 0.663823 -1.530994
1.076716 0.612512 -1.595154
1.107968 0.562827 -1.647633
1.133305 0.514802 -1.692289
1.154142 0.469872 -1.730677
1.171784 0.428556 -1.764535
1.187142 0.391089 -1.795155
1.200820 0.357471 -1.823405
1.213197 0.327485 -1.849796
1.224455 0.301061 -1.874262
1.234825 0.276990 -1.897453
1.244312 0.255213 -1.918732
1.252996 0.234789 -1.938228
1.260905 0.215352 -1.955518
1.268072 0.196145 -1.970604
1.274545 0.177038 -1.983056
1.280320 0.157349 -1.992893
1.285518 0.137560 -1.999534
1.290196 0.117593 -2.002743
1.294479 0.097825 -2.002196
1.298468 0.078573 -1.997600
1.302288 0.060340 -1.988661
1.306134 0.043996 -1.975267
1.310137 0.030289 -1.957318
1.314393 0.020017 -1.934819
1.318942 0.013968 -1.907855
1.323746 0.012869 -1.876554
1.328727 0.017353 -1.841301
1.333669 0.027911 -1.802235
1.338364 0.044737 -1.760027
1.342514 0.067855 -1.715153
1.345805 0.097021 -1.668236
1.347995 0.131616 -1.620172
1.348898 0.170806 -1.571844
1.348467 0.213453 -1.524265
1.346775 0.258248 -1.478392
1.344010 0.303744 -1.435115
1.340500 0.348335 -1.395304
1.336536 0.390593 -1.359543
1.332536 0.428943 -1.328492
1.328754 0.462224 -1.302484
1.325551 0.489205 -1.281974
1.323080 0.509152 -1.267123
1.321575 0.521306 -1.258204
1.321056 0.525410 -1.255216
VECTORS ControlForce float
0.000000 0.000000 0.000000
0.000009 -0.000036 0.000056
0.000006 -0.000060 0.000118
-0.000040 -0.000081 0.000174
-0.000117 -0.000087 0.000217
-0.000242 -0.000090 0.000245
-0.000373 -0.000073 0.000274
-0.000499 -0.000045 0.000301
-0.000618 -0.000027 0.000312
-0.000716 -0.000031 0.000313
-0.000786 -0.000058 0.000306
-0.000837 -0.000115 0.000288
-0.000843 -0.000168 0.000276
-0.000807 -0.000204 0.000275
-0.000759 -0.000236 0.000269
-0.000697 -0.000250 0.000264
-0.000612 -0.000236 0.000265
-0.000515 -0.000203 0.000270
-0.000434 -0.000176 0.000270
-0.000356 -0.000145 0.000274
-0.000269 -0.000095 0.000288
-0.000187 -0.000030 0.000305
-0.000129 0.000047 0.000318
-0.000113 0.000130 0.000325
-0.000112 0.000244 0.000338
-0.000120 0.000371 0.000353
-0.000122 0.000485 0.000366
-0.000097 0.000558 0.000369
-0.000018 0.000585 0.000360
0.000132 0.000566 0.000333
0.000333 0.000498 0.000278
0.000556 0.000388 0.000199
0.000761 0.000246 0.000097
0.000897 0.000072 -0.000022
0.000939 -0.000124 -0.000154
0.000859 -0.000342 -0.000279
0.000643 -0.000591 -0.000381
0.000337 -0.000833 -0.000444
-0.000013 -0.001037 -0.000463
-0.000359 -0.001171 -0.000434
-0.000662 -0.001217 -0.000367
-0.000869 -0.001138 -0.000280
-0.000977 -0.000958 -0.000174
-0.000976 -0.000694 -0.000053
-0.000855 -0.000341 0.000049
-0.000654 0.000051 0.000124
-0.000431 0.000419 0.000173
-0.000221 0.000725 0.000194
-0.000041 0.000954 0.000188
0.000094 0.001088 0.000158
0.000180 0.001126 0.000114
0.000222 0.001074 0.000072
0.000238 0.000959 0.000033
0.000237 0.000796 0.000009
0.000232 0.000624 -0.000011
0.000225 0.000453 -0.000014
0.000220 0.000306 -0.000005
0.000220 0.000204 0.000005
0.000223 0.000147 0.000019
0.000224 0.000134 0.000031
0.000220 0.000148 0.000035
0.000212 0.000169 0.000036
0.000205 0.000180 0.000037
0.000209 0.000169 0.000038
0.000238 0.000122 0.000054
0.000291 0.000048 0.000062
0.000358 -0.000038 0.000070
0.000420 -0.000139 0.000081
0.000457 -0.000259 0.000086
0.000448 -0.000389 0.000093
0.000381 -0.000512 0.000104
0.000251 -0.000616 0.000101
0.000068 -0.000705 0.000096
-0.000152 -0.000767 0.000078
-0.000387 -0.000796 0.000032
-0.000609 -0.000782 -0.000049
-0.000774 -0.000700 -0.000153
-0.000872 -0.000567 -0.000263
-0.000889 -0.000383 -0.000373
-0.000812 -0.000126 -0.000474
-0.000662 0.000170 -0.000541
-0.000472 0.000470 -0.000565
-0.000283 0.000729 -0.000555
-0.000116 0.000930 -0.000512
0.000006 0.001048 -0.000454
0.000079 0.001050 -0.000397
0.000117 0.000941 -0.000329
0.000141 0.000741 -0.000257
0.000169 0.000474 -0.000186
0.000225 0.000193 -0.000118
0.000304 -0.000068 -0.000053
0.000393 -0.000270 0.000005
0.000476 -0.000385 0.000060
0.000517 -0.000440 0.000121
0.000505 -0.000450 0.000177
0.000439 -0.000430 0.000225
0.000333 -0.000387 0.000263
0.000196 -0.000353 0.000294
0.000039 -0.000339 0.000318
-0.000115 -0.000311 0.000351
-0.000268 -0.000270 0.000373
-0.000412 -0.000209 0.000376
-0.000542 -0.000140 0.000362
-0.000648 -0.000069 0.000344
-0.000711 0.000034 0.000339
-0.000738 0.000135 0.000335
-0.000733 0.000209 0.000324
-0.000689 0.000273 0.000315
-0.000615 0.000294 0.000305
-0.000503 0.000299 0.000302
-0.000347 0.000327 0.000307
-0.000150 0.000387 0.000315
0.000075 0.000457 0.000312
0.000321 0.000551 0.000293
0.000567 0.000632 0.000255
0.000803 0.000676 0.000196
0.001014 0.000641 0.000120
0.001183 0.000516 0.000034
0.001301 0.000322 -0.000053
0.001353 0.000079 -0.000131
0.001336 -0.000152 -0.000195
0.001248 -0.000341 -0.000238
0.001099 -0.000447 -0.000257
0.000900 -0.000480 -0.000248
0.000673 -0.000446 -0.000213
0.000440 -0.000356 -0.000153
0.000213 -0.000209 -0.000080
-0.000000 -0.000000 -0.000000
VECTORS ControlTorque float
0.000000 -0.000001 0.000001
0.000000 -0.000001 0.000001
0.000000 -0.000001 0.000001
0.000000 -0.000001 0.000001
0.000000 -0.000001 0.000001
0.000000 -0.000001 0.000001
0.000000 -0.000001 0.000001
0.000000 -0.000000 0.000000
0.000000 -0.000001 0.000001
0.000000 -0.000000 0.000000
0.000000 0.000000 0.000000
-0.000000 0.000000 -0.000000
-0.000000 0.000000 -0.000000
-0.000000 0.000001 -0.000000
-0.000000 0.000001 -0.000000
-0.000000 0.000001 -0.000001
-0.000000 0.000002 -0.000001
-0.000000 0.000002 -0.000001
-0.000000 0.000002 -0.000001
-0.000000 0.000002 -0.000001
-0.000000 0.000002 -0.000001
-0.000000 0.000003 -0.000001
-0.000001 0.000003 -0.000001
-0.000000 0.000003 -0.000001
-0.000001 0.000003 -0.000001
-0.000001 0.000003 -0.000001
-0.000001 0.000002 -0.000001
-0.000001 0.000002 -0.000002
-0.000001 0.000002 -0.000002
-0.000000 0.000001 -0.000002
-0.000000 0.000001 -0.000002
-0.000000 0.000000 -0.000002
-0.000000 0.000001 -0.000002
0.000001 -0.000002 -0.000000
0.000000 0.000001 -0.000002
0.000001 -0.000003 0.000001
0.000000 -0.000000 -0.000001
0.000001 -0.000003 0.000001
0.000000 -0.000001 0.000001
0.000000 -0.000002 0.000002
-0.000000 -0.000001 0.000002
-0.000001 -0.000001 0.000002
-0.000001 -0.000000 0.000001
-0.000001 -0.000001 0.000002
-0.000002 0.000000 0.000001
-0.000002 -0.000000 0.000001
-0.000002 0.000000 0.000001
-0.000002 0.000000 0.000001
-0.000001 -0.000000 0.000001
-0.000001 -0.000000 0.000000
-0.000000 -0.000000 0.000000
0.000000 -0.000001 0.000000
0.000001 -0.000001 0.000000
0.000001 -0.000001 0.000000
0.000001 -0.000001 0.000000
0.000002 -0.000001 0.000000
0.000002 -0.000001 0.000000
0.000002 -0.000001 0.000000
0.000002 -0.000002 0.000000
0.000002 -0.000002 0.000001
0.000002 -0.000002 0.000001
0.000002 -0.000002 0.000001
0.000002 -0.000002 0.000001
0.000003 -0.000002 0.000001
0.000002 -0.000002 0.000001
0.000003 -0.000002 0.000001
0.000003 -0.000002 0.000001
0.000002 -0.000002 0.000001
0.000002 -0.000002 0.000001
0.000003 -0.000003 0.000002
0.000000 -0.000002 0.000001
0.000002 -0.000003 0.000002
0.000001 -0.000002 0.000002
0.000001 -0.000003 0.000002
-0.000002 -0.000000 0.000001
0.000001 -0.000002 0.000003
-0.000001 -0.000000 0.000001
-0.000001 0.000000 0.000001
-0.000002 0.000001 0.000001
-0.000002 0.000002 0.000000
-0.000001 0.000001 0.000001
-0.000003 0.000004 -0.000002
-0.000001 0.000001 0.000001
-0.000002 0.000002 -0.000001
-0.000002 0.000003 -0.000002
-0.000000 0.000001 -0.000000
-0.000001 0.000001 -0.000002
-0.000001 0.000001 -0.000002
-0.000001 0.000001 -0.000002
-0.000001 0.000001 -0.000002
-0.000000 0.000000 -0.000001
-0.000001 0.000001 -0.000002
-0.000000 -0.000000 -0.000000
-0.000001 0.000001 -0.000001
-0.000000 0.000000 -0.000000
-0.000000 0.000001 -0.000001
-0.000000 0.000001 0.000000
-0.000000 0.000001 -0.000000
0.000000 0.000001 0.000001
-0.000000 0.000001 -0.000000
-0.000000 0.000001 0.000000
-0.000000 0.000002 -0.000000
-0.000000 0.000002 -0.000000
-0.000000 0.000002 -0.000000
-0.000000 0.000002 -0.000001
-0.000000 0.000002 -0.000001
-0.000001 0.000002 -0.000001
-0.000001 0.000002 -0.000002
-0.000001 0.000002 -0.000002
-0.000001 0.000001 -0.000002
-0.000001 0.000002 -0.000002
-0.000000 0.000001 -0.000002
-0.000000 0.000001 -0.000003
-0.000000 0.000001 -0.000002
-0.000000 0.000000 -0.000002
0.000000 0.000000 -0.000002
0.000000 -0.000000 -0.000001
0.000000 -0.000001 -0.000001
0.000000 -0.000001 -0.000000
0.000000 -0.000002 0.000000
0.000000 -0.000002 0.000001
0.000000 -0.000002 0.000002
0.000000 -0.000002 0.000002
-0.000000 -0.000002 0.000003
-0.000000 -0.000002 0.000003
-0.000000 -0.000002 0.000003
-0.000000 -0.000002 0.000003
-0.000001 -0.000002 0.000003
VECTORS Curvature float
-11.598340 94.689785 -3.973676
-36.744021 307.611889 -12.364480
-78.242759 680.282339 -26.526620
-108.066830 1000.823895 -37.843197
-132.066994 1326.214390 -48.006092
-149.153296 1646.865003 -56.029506
-161.035979 1975.531510 -61.632883
-163.330659 2223.873622 -64.812572
-161.208238 2419.861368 -65.103814
-158.914201 2592.089807 -63.002460
-149.499798 2644.954535 -58.467732
-132.660303 2620.655642 -51.816169
-103.268549 2540.586303 -43.579715
-52.984217 2338.917969 -34.408172
22.033749 2041.059456 -24.692389
124.141889 1677.972751 -15.330100
254.486840 1222.015260 -6.856320
412.766156 700.673653 0.109965
591.745392 118.703842 5.109230
795.761730 -516.851040 7.776053
1015.557969 -1192.970819 7.916749
1236.742164 -1890.443332 5.395367
1468.606844 -2619.444470 0.217115
1690.870322 -3355.839995 -7.661751
1898.223986 -4106.360800 -18.034833
2080.233635 -4875.249816 -30.907021
2196.675788 -5599.539183 -46.185753
2257.137456 -6328.339890 -63.268964
2253.518928 -7059.551021 -82.273369
2152.997726 -7682.580593 -102.651210
1990.150864 -8286.814328 -122.715465
1764.099432 -8799.212640 -143.231521
1494.848434 -9286.719451 -160.229253
1163.191216 -9424.044114 -177.932223
824.065641 -9507.349125 -185.697146
496.335893 -9371.194988 -194.934455
196.427721 -9018.947749 -191.391746
-31.538480 -8638.318052 -186.553646
-169.208920 -8074.737522 -170.801166
-193.204530 -7581.278523 -150.853036
-82.998858 -6975.623656 -123.336581
156.652610 -6413.340173 -90.545591
529.852138 -6018.887388 -52.896573
999.223443 -5693.323688 -12.896664
1545.170680 -5428.575755 28.976778
2131.382858 -5300.050230 70.376579
2678.353221 -5160.001328 110.058407
3201.417978 -5121.485620 145.963231
3626.160556 -5086.495857 177.765235
3907.606898 -5005.542493 203.780973
4078.683216 -4935.455967 224.358957
4101.838273 -4819.785036 239.719387
3981.302120 -4653.758906 250.459983
3732.755023 -4438.302569 257.668296
3382.714663 -4183.274234 262.222132
2948.007827 -3885.030538 265.165683
2445.023927 -3538.928897 266.824141
1901.736597 -3158.508477 267.414500
1330.170735 -2741.620562 266.606044
738.049352 -2289.172002 263.761315
133.205392 -1793.395255 257.968995
-493.066909 -1276.620788 248.424081
-1113.124719 -722.999637 234.321663
-1782.182994 -130.010443 215.734441
-2410.903655 473.762948 192.883154
-3044.500099 1116.253971 167.037500
-3793.617893 1833.966661 139.948752
-4403.855443 2542.017288 114.451219
-4874.552377 3210.156073 91.903466
-5540.408398 4088.563991 71.688730
-6010.748737 4891.132316 61.247588
-6312.313886 5661.675144 51.272599
-6702.926690 6580.866826 48.829231
-6911.506921 7437.631842 48.063948
-6801.646992 7989.518438 51.063936
-6647.142352 8579.592443 46.191833
-6483.464890 9162.368380 41.666926
-6007.717689 9359.611384 25.202339
-5479.600924 9461.436660 -0.288405
-4837.395752 9326.000225 -34.954552
-4253.984703 9287.333443 -71.013629
-3588.261373 8898.397924 -114.420681
-2922.973648 8392.757622 -149.695818
-2445.626691 8095.298063 -188.625955
-1938.921428 7357.630506 -224.426631
-1604.570532 6807.662344 -255.139483
-1421.796439 6378.901959 -286.862113
-1303.126208 5790.364514 -314.179325
-1281.256542 5269.969805 -339.395239
-1309.199171 4759.019043 -361.836996
-1371.598434 4312.843044 -381.383639
-1392.417924 3813.323256 -398.787630
-1421.893292 3461.471822 -412.407336
-1410.297351 3178.411698 -424.989606
-1322.226158 2892.684246 -434.276057
-1196.043066 2697.959148 -442.561202
-1016.640640 2554.682989 -448.887405
-796.600532 2445.661025 -454.757240
-538.681993 2405.864691 -459.496748
-246.575062 2371.828676 -464.550678
97.934977 2255.468160 -469.324544
462.113442 2153.324805 -474.782777
850.865649 1991.717419 -481.015474
1275.682792 1809.500240 -488.524048
1701.479150 1535.010979 -497.574137
2105.600538 1162.511855 -508.865407
2501.708336 717.358210 -523.001682
2869.322958 192.218287 -540.735846
3222.836651 -409.398583 -562.779793
3520.739551 -1069.331402 -589.988671
3793.025902 -1786.502490 -622.858390
4021.807334 -2527.705248 -662.213250
4167.842565 -3251.676102 -707.863378
4283.343260 -3966.735204 -759.464816
4316.632966 -4613.782078 -815.767399
4259.034860 -5160.975906 -873.809663
4110.620157 -5584.437535 -929.928302
3864.404184 -5848.435717 -978.469291
3544.043824 -5953.009801 -1012.983040
3151.992308 -5859.154622 -1026.625127
2727.381906 -5594.376265 -1012.232854
2285.273639 -5145.646707 -965.036102
1849.721591 -4541.610746 -880.972136
1434.174961 -3801.868384 -760.584949
1039.990357 -2942.106345 -603.923837
682.497579 -2031.856784 -425.232318
303.364656 -932.027913 -199.097054
96.187230 -300.217883 -62.480899
VECTORS LocalRotation float
0.021651 0.400518 0.027575
0.021431 0.402344 0.027500
0.020913 0.406799 0.027325
0.020073 0.414378 0.027035
0.018984 0.424935 0.026645
0.017706 0.438441 0.026173
0.016301 0.454850 0.025640
0.014841 0.473757 0.025070
0.013366 0.494855 0.024480
0.011919 0.517515 0.023901
0.010524 0.541199 0.023352
0.009243 0.565095 0.022851
0.008174 0.588489 0.022419
0.007469 0.610513 0.022067
0.007328 0.630378 0.021799
0.007990 0.647206 0.021618
0.009704 0.660333 0.021517
0.012725 0.669039 0.021487
0.017273 0.672749 0.021510
0.023565 0.670943 0.021569
0.031750 0.663217 0.021640
0.041949 0.649254 0.021700
0.054214 0.628808 0.021725
0.068521 0.601750 0.021692
0.084785 0.567935 0.021575
0.102770 0.527332 0.021354
0.122098 0.479996 0.021006
0.142272 0.425968 0.020510
0.162674 0.365413 0.019851
0.182624 0.298669 0.019014
0.201443 0.226136 0.017991
0.218464 0.148669 0.016785
0.233234 0.066701 0.015410
0.245212 -0.017613 0.013886
0.254249 -0.103710 0.012232
0.260194 -0.188699 0.010518
0.263346 -0.272384 0.008760
0.264090 -0.352091 0.007054
0.263179 -0.427990 0.005431
0.261542 -0.498682 0.003979
0.260294 -0.564500 0.002739
0.260627 -0.625165 0.001770
0.263747 -0.681659 0.001118
0.270649 -0.734531 0.000821
0.282187 -0.784963 0.000894
0.298798 -0.833435 0.001343
0.320568 -0.880781 0.002160
0.347240 -0.927420 0.003321
0.378100 -0.973558 0.004785
0.412238 -1.019290 0.006513
0.448431 -1.064341 0.008454
0.485465 -1.108503 0.010555
0.522055 -1.151388 0.012774
0.556977 -1.192548 0.015074
0.589202 -1.231593 0.017428
0.617851 -1.268106 0.019815
0.642268 -1.301718 0.022224
0.661953 -1.332048 0.024643
0.676588 -1.358766 0.027061
0.685952 -1.381543 0.029462
0.689898 -1.400032 0.031825
0.688265 -1.413957 0.034122
0.681012 -1.422987 0.036302
0.667861 -1.426861 0.038346
0.648985 -1.425314 0.040186
0.624063 -1.418050 0.041830
0.593157 -1.404716 0.043218
0.556326 -1.385055 0.044361
0.514186 -1.358930 0.045298
0.466661 -1.325625 0.046044
0.414716 -1.285244 0.046642
0.358533 -1.237132 0.047155
0.299615 -1.181711 0.047608
0.238237 -1.118512 0.048045
0.176517 -1.049078 0.048491
0.115227 -0.973567 0.048934
0.056045 -0.893602 0.049330
-0.000372 -0.809946 0.049632
-0.052380 -0.724734 0.049745
-0.099190 -0.639494 0.049585
-0.140512 -0.554892 0.049104
-0.175780 -0.473107 0.048270
-0.205471 -0.394261 0.047065
-0.229682 -0.319905 0.045540
-0.249470 -0.250163 0.043676
-0.265666 -0.185419 0.041484
-0.279338 -0.125847 0.039035
-0.291656 -0.070836 0.036318
-0.303344 -0.020812 0.033362
-0.315062 0.024552 0.030190
-0.327183 0.065570 0.026830
-0.339668 0.102278 0.023306
-0.352514 0.135482 0.019603
-0.365247 0.165335 0.015838
-0.377638 0.192865 0.011942
-0.389006 0.218102 0.007983
-0.399069 0.241989 0.003929
-0.407272 0.264610 -0.000159
-0.413358 0.286723 -0.004326
-0.416877 0.308135 -0.008467
-0.417550 0.329088 -0.012696
-0.415014 0.349056 -0.016972
-0.409040 0.367914 -0.021320
-0.399385 0.385173 -0.025722
-0.385959 0.400256 -0.030169
-0.368744 0.412453 -0.034720
-0.347882 0.420965 -0.039392
-0.323538 0.425088 -0.044214
-0.295922 0.424103 -0.049216
-0.265412 0.417413 -0.054431
-0.232250 0.404464 -0.059931
-0.196935 0.384968 -0.065738
-0.159832 0.358785 -0.071945
-0.121530 0.326070 -0.078595
-0.082601 0.287229 -0.085726
-0.043767 0.242966 -0.093377
-0.005883 0.194328 -0.101541
0.030226 0.142563 -0.110182
0.063769 0.089130 -0.119198
0.094073 0.035672 -0.128429
0.120712 -0.016223 -0.137667
0.143396 -0.064825 -0.146615
0.162140 -0.108737 -0.154983
0.176995 -0.146479 -0.162408
0.188207 -0.177042 -0.168592
0.195989 -0.199514 -0.173242
0.200463 -0.212963 -0.176075
0.202268 -0.218530 -0.177256
VECTORS q1 float
-0.171840 -0.630913 -0.756584
-0.173216 -0.631189 -0.756040
-0.177367 -0.632011 -0.754389
-0.184288 -0.633350 -0.751602
-0.193912 -0.635153 -0.747649
-0.206211 -0.637351 -0.742469
-0.221077 -0.639845 -0.736018
-0.238293 -0.642511 -0.728283
-0.257195 -0.645176 -0.719444
-0.277541 -0.647718 -0.709530
-0.298624 -0.649994 -0.698807
-0.319705 -0.651900 -0.687615
-0.340175 -0.653380 -0.676295
-0.359377 -0.654420 -0.665269
-0.376455 -0.655048 -0.655129
-0.390898 -0.655340 -0.646319
-0.402088 -0.655393 -0.639363
-0.409507 -0.655322 -0.634711
-0.412692 -0.655236 -0.632733
-0.411216 -0.655229 -0.633701
-0.404665 -0.655363 -0.637766
-0.392693 -0.655657 -0.644908
-0.374934 -0.656079 -0.654969
-0.351011 -0.656541 -0.667642
-0.320642 -0.656889 -0.682411
-0.283425 -0.656903 -0.698677
-0.239173 -0.656286 -0.715601
-0.187854 -0.654672 -0.732200
-0.129287 -0.651594 -0.747469
-0.063872 -0.646531 -0.760209
0.007600 -0.638938 -0.769221
0.084403 -0.628214 -0.773449
0.164888 -0.613902 -0.771969
0.247526 -0.595609 -0.764186
0.328899 -0.573663 -0.750157
0.408372 -0.547897 -0.730096
0.482363 -0.519511 -0.705290
0.550812 -0.488750 -0.676557
0.611904 -0.456962 -0.645569
0.666121 -0.424583 -0.613199
0.713336 -0.392516 -0.580589
0.754191 -0.361226 -0.548372
0.789539 -0.330937 -0.516826
0.820606 -0.301345 -0.485590
0.847874 -0.272653 -0.454720
0.872250 -0.244472 -0.423573
0.894079 -0.216855 -0.391915
0.913657 -0.189822 -0.359442
0.931228 -0.163362 -0.325771
0.946705 -0.137861 -0.291110
0.960104 -0.113544 -0.255553
0.971411 -0.090679 -0.219404
0.980619 -0.069524 -0.183175
0.987796 -0.050239 -0.147432
0.993075 -0.032891 -0.112781
0.996660 -0.017447 -0.079775
0.998790 -0.003835 -0.049019
0.999746 0.008070 -0.021023
0.999824 0.018401 0.003749
0.999319 0.027271 0.024875
0.998515 0.034750 0.041963
0.997670 0.040849 0.054650
0.996993 0.045518 0.062714
0.996647 0.048615 0.065807
0.996716 0.049898 0.063770
0.997197 0.049096 0.056457
0.998006 0.045681 0.043568
0.998922 0.039113 0.024996
0.999582 0.028896 0.000989
0.999492 0.014250 -0.028509
0.997942 -0.005976 -0.063847
0.994110 -0.031955 -0.103560
0.986914 -0.064863 -0.147628
0.975222 -0.105037 -0.194705
0.957961 -0.152372 -0.243093
0.934584 -0.205574 -0.290331
0.904023 -0.264784 -0.335607
0.866560 -0.327632 -0.376473
0.822738 -0.392126 -0.411509
0.773564 -0.456219 -0.439845
0.720379 -0.518030 -0.461193
0.663976 -0.576718 -0.475955
0.607251 -0.629789 -0.484367
0.550152 -0.677936 -0.487580
0.494467 -0.720353 -0.486409
0.441762 -0.756772 -0.481812
0.391357 -0.788414 -0.474597
0.344328 -0.815346 -0.465456
0.300951 -0.838116 -0.454962
0.261347 -0.857286 -0.443574
0.225503 -0.873398 -0.431653
0.193267 -0.886956 -0.419472
0.164741 -0.898314 -0.407299
0.138731 -0.908105 -0.395095
0.115437 -0.916496 -0.383026
0.093990 -0.923862 -0.371005
0.074186 -0.930368 -0.359042
0.055315 -0.936225 -0.347020
0.037357 -0.941488 -0.334969
0.019625 -0.946271 -0.322778
0.002680 -0.950519 -0.310656
-0.013555 -0.954253 -0.298692
-0.028720 -0.957467 -0.287110
-0.042528 -0.960176 -0.276141
-0.054519 -0.962413 -0.266062
-0.063916 -0.964247 -0.257182
-0.070049 -0.965777 -0.249735
-0.072199 -0.967115 -0.243879
-0.069649 -0.968357 -0.239652
-0.061712 -0.969558 -0.236959
-0.047822 -0.970698 -0.235497
-0.027480 -0.971638 -0.234871
-0.000586 -0.972135 -0.234419
0.032801 -0.971815 -0.233452
0.072276 -0.970212 -0.231226
0.116930 -0.966847 -0.227011
0.165579 -0.961286 -0.220255
0.216655 -0.953250 -0.210652
0.268441 -0.942680 -0.198229
0.319172 -0.929789 -0.183360
0.367071 -0.915127 -0.166739
0.410778 -0.899427 -0.149308
0.448983 -0.883715 -0.132144
0.480992 -0.868972 -0.116335
0.506135 -0.856294 -0.102897
0.524254 -0.846505 -0.092664
0.535090 -0.840378 -0.086276
0.538715 -0.838279 -0.084106
VECTORS q2 float
-0.329138 0.760645 -0.559542
-0.329317 0.760578 -0.559528
-0.329843 0.760383 -0.559482
-0.330679 0.760074 -0.559409
-0.331765 0.759668 -0.559317
-0.333045 0.759190 -0.559206
-0.334453 0.758667 -0.559076
-0.335932 0.758126 -0.558923
-0.337414 0.757588 -0.558759
-0.338882 0.757077 -0.558564
-0.340294 0.756609 -0.558340
-0.341591 0.756200 -0.558101
-0.342685 0.755865 -0.557884
-0.343438 0.755611 -0.557765
-0.343672 0.755435 -0.557859
-0.343191 0.755326 -0.558303
-0.341786 0.755261 -0.559252
-0.339252 0.755214 -0.560857
-0.335398 0.755153 -0.563251
-0.330059 0.755055 -0.566526
-0.323047 0.754902 -0.570757
-0.314260 0.754694 -0.575915
-0.303586 0.754444 -0.581936
-0.290947 0.754189 -0.588684
-0.276383 0.753983 -0.595921
-0.259968 0.753900 -0.603366
-0.241998 0.754024 -0.610642
-0.222950 0.754434 -0.617351
-0.203330 0.755199 -0.623163
-0.183875 0.756347 -0.627797
-0.165378 0.757847 -0.631125
-0.148474 0.759624 -0.633187
-0.133819 0.761520 -0.634176
-0.121802 0.763344 -0.634405
-0.112810 0.764797 -0.634319
-0.106649 0.765713 -0.634279
-0.103117 0.765878 -0.634664
-0.101631 0.765299 -0.635600
-0.101472 0.764112 -0.637052
-0.101852 0.762669 -0.638719
-0.101955 0.761504 -0.640091
-0.101077 0.761285 -0.640491
-0.098684 0.762725 -0.639150
-0.094436 0.766501 -0.635262
-0.088283 0.773068 -0.628149
-0.080325 0.782719 -0.617170
-0.070979 0.795334 -0.602002
-0.060789 0.810516 -0.582553
-0.050321 0.827701 -0.558908
-0.040313 0.845960 -0.531721
-0.031319 0.864448 -0.501746
-0.023790 0.882345 -0.470001
-0.018030 0.898935 -0.437711
-0.014144 0.913712 -0.406117
-0.012065 0.926379 -0.376400
-0.011579 0.936846 -0.349551
-0.012391 0.945139 -0.326434
-0.014149 0.951390 -0.307664
-0.016489 0.955766 -0.293664
-0.019068 0.958422 -0.284717
-0.021582 0.959464 -0.281004
-0.023780 0.958929 -0.282647
-0.025455 0.956764 -0.289749
-0.026519 0.952845 -0.302295
-0.026897 0.946869 -0.320493
-0.026746 0.938643 -0.343851
-0.026182 0.927549 -0.372783
-0.025572 0.913127 -0.406873
-0.025437 0.895146 -0.445047
-0.026334 0.873119 -0.486795
-0.028968 0.846268 -0.531970
-0.034017 0.815259 -0.578097
-0.042211 0.779681 -0.624753
-0.054099 0.740157 -0.670255
-0.069946 0.697705 -0.712962
-0.089387 0.654240 -0.750986
-0.112389 0.610240 -0.784204
-0.137866 0.567840 -0.811511
-0.164658 0.528501 -0.832811
-0.191479 0.493362 -0.848486
-0.217093 0.463123 -0.859295
-0.240825 0.437668 -0.866285
-0.261414 0.417320 -0.870349
-0.279167 0.400978 -0.872515
-0.294004 0.388012 -0.873504
-0.306215 0.377611 -0.873866
-0.316840 0.368757 -0.873859
-0.326482 0.360844 -0.873614
-0.335832 0.353375 -0.873123
-0.345417 0.346050 -0.872317
-0.355527 0.338736 -0.871125
-0.366210 0.331424 -0.869510
-0.377147 0.324190 -0.867560
-0.388328 0.317119 -0.865238
-0.399060 0.310327 -0.862814
-0.409074 0.303905 -0.860407
-0.417827 0.297911 -0.858295
-0.425060 0.292406 -0.856634
-0.430333 0.287373 -0.855704
-0.433453 0.282871 -0.855630
-0.434019 0.278766 -0.856690
-0.431772 0.275020 -0.859032
-0.426486 0.271511 -0.862782
-0.417927 0.268145 -0.868007
-0.405890 0.264811 -0.874716
-0.390406 0.261330 -0.882774
-0.371464 0.257599 -0.891996
-0.349140 0.253553 -0.902116
-0.323564 0.249176 -0.912807
-0.294877 0.244525 -0.923718
-0.263435 0.239676 -0.934429
-0.229340 0.234820 -0.944596
-0.193162 0.230114 -0.953801
-0.155309 0.225784 -0.961718
-0.116343 0.222049 -0.968070
-0.077099 0.219052 -0.972662
-0.038431 0.216879 -0.975442
-0.001290 0.215498 -0.976503
0.033474 0.214786 -0.976087
0.065169 0.214555 -0.974535
0.093265 0.214557 -0.972248
0.117545 0.214640 -0.969594
0.137869 0.214631 -0.966915
0.154316 0.214534 -0.964449
0.166932 0.214316 -0.962394
0.175853 0.214091 -0.960854
0.181143 0.213887 -0.959917
0.182897 0.213816 -0.959600
VECTORS q3 float
0.928514 0.152869 -0.338367
0.928195 0.152058 -0.339606
0.927224 0.149596 -0.343332
0.925575 0.145447 -0.349508
0.923217 0.139586 -0.358031
0.920086 0.131961 -0.368820
0.916115 0.122565 -0.381722
0.911244 0.111466 -0.396496
0.905540 0.099040 -0.412539
0.898961 0.085422 -0.429619
0.891641 0.071066 -0.447130
0.883801 0.056456 -0.464444
0.875699 0.041978 -0.481030
0.867697 0.028030 -0.496302
0.860332 0.015141 -0.509509
0.854060 0.003571 -0.520162
0.849416 -0.006343 -0.527686
0.846884 -0.014348 -0.531584
0.846873 -0.020232 -0.531410
0.849684 -0.023806 -0.526755
0.855504 -0.024937 -0.517196
0.864311 -0.023489 -0.502409
0.875934 -0.019348 -0.482043
0.890023 -0.012386 -0.455747
0.905981 -0.002471 -0.423312
0.923085 0.010625 -0.384448
0.940337 0.027125 -0.339163
0.956559 0.047272 -0.287682
0.970537 0.071416 -0.230126
0.980872 0.099685 -0.167191
0.986201 0.132009 -0.099907
0.985308 0.168280 -0.029159
0.977192 0.207872 0.043414
0.961195 0.250111 0.116401
0.937603 0.293252 0.186826
0.906564 0.336886 0.254263
0.869881 0.378866 0.315860
0.828418 0.418856 0.371864
0.784396 0.455322 0.421195
0.738857 0.487920 0.464785
0.693367 0.515794 0.503189
0.648829 0.538480 0.537643
0.605715 0.555636 0.569542
0.563638 0.567157 0.600537
0.522797 0.572735 0.631394
0.482419 0.572350 0.663089
0.442250 0.566055 0.695699
0.401915 0.554104 0.728995
0.360945 0.536864 0.762558
0.319571 0.515118 0.795316
0.277883 0.489732 0.826404
0.236209 0.461784 0.854963
0.195094 0.432530 0.880259
0.155113 0.403246 0.901850
0.116858 0.375154 0.919567
0.080836 0.349308 0.933515
0.047582 0.326647 0.943948
0.017519 0.307883 0.951263
-0.008986 0.293551 0.955901
-0.031605 0.284048 0.958289
-0.050027 0.279681 0.958789
-0.063951 0.280688 0.957666
-0.073192 0.287281 0.955046
-0.077400 0.299537 0.950940
-0.076373 0.317725 0.945102
-0.069875 0.341377 0.937325
-0.057441 0.370899 0.926895
-0.038739 0.405795 0.913143
-0.013745 0.444835 0.895507
0.017955 0.487298 0.873051
0.057211 0.532724 0.844353
0.102902 0.578215 0.809370
0.155626 0.622808 0.766740
0.214513 0.664180 0.716134
0.278243 0.699993 0.657717
0.344330 0.727812 0.593066
0.412445 0.746657 0.521912
0.479653 0.755126 0.446898
0.544050 0.752944 0.370252
0.604099 0.740579 0.294291
0.658729 0.719140 0.221164
0.707912 0.689814 0.151712
0.750272 0.655141 0.088782
0.787019 0.616133 0.031342
0.817963 0.574925 -0.019928
0.843255 0.533579 -0.064921
0.863974 0.492363 -0.105486
0.880255 0.452772 -0.141947
0.892550 0.415558 -0.175118
0.901324 0.381195 -0.205682
0.907055 0.349906 -0.234131
0.910241 0.321662 -0.260758
0.911384 0.296534 -0.285389
0.911019 0.273462 -0.308648
0.909629 0.252451 -0.329914
0.907648 0.232638 -0.349364
0.905493 0.213691 -0.366632
0.903473 0.194889 -0.381778
0.901897 0.176115 -0.394418
0.900963 0.156701 -0.404613
0.900900 0.137127 -0.411796
0.901881 0.117323 -0.415748
0.904038 0.097669 -0.416144
0.907485 0.078493 -0.412686
0.912294 0.060303 -0.405071
0.918421 0.043982 -0.393151
0.925801 0.030284 -0.376796
0.934285 0.020016 -0.355965
0.943639 0.013967 -0.330681
0.953540 0.012869 -0.300991
0.963491 0.017352 -0.267178
0.972958 0.027908 -0.229289
0.981167 0.044722 -0.187915
0.987321 0.067803 -0.143525
0.990576 0.096869 -0.096829
0.990143 0.131236 -0.048929
0.985447 0.169977 -0.001033
0.976247 0.211836 0.045459
0.962714 0.255387 0.089213
0.945453 0.299095 0.129073
0.925505 0.341333 0.164107
0.904127 0.380737 0.193893
0.882840 0.415910 0.218203
0.863037 0.445940 0.237285
0.846145 0.469924 0.251416
0.833206 0.487437 0.261098
0.825146 0.498013 0.266677
0.822396 0.501568 0.268505
