# vtk DataFile Version 2.0
VTK example
ASCII
DATASET UNSTRUCTURED_GRID
POINTS  128  float
-0.000017 -0.000021 -0.000165
-0.000016 -0.000020 -0.000156
-0.000016 -0.000020 -0.000147
-0.000016 -0.000020 -0.000138
-0.000016 -0.000020 -0.000129
-0.000016 -0.000019 -0.000120
-0.000016 -0.000019 -0.000111
-0.000015 -0.000018 -0.000102
-0.000015 -0.000017 -0.000093
-0.000015 -0.000017 -0.000084
-0.000015 -0.000016 -0.000075
-0.000014 -0.000014 -0.000066
-0.000014 -0.000013 -0.000057
-0.000014 -0.000012 -0.000048
-0.000013 -0.000010 -0.000039
-0.000013 -0.000008 -0.000030
-0.000012 -0.000006 -0.000021
-0.000011 -0.000004 -0.000013
-0.000010 -0.000002 -0.000004
-0.000009 0.000001 0.000005
-0.000007 0.000004 0.000013
-0.000006 0.000008 0.000021
-0.000004 0.000012 0.000029
-0.000001 0.000017 0.000036
0.000001 0.000022 0.000044
0.000004 0.000027 0.000050
0.000007 0.000033 0.000057
0.000011 0.000039 0.000062
0.000015 0.000045 0.000067
0.000019 0.000052 0.000072
0.000023 0.000059 0.000075
0.000028 0.000066 0.000079
0.000033 0.000073 0.000081
0.000038 0.000080 0.000083
0.000044 0.000087 0.000084
0.000050 0.000094 0.000084
0.000056 0.000101 0.000084
0.000062 0.000108 0.000083
0.000068 0.000114 0.000082
0.000075 0.000120 0.000081
0.000081 0.000126 0.000079
0.000088 0.000131 0.000076
0.000095 0.000136 0.000074
0.000102 0.000141 0.000071
0.000109 0.000146 0.000068
0.000117 0.000150 0.000065
0.000124 0.000155 0.000062
0.000131 0.000159 0.000058
0.000139 0.000162 0.000055
0.000146 0.000166 0.000051
0.000154 0.000169 0.000047
0.000162 0.000172 0.000044
0.000169 0.000175 0.000040
0.000177 0.000178 0.000036
0.000185 0.000180 0.000033
0.000193 0.000183 0.000029
0.000201 0.000185 0.000026
0.000209 0.000187 0.000022
0.000218 0.000189 0.000019
0.000226 0.000190 0.000016
0.000234 0.000191 0.000013
0.000243 0.000193 0.000010
0.000251 0.000194 0.000007
0.000260 0.000195 0.000005
0.000269 0.000195 0.000002
0.000278 0.000196 0.000000
0.000286 0.000197 -0.000001
0.000295 0.000198 -0.000003
0.000304 0.000198 -0.000004
0.000313 0.000199 -0.000005
0.000322 0.000200 -0.000006
0.000331 0.000200 -0.000007
0.000340 0.000201 -0.000007
0.000349 0.000202 -0.000006
0.000358 0.000203 -0.000006
0.000367 0.000204 -0.000004
0.000376 0.000206 -0.000003
0.000385 0.000207 -0.000000
0.000393 0.000209 0.000002
0.000401 0.000210 0.000006
0.000409 0.000212 0.000010
0.000417 0.000215 0.000014
0.000424 0.000217 0.000019
0.000430 0.000219 0.000025
0.000436 0.000222 0.000032
0.000441 0.000225 0.000039
0.000445 0.000228 0.000046
0.000449 0.000231 0.000054
0.000452 0.000233 0.000062
0.000454 0.000236 0.000070
0.000456 0.000239 0.000079
0.000457 0.000242 0.000087
0.000457 0.000245 0.000096
0.000457 0.000247 0.000104
0.000456 0.000250 0.000113
0.000455 0.000253 0.000122
0.000453 0.000256 0.000130
0.000451 0.000259 0.000138
0.000449 0.000262 0.000146
0.000446 0.000266 0.000154
0.000443 0.000269 0.000162
0.000440 0.000273 0.000170
0.000437 0.000277 0.000177
0.000434 0.000281 0.000184
0.000430 0.000286 0.000192
0.000427 0.000290 0.000199
0.000423 0.000295 0.000206
0.000420 0.000299 0.000213
0.000417 0.000304 0.000220
0.000414 0.000308 0.000227
0.000411 0.000313 0.000235
0.000408 0.000317 0.000242
0.000406 0.000321 0.000250
0.000404 0.000324 0.000258
0.000402 0.000328 0.000266
0.000400 0.000331 0.000275
0.000399 0.000334 0.000283
0.000398 0.000337 0.000292
0.000398 0.000339 0.000300
0.000398 0.000341 0.000309
0.000398 0.000344 0.000318
0.000398 0.000346 0.000327
0.000399 0.000348 0.000335
0.000400 0.000350 0.000344
0.000401 0.000352 0.000353
0.000403 0.000354 0.000362
0.000404 0.000356 0.000370
0.000406 0.000358 0.000379
CELLS  127 381
2 0 1 
2 1 2 
2 2 3 
2 3 4 
2 4 5 
2 5 6 
2 6 7 
2 7 8 
2 8 9 
2 9 10 
2 10 11 
2 11 12 
2 12 13 
2 13 14 
2 14 15 
2 15 16 
2 16 17 
2 17 18 
2 18 19 
2 19 20 
2 20 21 
2 21 22 
2 22 23 
2 23 24 
2 24 25 
2 25 26 
2 26 27 
2 27 28 
2 28 29 
2 29 30 
2 30 31 
2 31 32 
2 32 33 
2 33 34 
2 34 35 
2 35 36 
2 36 37 
2 37 38 
2 38 39 
2 39 40 
2 40 41 
2 41 42 
2 42 43 
2 43 44 
2 44 45 
2 45 46 
2 46 47 
2 47 48 
2 48 49 
2 49 50 
2 50 51 
2 51 52 
2 52 53 
2 53 54 
2 54 55 
2 55 56 
2 56 57 
2 57 58 
2 58 59 
2 59 60 
2 60 61 
2 61 62 
2 62 63 
2 63 64 
2 64 65 
2 65 66 
2 66 67 
2 67 68 
2 68 69 
2 69 70 
2 70 71 
2 71 72 
2 72 73 
2 73 74 
2 74 75 
2 75 76 
2 76 77 
2 77 78 
2 78 79 
2 79 80 
2 80 81 
2 81 82 
2 82 83 
2 83 84 
2 84 85 
2 85 86 
2 86 87 
2 87 88 
2 88 89 
2 89 90 
2 90 91 
2 91 92 
2 92 93 
2 93 94 
2 94 95 
2 95 96 
2 96 97 
2 97 98 
2 98 99 
2 99 100 
2 100 101 
2 101 102 
2 102 103 
2 103 104 
2 104 105 
2 105 106 
2 106 107 
2 107 108 
2 108 109 
2 109 110 
2 110 111 
2 111 112 
2 112 113 
2 113 114 
2 114 115 
2 115 116 
2 116 117 
2 117 118 
2 118 119 
2 119 120 
2 120 121 
2 121 122 
2 122 123 
2 123 124 
2 124 125 
2 125 126 
2 126 127 
CELL_TYPES  127
3
3
3
3
3
3
3
3
3
3
3
3
3
3
3
3
3
3
3
3
3
3
3
3
3
3
3
3
3
3
3
3
3
3
3
3
3
3
3
3
3
3
3
3
3
3
3
3
3
3
3
3
3
3
3
3
3
3
3
3
3
3
3
3
3
3
3
3
3
3
3
3
3
3
3
3
3
3
3
3
3
3
3
3
3
3
3
3
3
3
3
3
3
3
3
3
3
3
3
3
3
3
3
3
3
3
3
3
3
3
3
3
3
3
3
3
3
3
3
3
3
3
3
3
3
3
3
POINT_DATA  128
VECTORS Position float
-0.000017 -0.000021 -0.000165
-0.000016 -0.000020 -0.000156
-0.000016 -0.000020 -0.000147
-0.000016 -0.000020 -0.000138
-0.000016 -0.000020 -0.000129
-0.000016 -0.000019 -0.000120
-0.000016 -0.000019 -0.000111
-0.000015 -0.000018 -0.000102
-0.000015 -0.000017 -0.000093
-0.000015 -0.000017 -0.000084
-0.000015 -0.000016 -0.000075
-0.000014 -0.000014 -0.000066
-0.000014 -0.000013 -0.000057
-0.000014 -0.000012 -0.000048
-0.000013 -0.000010 -0.000039
-0.000013 -0.000008 -0.000030
-0.000012 -0.000006 -0.000021
-0.000011 -0.000004 -0.000013
-0.000010 -0.000002 -0.000004
-0.000009 0.000001 0.000005
-0.000007 0.000004 0.000013
-0.000006 0.000008 0.000021
-0.000004 0.000012 0.000029
-0.000001 0.000017 0.000036
0.000001 0.000022 0.000044
0.000004 0.000027 0.000050
0.000007 0.000033 0.000057
0.000011 0.000039 0.000062
0.000015 0.000045 0.000067
0.000019 0.000052 0.000072
0.000023 0.000059 0.000075
0.000028 0.000066 0.000079
0.000033 0.000073 0.000081
0.000038 0.000080 0.000083
0.000044 0.000087 0.000084
0.000050 0.000094 0.000084
0.000056 0.000101 0.000084
0.000062 0.000108 0.000083
0.000068 0.000114 0.000082
0.000075 0.000120 0.000081
0.000081 0.000126 0.000079
0.000088 0.000131 0.000076
0.000095 0.000136 0.000074
0.000102 0.000141 0.000071
0.000109 0.000146 0.000068
0.000117 0.000150 0.000065
0.000124 0.000155 0.000062
0.000131 0.000159 0.000058
0.000139 0.000162 0.000055
0.000146 0.000166 0.000051
0.000154 0.000169 0.000047
0.000162 0.000172 0.000044
0.000169 0.000175 0.000040
0.000177 0.000178 0.000036
0.000185 0.000180 0.000033
0.000193 0.000183 0.000029
0.000201 0.000185 0.000026
0.000209 0.000187 0.000022
0.000218 0.000189 0.000019
0.000226 0.000190 0.000016
0.000234 0.000191 0.000013
0.000243 0.000193 0.000010
0.000251 0.000194 0.000007
0.000260 0.000195 0.000005
0.000269 0.000195 0.000002
0.000278 0.000196 0.000000
0.000286 0.000197 -0.000001
0.000295 0.000198 -0.000003
0.000304 0.000198 -0.000004
0.000313 0.000199 -0.000005
0.000322 0.000200 -0.000006
0.000331 0.000200 -0.000007
0.000340 0.000201 -0.000007
0.000349 0.000202 -0.000006
0.000358 0.000203 -0.000006
0.000367 0.000204 -0.000004
0.000376 0.000206 -0.000003
0.000385 0.000207 -0.000000
0.000393 0.000209 0.000002
0.000401 0.000210 0.000006
0.000409 0.000212 0.000010
0.000417 0.000215 0.000014
0.000424 0.000217 0.000019
0.000430 0.000219 0.000025
0.000436 0.000222 0.000032
0.000441 0.000225 0.000039
0.000445 0.000228 0.000046
0.000449 0.000231 0.000054
0.000452 0.000233 0.000062
0.000454 0.000236 0.000070
0.000456 0.000239 0.000079
0.000457 0.000242 0.000087
0.000457 0.000245 0.000096
0.000457 0.000247 0.000104
0.000456 0.000250 0.000113
0.000455 0.000253 0.000122
0.000453 0.000256 0.000130
0.000451 0.000259 0.000138
0.000449 0.000262 0.000146
0.000446 0.000266 0.000154
0.000443 0.000269 0.000162
0.000440 0.000273 0.000170
0.000437 0.000277 0.000177
0.000434 0.000281 0.000184
0.000430 0.000286 0.000192
0.000427 0.000290 0.000199
0.000423 0.000295 0.000206
0.000420 0.000299 0.000213
0.000417 0.000304 0.000220
0.000414 0.000308 0.000227
0.000411 0.000313 0.000235
0.000408 0.000317 0.000242
0.000406 0.000321 0.000250
0.000404 0.000324 0.000258
0.000402 0.000328 0.000266
0.000400 0.000331 0.000275
0.000399 0.000334 0.000283
0.000398 0.000337 0.000292
0.000398 0.000339 0.000300
0.000398 0.000341 0.000309
0.000398 0.000344 0.000318
0.000398 0.000346 0.000327
0.000399 0.000348 0.000335
0.000400 0.000350 0.000344
0.000401 0.000352 0.000353
0.000403 0.000354 0.000362
0.000404 0.000356 0.000370
0.000406 0.000358 0.000379
VECTORS Rotation float
-0.015234 0.016910 -0.015520
-0.015159 0.018482 -0.015787
-0.014938 0.023105 -0.016555
-0.014579 0.030448 -0.017724
-0.014093 0.039988 -0.019149
-0.013498 0.051207 -0.020700
-0.012812 0.063586 -0.022290
-0.012048 0.076682 -0.023927
-0.011189 0.089963 -0.025711
-0.010216 0.103489 -0.027927
-0.009070 0.117310 -0.030945
-0.007669 0.131729 -0.035199
-0.005912 0.147357 -0.041172
-0.003671 0.164912 -0.049309
-0.000803 0.184950 -0.059886
0.002872 0.208294 -0.073243
0.007560 0.235467 -0.089564
0.013519 0.266915 -0.109052
0.021080 0.302915 -0.131964
0.030648 0.343464 -0.158583
0.042802 0.388638 -0.189512
0.058165 0.437817 -0.225176
0.077584 0.490460 -0.266369
0.102136 0.545865 -0.314131
0.133021 0.602858 -0.369508
0.171783 0.660299 -0.433999
0.219946 0.716475 -0.508927
0.278907 0.769380 -0.595461
0.350068 0.817080 -0.694920
0.433570 0.857156 -0.807162
0.527897 0.887315 -0.930340
0.630161 0.905903 -1.061402
0.735000 0.911892 -1.194594
0.836898 0.905392 -1.324183
0.929052 0.887841 -1.442616
1.009885 0.861000 -1.548515
1.076570 0.827853 -1.638323
1.130990 0.790169 -1.714207
1.173889 0.750499 -1.776579
1.207688 0.709991 -1.828118
1.233953 0.670096 -1.870375
1.254284 0.631618 -1.905084
1.269959 0.595037 -1.933653
1.282079 0.560205 -1.957389
1.291163 0.527529 -1.976741
1.297785 0.496641 -1.992335
1.302241 0.467533 -2.004374
1.304808 0.439983 -2.013059
1.305741 0.413586 -2.018595
1.305220 0.388259 -2.021090
1.303444 0.363704 -2.020715
1.300602 0.339684 -2.017660
1.296877 0.316048 -2.012151
1.292447 0.292672 -2.004445
1.287476 0.269494 -1.994808
1.282101 0.246499 -1.983460
1.276434 0.223810 -1.970585
1.270558 0.201606 -1.956288
1.264538 0.180148 -1.940612
1.258423 0.159765 -1.923553
1.252251 0.140841 -1.905084
1.246052 0.123777 -1.885187
1.239854 0.108828 -1.863691
1.233659 0.096431 -1.840773
1.227492 0.086595 -1.816066
1.221307 0.079614 -1.790152
1.215130 0.075261 -1.762375
1.208924 0.073434 -1.732826
1.202621 0.073956 -1.701921
1.196181 0.076594 -1.669328
1.189562 0.081225 -1.634143
1.182647 0.087611 -1.596992
1.175332 0.095869 -1.556636
1.167453 0.106064 -1.512636
1.158798 0.118309 -1.464496
1.149146 0.132560 -1.412309
1.138092 0.149219 -1.354258
1.125306 0.167998 -1.290577
1.110392 0.188611 -1.220944
1.092956 0.210539 -1.145186
1.072669 0.233010 -1.063373
1.049103 0.255278 -0.974847
1.022762 0.275654 -0.882541
0.993414 0.293481 -0.785321
0.961940 0.307489 -0.685836
0.929571 0.316902 -0.587088
0.896638 0.321769 -0.488565
0.864493 0.322347 -0.393260
0.833966 0.319549 -0.302624
0.805604 0.314694 -0.217617
0.779653 0.309332 -0.138716
0.756090 0.305047 -0.065953
0.734937 0.303337 0.000138
0.715411 0.305316 0.061704
0.697585 0.311703 0.117818
0.680931 0.322895 0.169731
0.665395 0.338619 0.217226
0.650639 0.358509 0.261129
0.636843 0.381381 0.300908
0.623749 0.406596 0.337349
0.612015 0.432107 0.369100
0.601898 0.456759 0.395999
0.593934 0.479087 0.417362
0.588560 0.498021 0.432744
0.586210 0.512622 0.441678
0.587299 0.521975 0.443706
0.591988 0.525590 0.438707
0.600217 0.523221 0.426806
0.611699 0.514884 0.408379
0.625963 0.500842 0.383989
0.642344 0.481718 0.354505
0.660208 0.458234 0.320623
0.678787 0.431602 0.283441
0.697481 0.403022 0.243764
0.715785 0.373785 0.202372
0.733272 0.345241 0.160121
0.749673 0.318519 0.117721
0.764804 0.294548 0.075917
0.778580 0.273933 0.035399
0.790968 0.256965 -0.003154
0.801949 0.243665 -0.039001
0.811543 0.233752 -0.071572
0.819728 0.226813 -0.100168
0.826507 0.222269 -0.124364
0.831833 0.219542 -0.143617
0.835685 0.218059 -0.157667
0.838007 0.217372 -0.166158
0.838785 0.217177 -0.169014
VECTORS ControlForce float
0.000000 0.000000 0.000000
-0.000074 -0.000231 0.000022
-0.000132 -0.000425 0.000055
-0.000159 -0.000556 0.000097
-0.000140 -0.000610 0.000135
-0.000070 -0.000580 0.000153
0.000044 -0.000465 0.000157
0.000180 -0.000280 0.000152
0.000312 -0.000045 0.000134
0.000406 0.000199 0.000135
0.000442 0.000418 0.000148
0.000414 0.000583 0.000163
0.000334 0.000672 0.000194
0.000230 0.000681 0.000229
0.000130 0.000620 0.000263
0.000062 0.000507 0.000294
0.000036 0.000368 0.000311
0.000048 0.000219 0.000318
0.000080 0.000066 0.000329
0.000116 -0.000078 0.000336
0.000147 -0.000197 0.000329
0.000164 -0.000293 0.000314
0.000161 -0.000378 0.000300
0.000148 -0.000436 0.000274
0.000137 -0.000461 0.000235
0.000124 -0.000480 0.000202
0.000107 -0.000510 0.000175
0.000081 -0.000549 0.000148
0.000044 -0.000577 0.000112
-0.000024 -0.000598 0.000069
-0.000110 -0.000576 0.000011
-0.000203 -0.000488 -0.000053
-0.000295 -0.000340 -0.000110
-0.000364 -0.000131 -0.000157
-0.000414 0.000087 -0.000193
-0.000420 0.000298 -0.000214
-0.000382 0.000473 -0.000227
-0.000296 0.000598 -0.000227
-0.000184 0.000650 -0.000216
-0.000055 0.000639 -0.000192
0.000063 0.000560 -0.000164
0.000148 0.000413 -0.000142
0.000202 0.000238 -0.000124
0.000239 0.000088 -0.000101
0.000255 -0.000031 -0.000077
0.000265 -0.000090 -0.000048
0.000271 -0.000095 -0.000020
0.000262 -0.000083 0.000000
0.000247 -0.000049 0.000017
0.000233 0.000007 0.000031
0.000213 0.000065 0.000041
0.000188 0.000123 0.000052
0.000156 0.000181 0.000065
0.000097 0.000199 0.000069
0.000011 0.000174 0.000063
-0.000083 0.000145 0.000053
-0.000176 0.000121 0.000040
-0.000266 0.000085 0.000018
-0.000331 0.000067 -0.000004
-0.000363 0.000067 -0.000028
-0.000360 0.000067 -0.000055
-0.000322 0.000052 -0.000085
-0.000243 0.000043 -0.000112
-0.000129 0.000045 -0.000136
-0.000010 0.000030 -0.000158
0.000092 -0.000014 -0.000184
0.000155 -0.000077 -0.000195
0.000170 -0.000146 -0.000194
0.000129 -0.000216 -0.000197
0.000030 -0.000291 -0.000197
-0.000100 -0.000347 -0.000174
-0.000237 -0.000379 -0.000135
-0.000347 -0.000382 -0.000069
-0.000414 -0.000383 0.000024
-0.000417 -0.000370 0.000128
-0.000348 -0.000337 0.000227
-0.000208 -0.000274 0.000321
-0.000021 -0.000209 0.000397
0.000194 -0.000140 0.000442
0.000423 -0.000051 0.000448
0.000635 0.000049 0.000418
0.000804 0.000173 0.000352
0.000891 0.000298 0.000256
0.000869 0.000427 0.000147
0.000727 0.000567 0.000028
0.000464 0.000691 -0.000082
0.000121 0.000785 -0.000156
-0.000247 0.000828 -0.000179
-0.000576 0.000818 -0.000162
-0.000815 0.000743 -0.000109
-0.000931 0.000604 -0.000028
-0.000916 0.000420 0.000059
-0.000776 0.000194 0.000150
-0.000539 -0.000046 0.000243
-0.000237 -0.000283 0.000319
0.000091 -0.000505 0.000380
0.000411 -0.000701 0.000418
0.000684 -0.000860 0.000439
0.000884 -0.000973 0.000440
0.000982 -0.001027 0.000422
0.000981 -0.001016 0.000379
0.000902 -0.000945 0.000327
0.000760 -0.000821 0.000275
0.000569 -0.000660 0.000235
0.000362 -0.000478 0.000221
0.000147 -0.000286 0.000216
-0.000065 -0.000091 0.000214
-0.000268 0.000101 0.000212
-0.000451 0.000283 0.000214
-0.000620 0.000444 0.000212
-0.000777 0.000573 0.000194
-0.000912 0.000652 0.000156
-0.000999 0.000662 0.000101
-0.001023 0.000595 0.000036
-0.000970 0.000452 -0.000020
-0.000850 0.000249 -0.000060
-0.000689 0.000016 -0.000093
-0.000499 -0.000222 -0.000113
-0.000301 -0.000437 -0.000129
-0.000114 -0.000604 -0.000146
0.000047 -0.000708 -0.000171
0.000176 -0.000749 -0.000180
0.000264 -0.000731 -0.000169
0.000302 -0.000660 -0.000142
0.000287 -0.000541 -0.000108
0.000223 -0.000382 -0.000075
0.000122 -0.000199 -0.000036
0.000000 0.000000 -0.000000
VECTORS ControlTorque float
0.000001 -0.000000 0.000000
0.000001 -0.000000 0.000000
0.000001 -0.000000 0.000000
0.000001 -0.000000 0.000000
0.000001 -0.000000 0.000000
0.000000 -0.000000 0.000000
0.000000 -0.000000 0.000000
-0.000000 -0.000000 0.000000
0.000000 -0.000000 0.000000
0.000000 -0.000000 0.000000
0.000000 -0.000000 0.000000
0.000000 -0.000001 0.000000
0.000001 -0.000001 0.000000
0.000001 -0.000001 0.000000
0.000001 -0.000001 0.000000
0.000002 -0.000001 0.000000
0.000002 -0.000001 0.000000
0.000002 -0.000001 0.000000
0.000002 -0.000001 0.000000
0.000002 -0.000001 0.000000
0.000002 -0.000001 0.000000
0.000002 -0.000001 0.000000
0.000002 -0.000001 0.000000
0.000001 -0.000001 0.000000
0.000001 -0.000001 0.000000
0.000001 -0.000001 0.000001
0.000000 -0.000001 0.000001
0.000000 -0.000001 0.000001
-0.000000 -0.000001 0.000001
-0.000001 -0.000000 0.000001
-0.000001 -0.000000 0.000001
-0.000001 0.000000 0.000001
-0.000001 0.000000 0.000002
-0.000003 0.000002 0.000001
-0.000000 0.000000 0.000002
-0.000003 0.000002 0.000000
-0.000001 0.000001 0.000001
-0.000002 0.000002 -0.000000
-0.000001 0.000001 0.000000
-0.000002 0.000002 -0.000001
-0.000001 0.000001 -0.000001
-0.000001 0.000001 -0.000001
-0.000001 0.000001 -0.000000
-0.000001 0.000001 -0.000001
-0.000001 0.000001 -0.000000
-0.000001 0.000001 -0.000001
-0.000001 0.000001 -0.000000
-0.000001 0.000001 -0.000000
-0.000001 0.000001 -0.000000
-0.000001 0.000001 -0.000000
-0.000000 0.000001 -0.000000
-0.000000 0.000001 0.000000
-0.000000 0.000001 0.000000
-0.000000 0.000001 0.000000
-0.000000 0.000001 0.000000
-0.000000 0.000001 -0.000000
-0.000000 0.000001 -0.000000
-0.000000 0.000001 -0.000000
-0.000000 0.000001 -0.000000
-0.000000 0.000001 -0.000001
-0.000000 0.000001 -0.000001
-0.000000 0.000001 -0.000001
-0.000000 0.000000 -0.000001
-0.000000 0.000001 -0.000001
-0.000000 -0.000000 -0.000001
-0.000000 0.000001 -0.000001
-0.000000 0.000001 -0.000001
-0.000000 0.000000 -0.000001
-0.000000 0.000000 -0.000001
-0.000000 0.000002 -0.000001
-0.000000 -0.000000 -0.000001
-0.000000 0.000002 -0.000001
-0.000000 0.000001 -0.000001
-0.000000 0.000002 -0.000001
0.000000 0.000001 -0.000001
-0.000000 0.000003 -0.000001
0.000000 0.000002 -0.000001
0.000000 0.000002 -0.000001
-0.000000 0.000002 -0.000001
0.000000 0.000002 -0.000001
-0.000000 0.000004 -0.000001
-0.000000 -0.000001 0.000000
-0.000000 0.000003 -0.000001
-0.000000 0.000000 0.000000
-0.000000 -0.000002 0.000001
-0.000001 0.000001 -0.000000
-0.000000 -0.000002 0.000001
-0.000000 -0.000002 0.000001
0.000000 -0.000002 0.000001
0.000001 -0.000002 0.000001
0.000001 -0.000002 0.000000
0.000002 -0.000003 0.000001
0.000002 -0.000000 0.000000
0.000002 -0.000003 0.000001
0.000002 -0.000001 0.000001
0.000002 -0.000002 0.000001
0.000002 -0.000001 0.000001
0.000001 -0.000002 0.000001
0.000002 -0.000001 0.000001
-0.000001 -0.000002 0.000001
-0.000000 -0.000002 0.000001
-0.000001 -0.000002 0.000001
-0.000002 -0.000002 0.000000
-0.000002 -0.000002 0.000000
-0.000003 -0.000002 0.000000
-0.000003 -0.000002 0.000000
-0.000003 -0.000002 0.000000
-0.000003 -0.000002 0.000000
-0.000003 -0.000002 0.000000
-0.000002 -0.000002 0.000000
-0.000002 -0.000002 0.000000
-0.000001 -0.000001 0.000000
-0.000001 -0.000001 0.000000
-0.000000 -0.000001 0.000000
0.000001 -0.000001 0.000000
0.000001 -0.000000 0.000000
0.000001 -0.000000 0.000000
0.000002 0.000000 0.000000
0.000002 0.000001 -0.000000
0.000002 0.000001 -0.000000
0.000001 0.000001 -0.000000
0.000001 0.000002 -0.000001
0.000001 0.000002 -0.000001
0.000001 0.000002 -0.000001
0.000000 0.000002 -0.000001
0.000000 0.000002 -0.000001
0.000000 0.000002 -0.000001
0.000000 0.000002 -0.000001
VECTORS Curvature float
-99.967929 18.704383 -4.545636
-317.999993 58.545591 -14.233186
-678.444217 121.340323 -30.209812
-939.045377 159.430052 -42.483388
-1150.262046 182.109095 -53.251711
-1304.494409 191.062409 -61.925423
-1420.679715 196.059622 -69.060413
-1460.173192 202.532380 -75.245069
-1471.916880 229.738083 -81.106897
-1509.008952 296.296273 -87.032620
-1545.761319 404.165187 -93.170111
-1636.507301 561.738479 -99.455423
-1820.323442 777.071984 -105.652729
-2060.663597 1022.289857 -111.383205
-2378.121101 1294.975450 -116.563035
-2788.131859 1594.467585 -120.752351
-3242.589328 1894.236791 -123.842879
-3754.417972 2206.209924 -125.645754
-4272.423905 2510.766930 -125.719372
-4827.849792 2839.556598 -124.420397
-5370.580687 3175.568318 -120.609857
-5835.853532 3492.691910 -115.042875
-6296.094427 3843.073373 -107.487405
-6683.188549 4191.037556 -97.449011
-7006.325628 4547.910318 -86.053700
-7268.914903 4916.345881 -72.289487
-7376.260285 5232.368934 -56.511285
-7403.223441 5548.655958 -39.886120
-7349.829000 5861.189024 -21.152587
-7118.088000 6086.956190 -2.203685
-6816.625809 6312.717614 14.894832
-6425.211649 6492.678020 29.433587
-5995.291922 6691.201071 39.563044
-5396.999669 6683.228499 44.395648
-4795.413916 6692.738071 48.302093
-4195.221714 6593.098345 48.204051
-3554.978874 6384.993243 52.048315
-3023.281095 6181.084302 53.787288
-2496.006049 5858.373301 59.349637
-2081.080273 5577.489972 64.343461
-1692.622904 5190.192914 71.172941
-1368.808249 4794.451380 78.590686
-1105.290614 4473.637078 87.269352
-866.616913 4151.503809 96.104879
-629.342891 3824.263990 106.418681
-398.766408 3560.026846 117.315618
-153.733926 3273.044234 129.410495
98.115039 3056.360701 142.562938
357.334487 2862.572055 156.746391
618.613782 2675.722621 172.072220
881.122642 2535.564579 188.463039
1135.465308 2414.126337 205.881898
1374.136675 2309.302171 224.243535
1591.345375 2217.469837 243.471143
1788.909288 2135.957394 263.399098
1965.753075 2051.941691 283.918383
2121.270848 1951.021051 304.785160
2263.528099 1828.443613 325.763781
2393.183570 1672.947706 346.498428
2514.002262 1478.031521 366.546188
2607.687335 1234.286602 385.485147
2722.241850 958.725239 402.524001
2789.683577 640.900275 417.644181
2888.688427 293.695797 429.602465
2931.972318 -60.774737 439.057695
2959.402261 -422.278255 444.667244
3109.701873 -788.980995 447.180843
3153.201748 -1121.797536 446.082243
3151.196335 -1403.054088 441.423274
3331.014647 -1746.156599 433.617843
3468.515722 -2046.649221 422.270492
3601.053276 -2338.696292 408.564530
3890.751433 -2727.772598 392.069488
4199.835818 -3150.409139 374.047476
4431.771396 -3524.216709 354.008256
4780.401735 -4007.365179 334.557253
5246.688179 -4596.766686 313.803069
5605.807450 -5093.883866 294.492735
6019.636664 -5620.240329 276.491610
6375.633948 -6057.501343 260.089288
6899.849261 -6602.005030 247.761858
7206.923366 -6881.013048 234.861037
7455.037945 -7027.874831 229.001565
7860.211634 -7261.172484 222.632179
7780.468386 -6998.871138 219.424344
7796.105533 -6796.108949 218.612421
7818.579926 -6622.804629 216.685757
7515.992822 -6225.953725 214.205109
7138.758075 -5873.216485 208.658542
6620.337593 -5537.931612 198.926503
6036.683494 -5310.333153 184.008352
5236.042030 -5037.017073 163.354339
4498.600534 -4981.140524 137.248177
3745.140317 -4997.761222 105.999746
2891.476435 -4968.019789 71.277668
2116.805707 -4977.290556 32.886899
1372.198274 -4961.925549 -5.788562
727.331277 -4858.664429 -45.769316
167.705976 -4746.296559 -82.105254
-271.143506 -4511.013737 -117.718646
-595.154604 -4005.116651 -147.666422
-797.606972 -3456.746727 -174.202435
-887.744926 -2765.665716 -195.686841
-897.810018 -2028.413814 -213.000247
-821.885141 -1186.582620 -226.561245
-680.026244 -280.822845 -237.171523
-510.398719 633.343128 -245.872416
-331.456975 1534.635040 -253.431442
-167.885501 2409.458149 -260.391701
-39.857693 3200.849331 -267.281861
33.993516 3915.022843 -273.757112
37.548068 4509.375932 -280.132599
-36.149233 4930.674490 -285.349339
-187.177632 5232.618156 -288.987029
-405.234661 5364.628799 -290.419617
-671.135468 5333.128317 -288.720587
-959.246864 5160.468306 -283.550545
-1238.534957 4856.857429 -274.387727
-1483.444396 4463.650905 -261.114580
-1660.348990 3987.383874 -243.785623
-1757.842983 3473.701585 -222.469106
-1756.418707 2935.859236 -197.635759
-1657.739106 2398.814659 -169.571727
-1463.053980 1878.228413 -138.924154
-1179.278453 1375.192332 -105.853990
-838.501766 911.059291 -72.297619
-391.096434 407.818859 -33.274589
-127.081049 129.622165 -10.379873
VECTORS LocalRotation float
0.148707 -0.586825 -0.048021
0.146810 -0.586475 -0.048106
0.142316 -0.585663 -0.048306
0.135024 -0.584398 -0.048634
0.125545 -0.582848 -0.049068
0.114394 -0.581153 -0.049592
0.102050 -0.579399 -0.050185
0.089079 -0.577605 -0.050835
0.075758 -0.575641 -0.051545
0.062280 -0.573262 -0.052305
0.048465 -0.570095 -0.053120
0.034024 -0.565711 -0.053994
0.018355 -0.559643 -0.054924
0.000838 -0.551521 -0.055904
-0.019293 -0.541012 -0.056937
-0.042670 -0.527938 -0.058011
-0.069969 -0.512145 -0.059118
-0.101652 -0.493578 -0.060248
-0.137990 -0.472224 -0.061386
-0.179261 -0.447960 -0.062520
-0.225344 -0.420780 -0.063628
-0.276092 -0.390582 -0.064695
-0.331092 -0.357326 -0.065704
-0.389866 -0.320945 -0.066632
-0.451901 -0.281344 -0.067463
-0.516434 -0.238560 -0.068179
-0.582617 -0.192697 -0.068761
-0.649561 -0.143864 -0.069198
-0.716291 -0.092255 -0.069474
-0.781794 -0.038161 -0.069580
-0.845085 0.018159 -0.069522
-0.905123 0.076217 -0.069321
-0.961414 0.135968 -0.069008
-1.012750 0.196236 -0.068630
-1.059103 0.257068 -0.068208
-1.099578 0.316879 -0.067774
-1.134846 0.375936 -0.067318
-1.164541 0.432661 -0.066840
-1.189606 0.487336 -0.066326
-1.210273 0.538973 -0.065768
-1.227335 0.587658 -0.065155
-1.241206 0.632898 -0.064476
-1.252449 0.675014 -0.063723
-1.261351 0.713950 -0.062895
-1.268134 0.750116 -0.061976
-1.272779 0.783478 -0.060966
-1.275280 0.814407 -0.059849
-1.275532 0.843118 -0.058615
-1.273474 0.869871 -0.057262
-1.269051 0.894967 -0.055772
-1.262255 0.918584 -0.054138
-1.253125 0.940992 -0.052353
-1.241765 0.962373 -0.050406
-1.228340 0.982866 -0.048289
-1.213032 1.002582 -0.045993
-1.196040 1.021535 -0.043516
-1.177536 1.039658 -0.040851
-1.157679 1.056773 -0.037996
-1.136592 1.072629 -0.034951
-1.114375 1.086895 -0.031723
-1.091179 1.099179 -0.028317
-1.067004 1.109126 -0.024743
-1.042114 1.116349 -0.021039
-1.016322 1.120594 -0.017191
-0.990118 1.121643 -0.013280
-0.963204 1.119436 -0.009243
-0.935774 1.113962 -0.005212
-0.907635 1.105377 -0.001199
-0.879003 1.093909 0.002832
-0.849423 1.079539 0.006825
-0.818846 1.062483 0.010674
-0.786615 1.042490 0.014462
-0.752700 1.019554 0.018086
-0.716226 0.993054 0.021540
-0.677377 0.963013 0.024817
-0.635394 0.928689 0.027955
-0.590200 0.889909 0.030877
-0.541184 0.846140 0.033624
-0.488551 0.797633 0.036209
-0.432312 0.744649 0.038644
-0.371972 0.687109 0.040952
-0.308531 0.626473 0.043123
-0.241674 0.563050 0.045238
-0.172606 0.498611 0.047275
-0.102018 0.434253 0.049270
-0.030822 0.371201 0.051272
0.039719 0.310579 0.053238
0.109038 0.252497 0.055186
0.175320 0.197774 0.057099
0.237555 0.146159 0.058942
0.294784 0.097108 0.060674
0.345705 0.050367 0.062243
0.390137 0.004642 0.063615
0.427200 -0.040223 0.064708
0.457295 -0.085414 0.065512
0.479903 -0.130310 0.065983
0.495770 -0.175510 0.066106
0.505268 -0.219936 0.065873
0.509348 -0.263715 0.065290
0.508884 -0.305204 0.064394
0.504961 -0.343766 0.063192
0.498653 -0.377561 0.061735
0.490986 -0.405871 0.060052
0.482879 -0.427637 0.058196
0.475123 -0.442136 0.056214
0.468332 -0.448771 0.054117
0.462942 -0.447175 0.051930
0.459126 -0.437349 0.049667
0.456863 -0.419470 0.047338
0.455923 -0.394087 0.044950
0.455896 -0.361822 0.042497
0.456220 -0.323752 0.039994
0.456226 -0.280985 0.037432
0.455214 -0.234923 0.034829
0.452532 -0.186953 0.032206
0.447658 -0.138510 0.029584
0.440278 -0.091011 0.026994
0.430327 -0.045656 0.024467
0.418003 -0.003456 0.022043
0.403775 0.034791 0.019758
0.388288 0.068597 0.017645
0.372385 0.097602 0.015744
0.356908 0.121784 0.014080
0.342791 0.141131 0.012684
0.330816 0.155875 0.011575
0.321701 0.166204 0.010770
0.316121 0.172189 0.010291
0.313780 0.174617 0.010094
VECTORS q1 float
0.999760 0.015231 -0.015775
0.999756 0.015156 -0.016064
0.999746 0.014933 -0.016897
0.999729 0.014571 -0.018165
0.999707 0.014081 -0.019709
0.999680 0.013480 -0.021387
0.999651 0.012786 -0.023101
0.999619 0.012012 -0.024846
0.999581 0.011144 -0.026711
0.999528 0.010161 -0.028977
0.999447 0.009007 -0.032000
0.999316 0.007603 -0.036198
0.999099 0.005848 -0.042027
0.998748 0.003621 -0.049891
0.998198 0.000789 -0.059998
0.997358 -0.002810 -0.072585
0.996121 -0.007351 -0.087685
0.994357 -0.013040 -0.105282
0.991912 -0.020119 -0.125319
0.988618 -0.028854 -0.147656
0.984251 -0.039598 -0.172284
0.978609 -0.052649 -0.198877
0.971441 -0.068369 -0.227219
0.962464 -0.087142 -0.257038
0.951426 -0.109249 -0.287841
0.938026 -0.135010 -0.319187
0.922043 -0.164532 -0.350378
0.903323 -0.197764 -0.380653
0.881645 -0.234707 -0.409408
0.856974 -0.275002 -0.435855
0.829384 -0.318096 -0.459279
0.798859 -0.363568 -0.479211
0.765671 -0.410568 -0.495158
0.729986 -0.458445 -0.506901
0.692806 -0.505535 -0.514251
0.653963 -0.551823 -0.517517
0.614866 -0.595511 -0.517017
0.575410 -0.636755 -0.513270
0.536726 -0.674495 -0.506934
0.498874 -0.708920 -0.498555
0.462513 -0.739717 -0.488775
0.427939 -0.766983 -0.478126
0.395328 -0.790936 -0.467051
0.364425 -0.812083 -0.455759
0.335534 -0.830491 -0.444637
0.308338 -0.846626 -0.433766
0.282848 -0.860685 -0.423341
0.258905 -0.872941 -0.413451
0.236193 -0.883708 -0.404071
0.214658 -0.893120 -0.395295
0.194066 -0.901383 -0.387100
0.174225 -0.908652 -0.379470
0.155001 -0.915036 -0.372403
0.136276 -0.920624 -0.365898
0.117982 -0.925477 -0.359962
0.100097 -0.929640 -0.354613
0.082725 -0.933119 -0.349922
0.066042 -0.935918 -0.345970
0.050315 -0.938039 -0.342858
0.035892 -0.939488 -0.340697
0.023179 -0.940289 -0.339588
0.012606 -0.940481 -0.339611
0.004528 -0.940142 -0.340754
-0.000654 -0.939321 -0.343039
-0.002730 -0.938119 -0.346301
-0.001579 -0.936572 -0.350473
0.002891 -0.934761 -0.355266
0.010606 -0.932715 -0.360458
0.021286 -0.930435 -0.365837
0.034871 -0.927920 -0.371145
0.051606 -0.925146 -0.376087
0.071049 -0.922061 -0.380468
0.093781 -0.918580 -0.383947
0.120020 -0.914585 -0.386172
0.150033 -0.909917 -0.386706
0.183677 -0.904410 -0.385104
0.221905 -0.897747 -0.380538
0.264176 -0.889695 -0.372362
0.310087 -0.879985 -0.359822
0.358889 -0.868382 -0.342216
0.409455 -0.854739 -0.319012
0.460906 -0.838880 -0.289561
0.510372 -0.821326 -0.254840
0.557375 -0.802068 -0.214522
0.599850 -0.781828 -0.170075
0.636349 -0.761460 -0.123445
0.667169 -0.741138 -0.074836
0.691836 -0.721583 -0.026099
0.710745 -0.703111 0.021822
0.724538 -0.685830 0.068429
0.733919 -0.669665 0.113630
0.739523 -0.654408 0.157661
0.741845 -0.639927 0.200397
0.741229 -0.625592 0.243339
0.737926 -0.611414 0.285723
0.732080 -0.596984 0.328130
0.723986 -0.582312 0.369806
0.713854 -0.567186 0.410747
0.702252 -0.551935 0.449678
0.689487 -0.536464 0.486636
0.676566 -0.521711 0.519688
0.664149 -0.508164 0.548339
0.653039 -0.496621 0.571758
0.643857 -0.487728 0.589551
0.637120 -0.482099 0.601381
0.633229 -0.480327 0.606883
0.632327 -0.482696 0.605943
0.634353 -0.489256 0.598518
0.639050 -0.499807 0.584644
0.645996 -0.513920 0.564425
0.654560 -0.530899 0.538235
0.664112 -0.550012 0.506401
0.673827 -0.570273 0.469836
0.683003 -0.590829 0.429450
0.691019 -0.610900 0.386385
0.697370 -0.629812 0.342071
0.701784 -0.647125 0.297872
0.704194 -0.662577 0.255151
0.704742 -0.676085 0.215055
0.703724 -0.687688 0.178487
0.701539 -0.697482 0.146155
0.698632 -0.705624 0.118355
0.695437 -0.712239 0.095307
0.692331 -0.717474 0.076866
0.689627 -0.721425 0.062924
0.687547 -0.724191 0.053173
0.686246 -0.725819 0.047458
0.685804 -0.726359 0.045567
VECTORS q2 float
-0.015494 0.999741 -0.016669
-0.015448 0.999714 -0.018237
-0.015317 0.999622 -0.022850
-0.015115 0.999430 -0.030177
-0.014855 0.999101 -0.039696
-0.014554 0.998598 -0.050890
-0.014225 0.997897 -0.063237
-0.013876 0.996989 -0.076291
-0.013495 0.995894 -0.089518
-0.013096 0.994598 -0.102974
-0.012686 0.993086 -0.116699
-0.012287 0.991307 -0.130994
-0.011950 0.989145 -0.146454
-0.011758 0.986426 -0.163784
-0.011808 0.982945 -0.183520
-0.012268 0.978381 -0.206446
-0.013337 0.972378 -0.233032
-0.015265 0.964501 -0.263638
-0.018347 0.954259 -0.298418
-0.022896 0.941152 -0.337208
-0.029294 0.924578 -0.379864
-0.037837 0.904148 -0.425541
-0.048845 0.879463 -0.473455
-0.062610 0.850225 -0.522683
-0.079289 0.816441 -0.571959
-0.099028 0.778184 -0.620180
-0.121751 0.735958 -0.665990
-0.147204 0.690583 -0.708114
-0.175145 0.642847 -0.745702
-0.205011 0.594022 -0.777887
-0.236079 0.545529 -0.804154
-0.267745 0.498474 -0.824522
-0.299152 0.454187 -0.839180
-0.329668 0.413501 -0.848726
-0.358128 0.377765 -0.853837
-0.384522 0.346666 -0.855550
-0.407955 0.320879 -0.854757
-0.428707 0.299621 -0.852313
-0.446526 0.282716 -0.848932
-0.461792 0.269358 -0.845100
-0.474657 0.259041 -0.841189
-0.485406 0.251205 -0.837423
-0.494289 0.245391 -0.833943
-0.501554 0.241202 -0.830822
-0.507196 0.238481 -0.828178
-0.511238 0.237058 -0.826099
-0.513580 0.236863 -0.824701
-0.514122 0.237828 -0.824085
-0.512763 0.239876 -0.824339
-0.509430 0.242930 -0.825509
-0.504068 0.246898 -0.827621
-0.496663 0.251667 -0.830656
-0.487259 0.257109 -0.834550
-0.475948 0.263084 -0.839202
-0.462855 0.269455 -0.844488
-0.448093 0.276096 -0.850285
-0.431797 0.282894 -0.856459
-0.414069 0.289758 -0.862895
-0.394993 0.296614 -0.869483
-0.374646 0.303404 -0.876120
-0.353121 0.310084 -0.882697
-0.330536 0.316626 -0.889097
-0.306847 0.323012 -0.895270
-0.282390 0.329250 -0.901027
-0.256889 0.335339 -0.906397
-0.231026 0.341334 -0.911108
-0.204195 0.347230 -0.915279
-0.176508 0.353071 -0.918796
-0.148353 0.358930 -0.921499
-0.119413 0.364842 -0.923380
-0.088887 0.370839 -0.924433
-0.057349 0.377025 -0.924426
-0.023806 0.383467 -0.923248
0.011982 0.390290 -0.920614
0.050224 0.397642 -0.916165
0.090586 0.405676 -0.909517
0.134165 0.414668 -0.900028
0.180333 0.424834 -0.887128
0.228809 0.436431 -0.870158
0.279099 0.449708 -0.848449
0.330454 0.464870 -0.821399
0.382482 0.482199 -0.788157
0.432641 0.501341 -0.749319
0.480882 0.522494 -0.704097
0.525194 0.545104 -0.653477
0.563923 0.568392 -0.599101
0.597177 0.592202 -0.540996
0.623904 0.615598 -0.481439
0.644039 0.637928 -0.422210
0.657949 0.658659 -0.365064
0.666345 0.677404 -0.311622
0.670190 0.693936 -0.263245
0.670571 0.708003 -0.221510
0.668671 0.719915 -0.186017
0.665543 0.729465 -0.157902
0.662117 0.736833 -0.136670
0.659181 0.742001 -0.122123
0.657241 0.745107 -0.113355
0.656633 0.746212 -0.109546
0.657412 0.745519 -0.109596
0.659489 0.743261 -0.112416
0.662616 0.739765 -0.116998
0.666442 0.735442 -0.122389
0.670606 0.730709 -0.127872
0.674769 0.725965 -0.132897
0.678635 0.721589 -0.136983
0.682021 0.717829 -0.139893
0.684846 0.714811 -0.141530
0.687132 0.712532 -0.141939
0.688988 0.710865 -0.141305
0.690593 0.709575 -0.139943
0.692147 0.708378 -0.138322
0.693854 0.706959 -0.137021
0.695854 0.705053 -0.136698
0.698198 0.702476 -0.138011
0.700833 0.699147 -0.141516
0.703603 0.695097 -0.147590
0.706288 0.690445 -0.156344
0.708645 0.685367 -0.167611
0.710467 0.680070 -0.180947
0.711625 0.674768 -0.195647
0.712091 0.669659 -0.210911
0.711950 0.664942 -0.225786
0.711364 0.660784 -0.239429
0.710564 0.657355 -0.250964
0.709774 0.654788 -0.259756
0.709213 0.653204 -0.265220
0.709008 0.652667 -0.267084
VECTORS q3 float
0.015518 0.016910 0.999737
0.015783 0.018481 0.999705
0.016550 0.023103 0.999596
0.017715 0.030443 0.999380
0.019133 0.039977 0.999017
0.020671 0.051185 0.998475
0.022244 0.063543 0.997731
0.023854 0.076607 0.996776
0.025604 0.089841 0.995627
0.027774 0.103304 0.994262
0.030727 0.117041 0.992652
0.034887 0.131349 0.990722
0.040714 0.146824 0.988324
0.048621 0.164165 0.985234
0.058829 0.183898 0.981183
0.071596 0.206791 0.975762
0.086976 0.233298 0.968508
0.104982 0.263757 0.958859
0.125591 0.298304 0.946172
0.148696 0.336750 0.929779
0.174332 0.378929 0.908857
0.202219 0.423963 0.882815
0.232200 0.471032 0.851007
0.264088 0.519157 0.812855
0.297491 0.566999 0.768122
0.332116 0.613353 0.716587
0.367441 0.656731 0.658553
0.402911 0.695690 0.594708
0.438208 0.729150 0.525655
0.472829 0.755984 0.452683
0.506348 0.775379 0.377358
0.538644 0.786983 0.300867
0.569434 0.790663 0.224936
0.598699 0.786667 0.150715
0.625911 0.775711 0.080672
0.651517 0.758495 0.014519
0.674917 0.736481 -0.045644
0.696501 0.710472 -0.100576
0.715919 0.682003 -0.149439
0.733399 0.651827 -0.192998
0.748854 0.621061 -0.231302
0.762397 0.590451 -0.264798
0.774206 0.560539 -0.293941
0.784626 0.531360 -0.319404
0.793832 0.503400 -0.341203
0.802224 0.476475 -0.359733
0.810082 0.450685 -0.375034
0.817708 0.425924 -0.387224
0.825401 0.401896 -0.396475
0.833308 0.378578 -0.402835
0.841578 0.355738 -0.406444
0.850278 0.333189 -0.407447
0.859391 0.310813 -0.406007
0.868851 0.288511 -0.402317
0.878548 0.266244 -0.396571
0.888366 0.244010 -0.388928
0.898169 0.221946 -0.379516
0.907847 0.200243 -0.368399
0.917305 0.179175 -0.355595
0.926473 0.159086 -0.341086
0.935291 0.140375 -0.324848
0.943709 0.123461 -0.306872
0.951748 0.108613 -0.287017
0.959300 0.096281 -0.265470
0.966437 0.086486 -0.241908
0.972946 0.079530 -0.216912
0.978926 0.075190 -0.189869
0.984242 0.073368 -0.160887
0.988705 0.073888 -0.130392
0.992232 0.076519 -0.098083
0.994704 0.081135 -0.063095
0.995823 0.087499 -0.026092
0.995308 0.095723 0.014094
0.992699 0.105865 0.057801
0.987404 0.118033 0.105359
0.978804 0.132172 0.156440
0.965794 0.148666 0.212463
0.947466 0.167209 0.272672
0.922763 0.187494 0.336681
0.890675 0.208987 0.403760
0.850380 0.230907 0.472795
0.800795 0.252514 0.543105
0.743197 0.272177 0.611210
0.676820 0.289286 0.676925
0.603615 0.302666 0.737592
0.526356 0.311624 0.791100
0.445271 0.316245 0.837689
0.363465 0.316794 0.876091
0.282939 0.314138 0.906235
0.205301 0.309525 0.928464
0.131709 0.304422 0.943387
0.062863 0.300338 0.951759
-0.000132 0.298706 0.954345
-0.058813 0.300595 0.951937
-0.111882 0.306680 0.945214
-0.160188 0.317314 0.934694
-0.203283 0.332185 0.921048
-0.241757 0.350879 0.904675
-0.275093 0.372202 0.886448
-0.304002 0.395485 0.866703
-0.327615 0.418785 0.846928
-0.346188 0.441042 0.828031
-0.359714 0.460969 0.811242
-0.368423 0.477688 0.797545
-0.372512 0.490464 0.787832
-0.372124 0.498594 0.782897
-0.367437 0.501724 0.783111
-0.358583 0.499673 0.788508
-0.345636 0.492434 0.798777
-0.328610 0.480164 0.813300
-0.307623 0.463303 0.831095
-0.282645 0.442365 0.851131
-0.254015 0.418326 0.872055
-0.222020 0.392200 0.892685
-0.187115 0.365142 0.911954
-0.150030 0.338424 0.928957
-0.111541 0.313160 0.943127
-0.072578 0.290307 0.954177
-0.034072 0.270520 0.962111
0.003051 0.254146 0.967161
0.037839 0.241261 0.969722
0.069566 0.231629 0.970314
0.097440 0.224874 0.969504
0.120992 0.220444 0.967866
0.139689 0.217783 0.965949
0.153296 0.216335 0.964209
0.161502 0.215664 0.963019
0.164259 0.215474 0.962595
