# vtk DataFile Version 2.0
VTK example
ASCII
DATASET UNSTRUCTURED_GRID
POINTS  128  float
-0.000076 -0.000091 -0.000219
-0.000071 -0.000087 -0.000214
-0.000066 -0.000082 -0.000208
-0.000061 -0.000077 -0.000202
-0.000056 -0.000072 -0.000196
-0.000051 -0.000067 -0.000190
-0.000047 -0.000062 -0.000184
-0.000042 -0.000057 -0.000178
-0.000038 -0.000053 -0.000171
-0.000034 -0.000048 -0.000165
-0.000030 -0.000043 -0.000158
-0.000026 -0.000039 -0.000151
-0.000023 -0.000035 -0.000144
-0.000020 -0.000031 -0.000136
-0.000017 -0.000027 -0.000129
-0.000015 -0.000023 -0.000121
-0.000013 -0.000020 -0.000112
-0.000011 -0.000017 -0.000104
-0.000010 -0.000014 -0.000096
-0.000008 -0.000011 -0.000087
-0.000007 -0.000009 -0.000078
-0.000006 -0.000006 -0.000070
-0.000006 -0.000004 -0.000061
-0.000005 -0.000002 -0.000052
-0.000004 0.000001 -0.000044
-0.000004 0.000003 -0.000035
-0.000003 0.000006 -0.000026
-0.000002 0.000009 -0.000018
-0.000001 0.000012 -0.000009
0.000000 0.000016 -0.000001
0.000002 0.000019 0.000007
0.000004 0.000023 0.000015
0.000006 0.000028 0.000023
0.000008 0.000033 0.000030
0.000011 0.000038 0.000037
0.000014 0.000043 0.000043
0.000017 0.000049 0.000050
0.000021 0.000055 0.000055
0.000026 0.000061 0.000060
0.000030 0.000067 0.000065
0.000035 0.000074 0.000068
0.000041 0.000080 0.000072
0.000046 0.000087 0.000074
0.000052 0.000093 0.000076
0.000058 0.000100 0.000078
0.000065 0.000106 0.000078
0.000071 0.000113 0.000078
0.000078 0.000119 0.000078
0.000084 0.000125 0.000077
0.000091 0.000130 0.000076
0.000098 0.000136 0.000075
0.000105 0.000141 0.000073
0.000112 0.000147 0.000070
0.000119 0.000152 0.000068
0.000127 0.000157 0.000065
0.000134 0.000161 0.000062
0.000141 0.000166 0.000060
0.000149 0.000170 0.000056
0.000156 0.000174 0.000053
0.000164 0.000178 0.000050
0.000172 0.000181 0.000047
0.000179 0.000184 0.000044
0.000187 0.000187 0.000041
0.000195 0.000190 0.000038
0.000204 0.000192 0.000035
0.000212 0.000194 0.000032
0.000220 0.000196 0.000029
0.000229 0.000198 0.000026
0.000237 0.000199 0.000023
0.000246 0.000200 0.000020
0.000254 0.000201 0.000017
0.000263 0.000201 0.000015
0.000272 0.000201 0.000012
0.000280 0.000202 0.000010
0.000289 0.000202 0.000007
0.000298 0.000202 0.000005
0.000307 0.000202 0.000003
0.000315 0.000202 0.000001
0.000324 0.000201 -0.000001
0.000333 0.000201 -0.000002
0.000342 0.000201 -0.000003
0.000351 0.000201 -0.000003
0.000361 0.000201 -0.000003
0.000370 0.000201 -0.000002
0.000378 0.000202 -0.000001
0.000387 0.000202 0.000001
0.000396 0.000203 0.000003
0.000404 0.000204 0.000007
0.000412 0.000205 0.000011
0.000420 0.000206 0.000015
0.000427 0.000208 0.000021
0.000433 0.000210 0.000027
0.000439 0.000213 0.000034
0.000444 0.000216 0.000041
0.000448 0.000219 0.000048
0.000451 0.000222 0.000056
0.000454 0.000226 0.000064
0.000456 0.000229 0.000072
0.000457 0.000233 0.000080
0.000458 0.000237 0.000088
0.000458 0.000240 0.000096
0.000458 0.000244 0.000105
0.000457 0.000248 0.000113
0.000455 0.000252 0.000121
0.000454 0.000256 0.000129
0.000452 0.000260 0.000137
0.000449 0.000264 0.000144
0.000447 0.000268 0.000152
0.000444 0.000272 0.000160
0.000441 0.000276 0.000167
0.000438 0.000281 0.000174
0.000435 0.000285 0.000181
0.000431 0.000290 0.000188
0.000428 0.000294 0.000195
0.000424 0.000299 0.000202
0.000421 0.000304 0.000209
0.000417 0.000308 0.000216
0.000414 0.000313 0.000224
0.000411 0.000317 0.000231
0.000407 0.000322 0.000238
0.000404 0.000326 0.000245
0.000401 0.000330 0.000252
0.000398 0.000335 0.000260
0.000395 0.000339 0.000267
0.000392 0.000343 0.000275
0.000389 0.000347 0.000282
0.000386 0.000351 0.000290
0.000383 0.000355 0.000298
CELLS  127 381
2 0 1 
2 1 2 
2 2 3 
2 3 4 
2 4 5 
2 5 6 
2 6 7 
2 7 8 
2 8 9 
2 9 10 
2 10 11 
2 11 12 
2 12 13 
2 13 14 
2 14 15 
2 15 16 
2 16 17 
2 17 18 
2 18 19 
2 19 20 
2 20 21 
2 21 22 
2 22 23 
2 23 24 
2 24 25 
2 25 26 
2 26 27 
2 27 28 
2 28 29 
2 29 30 
2 30 31 
2 31 32 
2 32 33 
2 33 34 
2 34 35 
2 35 36 
2 36 37 
2 37 38 
2 38 39 
2 39 40 
2 40 41 
2 41 42 
2 42 43 
2 43 44 
2 44 45 
2 45 46 
2 46 47 
2 47 48 
2 48 49 
2 49 50 
2 50 51 
2 51 52 
2 52 53 
2 53 54 
2 54 55 
2 55 56 
2 56 57 
2 57 58 
2 58 59 
2 59 60 
2 60 61 
2 61 62 
2 62 63 
2 63 64 
2 64 65 
2 65 66 
2 66 67 
2 67 68 
2 68 69 
2 69 70 
2 70 71 
2 71 72 
2 72 73 
2 73 74 
2 74 75 
2 75 76 
2 76 77 
2 77 78 
2 78 79 
2 79 80 
2 80 81 
2 81 82 
2 82 83 
2 83 84 
2 84 85 
2 85 86 
2 86 87 
2 87 88 
2 88 89 
2 89 90 
2 90 91 
2 91 92 
2 92 93 
2 93 94 
2 94 95 
2 95 96 
2 96 97 
2 97 98 
2 98 99 
2 99 100 
2 100 101 
2 101 102 
2 102 103 
2 103 104 
2 104 105 
2 105 106 
2 106 107 
2 107 108 
2 108 109 
2 109 110 
2 110 111 
2 111 112 
2 112 113 
2 113 114 
2 114 115 
2 115 116 
2 116 117 
2 117 118 
2 118 119 
2 119 120 
2 120 121 
2 121 122 
2 122 123 
2 123 124 
2 124 125 
2 125 126 
2 126 127 
CELL_TYPES  127
3
3
3
3
3
3
3
3
3
3
3
3
3
3
3
3
3
3
3
3
3
3
3
3
3
3
3
3
3
3
3
3
3
3
3
3
3
3
3
3
3
3
3
3
3
3
3
3
3
3
3
3
3
3
3
3
3
3
3
3
3
3
3
3
3
3
3
3
3
3
3
3
3
3
3
3
3
3
3
3
3
3
3
3
3
3
3
3
3
3
3
3
3
3
3
3
3
3
3
3
3
3
3
3
3
3
3
3
3
3
3
3
3
3
3
3
3
3
3
3
3
3
3
3
3
3
3
POINT_DATA  128
VECTORS Position float
-0.000076 -0.000091 -0.000219
-0.000071 -0.000087 -0.000214
-0.000066 -0.000082 -0.000208
-0.000061 -0.000077 -0.000202
-0.000056 -0.000072 -0.000196
-0.000051 -0.000067 -0.000190
-0.000047 -0.000062 -0.000184
-0.000042 -0.000057 -0.000178
-0.000038 -0.000053 -0.000171
-0.000034 -0.000048 -0.000165
-0.000030 -0.000043 -0.000158
-0.000026 -0.000039 -0.000151
-0.000023 -0.000035 -0.000144
-0.000020 -0.000031 -0.000136
-0.000017 -0.000027 -0.000129
-0.000015 -0.000023 -0.000121
-0.000013 -0.000020 -0.000112
-0.000011 -0.000017 -0.000104
-0.000010 -0.000014 -0.000096
-0.000008 -0.000011 -0.000087
-0.000007 -0.000009 -0.000078
-0.000006 -0.000006 -0.000070
-0.000006 -0.000004 -0.000061
-0.000005 -0.000002 -0.000052
-0.000004 0.000001 -0.000044
-0.000004 0.000003 -0.000035
-0.000003 0.000006 -0.000026
-0.000002 0.000009 -0.000018
-0.000001 0.000012 -0.000009
0.000000 0.000016 -0.000001
0.000002 0.000019 0.000007
0.000004 0.000023 0.000015
0.000006 0.000028 0.000023
0.000008 0.000033 0.000030
0.000011 0.000038 0.000037
0.000014 0.000043 0.000043
0.000017 0.000049 0.000050
0.000021 0.000055 0.000055
0.000026 0.000061 0.000060
0.000030 0.000067 0.000065
0.000035 0.000074 0.000068
0.000041 0.000080 0.000072
0.000046 0.000087 0.000074
0.000052 0.000093 0.000076
0.000058 0.000100 0.000078
0.000065 0.000106 0.000078
0.000071 0.000113 0.000078
0.000078 0.000119 0.000078
0.000084 0.000125 0.000077
0.000091 0.000130 0.000076
0.000098 0.000136 0.000075
0.000105 0.000141 0.000073
0.000112 0.000147 0.000070
0.000119 0.000152 0.000068
0.000127 0.000157 0.000065
0.000134 0.000161 0.000062
0.000141 0.000166 0.000060
0.000149 0.000170 0.000056
0.000156 0.000174 0.000053
0.000164 0.000178 0.000050
0.000172 0.000181 0.000047
0.000179 0.000184 0.000044
0.000187 0.000187 0.000041
0.000195 0.000190 0.000038
0.000204 0.000192 0.000035
0.000212 0.000194 0.000032
0.000220 0.000196 0.000029
0.000229 0.000198 0.000026
0.000237 0.000199 0.000023
0.000246 0.000200 0.000020
0.000254 0.000201 0.000017
0.000263 0.000201 0.000015
0.000272 0.000201 0.000012
0.000280 0.000202 0.000010
0.000289 0.000202 0.000007
0.000298 0.000202 0.000005
0.000307 0.000202 0.000003
0.000315 0.000202 0.000001
0.000324 0.000201 -0.000001
0.000333 0.000201 -0.000002
0.000342 0.000201 -0.000003
0.000351 0.000201 -0.000003
0.000361 0.000201 -0.000003
0.000370 0.000201 -0.000002
0.000378 0.000202 -0.000001
0.000387 0.000202 0.000001
0.000396 0.000203 0.000003
0.000404 0.000204 0.000007
0.000412 0.000205 0.000011
0.000420 0.000206 0.000015
0.000427 0.000208 0.000021
0.000433 0.000210 0.000027
0.000439 0.000213 0.000034
0.000444 0.000216 0.000041
0.000448 0.000219 0.000048
0.000451 0.000222 0.000056
0.000454 0.000226 0.000064
0.000456 0.000229 0.000072
0.000457 0.000233 0.000080
0.000458 0.000237 0.000088
0.000458 0.000240 0.000096
0.000458 0.000244 0.000105
0.000457 0.000248 0.000113
0.000455 0.000252 0.000121
0.000454 0.000256 0.000129
0.000452 0.000260 0.000137
0.000449 0.000264 0.000144
0.000447 0.000268 0.000152
0.000444 0.000272 0.000160
0.000441 0.000276 0.000167
0.000438 0.000281 0.000174
0.000435 0.000285 0.000181
0.000431 0.000290 0.000188
0.000428 0.000294 0.000195
0.000424 0.000299 0.000202
0.000421 0.000304 0.000209
0.000417 0.000308 0.000216
0.000414 0.000313 0.000224
0.000411 0.000317 0.000231
0.000407 0.000322 0.000238
0.000404 0.000326 0.000245
0.000401 0.000330 0.000252
0.000398 0.000335 0.000260
0.000395 0.000339 0.000267
0.000392 0.000343 0.000275
0.000389 0.000347 0.000282
0.000386 0.000351 0.000290
0.000383 0.000355 0.000298
VECTORS Rotation float
0.305859 0.569261 -0.705658
0.304842 0.569382 -0.704090
0.301724 0.569646 -0.699234
0.296350 0.569755 -0.690755
0.288524 0.569251 -0.678216
0.278005 0.567552 -0.661038
0.264620 0.563997 -0.638703
0.248332 0.557893 -0.610866
0.229559 0.548726 -0.578003
0.208537 0.535902 -0.540073
0.186038 0.519224 -0.498041
0.162971 0.498792 -0.453141
0.140150 0.474873 -0.406469
0.118378 0.448064 -0.359261
0.098542 0.419571 -0.313267
0.080997 0.390372 -0.269341
0.066055 0.361838 -0.228600
0.053765 0.335274 -0.191822
0.044009 0.311892 -0.159582
0.036593 0.292796 -0.132358
0.031220 0.278721 -0.110294
0.027693 0.270329 -0.093700
0.025819 0.267918 -0.082649
0.025482 0.271558 -0.077167
0.026674 0.281117 -0.077285
0.029476 0.296350 -0.083018
0.034068 0.316861 -0.094380
0.040709 0.342167 -0.111380
0.049772 0.371920 -0.134171
0.061685 0.405604 -0.162859
0.076955 0.442657 -0.197606
0.096282 0.482713 -0.238921
0.120391 0.525051 -0.287211
0.150284 0.569074 -0.343332
0.186417 0.613113 -0.407051
0.230375 0.656784 -0.480238
0.282006 0.697755 -0.561817
0.342628 0.735233 -0.653390
0.411205 0.767088 -0.753153
0.487446 0.792247 -0.860863
0.568823 0.809404 -0.973431
0.652430 0.818041 -1.087617
0.735014 0.818307 -1.199864
0.814370 0.810881 -1.308031
0.887328 0.796991 -1.408432
0.953046 0.777951 -1.500325
1.010564 0.755313 -1.582501
1.059936 0.730445 -1.654941
1.101867 0.704323 -1.718427
1.136699 0.677958 -1.773093
1.165170 0.651857 -1.819630
1.187908 0.626282 -1.858561
1.205444 0.601290 -1.890269
1.218319 0.576699 -1.915181
1.227080 0.552162 -1.933791
1.232320 0.527194 -1.946722
1.234626 0.501343 -1.954665
1.234600 0.474184 -1.958405
1.232822 0.445411 -1.958761
1.229810 0.414896 -1.956523
1.225996 0.382729 -1.952391
1.221705 0.349212 -1.946937
1.217173 0.314559 -1.940555
1.212546 0.279652 -1.933616
1.207921 0.244551 -1.926227
1.203320 0.210667 -1.918701
1.198784 0.177700 -1.910921
1.194310 0.146328 -1.902947
1.189842 0.117510 -1.894860
1.185361 0.091413 -1.886471
1.180906 0.067809 -1.877383
1.176384 0.047529 -1.867524
1.171866 0.030196 -1.856278
1.167369 0.015842 -1.843172
1.162914 0.004398 -1.827660
1.158475 -0.004144 -1.809311
1.154189 -0.010153 -1.786962
1.150023 -0.013669 -1.760137
1.145980 -0.014760 -1.728137
1.142039 -0.013395 -1.690327
1.138133 -0.009425 -1.646192
1.134197 -0.002522 -1.594798
1.129933 0.007500 -1.537227
1.125170 0.021295 -1.472035
1.119502 0.039100 -1.400101
1.112519 0.060960 -1.322637
1.103706 0.087487 -1.238252
1.092550 0.118171 -1.148633
1.078574 0.152447 -1.054632
1.061401 0.189384 -0.957201
1.040820 0.227695 -0.857399
1.016842 0.265838 -0.756340
0.990115 0.301742 -0.656410
0.960426 0.334739 -0.556278
0.929287 0.362769 -0.459512
0.897178 0.385464 -0.366018
0.865461 0.402407 -0.277912
0.834505 0.414254 -0.194838
0.805354 0.421785 -0.118278
0.777558 0.426406 -0.046477
0.752083 0.429359 0.018797
0.728564 0.432035 0.078606
0.706943 0.435546 0.133163
0.686850 0.440698 0.183275
0.668008 0.447895 0.229512
0.650498 0.457042 0.271647
0.634272 0.467784 0.309799
0.619386 0.479517 0.343912
0.605969 0.491520 0.373844
0.594184 0.503076 0.399446
0.584281 0.513469 0.420426
0.576369 0.522213 0.436789
0.570604 0.528851 0.448439
0.566994 0.533134 0.455541
0.565461 0.534920 0.458374
0.565846 0.534173 0.457332
0.567906 0.530960 0.452926
0.571329 0.525456 0.445762
0.575768 0.517939 0.436500
0.580861 0.508784 0.425823
0.586245 0.498485 0.414429
0.591603 0.487586 0.402949
0.596627 0.476758 0.392034
0.601085 0.466635 0.382207
0.604756 0.457923 0.374003
0.607500 0.451179 0.367797
0.609184 0.446940 0.363954
0.609755 0.445485 0.362645
VECTORS ControlForce float
-0.000000 -0.000000 0.000000
-0.000149 -0.000238 0.000046
-0.000261 -0.000438 0.000098
-0.000313 -0.000569 0.000150
-0.000300 -0.000620 0.000196
-0.000235 -0.000598 0.000249
-0.000126 -0.000504 0.000313
0.000023 -0.000338 0.000375
0.000208 -0.000106 0.000411
0.000402 0.000161 0.000420
0.000573 0.000419 0.000407
0.000711 0.000654 0.000363
0.000795 0.000841 0.000298
0.000828 0.000976 0.000217
0.000806 0.001044 0.000133
0.000743 0.001050 0.000052
0.000647 0.000995 -0.000014
0.000532 0.000881 -0.000057
0.000410 0.000715 -0.000073
0.000295 0.000518 -0.000080
0.000194 0.000306 -0.000082
0.000110 0.000100 -0.000093
0.000043 -0.000078 -0.000115
-0.000008 -0.000211 -0.000136
-0.000045 -0.000291 -0.000145
-0.000071 -0.000318 -0.000134
-0.000088 -0.000300 -0.000114
-0.000095 -0.000247 -0.000102
-0.000098 -0.000194 -0.000081
-0.000096 -0.000164 -0.000050
-0.000090 -0.000166 -0.000019
-0.000078 -0.000189 0.000002
-0.000065 -0.000230 0.000013
-0.000067 -0.000298 0.000024
-0.000079 -0.000368 0.000017
-0.000106 -0.000428 -0.000001
-0.000150 -0.000468 -0.000032
-0.000214 -0.000480 -0.000060
-0.000288 -0.000457 -0.000089
-0.000346 -0.000380 -0.000117
-0.000389 -0.000279 -0.000140
-0.000414 -0.000182 -0.000158
-0.000399 -0.000069 -0.000173
-0.000368 0.000015 -0.000172
-0.000322 0.000065 -0.000161
-0.000255 0.000093 -0.000143
-0.000173 0.000091 -0.000123
-0.000088 0.000039 -0.000103
0.000012 -0.000038 -0.000082
0.000118 -0.000141 -0.000064
0.000246 -0.000210 -0.000044
0.000387 -0.000219 -0.000016
0.000521 -0.000162 0.000020
0.000629 -0.000037 0.000063
0.000678 0.000110 0.000105
0.000656 0.000253 0.000140
0.000569 0.000381 0.000165
0.000428 0.000478 0.000176
0.000244 0.000519 0.000170
0.000040 0.000503 0.000145
-0.000146 0.000456 0.000109
-0.000286 0.000406 0.000068
-0.000379 0.000349 0.000024
-0.000419 0.000306 -0.000022
-0.000424 0.000259 -0.000070
-0.000404 0.000209 -0.000123
-0.000371 0.000150 -0.000163
-0.000343 0.000060 -0.000195
-0.000314 -0.000053 -0.000232
-0.000268 -0.000158 -0.000262
-0.000223 -0.000278 -0.000272
-0.000173 -0.000387 -0.000267
-0.000128 -0.000479 -0.000233
-0.000112 -0.000582 -0.000177
-0.000124 -0.000673 -0.000109
-0.000152 -0.000716 -0.000035
-0.000191 -0.000691 0.000050
-0.000243 -0.000611 0.000135
-0.000303 -0.000485 0.000208
-0.000365 -0.000325 0.000267
-0.000413 -0.000135 0.000316
-0.000451 0.000031 0.000359
-0.000474 0.000153 0.000388
-0.000448 0.000258 0.000414
-0.000353 0.000359 0.000423
-0.000183 0.000448 0.000405
0.000051 0.000498 0.000370
0.000335 0.000493 0.000314
0.000641 0.000424 0.000229
0.000920 0.000282 0.000115
0.001116 0.000081 -0.000017
0.001183 -0.000136 -0.000151
0.001086 -0.000313 -0.000270
0.000836 -0.000382 -0.000356
0.000461 -0.000332 -0.000411
0.000024 -0.000206 -0.000416
-0.000408 -0.000040 -0.000380
-0.000761 0.000126 -0.000316
-0.000988 0.000257 -0.000242
-0.001056 0.000320 -0.000164
-0.000967 0.000302 -0.000105
-0.000753 0.000206 -0.000081
-0.000452 0.000043 -0.000077
-0.000113 -0.000159 -0.000075
0.000206 -0.000356 -0.000080
0.000453 -0.000516 -0.000106
0.000597 -0.000616 -0.000158
0.000641 -0.000656 -0.000218
0.000582 -0.000636 -0.000284
0.000450 -0.000575 -0.000344
0.000284 -0.000492 -0.000389
0.000116 -0.000406 -0.000412
-0.000050 -0.000324 -0.000431
-0.000207 -0.000248 -0.000450
-0.000337 -0.000183 -0.000460
-0.000461 -0.000119 -0.000475
-0.000574 -0.000053 -0.000490
-0.000664 0.000014 -0.000496
-0.000738 0.000082 -0.000496
-0.000796 0.000149 -0.000491
-0.000842 0.000210 -0.000486
-0.000862 0.000255 -0.000475
-0.000845 0.000278 -0.000453
-0.000773 0.000271 -0.000408
-0.000662 0.000238 -0.000349
-0.000492 0.000178 -0.000262
-0.000262 0.000094 -0.000141
0.000000 -0.000000 -0.000000
VECTORS ControlTorque float
-0.000000 0.000001 -0.000001
-0.000000 0.000001 -0.000001
-0.000001 0.000001 -0.000001
-0.000001 0.000001 -0.000000
-0.000001 0.000001 -0.000000
-0.000001 0.000001 -0.000000
-0.000002 0.000002 -0.000000
-0.000001 0.000001 -0.000000
-0.000002 0.000002 -0.000000
-0.000002 0.000001 -0.000000
-0.000001 0.000001 0.000000
-0.000001 0.000001 0.000000
-0.000001 0.000001 0.000000
-0.000000 -0.000000 0.000000
-0.000000 -0.000000 0.000000
0.000001 -0.000001 0.000000
0.000001 -0.000001 0.000000
0.000002 -0.000001 0.000000
0.000002 -0.000002 0.000000
0.000002 -0.000002 0.000000
0.000003 -0.000002 0.000000
0.000003 -0.000002 0.000000
0.000003 -0.000002 0.000000
0.000002 -0.000002 0.000000
0.000002 -0.000002 0.000000
0.000002 -0.000002 0.000000
0.000002 -0.000002 0.000000
0.000002 -0.000002 0.000000
0.000002 -0.000002 0.000000
0.000001 -0.000002 0.000000
0.000002 -0.000002 0.000001
0.000001 -0.000001 0.000000
0.000002 -0.000002 0.000001
0.000000 -0.000001 0.000000
0.000002 -0.000002 0.000001
-0.000001 0.000000 0.000000
0.000001 -0.000002 0.000001
-0.000001 0.000000 0.000000
0.000000 -0.000001 0.000001
-0.000001 0.000000 0.000001
-0.000001 0.000000 0.000001
-0.000001 0.000001 0.000000
-0.000000 0.000000 0.000001
-0.000002 0.000002 -0.000000
-0.000001 0.000001 0.000000
-0.000001 0.000001 -0.000000
-0.000001 0.000001 -0.000000
-0.000001 0.000001 -0.000000
-0.000002 0.000002 -0.000001
-0.000001 0.000001 -0.000000
-0.000001 0.000001 -0.000000
-0.000001 0.000002 -0.000000
-0.000001 0.000002 0.000000
-0.000001 0.000002 0.000000
-0.000001 0.000002 0.000001
-0.000001 0.000001 0.000001
-0.000000 0.000001 0.000001
-0.000000 0.000001 0.000001
-0.000000 0.000001 0.000001
-0.000000 0.000001 0.000001
-0.000000 0.000000 0.000000
0.000000 0.000000 0.000001
-0.000000 0.000000 -0.000000
0.000000 0.000000 0.000001
-0.000000 -0.000000 -0.000001
-0.000000 0.000000 0.000000
-0.000000 0.000000 -0.000001
-0.000000 0.000000 -0.000001
-0.000000 0.000000 -0.000001
-0.000000 0.000001 -0.000000
-0.000001 0.000000 -0.000002
-0.000000 0.000001 -0.000001
-0.000000 0.000001 -0.000001
-0.000000 0.000001 -0.000001
-0.000000 0.000001 -0.000001
-0.000000 0.000002 -0.000001
-0.000000 0.000002 -0.000001
-0.000000 0.000002 -0.000001
-0.000000 0.000002 -0.000001
-0.000000 0.000002 -0.000001
-0.000000 0.000004 -0.000001
0.000000 0.000001 -0.000001
0.000000 0.000004 -0.000002
0.000000 0.000003 -0.000002
0.000000 0.000001 -0.000001
0.000001 0.000004 -0.000002
0.000001 0.000002 -0.000002
0.000001 0.000002 -0.000002
0.000001 0.000001 -0.000001
0.000001 0.000000 -0.000001
0.000001 0.000000 -0.000001
0.000000 -0.000003 0.000001
0.000000 0.000001 -0.000001
-0.000001 -0.000004 0.000002
-0.000000 -0.000001 0.000001
-0.000001 -0.000003 0.000002
-0.000001 -0.000001 0.000001
-0.000001 -0.000004 0.000002
-0.000000 -0.000000 0.000000
0.000000 -0.000003 0.000002
0.000000 -0.000002 0.000001
0.000001 -0.000002 0.000001
0.000001 -0.000001 0.000001
0.000001 -0.000001 0.000001
0.000001 -0.000002 0.000001
0.000001 -0.000001 0.000001
0.000000 -0.000001 0.000001
0.000000 -0.000002 0.000001
-0.000000 -0.000001 0.000001
-0.000001 -0.000002 0.000001
-0.000001 -0.000001 0.000000
-0.000001 -0.000002 0.000000
-0.000001 -0.000001 0.000000
-0.000001 -0.000001 0.000000
-0.000001 -0.000001 0.000000
-0.000001 -0.000001 0.000000
-0.000001 -0.000001 0.000000
-0.000001 -0.000001 -0.000000
-0.000001 -0.000000 -0.000000
-0.000000 -0.000000 -0.000000
-0.000000 -0.000000 -0.000000
0.000000 0.000000 -0.000000
0.000000 0.000000 -0.000000
0.000001 0.000001 -0.000000
0.000001 0.000001 0.000000
0.000001 0.000001 0.000000
0.000001 0.000001 0.000000
0.000001 0.000001 0.000000
VECTORS Curvature float
16.416556 -80.926821 11.025397
60.255312 -266.695257 34.517511
158.435618 -603.784298 73.530080
294.997905 -922.659383 103.727888
495.645262 -1281.384505 129.711329
766.664530 -1677.995972 148.771002
1123.770474 -2134.420692 160.548855
1509.205087 -2555.253561 165.046754
1931.303221 -2969.264437 162.230422
2390.975839 -3403.240561 153.169563
2790.472847 -3729.409889 138.444803
3137.644298 -3986.448683 118.775080
3446.426771 -4205.428645 95.182656
3606.115645 -4268.189373 69.363121
3633.419811 -4207.261269 41.063478
3557.499751 -4072.110106 12.783134
3321.776104 -3803.262045 -14.988011
2970.180496 -3456.926865 -40.871385
2493.963438 -3020.535489 -63.919002
1938.206098 -2541.584732 -83.683622
1315.440366 -2020.622756 -99.569510
638.540552 -1452.286938 -111.907241
-45.985092 -881.948586 -120.796865
-724.085741 -304.007609 -126.646125
-1382.292128 273.871859 -129.818241
-2012.852586 847.072438 -130.649462
-2587.232345 1401.350510 -129.288147
-3128.387432 1943.086300 -126.020275
-3645.402697 2474.576463 -120.788193
-4093.950437 2961.151776 -113.663423
-4535.678675 3445.183966 -105.441436
-4944.602799 3905.515170 -95.512373
-5376.617318 4398.273626 -86.215138
-5646.152980 4764.169455 -74.575049
-5934.939598 5180.406544 -67.909829
-6124.625140 5520.329574 -57.813005
-6208.853980 5815.851189 -55.152901
-6275.851407 6106.407683 -50.567057
-6196.625583 6300.213207 -52.136870
-6119.330698 6500.989369 -53.857006
-5878.813310 6543.914071 -58.582239
-5571.832878 6494.405669 -63.913501
-5296.569688 6469.077821 -68.228155
-4973.686167 6340.457561 -70.477674
-4595.805811 6112.837485 -68.284329
-4255.773569 5882.292589 -61.772742
-3850.497313 5524.385292 -49.870979
-3491.140440 5200.813504 -32.739561
-3122.183625 4846.683288 -12.071870
-2718.141775 4451.662976 12.209576
-2317.598791 4100.733167 38.326901
-1886.677068 3767.411331 65.304701
-1427.758035 3471.202377 92.216545
-950.600704 3229.894844 118.243827
-469.637346 3061.700891 142.814853
-0.685252 2967.326950 165.481107
440.623431 2938.520721 186.089816
839.266410 2973.483099 204.621005
1184.588284 3052.342329 221.268312
1473.038284 3156.665629 236.389842
1692.284113 3240.839054 250.572870
1878.583981 3341.966184 264.239335
1988.298430 3360.567170 278.409633
2082.527004 3375.286978 292.940308
2102.533805 3283.871850 309.287653
2080.113062 3123.580933 326.378532
2115.334351 3040.560474 345.114388
2049.905545 2789.141214 364.855471
1938.887827 2453.103224 385.135810
1925.206615 2192.673121 405.110320
1885.544489 1855.133727 424.800074
1848.833990 1458.269430 442.472972
1915.699300 1099.938356 458.542532
2021.076494 696.190214 471.946866
2134.090620 274.618665 482.831484
2358.608685 -162.277743 490.618184
2703.092783 -616.806654 495.797191
3057.163483 -1090.002066 497.696254
3499.119117 -1597.989314 496.293642
3954.328534 -2122.520053 490.869024
4563.036862 -2767.361092 481.161995
5056.546972 -3380.327513 464.836286
5536.634177 -4048.594599 442.468611
6158.121392 -4890.682245 410.980475
6422.918013 -5522.910949 368.732125
6784.752754 -6308.309767 318.682231
7176.381149 -7182.430075 255.474413
7299.775135 -7840.459044 185.168632
7369.014479 -8442.533163 108.526444
7317.576627 -8875.212341 29.990058
7235.590315 -9196.943789 -44.381333
6908.772555 -9081.616342 -113.525800
6728.110763 -8995.610983 -163.829792
6525.723979 -8727.787401 -206.606217
6195.676574 -8133.465432 -227.235566
5903.111790 -7512.720696 -237.292839
5595.443768 -6834.470732 -233.131896
5244.358952 -6167.643512 -222.447306
4945.189835 -5653.085866 -205.655109
4597.000420 -5239.019339 -187.755398
4057.658443 -4760.794876 -169.112524
3565.687339 -4484.143518 -151.624121
3020.443151 -4252.918911 -135.439294
2528.440961 -4158.024790 -120.606379
2020.341584 -4031.956824 -107.034641
1525.987937 -3836.184144 -93.992522
1100.702940 -3612.509459 -81.108267
742.460622 -3319.845599 -68.027383
460.620805 -2974.889049 -54.644246
248.384961 -2552.366426 -41.163059
101.434474 -2085.957359 -27.790856
12.132726 -1592.842140 -15.155680
-30.040801 -1074.434113 -3.702400
-33.405264 -574.845464 5.978124
-6.567404 -96.385722 13.441233
43.010692 344.533227 18.392390
107.747796 734.146692 20.756189
179.935222 1060.602708 20.681796
252.435413 1317.934232 18.558537
316.068021 1492.553337 14.938275
365.085033 1586.749925 10.547942
390.988630 1589.835305 6.049380
390.445816 1505.765123 2.170378
360.232420 1334.962618 -0.685066
300.523188 1081.851829 -2.160937
218.994928 773.317845 -2.389897
103.561736 361.971749 -1.356844
33.973608 117.883982 -0.413040
VECTORS LocalRotation float
-0.179856 -0.173553 -0.048286
-0.179508 -0.175130 -0.048079
-0.178522 -0.179056 -0.047592
-0.176478 -0.185938 -0.046793
-0.172891 -0.195937 -0.045734
-0.167157 -0.209380 -0.044469
-0.158593 -0.226650 -0.043068
-0.146739 -0.247765 -0.041602
-0.131108 -0.272864 -0.040115
-0.111565 -0.301676 -0.038689
-0.088133 -0.333933 -0.037370
-0.061230 -0.368948 -0.036203
-0.031387 -0.406079 -0.035233
0.000445 -0.444325 -0.034490
0.033278 -0.482763 -0.033989
0.065816 -0.520227 -0.033746
0.096957 -0.555877 -0.033756
0.125447 -0.588750 -0.034009
0.150184 -0.618075 -0.034483
0.170284 -0.643300 -0.035153
0.184986 -0.663915 -0.035981
0.193835 -0.679642 -0.036938
0.196521 -0.690224 -0.037993
0.193034 -0.695594 -0.039114
0.183489 -0.695731 -0.040276
0.168141 -0.690663 -0.041453
0.147352 -0.680503 -0.042628
0.121463 -0.665354 -0.043784
0.090825 -0.645372 -0.044901
0.055785 -0.620762 -0.045962
0.016589 -0.591665 -0.046957
-0.026393 -0.558337 -0.047869
-0.073171 -0.520703 -0.048692
-0.122841 -0.479416 -0.049417
-0.175510 -0.434189 -0.050065
-0.229801 -0.386016 -0.050631
-0.285925 -0.334430 -0.051145
-0.342282 -0.280611 -0.051622
-0.398924 -0.224269 -0.052088
-0.454535 -0.166467 -0.052567
-0.508783 -0.107486 -0.053075
-0.560665 -0.048410 -0.053630
-0.610054 0.010499 -0.054231
-0.656416 0.068324 -0.054857
-0.699809 0.124793 -0.055486
-0.739800 0.178987 -0.056074
-0.776492 0.230617 -0.056579
-0.809795 0.279269 -0.056954
-0.839686 0.324682 -0.057156
-0.866151 0.366817 -0.057156
-0.888972 0.405575 -0.056927
-0.908005 0.441195 -0.056458
-0.923009 0.473962 -0.055745
-0.933776 0.504299 -0.054792
-0.940208 0.532792 -0.053610
-0.942336 0.560076 -0.052214
-0.940345 0.586815 -0.050623
-0.934549 0.613588 -0.048853
-0.925384 0.640875 -0.046925
-0.913351 0.668986 -0.044853
-0.899016 0.697959 -0.042647
-0.882819 0.727818 -0.040312
-0.865358 0.758084 -0.037862
-0.846867 0.788680 -0.035267
-0.828027 0.818658 -0.032555
-0.808919 0.847929 -0.029652
-0.789958 0.875789 -0.026617
-0.771243 0.901982 -0.023427
-0.753127 0.925790 -0.020021
-0.735495 0.946990 -0.016415
-0.718358 0.965193 -0.012682
-0.701332 0.980299 -0.008728
-0.684291 0.991880 -0.004650
-0.666543 0.999977 -0.000455
-0.647841 1.004346 0.003842
-0.627367 1.004858 0.008279
-0.604553 1.001347 0.012725
-0.578536 0.993638 0.017212
-0.548853 0.981468 0.021712
-0.515036 0.964588 0.026191
-0.476323 0.942362 0.030609
-0.433061 0.914715 0.034863
-0.384758 0.880840 0.039001
-0.332017 0.840526 0.042850
-0.275237 0.793528 0.046368
-0.214870 0.739452 0.049510
-0.151798 0.678505 0.052104
-0.086360 0.610596 0.054096
-0.020014 0.536949 0.055424
0.046416 0.458617 0.056051
0.112219 0.376904 0.055986
0.176111 0.294336 0.055273
0.238354 0.211827 0.054007
0.297943 0.132142 0.052341
0.355629 0.055684 0.050374
0.410246 -0.014947 0.048277
0.462537 -0.080193 0.046138
0.511575 -0.139012 0.044077
0.558018 -0.192890 0.042125
0.600784 -0.241706 0.040362
0.639973 -0.286986 0.038746
0.674500 -0.328857 0.037294
0.704464 -0.368608 0.035988
0.729657 -0.406795 0.034825
0.750171 -0.443730 0.033799
0.766207 -0.479307 0.032890
0.778100 -0.513035 0.032097
0.786454 -0.544456 0.031421
0.791908 -0.572990 0.030865
0.795116 -0.597997 0.030431
0.796702 -0.619029 0.030119
0.797215 -0.635653 0.029924
0.797134 -0.647737 0.029839
0.796846 -0.655212 0.029849
0.796666 -0.658250 0.029937
0.796831 -0.657127 0.030081
0.797513 -0.652244 0.030259
0.798816 -0.644118 0.030446
0.800773 -0.633349 0.030624
0.803346 -0.620629 0.030775
0.806432 -0.606677 0.030891
0.809854 -0.592302 0.030966
0.813396 -0.578270 0.031003
0.816792 -0.565420 0.031010
0.819786 -0.554467 0.030997
0.822133 -0.546086 0.030977
0.823597 -0.540934 0.030960
0.824218 -0.538766 0.030952
VECTORS q1 float
0.831116 -0.253627 -0.494894
0.831806 -0.252790 -0.494162
0.833918 -0.250242 -0.491894
0.837532 -0.245900 -0.487928
0.842729 -0.239667 -0.482046
0.849622 -0.231411 -0.473911
0.858273 -0.221036 -0.463152
0.868657 -0.208519 -0.449394
0.880430 -0.194142 -0.432611
0.893447 -0.178005 -0.412392
0.907206 -0.160589 -0.388830
0.921142 -0.142482 -0.362209
0.934769 -0.124235 -0.332825
0.947594 -0.106443 -0.301225
0.959067 -0.089849 -0.268546
0.968979 -0.074821 -0.235546
0.977156 -0.061733 -0.203362
0.983611 -0.050747 -0.173015
0.988483 -0.041872 -0.145423
0.991983 -0.035028 -0.121417
0.994385 -0.030010 -0.101481
0.995924 -0.026684 -0.086164
0.996819 -0.024895 -0.075716
0.997227 -0.024545 -0.070251
0.997232 -0.025624 -0.069804
0.996837 -0.028187 -0.074310
0.995972 -0.032366 -0.083620
0.994498 -0.038339 -0.097487
0.992204 -0.046350 -0.115686
0.988835 -0.056645 -0.137830
0.984102 -0.069470 -0.163451
0.977654 -0.085149 -0.192203
0.969150 -0.103923 -0.223493
0.958183 -0.126124 -0.256864
0.944604 -0.151581 -0.291111
0.927865 -0.180838 -0.326135
0.908109 -0.213245 -0.360368
0.884861 -0.249176 -0.393614
0.858460 -0.287768 -0.424542
0.828761 -0.328912 -0.452739
0.796282 -0.371624 -0.477315
0.761531 -0.415058 -0.497792
0.725135 -0.458325 -0.513923
0.687389 -0.501003 -0.525825
0.649387 -0.541889 -0.533528
0.611477 -0.580699 -0.537480
0.574463 -0.616760 -0.538144
0.538864 -0.649775 -0.536114
0.504860 -0.679789 -0.531980
0.472922 -0.706616 -0.526344
0.443090 -0.730452 -0.519723
0.415306 -0.751545 -0.512544
0.389425 -0.770181 -0.505143
0.365137 -0.786731 -0.497725
0.342013 -0.801594 -0.490383
0.319518 -0.815188 -0.483091
0.297142 -0.827851 -0.475783
0.274379 -0.839859 -0.468351
0.250811 -0.851382 -0.460698
0.226157 -0.862468 -0.452771
0.200317 -0.873050 -0.444585
0.173398 -0.882967 -0.436236
0.145487 -0.892093 -0.427789
0.117224 -0.900130 -0.419553
0.088680 -0.907064 -0.411547
0.060977 -0.912605 -0.404271
0.033979 -0.916928 -0.397604
0.008299 -0.920024 -0.391775
-0.015221 -0.921908 -0.387109
-0.036312 -0.922766 -0.383646
-0.054962 -0.922825 -0.381278
-0.070410 -0.922180 -0.380298
-0.082695 -0.921057 -0.380546
-0.091578 -0.919605 -0.382020
-0.096867 -0.917954 -0.384678
-0.098367 -0.916185 -0.388496
-0.095862 -0.914420 -0.393252
-0.089131 -0.912688 -0.398819
-0.077863 -0.911015 -0.404955
-0.061671 -0.909401 -0.411322
-0.040115 -0.907812 -0.417454
-0.012433 -0.906192 -0.422683
0.021101 -0.904358 -0.426252
0.061619 -0.902136 -0.427029
0.108750 -0.899196 -0.423817
0.161626 -0.895150 -0.415432
0.220739 -0.889467 -0.400152
0.284048 -0.881612 -0.376931
0.349637 -0.871064 -0.344965
0.415166 -0.857430 -0.304058
0.478083 -0.840549 -0.254784
0.535958 -0.820577 -0.198501
0.586226 -0.798315 -0.137958
0.628899 -0.773954 -0.074036
0.662429 -0.749050 -0.010577
0.687669 -0.724221 0.051131
0.705222 -0.700575 0.108890
0.716580 -0.678291 0.162584
0.722850 -0.657881 0.211380
0.725340 -0.638724 0.256736
0.724793 -0.621152 0.298068
0.721936 -0.604623 0.336512
0.717237 -0.588874 0.372558
0.711000 -0.573519 0.406886
0.703443 -0.558324 0.439821
0.694895 -0.543427 0.470965
0.685695 -0.528929 0.500056
0.676251 -0.515061 0.526684
0.667009 -0.502133 0.550420
0.658405 -0.490472 0.570911
0.650884 -0.480468 0.587792
0.644734 -0.472346 0.601005
0.640209 -0.466351 0.610451
0.637407 -0.462559 0.616240
0.636322 -0.460958 0.618556
0.636860 -0.461442 0.617641
0.638845 -0.463815 0.613802
0.642039 -0.467800 0.607411
0.646164 -0.473066 0.598900
0.650922 -0.479238 0.588754
0.656000 -0.485912 0.577541
0.661113 -0.492703 0.565839
0.665965 -0.499202 0.554336
0.670320 -0.505074 0.543664
0.673943 -0.509984 0.534525
0.676674 -0.513697 0.527473
0.678360 -0.515994 0.523047
0.678933 -0.516776 0.521530
VECTORS q2 float
-0.104141 0.803207 -0.586526
-0.104130 0.803402 -0.586261
-0.104019 0.804051 -0.585391
-0.103609 0.805328 -0.583706
-0.102626 0.807488 -0.580888
-0.100733 0.810844 -0.576529
-0.097608 0.815708 -0.570169
-0.093000 0.822348 -0.561334
-0.086918 0.830808 -0.549730
-0.079308 0.841180 -0.534907
-0.070454 0.853223 -0.516765
-0.060774 0.866525 -0.495420
-0.050690 0.880631 -0.471084
-0.040686 0.894980 -0.444247
-0.031335 0.908833 -0.415981
-0.022935 0.921736 -0.387139
-0.015755 0.933208 -0.358991
-0.009884 0.942956 -0.332771
-0.005279 0.950833 -0.309659
-0.001801 0.956800 -0.290743
0.000757 0.960940 -0.276757
0.002592 0.963314 -0.268366
0.003881 0.964003 -0.265864
0.004732 0.963041 -0.269312
0.005179 0.960405 -0.278561
0.005165 0.955993 -0.293343
0.004563 0.949667 -0.313229
0.003183 0.941249 -0.337697
0.000752 0.930477 -0.366348
-0.003024 0.917117 -0.398608
-0.008461 0.900942 -0.433856
-0.015940 0.881637 -0.471660
-0.025786 0.859035 -0.511267
-0.038366 0.832905 -0.552084
-0.053667 0.803691 -0.592622
-0.072113 0.771037 -0.632694
-0.093247 0.736017 -0.670510
-0.117278 0.698565 -0.705870
-0.143509 0.659920 -0.737503
-0.171773 0.620458 -0.765197
-0.201304 0.581291 -0.788402
-0.231460 0.543238 -0.807043
-0.261612 0.507004 -0.821283
-0.291522 0.472783 -0.831559
-0.320391 0.441322 -0.838203
-0.348088 0.412597 -0.841783
-0.374162 0.386877 -0.842810
-0.398374 0.364192 -0.841821
-0.420667 0.344394 -0.839304
-0.440701 0.327580 -0.835748
-0.458303 0.313686 -0.831601
-0.473235 0.302696 -0.827299
-0.485224 0.294614 -0.823262
-0.494045 0.289390 -0.819862
-0.499548 0.286909 -0.817395
-0.501695 0.286965 -0.816059
-0.500548 0.289279 -0.815947
-0.496276 0.293499 -0.817049
-0.489139 0.299226 -0.819272
-0.479468 0.306044 -0.822464
-0.467633 0.313554 -0.826440
-0.454029 0.321399 -0.831000
-0.438931 0.329307 -0.836000
-0.422861 0.337015 -0.841195
-0.405905 0.344402 -0.846539
-0.388792 0.351319 -0.851713
-0.371358 0.357767 -0.856794
-0.353916 0.363726 -0.861654
-0.336915 0.369242 -0.866111
-0.320305 0.374393 -0.870192
-0.303708 0.379213 -0.874047
-0.287403 0.383832 -0.877538
-0.270758 0.388255 -0.880879
-0.253413 0.392524 -0.884142
-0.234894 0.396663 -0.887403
-0.214846 0.400734 -0.890648
-0.192128 0.404640 -0.894066
-0.166311 0.408429 -0.897511
-0.136756 0.412108 -0.900813
-0.102924 0.415704 -0.903658
-0.064443 0.419271 -0.905571
-0.020681 0.422859 -0.905960
0.027155 0.426708 -0.903981
0.079838 0.430926 -0.898849
0.136060 0.435797 -0.889701
0.194150 0.441582 -0.875963
0.254292 0.448568 -0.856810
0.314269 0.457013 -0.832090
0.372540 0.467105 -0.801890
0.427650 0.478931 -0.766643
0.478350 0.492465 -0.727089
0.523733 0.507576 -0.684157
0.562844 0.523808 -0.639399
0.596459 0.541357 -0.592595
0.623904 0.559460 -0.545663
0.645853 0.578045 -0.498736
0.662525 0.596504 -0.453038
0.674612 0.614743 -0.408643
0.682567 0.632134 -0.366755
0.687090 0.648819 -0.327020
0.688754 0.663983 -0.291108
0.688276 0.677573 -0.259173
0.686354 0.689365 -0.231721
0.683599 0.699366 -0.208755
0.680527 0.707620 -0.190149
0.677603 0.714104 -0.175809
0.675111 0.718968 -0.165257
0.673199 0.722404 -0.157910
0.671892 0.724645 -0.153137
0.671126 0.725944 -0.150317
0.670789 0.726547 -0.148901
0.670736 0.726697 -0.148407
0.670828 0.726605 -0.148443
0.670935 0.726455 -0.148692
0.670953 0.726395 -0.148902
0.670803 0.726539 -0.148877
0.670435 0.726962 -0.148466
0.669829 0.727703 -0.147571
0.668990 0.728762 -0.146143
0.667953 0.730102 -0.144189
0.666771 0.731652 -0.141780
0.665516 0.733319 -0.139038
0.664270 0.734988 -0.136151
0.663113 0.736549 -0.133329
0.662125 0.737887 -0.130817
0.661368 0.738916 -0.128826
0.660896 0.739558 -0.127555
0.660734 0.739778 -0.127116
VECTORS q3 float
0.546261 0.539010 0.641146
0.545212 0.539112 0.641952
0.541997 0.539334 0.644483
0.536476 0.539426 0.649010
0.528466 0.539001 0.655897
0.517683 0.537570 0.665600
0.503825 0.534569 0.678525
0.486607 0.529400 0.694946
0.466142 0.521601 0.714594
0.442112 0.510617 0.737433
0.414746 0.496207 0.762735
0.384452 0.478365 0.789534
0.351621 0.457226 0.816889
0.316877 0.433222 0.843746
0.281439 0.407368 0.868817
0.246078 0.380532 0.891426
0.211941 0.353994 0.910917
0.180033 0.329028 0.927000
0.151239 0.306860 0.939662
0.126356 0.288630 0.949066
0.105823 0.275126 0.955566
0.090165 0.267048 0.959456
0.079609 0.264725 0.961032
0.074265 0.268233 0.960487
0.074178 0.277429 0.957878
0.079308 0.292031 0.953115
0.089549 0.311585 0.945989
0.104707 0.335529 0.936193
0.124623 0.363405 0.923258
0.148985 0.394574 0.906706
0.177400 0.428342 0.886032
0.209614 0.464184 0.860578
0.245120 0.501257 0.829854
0.283574 0.538852 0.793236
0.323794 0.575416 0.751035
0.365878 0.610573 0.702377
0.408220 0.642499 0.648499
0.450851 0.670760 0.588910
0.492394 0.694042 0.525218
0.532588 0.711933 0.457713
0.570448 0.723876 0.388062
0.605389 0.729808 0.317623
0.636976 0.729990 0.247743
0.665215 0.724894 0.178933
0.689671 0.715256 0.112972
0.710585 0.701821 0.050159
0.728007 0.685516 -0.008521
0.742242 0.667201 -0.062604
0.753761 0.647518 -0.112094
0.762972 0.627204 -0.156487
0.770474 0.606664 -0.195777
0.776897 0.586136 -0.229946
0.782883 0.565706 -0.258981
0.789047 0.545260 -0.283013
0.795914 0.524529 -0.302308
0.803872 0.503110 -0.317285
0.813117 0.480604 -0.328422
0.823667 0.456612 -0.336272
0.835366 0.430828 -0.341395
0.847917 0.403095 -0.344312
0.860925 0.373453 -0.345457
0.873951 0.342157 -0.345163
0.886664 0.309397 -0.343658
0.898581 0.276021 -0.341124
0.909602 0.242120 -0.337640
0.919305 0.209112 -0.333391
0.927868 0.176766 -0.328352
0.935241 0.145806 -0.322592
0.941412 0.117240 -0.316225
0.946618 0.091286 -0.309162
0.951178 0.067758 -0.301112
0.955218 0.047512 -0.292063
0.959089 0.030192 -0.281491
0.963014 0.015841 -0.268987
0.967182 0.004398 -0.254046
0.971682 -0.004144 -0.236258
0.976677 -0.010152 -0.214475
0.982037 -0.013669 -0.188194
0.987540 -0.014759 -0.156675
0.992776 -0.013394 -0.119236
0.997115 -0.009425 -0.075321
0.999709 -0.002522 -0.023999
0.999408 0.007500 0.033562
0.994901 0.021293 0.098578
0.984714 0.039090 0.169738
0.967566 0.060922 0.245164
0.941600 0.087376 0.325200
0.905843 0.117896 0.406877
0.859632 0.151857 0.487824
0.802965 0.188254 0.565515
0.736626 0.225733 0.637516
0.662158 0.262718 0.701803
0.582705 0.297184 0.756397
0.498721 0.328523 0.802091
0.414646 0.354864 0.837938
0.331639 0.375989 0.865244
0.252434 0.391634 0.884816
0.177232 0.402507 0.898096
0.107661 0.409390 0.905985
0.042300 0.413601 0.909475
-0.017090 0.416288 0.909072
-0.071310 0.418719 0.905312
-0.120374 0.421905 0.898613
-0.164837 0.426571 0.889306
-0.205062 0.433069 0.877725
-0.240779 0.441296 0.864456
-0.272116 0.450910 0.850079
-0.299146 0.461350 0.835265
-0.321964 0.471966 0.820723
-0.340724 0.482123 0.807134
-0.355517 0.491202 0.795191
-0.366649 0.498799 0.785346
-0.374330 0.504542 0.778020
-0.378891 0.508234 0.773394
-0.380679 0.509772 0.771502
-0.380042 0.509129 0.772240
-0.377350 0.506361 0.775374
-0.372982 0.501608 0.780560
-0.367320 0.495090 0.787376
-0.360750 0.487116 0.795348
-0.353666 0.478096 0.803956
-0.346436 0.468494 0.812708
-0.339464 0.458901 0.821081
-0.333094 0.449884 0.828645
-0.327704 0.442086 0.834967
-0.323580 0.436027 0.839748
-0.321006 0.432208 0.842705
-0.320126 0.430896 0.843711
