# vtk DataFile Version 2.0
VTK example
ASCII
DATASET UNSTRUCTURED_GRID
POINTS  128  float
-0.000359 -0.000120 -0.000109
-0.000350 -0.000118 -0.000111
-0.000342 -0.000116 -0.000112
-0.000333 -0.000113 -0.000114
-0.000325 -0.000111 -0.000116
-0.000316 -0.000109 -0.000118
-0.000307 -0.000107 -0.000121
-0.000299 -0.000106 -0.000123
-0.000290 -0.000104 -0.000126
-0.000282 -0.000103 -0.000129
-0.000273 -0.000102 -0.000132
-0.000265 -0.000101 -0.000135
-0.000257 -0.000101 -0.000139
-0.000249 -0.000100 -0.000143
-0.000241 -0.000100 -0.000147
-0.000233 -0.000100 -0.000151
-0.000225 -0.000100 -0.000156
-0.000217 -0.000100 -0.000161
-0.000209 -0.000100 -0.000166
-0.000202 -0.000100 -0.000171
-0.000194 -0.000100 -0.000175
-0.000187 -0.000100 -0.000180
-0.000179 -0.000100 -0.000185
-0.000171 -0.000100 -0.000190
-0.000163 -0.000099 -0.000194
-0.000155 -0.000099 -0.000199
-0.000147 -0.000099 -0.000202
-0.000139 -0.000098 -0.000206
-0.000130 -0.000098 -0.000209
-0.000122 -0.000097 -0.000211
-0.000113 -0.000096 -0.000213
-0.000104 -0.000094 -0.000214
-0.000095 -0.000093 -0.000215
-0.000086 -0.000091 -0.000215
-0.000077 -0.000089 -0.000214
-0.000069 -0.000086 -0.000213
-0.000060 -0.000083 -0.000211
-0.000052 -0.000080 -0.000209
-0.000045 -0.000076 -0.000206
-0.000037 -0.000073 -0.000203
-0.000030 -0.000068 -0.000199
-0.000023 -0.000064 -0.000195
-0.000017 -0.000059 -0.000190
-0.000011 -0.000055 -0.000185
-0.000006 -0.000050 -0.000180
-0.000001 -0.000044 -0.000174
0.000003 -0.000039 -0.000168
0.000007 -0.000034 -0.000162
0.000011 -0.000029 -0.000155
0.000014 -0.000024 -0.000148
0.000017 -0.000020 -0.000141
0.000019 -0.000015 -0.000133
0.000021 -0.000011 -0.000126
0.000023 -0.000007 -0.000118
0.000024 -0.000003 -0.000109
0.000025 0.000000 -0.000101
0.000026 0.000003 -0.000093
0.000026 0.000006 -0.000084
0.000026 0.000009 -0.000076
0.000026 0.000012 -0.000067
0.000026 0.000014 -0.000058
0.000025 0.000017 -0.000050
0.000025 0.000019 -0.000041
0.000024 0.000022 -0.000032
0.000023 0.000025 -0.000024
0.000023 0.000027 -0.000015
0.000022 0.000030 -0.000006
0.000021 0.000033 0.000002
0.000021 0.000037 0.000010
0.000020 0.000040 0.000019
0.000020 0.000044 0.000027
0.000021 0.000049 0.000035
0.000021 0.000054 0.000042
0.000023 0.000059 0.000050
0.000024 0.000065 0.000056
0.000026 0.000071 0.000063
0.000029 0.000077 0.000068
0.000033 0.000084 0.000074
0.000037 0.000090 0.000078
0.000042 0.000097 0.000082
0.000047 0.000104 0.000085
0.000053 0.000110 0.000087
0.000059 0.000117 0.000089
0.000066 0.000123 0.000090
0.000073 0.000128 0.000090
0.000081 0.000133 0.000090
0.000088 0.000138 0.000090
0.000096 0.000143 0.000089
0.000104 0.000147 0.000087
0.000112 0.000150 0.000086
0.000120 0.000154 0.000084
0.000128 0.000157 0.000081
0.000136 0.000160 0.000079
0.000144 0.000163 0.000076
0.000153 0.000166 0.000073
0.000161 0.000168 0.000070
0.000169 0.000171 0.000067
0.000177 0.000173 0.000063
0.000185 0.000175 0.000059
0.000193 0.000177 0.000056
0.000201 0.000178 0.000052
0.000209 0.000180 0.000048
0.000217 0.000181 0.000044
0.000225 0.000182 0.000040
0.000233 0.000183 0.000036
0.000241 0.000184 0.000032
0.000250 0.000185 0.000028
0.000258 0.000185 0.000025
0.000266 0.000186 0.000021
0.000275 0.000186 0.000018
0.000283 0.000186 0.000015
0.000292 0.000187 0.000013
0.000301 0.000187 0.000010
0.000310 0.000187 0.000008
0.000318 0.000188 0.000007
0.000327 0.000189 0.000006
0.000336 0.000189 0.000006
0.000345 0.000190 0.000006
0.000354 0.000192 0.000006
0.000363 0.000193 0.000007
0.000372 0.000195 0.000009
0.000381 0.000196 0.000011
0.000389 0.000198 0.000013
0.000398 0.000200 0.000016
0.000406 0.000203 0.000019
0.000414 0.000205 0.000022
0.000422 0.000207 0.000025
0.000430 0.000210 0.000029
CELLS  127 381
2 0 1 
2 1 2 
2 2 3 
2 3 4 
2 4 5 
2 5 6 
2 6 7 
2 7 8 
2 8 9 
2 9 10 
2 10 11 
2 11 12 
2 12 13 
2 13 14 
2 14 15 
2 15 16 
2 16 17 
2 17 18 
2 18 19 
2 19 20 
2 20 21 
2 21 22 
2 22 23 
2 23 24 
2 24 25 
2 25 26 
2 26 27 
2 27 28 
2 28 29 
2 29 30 
2 30 31 
2 31 32 
2 32 33 
2 33 34 
2 34 35 
2 35 36 
2 36 37 
2 37 38 
2 38 39 
2 39 40 
2 40 41 
2 41 42 
2 42 43 
2 43 44 
2 44 45 
2 45 46 
2 46 47 
2 47 48 
2 48 49 
2 49 50 
2 50 51 
2 51 52 
2 52 53 
2 53 54 
2 54 55 
2 55 56 
2 56 57 
2 57 58 
2 58 59 
2 59 60 
2 60 61 
2 61 62 
2 62 63 
2 63 64 
2 64 65 
2 65 66 
2 66 67 
2 67 68 
2 68 69 
2 69 70 
2 70 71 
2 71 72 
2 72 73 
2 73 74 
2 74 75 
2 75 76 
2 76 77 
2 77 78 
2 78 79 
2 79 80 
2 80 81 
2 81 82 
2 82 83 
2 83 84 
2 84 85 
2 85 86 
2 86 87 
2 87 88 
2 88 89 
2 89 90 
2 90 91 
2 91 92 
2 92 93 
2 93 94 
2 94 95 
2 95 96 
2 96 97 
2 97 98 
2 98 99 
2 99 100 
2 100 101 
2 101 102 
2 102 103 
2 103 104 
2 104 105 
2 105 106 
2 106 107 
2 107 108 
2 108 109 
2 109 110 
2 110 111 
2 111 112 
2 112 113 
2 113 114 
2 114 115 
2 115 116 
2 116 117 
2 117 118 
2 118 119 
2 119 120 
2 120 121 
2 121 122 
2 122 123 
2 123 124 
2 124 125 
2 125 126 
2 126 127 
CELL_TYPES  127
3
3
3
3
3
3
3
3
3
3
3
3
3
3
3
3
3
3
3
3
3
3
3
3
3
3
3
3
3
3
3
3
3
3
3
3
3
3
3
3
3
3
3
3
3
3
3
3
3
3
3
3
3
3
3
3
3
3
3
3
3
3
3
3
3
3
3
3
3
3
3
3
3
3
3
3
3
3
3
3
3
3
3
3
3
3
3
3
3
3
3
3
3
3
3
3
3
3
3
3
3
3
3
3
3
3
3
3
3
3
3
3
3
3
3
3
3
3
3
3
3
3
3
3
3
3
3
POINT_DATA  128
VECTORS Position float
-0.000359 -0.000120 -0.000109
-0.000350 -0.000118 -0.000111
-0.000342 -0.000116 -0.000112
-0.000333 -0.000113 -0.000114
-0.000325 -0.000111 -0.000116
-0.000316 -0.000109 -0.000118
-0.000307 -0.000107 -0.000121
-0.000299 -0.000106 -0.000123
-0.000290 -0.000104 -0.000126
-0.000282 -0.000103 -0.000129
-0.000273 -0.000102 -0.000132
-0.000265 -0.000101 -0.000135
-0.000257 -0.000101 -0.000139
-0.000249 -0.000100 -0.000143
-0.000241 -0.000100 -0.000147
-0.000233 -0.000100 -0.000151
-0.000225 -0.000100 -0.000156
-0.000217 -0.000100 -0.000161
-0.000209 -0.000100 -0.000166
-0.000202 -0.000100 -0.000171
-0.000194 -0.000100 -0.000175
-0.000187 -0.000100 -0.000180
-0.000179 -0.000100 -0.000185
-0.000171 -0.000100 -0.000190
-0.000163 -0.000099 -0.000194
-0.000155 -0.000099 -0.000199
-0.000147 -0.000099 -0.000202
-0.000139 -0.000098 -0.000206
-0.000130 -0.000098 -0.000209
-0.000122 -0.000097 -0.000211
-0.000113 -0.000096 -0.000213
-0.000104 -0.000094 -0.000214
-0.000095 -0.000093 -0.000215
-0.000086 -0.000091 -0.000215
-0.000077 -0.000089 -0.000214
-0.000069 -0.000086 -0.000213
-0.000060 -0.000083 -0.000211
-0.000052 -0.000080 -0.000209
-0.000045 -0.000076 -0.000206
-0.000037 -0.000073 -0.000203
-0.000030 -0.000068 -0.000199
-0.000023 -0.000064 -0.000195
-0.000017 -0.000059 -0.000190
-0.000011 -0.000055 -0.000185
-0.000006 -0.000050 -0.000180
-0.000001 -0.000044 -0.000174
0.000003 -0.000039 -0.000168
0.000007 -0.000034 -0.000162
0.000011 -0.000029 -0.000155
0.000014 -0.000024 -0.000148
0.000017 -0.000020 -0.000141
0.000019 -0.000015 -0.000133
0.000021 -0.000011 -0.000126
0.000023 -0.000007 -0.000118
0.000024 -0.000003 -0.000109
0.000025 0.000000 -0.000101
0.000026 0.000003 -0.000093
0.000026 0.000006 -0.000084
0.000026 0.000009 -0.000076
0.000026 0.000012 -0.000067
0.000026 0.000014 -0.000058
0.000025 0.000017 -0.000050
0.000025 0.000019 -0.000041
0.000024 0.000022 -0.000032
0.000023 0.000025 -0.000024
0.000023 0.000027 -0.000015
0.000022 0.000030 -0.000006
0.000021 0.000033 0.000002
0.000021 0.000037 0.000010
0.000020 0.000040 0.000019
0.000020 0.000044 0.000027
0.000021 0.000049 0.000035
0.000021 0.000054 0.000042
0.000023 0.000059 0.000050
0.000024 0.000065 0.000056
0.000026 0.000071 0.000063
0.000029 0.000077 0.000068
0.000033 0.000084 0.000074
0.000037 0.000090 0.000078
0.000042 0.000097 0.000082
0.000047 0.000104 0.000085
0.000053 0.000110 0.000087
0.000059 0.000117 0.000089
0.000066 0.000123 0.000090
0.000073 0.000128 0.000090
0.000081 0.000133 0.000090
0.000088 0.000138 0.000090
0.000096 0.000143 0.000089
0.000104 0.000147 0.000087
0.000112 0.000150 0.000086
0.000120 0.000154 0.000084
0.000128 0.000157 0.000081
0.000136 0.000160 0.000079
0.000144 0.000163 0.000076
0.000153 0.000166 0.000073
0.000161 0.000168 0.000070
0.000169 0.000171 0.000067
0.000177 0.000173 0.000063
0.000185 0.000175 0.000059
0.000193 0.000177 0.000056
0.000201 0.000178 0.000052
0.000209 0.000180 0.000048
0.000217 0.000181 0.000044
0.000225 0.000182 0.000040
0.000233 0.000183 0.000036
0.000241 0.000184 0.000032
0.000250 0.000185 0.000028
0.000258 0.000185 0.000025
0.000266 0.000186 0.000021
0.000275 0.000186 0.000018
0.000283 0.000186 0.000015
0.000292 0.000187 0.000013
0.000301 0.000187 0.000010
0.000310 0.000187 0.000008
0.000318 0.000188 0.000007
0.000327 0.000189 0.000006
0.000336 0.000189 0.000006
0.000345 0.000190 0.000006
0.000354 0.000192 0.000006
0.000363 0.000193 0.000007
0.000372 0.000195 0.000009
0.000381 0.000196 0.000011
0.000389 0.000198 0.000013
0.000398 0.000200 0.000016
0.000406 0.000203 0.000019
0.000414 0.000205 0.000022
0.000422 0.000207 0.000025
0.000430 0.000210 0.000029
VECTORS Rotation float
0.655821 0.270900 -1.761022
0.656704 0.268345 -1.763764
0.659260 0.260770 -1.771828
0.663206 0.248566 -1.784637
0.668142 0.232392 -1.801318
0.673667 0.212921 -1.821070
0.679408 0.190926 -1.843163
0.685064 0.167235 -1.867037
0.690378 0.143133 -1.891926
0.695249 0.119179 -1.917974
0.699581 0.096322 -1.944974
0.703322 0.075343 -1.972766
0.706460 0.056705 -2.001293
0.709004 0.040733 -2.030239
0.711000 0.027743 -2.058651
0.712531 0.017613 -2.085735
0.713709 0.010180 -2.110154
0.714660 0.005139 -2.130484
0.715508 0.002148 -2.145296
0.716356 0.000919 -2.153269
0.717270 0.001269 -2.153436
0.718283 0.003169 -2.145167
0.719377 0.006747 -2.128264
0.720476 0.012273 -2.102863
0.721455 0.020090 -2.069488
0.722116 0.030609 -2.028726
0.722217 0.044170 -1.981484
0.721478 0.061012 -1.928770
0.719555 0.081353 -1.871237
0.716117 0.105157 -1.809808
0.710850 0.132227 -1.745356
0.703391 0.162427 -1.678220
0.693476 0.195347 -1.609088
0.680792 0.230729 -1.538117
0.665469 0.267572 -1.466860
0.647054 0.306082 -1.394365
0.626032 0.344905 -1.322522
0.602018 0.384150 -1.250277
0.575495 0.422540 -1.178806
0.546236 0.459690 -1.107289
0.514563 0.494384 -1.036109
0.480637 0.525590 -0.965122
0.444660 0.552263 -0.894173
0.406509 0.573651 -0.822417
0.366977 0.588640 -0.750643
0.326301 0.596699 -0.678501
0.285434 0.597399 -0.606873
0.245257 0.590740 -0.536497
0.206460 0.577046 -0.467813
0.170094 0.557149 -0.402093
0.136696 0.532102 -0.339880
0.106613 0.503205 -0.281625
0.080008 0.471958 -0.227692
0.056804 0.439861 -0.178207
0.036778 0.408334 -0.133169
0.019598 0.378574 -0.092436
0.004936 0.351619 -0.055931
-0.007548 0.328211 -0.023528
-0.018156 0.308862 0.004864
-0.027132 0.293923 0.029277
-0.034656 0.283654 0.049668
-0.040839 0.278284 0.065925
-0.045746 0.278019 0.078005
-0.049336 0.283125 0.085606
-0.051519 0.293988 0.088615
-0.052118 0.310649 0.086698
-0.050781 0.333810 0.079447
-0.047047 0.363621 0.066337
-0.040341 0.399614 0.046887
-0.029707 0.441758 0.020047
-0.013596 0.490347 -0.016081
0.009223 0.543012 -0.062162
0.041338 0.599293 -0.121164
0.085291 0.656822 -0.195357
0.143714 0.712540 -0.286956
0.217773 0.762183 -0.396159
0.309778 0.802952 -0.525533
0.416504 0.830370 -0.670640
0.532116 0.841676 -0.824879
0.648317 0.835977 -0.979214
0.756861 0.814529 -1.124728
0.853140 0.779840 -1.256750
0.932657 0.736552 -1.369410
0.997822 0.687396 -1.465806
1.049737 0.636117 -1.546524
1.090471 0.585891 -1.613275
1.123266 0.537314 -1.670187
1.149678 0.492173 -1.718651
1.171297 0.451148 -1.760478
1.189335 0.414482 -1.797096
1.204683 0.382086 -1.829580
1.217989 0.353607 -1.858725
1.229657 0.328824 -1.884800
1.240170 0.306454 -1.908889
1.249655 0.286323 -1.930707
1.258323 0.267467 -1.950716
1.266257 0.249474 -1.968745
1.273541 0.231594 -1.984984
1.280211 0.213675 -1.999096
1.286272 0.195055 -2.011179
1.291772 0.176176 -2.020558
1.296726 0.156944 -2.026908
1.301199 0.137679 -2.029716
1.305248 0.118608 -2.028511
1.308961 0.100098 -2.022822
1.312513 0.082846 -2.012332
1.316031 0.067390 -1.996789
1.319625 0.054293 -1.976071
1.323358 0.044089 -1.950175
1.327223 0.037246 -1.919186
1.331180 0.034195 -1.883491
1.335048 0.035203 -1.843236
1.338652 0.040404 -1.799082
1.341712 0.049771 -1.751436
1.343923 0.063096 -1.700789
1.345008 0.079932 -1.647844
1.344710 0.099669 -1.593233
1.342863 0.121498 -1.537734
1.339402 0.144500 -1.482166
1.334399 0.167699 -1.427466
1.328108 0.190089 -1.374820
1.320890 0.210848 -1.325338
1.313309 0.229194 -1.280507
1.305932 0.244669 -1.241528
1.299425 0.256872 -1.209826
1.294308 0.265679 -1.186316
1.291073 0.270952 -1.171957
1.289958 0.272715 -1.167104
VECTORS ControlForce float
0.000000 -0.000000 0.000000
-0.000428 -0.000000 0.000042
-0.000787 0.000014 0.000083
-0.001016 0.000065 0.000113
-0.001108 0.000146 0.000122
-0.001073 0.000254 0.000119
-0.000924 0.000388 0.000123
-0.000739 0.000506 0.000137
-0.000571 0.000569 0.000152
-0.000464 0.000538 0.000168
-0.000419 0.000404 0.000186
-0.000435 0.000171 0.000199
-0.000507 -0.000142 0.000205
-0.000600 -0.000483 0.000207
-0.000707 -0.000813 0.000191
-0.000793 -0.001066 0.000162
-0.000827 -0.001182 0.000131
-0.000793 -0.001130 0.000107
-0.000697 -0.000924 0.000094
-0.000540 -0.000597 0.000098
-0.000344 -0.000211 0.000116
-0.000155 0.000156 0.000126
0.000002 0.000453 0.000120
0.000121 0.000657 0.000100
0.000217 0.000771 0.000076
0.000277 0.000789 0.000049
0.000304 0.000723 0.000019
0.000312 0.000606 -0.000011
0.000333 0.000486 -0.000037
0.000362 0.000382 -0.000067
0.000375 0.000293 -0.000103
0.000375 0.000230 -0.000138
0.000376 0.000194 -0.000165
0.000367 0.000152 -0.000184
0.000365 0.000087 -0.000204
0.000377 -0.000016 -0.000223
0.000360 -0.000195 -0.000242
0.000304 -0.000429 -0.000252
0.000225 -0.000672 -0.000254
0.000125 -0.000883 -0.000242
0.000008 -0.001032 -0.000217
-0.000105 -0.001085 -0.000184
-0.000202 -0.001033 -0.000135
-0.000271 -0.000886 -0.000066
-0.000299 -0.000653 0.000012
-0.000277 -0.000349 0.000082
-0.000220 -0.000008 0.000132
-0.000147 0.000337 0.000154
-0.000079 0.000638 0.000157
-0.000025 0.000871 0.000144
0.000022 0.001031 0.000114
0.000060 0.001105 0.000077
0.000086 0.001082 0.000047
0.000103 0.000979 0.000021
0.000112 0.000812 0.000008
0.000113 0.000607 0.000016
0.000115 0.000398 0.000044
0.000124 0.000234 0.000069
0.000141 0.000136 0.000082
0.000161 0.000102 0.000093
0.000181 0.000122 0.000098
0.000195 0.000175 0.000097
0.000205 0.000237 0.000097
0.000215 0.000290 0.000099
0.000236 0.000317 0.000105
0.000279 0.000309 0.000108
0.000349 0.000249 0.000138
0.000435 0.000130 0.000193
0.000518 -0.000041 0.000241
0.000574 -0.000244 0.000273
0.000580 -0.000452 0.000293
0.000520 -0.000653 0.000295
0.000393 -0.000809 0.000279
0.000203 -0.000910 0.000247
-0.000036 -0.000955 0.000196
-0.000299 -0.000924 0.000115
-0.000546 -0.000803 0.000014
-0.000751 -0.000602 -0.000102
-0.000883 -0.000337 -0.000227
-0.000929 -0.000038 -0.000349
-0.000878 0.000278 -0.000450
-0.000757 0.000551 -0.000514
-0.000593 0.000750 -0.000547
-0.000421 0.000841 -0.000545
-0.000249 0.000854 -0.000523
-0.000075 0.000810 -0.000490
0.000086 0.000701 -0.000433
0.000236 0.000551 -0.000358
0.000370 0.000374 -0.000274
0.000489 0.000197 -0.000187
0.000603 0.000074 -0.000099
0.000690 -0.000009 -0.000017
0.000728 -0.000077 0.000052
0.000711 -0.000139 0.000119
0.000650 -0.000179 0.000178
0.000540 -0.000221 0.000223
0.000401 -0.000244 0.000256
0.000237 -0.000280 0.000278
0.000064 -0.000324 0.000293
-0.000107 -0.000385 0.000307
-0.000262 -0.000431 0.000306
-0.000386 -0.000428 0.000291
-0.000479 -0.000375 0.000266
-0.000544 -0.000298 0.000241
-0.000570 -0.000187 0.000230
-0.000563 -0.000070 0.000222
-0.000526 0.000039 0.000213
-0.000459 0.000144 0.000207
-0.000368 0.000233 0.000205
-0.000266 0.000276 0.000203
-0.000150 0.000290 0.000203
-0.000017 0.000295 0.000209
0.000135 0.000310 0.000217
0.000294 0.000309 0.000219
0.000453 0.000294 0.000217
0.000606 0.000296 0.000211
0.000739 0.000312 0.000198
0.000845 0.000377 0.000176
0.000906 0.000471 0.000142
0.000910 0.000565 0.000101
0.000866 0.000675 0.000051
0.000780 0.000768 -0.000001
0.000654 0.000775 -0.000042
0.000505 0.000681 -0.000062
0.000356 0.000539 -0.000065
0.000220 0.000358 -0.000050
0.000104 0.000179 -0.000029
-0.000000 -0.000000 -0.000000
VECTORS ControlTorque float
0.000001 -0.000002 0.000002
0.000001 -0.000002 0.000002
0.000001 -0.000002 0.000002
0.000001 -0.000001 0.000001
0.000001 -0.000001 0.000001
0.000000 -0.000001 0.000001
0.000000 -0.000001 0.000001
-0.000000 -0.000000 -0.000000
0.000000 -0.000001 0.000000
-0.000000 -0.000000 -0.000001
-0.000000 -0.000000 -0.000001
-0.000000 -0.000000 -0.000001
-0.000000 -0.000000 -0.000001
-0.000001 0.000000 -0.000001
-0.000001 0.000000 -0.000001
-0.000001 0.000001 -0.000001
-0.000001 0.000002 -0.000001
-0.000000 0.000002 -0.000001
-0.000000 0.000003 -0.000001
-0.000000 0.000003 -0.000001
-0.000000 0.000004 -0.000001
-0.000000 0.000004 -0.000001
-0.000000 0.000004 -0.000001
-0.000000 0.000003 -0.000001
-0.000001 0.000003 -0.000001
-0.000001 0.000003 -0.000001
-0.000001 0.000002 -0.000001
-0.000001 0.000002 -0.000001
-0.000001 0.000002 -0.000001
-0.000000 0.000001 -0.000001
-0.000000 0.000001 -0.000002
-0.000000 0.000000 -0.000001
-0.000000 0.000001 -0.000002
0.000000 -0.000001 -0.000000
-0.000000 0.000001 -0.000002
0.000001 -0.000002 0.000000
0.000000 0.000000 -0.000001
0.000001 -0.000002 0.000000
0.000000 -0.000000 -0.000001
0.000000 -0.000001 0.000001
0.000000 -0.000001 0.000001
-0.000000 -0.000001 0.000001
-0.000001 0.000000 0.000001
-0.000001 -0.000001 0.000002
-0.000001 0.000000 0.000001
-0.000001 -0.000000 0.000001
-0.000002 -0.000000 0.000001
-0.000002 0.000000 0.000001
-0.000001 -0.000001 0.000001
-0.000001 -0.000000 0.000001
-0.000001 -0.000001 0.000001
-0.000000 -0.000001 0.000000
0.000000 -0.000001 0.000000
0.000001 -0.000001 0.000000
0.000001 -0.000001 0.000000
0.000001 -0.000001 0.000000
0.000002 -0.000001 0.000000
0.000002 -0.000001 0.000000
0.000002 -0.000001 0.000000
0.000002 -0.000001 0.000000
0.000002 -0.000002 0.000001
0.000002 -0.000001 0.000001
0.000002 -0.000002 0.000001
0.000002 -0.000002 0.000001
0.000002 -0.000002 0.000001
0.000003 -0.000002 0.000001
0.000003 -0.000002 0.000001
0.000002 -0.000002 0.000001
0.000002 -0.000002 0.000001
0.000004 -0.000003 0.000002
0.000001 -0.000002 0.000001
0.000003 -0.000003 0.000002
0.000001 -0.000003 0.000002
0.000002 -0.000003 0.000002
-0.000001 -0.000001 0.000001
0.000001 -0.000003 0.000003
-0.000001 -0.000001 0.000002
-0.000001 -0.000000 0.000002
-0.000002 0.000000 0.000001
-0.000002 0.000001 0.000001
-0.000001 -0.000000 0.000002
-0.000003 0.000004 -0.000001
-0.000001 0.000001 0.000001
-0.000002 0.000002 -0.000001
-0.000002 0.000003 -0.000002
-0.000001 0.000001 -0.000001
-0.000001 0.000002 -0.000002
-0.000001 0.000001 -0.000002
-0.000001 0.000001 -0.000002
-0.000001 0.000001 -0.000002
-0.000001 0.000001 -0.000002
-0.000001 0.000001 -0.000002
-0.000000 0.000000 -0.000001
-0.000001 0.000001 -0.000001
-0.000000 0.000000 -0.000000
-0.000000 0.000001 -0.000001
0.000000 0.000000 0.000000
-0.000000 0.000001 -0.000000
0.000000 0.000000 0.000001
-0.000000 0.000001 -0.000000
-0.000000 0.000001 0.000000
-0.000000 0.000001 -0.000000
-0.000000 0.000002 0.000000
-0.000000 0.000002 -0.000000
-0.000000 0.000002 -0.000000
-0.000000 0.000002 -0.000001
-0.000000 0.000002 -0.000001
-0.000001 0.000002 -0.000001
-0.000001 0.000002 -0.000001
-0.000001 0.000002 -0.000001
-0.000001 0.000002 -0.000002
-0.000001 0.000001 -0.000002
-0.000000 0.000001 -0.000002
-0.000000 0.000001 -0.000002
-0.000000 0.000001 -0.000001
-0.000000 0.000001 -0.000001
-0.000000 0.000000 -0.000001
-0.000000 -0.000000 -0.000001
-0.000000 -0.000000 -0.000000
0.000000 -0.000001 0.000000
0.000000 -0.000001 0.000000
0.000000 -0.000002 0.000001
0.000000 -0.000002 0.000001
0.000000 -0.000003 0.000001
0.000000 -0.000003 0.000001
0.000000 -0.000004 0.000002
0.000000 -0.000004 0.000002
0.000000 -0.000004 0.000002
VECTORS Curvature float
26.006260 232.577667 -9.921593
84.451442 742.020153 -30.339030
184.272027 1592.023414 -65.019632
263.870716 2226.168352 -92.450835
333.540550 2767.302445 -116.919653
383.734944 3199.022283 -136.324446
406.503842 3563.664566 -150.318590
374.144568 3744.800591 -159.329137
282.657113 3833.016237 -162.266127
132.882652 3915.475933 -160.763407
-79.742348 3867.666735 -154.671770
-332.276728 3774.717537 -144.939102
-607.797362 3672.294564 -132.884998
-856.326094 3459.930984 -120.071180
-1045.390045 3161.808699 -107.549915
-1146.799876 2806.229441 -97.273121
-1118.679732 2333.568419 -90.272354
-958.532759 1772.487841 -87.521672
-666.347677 1114.530952 -89.451060
-269.786261 380.375995 -96.009832
196.243214 -413.015009 -106.781714
688.454081 -1241.133485 -121.046174
1168.885851 -2088.533227 -137.939388
1598.238502 -2925.812695 -156.575984
1957.256295 -3747.051191 -175.919885
2234.613628 -4545.961850 -195.173518
2399.733240 -5257.831243 -213.531792
2482.424961 -5926.954410 -229.869674
2495.334485 -6555.793699 -243.762019
2418.640634 -7052.530679 -254.383406
2300.789345 -7516.698807 -260.368930
2140.947236 -7905.695229 -262.568033
1960.120023 -8304.804906 -258.697478
1710.507194 -8446.583812 -252.866839
1450.967189 -8615.720964 -238.336554
1173.533090 -8659.824766 -225.142483
882.095351 -8580.754737 -203.221270
624.729152 -8515.784182 -182.678868
403.060813 -8300.424020 -155.755887
262.044088 -8138.755979 -128.677841
214.041970 -7816.780978 -98.312562
278.981536 -7459.537126 -66.939203
472.471442 -7203.952879 -34.509085
773.051120 -6924.808830 -4.254461
1173.770155 -6622.215271 24.894166
1649.869683 -6403.837355 50.438620
2139.821418 -6117.078243 72.929584
2651.002560 -5921.370350 91.692664
3112.764758 -5722.426791 107.774244
3476.292893 -5481.437912 121.125407
3756.544352 -5274.673495 132.754106
3907.575787 -5045.568911 143.263700
3919.908452 -4791.729295 152.938957
3797.821516 -4513.553728 162.094844
3561.484387 -4219.018612 170.568429
3225.540509 -3902.412808 178.351304
2808.370512 -3557.206514 184.855595
2343.388764 -3195.340405 189.706746
1847.122235 -2812.665781 192.332202
1330.970721 -2408.171741 192.197921
798.338027 -1969.789432 188.776491
251.700194 -1521.354517 181.710104
-305.553729 -1036.345918 170.730531
-911.028104 -521.217945 156.023122
-1510.764960 12.240090 137.607297
-2145.634750 584.336151 116.313150
-2893.487723 1210.394504 92.764548
-3574.299373 1850.691049 68.429352
-4162.981727 2474.035537 44.009530
-4945.549745 3284.680136 18.927349
-5565.688356 4062.026559 -1.192447
-6040.365645 4848.100845 -22.538530
-6591.979815 5796.574877 -38.874924
-6963.968195 6737.306047 -53.648041
-6995.633035 7433.798405 -62.849948
-6970.323845 8200.216607 -77.620668
-6917.316221 8980.115936 -86.656270
-6525.409150 9395.404546 -102.886042
-6071.013502 9708.973341 -124.342995
-5491.739740 9762.966041 -152.943459
-4987.203738 9898.237076 -181.224573
-4379.734090 9617.893668 -213.715104
-3759.956815 9167.370565 -233.939134
-3342.223841 8887.954878 -253.996035
-2826.814168 8075.918553 -268.121391
-2473.318749 7424.567445 -274.817813
-2253.536876 6874.150842 -283.557684
-2042.791726 6134.442977 -289.184578
-1910.249197 5469.920882 -295.465924
-1811.832025 4830.400712 -302.328101
-1749.391179 4280.288468 -309.998105
-1653.293208 3709.408314 -319.167646
-1597.525853 3312.267519 -327.984082
-1534.640288 3009.902370 -338.789117
-1423.947817 2726.801900 -349.027459
-1305.361759 2547.266359 -360.461217
-1157.099036 2428.720287 -371.735432
-981.448980 2349.245052 -384.037006
-782.279241 2341.243154 -396.242073
-548.574135 2339.152201 -409.784457
-247.323569 2256.142457 -423.707967
86.224180 2185.732438 -438.933996
469.042733 2058.096610 -455.102817
905.766295 1917.856758 -472.310403
1372.409629 1696.062149 -490.224653
1845.570156 1390.170613 -508.583666
2330.939326 1031.693335 -526.818572
2806.345907 615.217820 -544.083916
3280.954170 150.379198 -559.359655
3705.220267 -351.425887 -571.441526
4106.788531 -884.004001 -579.219382
4465.432375 -1424.708363 -581.523463
4742.670624 -1949.036236 -577.429417
5003.070287 -2459.168160 -566.242309
5198.114216 -2919.385658 -547.821238
5327.109714 -3309.219816 -522.173592
5393.775299 -3612.920997 -490.001224
5381.032970 -3806.710654 -452.122686
5297.311514 -3889.649148 -409.741226
5106.048712 -3835.956662 -364.311922
4822.182354 -3664.284171 -316.843590
4418.539895 -3367.776295 -268.981695
3901.756619 -2967.109401 -221.204489
3273.925279 -2477.951086 -174.721003
2540.802044 -1912.742939 -129.102341
1758.979865 -1318.127769 -86.220576
808.061880 -603.848078 -39.229337
260.690947 -194.208963 -11.887051
VECTORS LocalRotation float
0.018639 0.263676 0.059798
0.019141 0.268099 0.059615
0.020352 0.278624 0.059185
0.022373 0.295839 0.058475
0.025083 0.318493 0.057525
0.028341 0.345595 0.056375
0.031921 0.376230 0.055076
0.035436 0.409135 0.053682
0.038420 0.443563 0.052221
0.040299 0.478597 0.050761
0.040539 0.513795 0.049334
0.038669 0.548477 0.047974
0.034408 0.582232 0.046715
0.027800 0.614423 0.045573
0.019175 0.644455 0.044541
0.009256 0.671459 0.043614
-0.001000 0.694726 0.042765
-0.010405 0.713318 0.041960
-0.017761 0.726388 0.041159
-0.022007 0.733167 0.040318
-0.022339 0.733020 0.039402
-0.018333 0.725529 0.038370
-0.009912 0.710434 0.037196
0.002618 0.687728 0.035862
0.018730 0.657489 0.034355
0.037680 0.620000 0.032678
0.058623 0.575696 0.030831
0.080737 0.525034 0.028823
0.103252 0.468573 0.026680
0.125500 0.406962 0.024425
0.146935 0.340788 0.022087
0.167074 0.270864 0.019716
0.185660 0.197396 0.017354
0.202201 0.121912 0.015048
0.216579 0.044314 0.012814
0.228394 -0.033458 0.010728
0.237748 -0.111912 0.008779
0.244550 -0.189088 0.007037
0.249218 -0.265455 0.005500
0.252221 -0.339684 0.004215
0.254373 -0.411825 0.003189
0.256607 -0.481041 0.002440
0.260022 -0.547675 0.001979
0.265644 -0.611456 0.001804
0.274472 -0.672885 0.001898
0.287229 -0.731736 0.002238
0.304383 -0.788410 0.002797
0.326115 -0.843019 0.003543
0.352166 -0.895647 0.004445
0.382024 -0.946417 0.005482
0.414802 -0.995162 0.006633
0.449498 -1.041882 0.007882
0.484931 -1.086413 0.009223
0.519870 -1.128539 0.010649
0.553199 -1.168087 0.012156
0.583914 -1.204840 0.013735
0.611232 -1.238614 0.015379
0.634562 -1.269193 0.017076
0.653538 -1.296399 0.018806
0.667927 -1.320037 0.020546
0.677570 -1.339864 0.022272
0.682333 -1.355699 0.023952
0.682090 -1.367249 0.025544
0.676564 -1.374324 0.027028
0.665661 -1.376615 0.028350
0.648958 -1.373890 0.029510
0.626183 -1.365778 0.030455
0.597123 -1.352025 0.031179
0.561983 -1.332383 0.031690
0.520419 -1.306105 0.031977
0.473151 -1.273067 0.032057
0.420237 -1.232445 0.031948
0.363052 -1.184258 0.031670
0.301938 -1.127751 0.031253
0.239109 -1.063970 0.030729
0.175461 -0.992721 0.030089
0.112868 -0.915287 0.029348
0.052153 -0.832292 0.028492
-0.004877 -0.745798 0.027464
-0.057339 -0.657452 0.026205
-0.104968 -0.568087 0.024687
-0.147093 -0.480319 0.022910
-0.184209 -0.394661 0.020869
-0.216238 -0.313236 0.018669
-0.244079 -0.236676 0.016312
-0.268305 -0.165828 0.013831
-0.289659 -0.101232 0.011308
-0.309080 -0.042427 0.008719
-0.326959 0.010058 0.006075
-0.343795 0.056648 0.003371
-0.359897 0.097843 0.000602
-0.375268 0.133933 -0.002240
-0.390105 0.165982 -0.005194
-0.404187 0.194407 -0.008191
-0.417603 0.220420 -0.011310
-0.429924 0.244229 -0.014513
-0.441123 0.266858 -0.017843
-0.450797 0.288473 -0.021262
-0.458836 0.309851 -0.024818
-0.464801 0.330828 -0.028431
-0.468404 0.351636 -0.032205
-0.469134 0.371753 -0.036112
-0.466608 0.391061 -0.040179
-0.460366 0.409113 -0.044390
-0.450092 0.425411 -0.048731
-0.435541 0.439366 -0.053247
-0.416630 0.450332 -0.057935
-0.393345 0.457797 -0.062789
-0.365751 0.461267 -0.067791
-0.334143 0.460358 -0.072907
-0.298722 0.454756 -0.078125
-0.259984 0.444323 -0.083370
-0.218268 0.429038 -0.088621
-0.174098 0.409059 -0.093804
-0.127921 0.384713 -0.098847
-0.080259 0.356507 -0.103692
-0.031732 0.325175 -0.108274
0.017053 0.291581 -0.112539
0.065401 0.256735 -0.116442
0.112483 0.221771 -0.119945
0.157468 0.187788 -0.123031
0.199285 0.155966 -0.125682
0.237000 0.127250 -0.127904
0.269460 0.102619 -0.129695
0.295811 0.082721 -0.131072
0.315237 0.068124 -0.132045
0.326886 0.059403 -0.132614
0.331714 0.055797 -0.132845
VECTORS q1 float
0.010385 -0.587570 -0.809106
0.006978 -0.588660 -0.808351
-0.003091 -0.591823 -0.806062
-0.019222 -0.596725 -0.802215
-0.040448 -0.602874 -0.796810
-0.065840 -0.609768 -0.789841
-0.094434 -0.616915 -0.781344
-0.125329 -0.623895 -0.771393
-0.157162 -0.630316 -0.760264
-0.189653 -0.636033 -0.747993
-0.222013 -0.640912 -0.734807
-0.253589 -0.644920 -0.720951
-0.284009 -0.648101 -0.706614
-0.312819 -0.650538 -0.692058
-0.339172 -0.652341 -0.677801
-0.362645 -0.653650 -0.664252
-0.382520 -0.654608 -0.652048
-0.398160 -0.655352 -0.641858
-0.408965 -0.655999 -0.634360
-0.414377 -0.656640 -0.630171
-0.413958 -0.657329 -0.629728
-0.407325 -0.658090 -0.633249
-0.394180 -0.658901 -0.640681
-0.374266 -0.659693 -0.651713
-0.347460 -0.660344 -0.665745
-0.313605 -0.660664 -0.682037
-0.272805 -0.660405 -0.699602
-0.225353 -0.659266 -0.717345
-0.171419 -0.656871 -0.734259
-0.111644 -0.652834 -0.749228
-0.046895 -0.646782 -0.761232
0.022225 -0.638294 -0.769472
0.094545 -0.627057 -0.773215
0.169251 -0.612729 -0.771957
0.243973 -0.595458 -0.765446
0.318870 -0.574820 -0.753594
0.391165 -0.551427 -0.736830
0.461097 -0.525033 -0.715353
0.526749 -0.496384 -0.690028
0.588189 -0.465548 -0.661286
0.644515 -0.433225 -0.630013
0.695519 -0.399941 -0.596909
0.741222 -0.366205 -0.562569
0.782248 -0.332111 -0.527058
0.818447 -0.298409 -0.491016
0.850482 -0.265150 -0.454286
0.878526 -0.232806 -0.417125
0.902907 -0.201657 -0.379596
0.924032 -0.171803 -0.341539
0.941992 -0.143675 -0.303329
0.957048 -0.117430 -0.265083
0.969412 -0.093221 -0.227045
0.979276 -0.071185 -0.189610
0.986861 -0.051369 -0.153187
0.992414 -0.033746 -0.118215
0.996208 -0.018209 -0.085075
0.998519 -0.004634 -0.054204
0.999638 0.007145 -0.025957
0.999850 0.017296 -0.000655
0.999434 0.025966 0.021406
0.998649 0.033265 0.039932
0.997735 0.039257 0.054631
0.996894 0.043974 0.065332
0.996304 0.047352 0.071672
0.996075 0.049287 0.073518
0.996270 0.049601 0.070607
0.996881 0.047958 0.062682
0.997805 0.043955 0.049525
0.998824 0.037153 0.031158
0.999612 0.026851 0.007341
0.999675 0.011994 -0.022480
0.998322 -0.007896 -0.057362
0.994638 -0.034124 -0.097625
0.987510 -0.067463 -0.142384
0.975723 -0.108375 -0.190314
0.958328 -0.156280 -0.239131
0.933903 -0.211743 -0.288079
0.902051 -0.272921 -0.334392
0.862711 -0.338009 -0.376137
0.816411 -0.404851 -0.411788
0.764235 -0.471182 -0.440378
0.706966 -0.535651 -0.461819
0.647797 -0.595006 -0.475739
0.587066 -0.649463 -0.483271
0.527168 -0.697657 -0.485148
0.470309 -0.738937 -0.482475
0.416208 -0.774483 -0.476390
0.366331 -0.804310 -0.467853
0.321126 -0.829081 -0.457714
0.280710 -0.849533 -0.446650
0.244942 -0.866394 -0.435161
0.213458 -0.880347 -0.423586
0.186106 -0.891884 -0.412198
0.161510 -0.901772 -0.400902
0.139648 -0.910246 -0.389809
0.119555 -0.917741 -0.378758
0.100927 -0.924452 -0.367698
0.083031 -0.930617 -0.356453
0.065816 -0.936288 -0.345012
0.048621 -0.941595 -0.333220
0.031993 -0.946444 -0.321278
0.015874 -0.950845 -0.309259
0.000614 -0.954757 -0.297386
-0.013542 -0.958169 -0.285881
-0.026234 -0.961081 -0.275017
-0.036816 -0.963514 -0.265114
-0.044799 -0.965526 -0.256423
-0.049686 -0.967195 -0.249130
-0.051011 -0.968601 -0.243332
-0.048365 -0.969809 -0.239020
-0.041407 -0.970861 -0.236038
-0.029890 -0.971737 -0.234164
-0.013776 -0.972381 -0.232992
0.006864 -0.972669 -0.232095
0.031762 -0.972436 -0.230998
0.060357 -0.971506 -0.229201
0.091918 -0.969715 -0.226284
0.125469 -0.966954 -0.221938
0.159909 -0.963203 -0.216029
0.194061 -0.958550 -0.208622
0.226693 -0.953211 -0.199999
0.256806 -0.947477 -0.190623
0.283400 -0.941745 -0.181112
0.305875 -0.936384 -0.172120
0.323657 -0.931794 -0.164334
0.336540 -0.928267 -0.158308
0.344274 -0.926066 -0.154519
0.346866 -0.925314 -0.153223
VECTORS q2 float
-0.323563 0.763644 -0.558709
-0.323171 0.763664 -0.558908
-0.322003 0.763722 -0.559502
-0.320098 0.763804 -0.560483
-0.317555 0.763873 -0.561834
-0.314516 0.763890 -0.563516
-0.311216 0.763809 -0.565457
-0.307995 0.763575 -0.567532
-0.305365 0.763121 -0.569560
-0.303806 0.762447 -0.571294
-0.303840 0.761566 -0.572450
-0.305865 0.760534 -0.572743
-0.310080 0.759442 -0.571925
-0.316423 0.758381 -0.569855
-0.324457 0.757418 -0.566609
-0.333559 0.756592 -0.562411
-0.342817 0.755900 -0.557756
-0.351235 0.755306 -0.553306
-0.357841 0.754758 -0.549809
-0.361791 0.754203 -0.547983
-0.362481 0.753603 -0.548353
-0.359549 0.752933 -0.551195
-0.352899 0.752199 -0.556470
-0.342646 0.751435 -0.563861
-0.329138 0.750694 -0.572824
-0.312810 0.750058 -0.582721
-0.294294 0.749610 -0.592854
-0.274302 0.749433 -0.602585
-0.253421 0.749611 -0.611442
-0.232342 0.750193 -0.619053
-0.211711 0.751193 -0.625210
-0.191970 0.752615 -0.629855
-0.173635 0.754402 -0.633031
-0.157047 0.756482 -0.634879
-0.142797 0.758636 -0.635674
-0.130875 0.760780 -0.635678
-0.121605 0.762635 -0.635296
-0.114733 0.764125 -0.634783
-0.110011 0.765140 -0.634396
-0.106859 0.765782 -0.634161
-0.104609 0.766274 -0.633941
-0.102523 0.767021 -0.633378
-0.099917 0.768552 -0.631937
-0.096225 0.771477 -0.628939
-0.091142 0.776319 -0.623716
-0.084518 0.783547 -0.615557
-0.076517 0.793349 -0.603939
-0.067474 0.805675 -0.588502
-0.057813 0.820279 -0.569034
-0.048170 0.836517 -0.545819
-0.039083 0.853704 -0.519290
-0.031041 0.871067 -0.490182
-0.024436 0.887831 -0.459521
-0.019486 0.903352 -0.428458
-0.016243 0.917163 -0.398181
-0.014596 0.929014 -0.369756
-0.014325 0.938805 -0.344152
-0.015129 0.946594 -0.322074
-0.016676 0.952523 -0.304010
-0.018640 0.956762 -0.290273
-0.020720 0.959463 -0.281073
-0.022657 0.960727 -0.276570
-0.024226 0.960595 -0.276894
-0.025278 0.959019 -0.282213
-0.025684 0.955826 -0.292809
-0.025466 0.950843 -0.308626
-0.024630 0.943583 -0.330219
-0.023376 0.933581 -0.357603
-0.022066 0.920462 -0.390209
-0.021130 0.903603 -0.427850
-0.021166 0.882088 -0.470609
-0.022893 0.856120 -0.516270
-0.027096 0.825029 -0.564440
-0.034530 0.789058 -0.613347
-0.045765 0.748903 -0.661098
-0.060834 0.706246 -0.705348
-0.080020 0.661525 -0.745642
-0.102603 0.616930 -0.780301
-0.127687 0.574100 -0.808768
-0.154155 0.534419 -0.831043
-0.180840 0.498872 -0.847599
-0.207084 0.467585 -0.859349
-0.231405 0.441290 -0.867015
-0.254043 0.419015 -0.871716
-0.274595 0.400434 -0.874214
-0.292927 0.385004 -0.875195
-0.309852 0.371761 -0.875092
-0.325505 0.360263 -0.874218
-0.340243 0.350041 -0.872758
-0.354345 0.340755 -0.870819
-0.367979 0.332175 -0.868476
-0.381204 0.324156 -0.865798
-0.393827 0.316637 -0.862926
-0.406116 0.309510 -0.859810
-0.417622 0.302800 -0.856682
-0.428341 0.296483 -0.853594
-0.437943 0.290571 -0.850749
-0.446341 0.285077 -0.848240
-0.453181 0.279997 -0.846303
-0.458362 0.275378 -0.845028
-0.461408 0.271155 -0.844735
-0.462000 0.267326 -0.845632
-0.459751 0.263823 -0.847954
-0.454268 0.260594 -0.851898
-0.445171 0.257558 -0.857605
-0.432263 0.254545 -0.865075
-0.415341 0.251446 -0.874223
-0.394295 0.248172 -0.884840
-0.369091 0.244683 -0.896606
-0.339749 0.241004 -0.909114
-0.306555 0.237191 -0.921827
-0.269557 0.233426 -0.934265
-0.229289 0.229877 -0.945824
-0.186079 0.226804 -0.955999
-0.140369 0.224484 -0.964315
-0.092841 0.223160 -0.970351
-0.044164 0.223053 -0.973805
0.004829 0.224299 -0.974508
0.053261 0.226945 -0.972450
0.100176 0.230916 -0.967803
0.144481 0.235985 -0.960956
0.185244 0.241836 -0.952470
0.221359 0.247992 -0.943133
0.252070 0.253982 -0.933785
0.276545 0.259258 -0.925369
0.294390 0.263401 -0.918670
0.305159 0.266017 -0.914392
0.308776 0.266918 -0.912914
VECTORS q3 float
0.946150 0.267599 -0.182185
0.946315 0.265136 -0.184909
0.946734 0.257824 -0.192930
0.947189 0.246014 -0.205693
0.947377 0.230306 -0.222343
0.946966 0.211316 -0.242076
0.945636 0.189768 -0.264123
0.943097 0.166457 -0.287854
0.939176 0.142645 -0.312411
0.933667 0.118897 -0.337831
0.926494 0.096173 -0.363813
0.917681 0.075272 -0.390122
0.907298 0.056675 -0.416652
0.895556 0.040722 -0.443081
0.883001 0.027739 -0.468552
0.870188 0.017612 -0.492405
0.857994 0.010180 -0.513558
0.847410 0.005139 -0.530915
0.839463 0.002148 -0.543413
0.835104 0.000919 -0.550091
0.835013 0.001269 -0.550229
0.839530 0.003169 -0.543304
0.848578 0.006747 -0.529027
0.861695 0.012273 -0.507277
0.878032 0.020088 -0.478180
0.896550 0.030604 -0.441885
0.915952 0.044155 -0.398851
0.934866 0.060974 -0.349725
0.952047 0.081264 -0.294962
0.966206 0.104964 -0.235435
0.976207 0.131842 -0.172158
0.981149 0.161714 -0.105806
0.980261 0.194107 -0.037554
0.972980 0.228688 0.031808
0.959211 0.264391 0.100057
0.938719 0.301325 0.167360
0.912251 0.338107 0.231260
0.879901 0.374771 0.292098
0.842872 0.410078 0.348430
0.801633 0.443671 0.400676
0.757401 0.474489 0.448557
0.711156 0.501723 0.492475
0.663782 0.524615 0.533078
0.615491 0.542702 0.571529
0.567308 0.555231 0.608178
0.519170 0.561915 0.643983
0.471526 0.562494 0.679164
0.424507 0.556976 0.713843
0.377919 0.545551 0.748032
0.332160 0.528769 0.781072
0.287283 0.507346 0.812446
0.243467 0.482236 0.841530
0.201053 0.454631 0.867691
0.160391 0.425814 0.890482
0.121860 0.397080 0.909658
0.085768 0.369596 0.925226
0.052482 0.344419 0.937348
0.022270 0.322350 0.946359
-0.004634 0.303975 0.952669
-0.028018 0.289709 0.956705
-0.047663 0.279865 0.958855
-0.063343 0.274706 0.959440
-0.074934 0.274451 0.958677
-0.082098 0.279358 0.956671
-0.084702 0.289771 0.953341
-0.082445 0.305677 0.948559
-0.074982 0.327645 0.941821
-0.061954 0.355660 0.932560
-0.043177 0.389063 0.920199
-0.018122 0.427530 0.903820
0.014185 0.470932 0.882056
0.053186 0.516717 0.854503
0.099805 0.564059 0.819681
0.153728 0.610603 0.776873
0.214173 0.653758 0.725762
0.279117 0.690502 0.667309
0.348456 0.719409 0.600857
0.419257 0.738181 0.528500
0.489311 0.745761 0.452124
0.556516 0.741952 0.373895
0.619065 0.727403 0.296047
0.676250 0.703166 0.219643
0.725818 0.671738 0.148179
0.768645 0.634527 0.080998
0.804172 0.594076 0.019523
0.832468 0.552942 -0.035384
0.854847 0.511830 -0.085245
0.871692 0.472542 -0.129832
0.883806 0.435999 -0.169681
0.891987 0.402716 -0.205375
0.896992 0.372856 -0.237452
0.899511 0.346284 -0.266398
0.900147 0.322930 -0.292320
0.899436 0.301680 -0.316235
0.897825 0.282427 -0.337853
0.895673 0.264289 -0.357660
0.893320 0.246894 -0.375531
0.891003 0.229530 -0.391702
0.888986 0.212053 -0.405880
0.887435 0.193821 -0.418202
0.886611 0.175266 -0.428022
0.886738 0.156301 -0.435047
0.888048 0.137244 -0.438788
0.890762 0.118330 -0.438795
0.895061 0.099931 -0.434603
0.900996 0.082751 -0.425863
0.908562 0.067339 -0.412287
0.917640 0.054267 -0.393691
0.927992 0.044074 -0.369984
0.939272 0.037238 -0.341147
0.950952 0.034188 -0.307444
0.962520 0.035195 -0.268916
0.973261 0.040393 -0.226123
0.982511 0.049750 -0.179437
0.989590 0.063054 -0.129369
0.993850 0.079847 -0.076726
0.994787 0.099504 -0.022323
0.992086 0.121199 0.032812
0.985694 0.143997 0.087592
0.975861 0.166914 0.140836
0.963190 0.188946 0.191217
0.948544 0.209289 0.237620
0.933105 0.227193 0.278745
0.918097 0.242235 0.313721
0.904859 0.254056 0.341594
0.894469 0.262565 0.361918
0.887893 0.267649 0.374180
0.885631 0.269347 0.378300
