# vtk DataFile Version 2.0
VTK example
ASCII
DATASET UNSTRUCTURED_GRID
POINTS  128  float
-0.000448 -0.000125 -0.000198
-0.000445 -0.000125 -0.000189
-0.000442 -0.000125 -0.000181
-0.000439 -0.000126 -0.000172
-0.000436 -0.000126 -0.000164
-0.000432 -0.000126 -0.000155
-0.000428 -0.000126 -0.000147
-0.000424 -0.000126 -0.000140
-0.000418 -0.000127 -0.000132
-0.000412 -0.000127 -0.000125
-0.000406 -0.000127 -0.000119
-0.000399 -0.000127 -0.000113
-0.000391 -0.000127 -0.000108
-0.000383 -0.000127 -0.000104
-0.000375 -0.000127 -0.000101
-0.000366 -0.000127 -0.000099
-0.000357 -0.000126 -0.000097
-0.000348 -0.000125 -0.000097
-0.000339 -0.000124 -0.000097
-0.000330 -0.000123 -0.000098
-0.000321 -0.000122 -0.000100
-0.000313 -0.000121 -0.000102
-0.000304 -0.000120 -0.000105
-0.000296 -0.000119 -0.000108
-0.000288 -0.000117 -0.000112
-0.000280 -0.000116 -0.000116
-0.000272 -0.000115 -0.000120
-0.000264 -0.000114 -0.000124
-0.000256 -0.000113 -0.000129
-0.000248 -0.000112 -0.000134
-0.000241 -0.000110 -0.000139
-0.000233 -0.000109 -0.000143
-0.000226 -0.000108 -0.000148
-0.000218 -0.000107 -0.000153
-0.000211 -0.000106 -0.000158
-0.000203 -0.000105 -0.000163
-0.000196 -0.000104 -0.000168
-0.000188 -0.000102 -0.000173
-0.000181 -0.000101 -0.000178
-0.000173 -0.000100 -0.000182
-0.000165 -0.000098 -0.000186
-0.000157 -0.000097 -0.000191
-0.000149 -0.000095 -0.000194
-0.000141 -0.000094 -0.000198
-0.000133 -0.000092 -0.000201
-0.000124 -0.000090 -0.000204
-0.000116 -0.000088 -0.000207
-0.000107 -0.000086 -0.000209
-0.000098 -0.000084 -0.000210
-0.000090 -0.000082 -0.000211
-0.000081 -0.000080 -0.000211
-0.000072 -0.000078 -0.000211
-0.000064 -0.000075 -0.000209
-0.000055 -0.000072 -0.000207
-0.000047 -0.000069 -0.000205
-0.000039 -0.000066 -0.000201
-0.000032 -0.000063 -0.000197
-0.000025 -0.000059 -0.000192
-0.000019 -0.000056 -0.000187
-0.000013 -0.000052 -0.000181
-0.000008 -0.000048 -0.000174
-0.000004 -0.000044 -0.000168
0.000001 -0.000040 -0.000161
0.000004 -0.000036 -0.000153
0.000007 -0.000032 -0.000146
0.000010 -0.000028 -0.000138
0.000013 -0.000024 -0.000130
0.000015 -0.000021 -0.000123
0.000017 -0.000017 -0.000115
0.000019 -0.000013 -0.000106
0.000020 -0.000009 -0.000098
0.000022 -0.000006 -0.000090
0.000023 -0.000002 -0.000082
0.000024 0.000001 -0.000074
0.000025 0.000005 -0.000065
0.000025 0.000008 -0.000057
0.000026 0.000012 -0.000049
0.000027 0.000015 -0.000040
0.000027 0.000018 -0.000032
0.000028 0.000022 -0.000024
0.000029 0.000026 -0.000015
0.000030 0.000029 -0.000007
0.000030 0.000033 0.000001
0.000031 0.000037 0.000009
0.000032 0.000041 0.000017
0.000034 0.000045 0.000025
0.000035 0.000050 0.000033
0.000037 0.000055 0.000040
0.000039 0.000060 0.000047
0.000042 0.000065 0.000054
0.000045 0.000071 0.000060
0.000049 0.000077 0.000066
0.000053 0.000083 0.000072
0.000057 0.000089 0.000077
0.000063 0.000095 0.000081
0.000068 0.000101 0.000084
0.000074 0.000107 0.000087
0.000081 0.000113 0.000089
0.000088 0.000119 0.000090
0.000095 0.000124 0.000091
0.000102 0.000130 0.000090
0.000110 0.000135 0.000089
0.000117 0.000139 0.000088
0.000125 0.000144 0.000086
0.000133 0.000148 0.000083
0.000140 0.000152 0.000081
0.000148 0.000155 0.000077
0.000156 0.000159 0.000074
0.000163 0.000162 0.000070
0.000171 0.000165 0.000066
0.000178 0.000168 0.000061
0.000185 0.000170 0.000057
0.000193 0.000173 0.000052
0.000200 0.000175 0.000047
0.000208 0.000177 0.000043
0.000215 0.000179 0.000038
0.000223 0.000181 0.000033
0.000230 0.000182 0.000028
0.000238 0.000184 0.000024
0.000245 0.000185 0.000019
0.000253 0.000186 0.000014
0.000261 0.000187 0.000010
0.000269 0.000187 0.000005
0.000277 0.000188 0.000001
0.000285 0.000188 -0.000003
0.000293 0.000189 -0.000008
0.000301 0.000189 -0.000012
0.000309 0.000189 -0.000016
CELLS  127 381
2 0 1 
2 1 2 
2 2 3 
2 3 4 
2 4 5 
2 5 6 
2 6 7 
2 7 8 
2 8 9 
2 9 10 
2 10 11 
2 11 12 
2 12 13 
2 13 14 
2 14 15 
2 15 16 
2 16 17 
2 17 18 
2 18 19 
2 19 20 
2 20 21 
2 21 22 
2 22 23 
2 23 24 
2 24 25 
2 25 26 
2 26 27 
2 27 28 
2 28 29 
2 29 30 
2 30 31 
2 31 32 
2 32 33 
2 33 34 
2 34 35 
2 35 36 
2 36 37 
2 37 38 
2 38 39 
2 39 40 
2 40 41 
2 41 42 
2 42 43 
2 43 44 
2 44 45 
2 45 46 
2 46 47 
2 47 48 
2 48 49 
2 49 50 
2 50 51 
2 51 52 
2 52 53 
2 53 54 
2 54 55 
2 55 56 
2 56 57 
2 57 58 
2 58 59 
2 59 60 
2 60 61 
2 61 62 
2 62 63 
2 63 64 
2 64 65 
2 65 66 
2 66 67 
2 67 68 
2 68 69 
2 69 70 
2 70 71 
2 71 72 
2 72 73 
2 73 74 
2 74 75 
2 75 76 
2 76 77 
2 77 78 
2 78 79 
2 79 80 
2 80 81 
2 81 82 
2 82 83 
2 83 84 
2 84 85 
2 85 86 
2 86 87 
2 87 88 
2 88 89 
2 89 90 
2 90 91 
2 91 92 
2 92 93 
2 93 94 
2 94 95 
2 95 96 
2 96 97 
2 97 98 
2 98 99 
2 99 100 
2 100 101 
2 101 102 
2 102 103 
2 103 104 
2 104 105 
2 105 106 
2 106 107 
2 107 108 
2 108 109 
2 109 110 
2 110 111 
2 111 112 
2 112 113 
2 113 114 
2 114 115 
2 115 116 
2 116 117 
2 117 118 
2 118 119 
2 119 120 
2 120 121 
2 121 122 
2 122 123 
2 123 124 
2 124 125 
2 125 126 
2 126 127 
CELL_TYPES  127
3
3
3
3
3
3
3
3
3
3
3
3
3
3
3
3
3
3
3
3
3
3
3
3
3
3
3
3
3
3
3
3
3
3
3
3
3
3
3
3
3
3
3
3
3
3
3
3
3
3
3
3
3
3
3
3
3
3
3
3
3
3
3
3
3
3
3
3
3
3
3
3
3
3
3
3
3
3
3
3
3
3
3
3
3
3
3
3
3
3
3
3
3
3
3
3
3
3
3
3
3
3
3
3
3
3
3
3
3
3
3
3
3
3
3
3
3
3
3
3
3
3
3
3
3
3
3
POINT_DATA  128
VECTORS Position float
-0.000448 -0.000125 -0.000198
-0.000445 -0.000125 -0.000189
-0.000442 -0.000125 -0.000181
-0.000439 -0.000126 -0.000172
-0.000436 -0.000126 -0.000164
-0.000432 -0.000126 -0.000155
-0.000428 -0.000126 -0.000147
-0.000424 -0.000126 -0.000140
-0.000418 -0.000127 -0.000132
-0.000412 -0.000127 -0.000125
-0.000406 -0.000127 -0.000119
-0.000399 -0.000127 -0.000113
-0.000391 -0.000127 -0.000108
-0.000383 -0.000127 -0.000104
-0.000375 -0.000127 -0.000101
-0.000366 -0.000127 -0.000099
-0.000357 -0.000126 -0.000097
-0.000348 -0.000125 -0.000097
-0.000339 -0.000124 -0.000097
-0.000330 -0.000123 -0.000098
-0.000321 -0.000122 -0.000100
-0.000313 -0.000121 -0.000102
-0.000304 -0.000120 -0.000105
-0.000296 -0.000119 -0.000108
-0.000288 -0.000117 -0.000112
-0.000280 -0.000116 -0.000116
-0.000272 -0.000115 -0.000120
-0.000264 -0.000114 -0.000124
-0.000256 -0.000113 -0.000129
-0.000248 -0.000112 -0.000134
-0.000241 -0.000110 -0.000139
-0.000233 -0.000109 -0.000143
-0.000226 -0.000108 -0.000148
-0.000218 -0.000107 -0.000153
-0.000211 -0.000106 -0.000158
-0.000203 -0.000105 -0.000163
-0.000196 -0.000104 -0.000168
-0.000188 -0.000102 -0.000173
-0.000181 -0.000101 -0.000178
-0.000173 -0.000100 -0.000182
-0.000165 -0.000098 -0.000186
-0.000157 -0.000097 -0.000191
-0.000149 -0.000095 -0.000194
-0.000141 -0.000094 -0.000198
-0.000133 -0.000092 -0.000201
-0.000124 -0.000090 -0.000204
-0.000116 -0.000088 -0.000207
-0.000107 -0.000086 -0.000209
-0.000098 -0.000084 -0.000210
-0.000090 -0.000082 -0.000211
-0.000081 -0.000080 -0.000211
-0.000072 -0.000078 -0.000211
-0.000064 -0.000075 -0.000209
-0.000055 -0.000072 -0.000207
-0.000047 -0.000069 -0.000205
-0.000039 -0.000066 -0.000201
-0.000032 -0.000063 -0.000197
-0.000025 -0.000059 -0.000192
-0.000019 -0.000056 -0.000187
-0.000013 -0.000052 -0.000181
-0.000008 -0.000048 -0.000174
-0.000004 -0.000044 -0.000168
0.000001 -0.000040 -0.000161
0.000004 -0.000036 -0.000153
0.000007 -0.000032 -0.000146
0.000010 -0.000028 -0.000138
0.000013 -0.000024 -0.000130
0.000015 -0.000021 -0.000123
0.000017 -0.000017 -0.000115
0.000019 -0.000013 -0.000106
0.000020 -0.000009 -0.000098
0.000022 -0.000006 -0.000090
0.000023 -0.000002 -0.000082
0.000024 0.000001 -0.000074
0.000025 0.000005 -0.000065
0.000025 0.000008 -0.000057
0.000026 0.000012 -0.000049
0.000027 0.000015 -0.000040
0.000027 0.000018 -0.000032
0.000028 0.000022 -0.000024
0.000029 0.000026 -0.000015
0.000030 0.000029 -0.000007
0.000030 0.000033 0.000001
0.000031 0.000037 0.000009
0.000032 0.000041 0.000017
0.000034 0.000045 0.000025
0.000035 0.000050 0.000033
0.000037 0.000055 0.000040
0.000039 0.000060 0.000047
0.000042 0.000065 0.000054
0.000045 0.000071 0.000060
0.000049 0.000077 0.000066
0.000053 0.000083 0.000072
0.000057 0.000089 0.000077
0.000063 0.000095 0.000081
0.000068 0.000101 0.000084
0.000074 0.000107 0.000087
0.000081 0.000113 0.000089
0.000088 0.000119 0.000090
0.000095 0.000124 0.000091
0.000102 0.000130 0.000090
0.000110 0.000135 0.000089
0.000117 0.000139 0.000088
0.000125 0.000144 0.000086
0.000133 0.000148 0.000083
0.000140 0.000152 0.000081
0.000148 0.000155 0.000077
0.000156 0.000159 0.000074
0.000163 0.000162 0.000070
0.000171 0.000165 0.000066
0.000178 0.000168 0.000061
0.000185 0.000170 0.000057
0.000193 0.000173 0.000052
0.000200 0.000175 0.000047
0.000208 0.000177 0.000043
0.000215 0.000179 0.000038
0.000223 0.000181 0.000033
0.000230 0.000182 0.000028
0.000238 0.000184 0.000024
0.000245 0.000185 0.000019
0.000253 0.000186 0.000014
0.000261 0.000187 0.000010
0.000269 0.000187 0.000005
0.000277 0.000188 0.000001
0.000285 0.000188 -0.000003
0.000293 0.000189 -0.000008
0.000301 0.000189 -0.000012
0.000309 0.000189 -0.000016
VECTORS Rotation float
0.679829 -0.006491 -0.311904
0.679612 -0.007557 -0.317319
0.678939 -0.010623 -0.333657
0.677754 -0.015246 -0.360912
0.675974 -0.020717 -0.398933
0.673538 -0.026202 -0.447853
0.670435 -0.030762 -0.507719
0.666744 -0.033447 -0.578383
0.662695 -0.033373 -0.658060
0.658626 -0.029910 -0.746776
0.655017 -0.022728 -0.842655
0.652406 -0.011877 -0.943617
0.651294 0.002306 -1.048158
0.652089 0.019165 -1.154549
0.654987 0.037603 -1.259833
0.659992 0.056685 -1.362921
0.666871 0.075292 -1.461923
0.675229 0.092473 -1.555515
0.684565 0.107469 -1.642687
0.694331 0.119719 -1.722518
0.704075 0.129003 -1.794971
0.713339 0.135211 -1.859444
0.721835 0.138509 -1.916111
0.729403 0.139224 -1.965424
0.735966 0.137804 -2.007782
0.741556 0.134792 -2.043901
0.746232 0.130805 -2.074311
0.750083 0.126494 -2.099505
0.753219 0.122469 -2.120057
0.755725 0.119299 -2.136276
0.757669 0.117443 -2.148368
0.759100 0.117197 -2.156518
0.760029 0.118698 -2.160750
0.760448 0.121913 -2.161090
0.760329 0.126575 -2.157563
0.759611 0.132425 -2.150160
0.758266 0.138916 -2.139147
0.756212 0.145738 -2.124471
0.753432 0.152434 -2.106489
0.749852 0.158842 -2.085111
0.745448 0.164836 -2.060520
0.740167 0.170493 -2.032647
0.733931 0.176037 -2.001259
0.726575 0.181864 -1.965597
0.718000 0.188326 -1.925456
0.707959 0.195929 -1.879846
0.696264 0.205073 -1.828372
0.682662 0.216136 -1.770531
0.666810 0.229460 -1.705634
0.648508 0.245080 -1.634000
0.627481 0.262953 -1.555701
0.603537 0.282800 -1.471230
0.576645 0.304086 -1.381566
0.546925 0.326127 -1.287896
0.514688 0.348127 -1.191624
0.480392 0.369303 -1.094142
0.444745 0.388884 -0.997131
0.408541 0.406270 -0.902131
0.372629 0.421041 -0.810576
0.337829 0.432956 -0.723707
0.304878 0.441934 -0.642545
0.274385 0.448030 -0.567861
0.246532 0.451435 -0.499585
0.221846 0.452353 -0.438511
0.199948 0.451068 -0.383586
0.181343 0.447914 -0.335726
0.165247 0.443124 -0.293203
0.151536 0.437009 -0.255704
0.140240 0.430006 -0.223266
0.130984 0.422433 -0.195108
0.123277 0.414507 -0.170232
0.117279 0.406836 -0.148956
0.112603 0.399659 -0.130536
0.109169 0.393409 -0.114849
0.106919 0.388522 -0.101836
0.105900 0.385475 -0.091627
0.105921 0.384596 -0.083997
0.107054 0.386275 -0.079132
0.109323 0.390829 -0.077164
0.112795 0.398520 -0.078310
0.117610 0.409547 -0.082905
0.123995 0.424202 -0.091508
0.132285 0.442190 -0.104549
0.143047 0.463940 -0.123168
0.156900 0.489081 -0.148149
0.174534 0.517021 -0.180239
0.197288 0.547976 -0.221418
0.226145 0.580875 -0.272486
0.262359 0.614739 -0.334650
0.307173 0.648284 -0.409001
0.361615 0.679902 -0.496300
0.426216 0.707702 -0.596713
0.499768 0.729422 -0.708136
0.582606 0.743653 -0.831348
0.670010 0.748526 -0.960084
0.759306 0.743446 -1.091597
0.845428 0.728746 -1.219700
0.925998 0.705413 -1.341953
0.997707 0.675575 -1.453969
1.061156 0.640551 -1.556904
1.114624 0.603323 -1.647590
1.159477 0.565380 -1.727532
1.196630 0.528289 -1.797328
1.227472 0.492758 -1.858513
1.253137 0.459157 -1.912333
1.274281 0.428013 -1.959139
1.291673 0.399252 -1.999709
1.305896 0.372660 -2.034591
1.317412 0.347916 -2.064198
1.326593 0.324621 -2.088867
1.333699 0.302518 -2.108701
1.339004 0.281155 -2.123967
1.342707 0.260368 -2.134724
1.345030 0.239877 -2.141190
1.346191 0.219478 -2.143639
1.346411 0.199111 -2.142420
1.345910 0.178751 -2.137987
1.344903 0.158501 -2.130901
1.343584 0.138536 -2.121801
1.342123 0.119119 -2.111382
1.340654 0.100631 -2.100362
1.339271 0.083433 -2.089377
1.338041 0.068004 -2.079058
1.337002 0.054704 -2.069889
1.336179 0.043961 -2.062339
1.335585 0.036032 -2.056697
1.335226 0.031204 -2.053234
1.335106 0.029574 -2.052060
VECTORS ControlForce float
0.000000 0.000000 0.000000
-0.000126 0.000264 0.000044
-0.000255 0.000487 0.000106
-0.000375 0.000647 0.000162
-0.000488 0.000711 0.000215
-0.000588 0.000666 0.000266
-0.000667 0.000517 0.000304
-0.000723 0.000281 0.000322
-0.000764 -0.000026 0.000314
-0.000773 -0.000352 0.000270
-0.000733 -0.000647 0.000179
-0.000643 -0.000880 0.000053
-0.000524 -0.001037 -0.000083
-0.000368 -0.001095 -0.000221
-0.000206 -0.001068 -0.000343
-0.000070 -0.000977 -0.000437
0.000039 -0.000830 -0.000502
0.000130 -0.000630 -0.000536
0.000185 -0.000405 -0.000542
0.000213 -0.000167 -0.000521
0.000235 0.000078 -0.000475
0.000247 0.000310 -0.000413
0.000237 0.000508 -0.000344
0.000199 0.000659 -0.000273
0.000129 0.000746 -0.000205
0.000053 0.000781 -0.000138
-0.000037 0.000743 -0.000083
-0.000112 0.000647 -0.000042
-0.000150 0.000512 -0.000011
-0.000155 0.000345 0.000002
-0.000123 0.000165 -0.000001
-0.000029 0.000013 -0.000000
0.000098 -0.000107 0.000004
0.000230 -0.000189 0.000013
0.000346 -0.000224 0.000022
0.000417 -0.000207 0.000036
0.000414 -0.000155 0.000043
0.000333 -0.000085 0.000051
0.000188 -0.000011 0.000063
-0.000001 0.000045 0.000085
-0.000225 0.000060 0.000107
-0.000459 0.000038 0.000130
-0.000665 0.000005 0.000164
-0.000800 -0.000005 0.000218
-0.000846 0.000026 0.000287
-0.000810 0.000089 0.000358
-0.000700 0.000171 0.000420
-0.000504 0.000271 0.000467
-0.000245 0.000366 0.000490
0.000062 0.000443 0.000480
0.000364 0.000470 0.000430
0.000620 0.000436 0.000344
0.000805 0.000348 0.000231
0.000900 0.000217 0.000104
0.000923 0.000073 -0.000026
0.000889 -0.000058 -0.000153
0.000803 -0.000168 -0.000268
0.000652 -0.000270 -0.000355
0.000454 -0.000356 -0.000406
0.000247 -0.000406 -0.000430
0.000056 -0.000410 -0.000441
-0.000114 -0.000376 -0.000440
-0.000258 -0.000317 -0.000426
-0.000380 -0.000254 -0.000395
-0.000463 -0.000180 -0.000358
-0.000508 -0.000099 -0.000327
-0.000511 -0.000008 -0.000296
-0.000479 0.000077 -0.000261
-0.000416 0.000160 -0.000243
-0.000337 0.000229 -0.000227
-0.000253 0.000280 -0.000196
-0.000167 0.000321 -0.000164
-0.000091 0.000352 -0.000120
-0.000029 0.000376 -0.000067
0.000015 0.000374 0.000000
0.000049 0.000357 0.000057
0.000083 0.000322 0.000115
0.000131 0.000279 0.000158
0.000199 0.000226 0.000189
0.000289 0.000180 0.000197
0.000392 0.000144 0.000195
0.000488 0.000116 0.000199
0.000559 0.000081 0.000214
0.000586 0.000035 0.000251
0.000565 -0.000008 0.000282
0.000495 -0.000053 0.000306
0.000385 -0.000107 0.000343
0.000247 -0.000160 0.000377
0.000093 -0.000206 0.000398
-0.000071 -0.000260 0.000409
-0.000235 -0.000314 0.000400
-0.000387 -0.000347 0.000358
-0.000528 -0.000374 0.000295
-0.000645 -0.000376 0.000222
-0.000742 -0.000369 0.000137
-0.000808 -0.000355 0.000042
-0.000807 -0.000298 -0.000065
-0.000728 -0.000198 -0.000164
-0.000573 -0.000070 -0.000235
-0.000383 0.000038 -0.000261
-0.000169 0.000129 -0.000261
0.000050 0.000197 -0.000245
0.000240 0.000208 -0.000219
0.000387 0.000172 -0.000180
0.000490 0.000116 -0.000128
0.000537 0.000032 -0.000081
0.000551 -0.000033 -0.000042
0.000541 -0.000066 -0.000011
0.000508 -0.000085 0.000010
0.000455 -0.000092 0.000019
0.000391 -0.000083 0.000017
0.000330 -0.000030 0.000015
0.000273 0.000064 0.000010
0.000215 0.000185 0.000002
0.000150 0.000311 -0.000010
0.000082 0.000439 -0.000024
0.000016 0.000574 -0.000033
-0.000054 0.000676 -0.000047
-0.000126 0.000734 -0.000065
-0.000196 0.000730 -0.000088
-0.000251 0.000677 -0.000111
-0.000275 0.000611 -0.000123
-0.000269 0.000531 -0.000125
-0.000245 0.000413 -0.000122
-0.000201 0.000294 -0.000107
-0.000139 0.000197 -0.000076
-0.000068 0.000107 -0.000039
0.000000 -0.000000 -0.000000
VECTORS ControlTorque float
-0.000001 -0.000004 0.000000
-0.000001 -0.000005 0.000000
-0.000001 -0.000005 0.000000
-0.000000 -0.000004 -0.000000
-0.000000 -0.000004 -0.000000
0.000000 -0.000004 -0.000000
0.000001 -0.000005 -0.000000
0.000001 -0.000003 -0.000001
0.000001 -0.000004 -0.000001
0.000001 -0.000003 -0.000001
0.000001 -0.000002 -0.000001
0.000001 -0.000001 -0.000001
0.000001 -0.000001 -0.000001
0.000000 0.000001 -0.000001
0.000000 0.000000 -0.000000
-0.000000 0.000002 -0.000000
-0.000000 0.000002 0.000000
-0.000000 0.000003 0.000001
-0.000000 0.000003 0.000001
-0.000000 0.000003 0.000001
-0.000000 0.000004 0.000001
-0.000000 0.000003 0.000001
-0.000000 0.000003 0.000001
-0.000000 0.000003 0.000001
-0.000000 0.000002 0.000001
-0.000000 0.000002 0.000000
-0.000000 0.000002 0.000000
-0.000000 0.000002 -0.000000
-0.000000 0.000002 -0.000000
-0.000000 0.000002 -0.000000
-0.000001 0.000002 -0.000000
-0.000001 0.000002 -0.000000
-0.000001 0.000002 -0.000001
-0.000000 0.000002 -0.000000
-0.000001 0.000002 -0.000000
-0.000000 0.000001 -0.000000
-0.000000 0.000002 -0.000000
-0.000000 0.000001 0.000000
-0.000000 0.000002 0.000000
-0.000000 0.000001 0.000000
-0.000000 0.000001 0.000000
-0.000000 0.000001 0.000000
-0.000000 0.000002 -0.000000
-0.000000 0.000001 -0.000000
-0.000001 0.000002 -0.000000
-0.000001 0.000002 -0.000001
-0.000001 0.000002 -0.000001
-0.000001 0.000003 -0.000001
-0.000001 0.000002 -0.000001
-0.000001 0.000002 -0.000001
-0.000000 0.000002 -0.000002
-0.000000 0.000002 -0.000001
0.000000 0.000001 -0.000001
0.000000 0.000000 -0.000001
0.000000 0.000000 -0.000001
0.000001 -0.000001 -0.000000
0.000001 -0.000001 -0.000000
0.000001 -0.000002 0.000000
0.000001 -0.000002 0.000001
0.000001 -0.000002 0.000001
0.000001 -0.000003 0.000001
0.000000 -0.000002 0.000001
0.000000 -0.000003 0.000002
-0.000000 -0.000001 0.000001
0.000000 -0.000003 0.000002
-0.000000 -0.000001 0.000001
-0.000000 -0.000002 0.000001
0.000000 -0.000002 0.000001
0.000000 -0.000002 0.000001
-0.000000 -0.000001 0.000000
0.000000 -0.000002 0.000001
0.000000 -0.000001 0.000000
0.000000 -0.000001 0.000000
0.000001 -0.000001 0.000000
0.000001 -0.000001 0.000000
0.000001 -0.000001 0.000000
0.000001 -0.000001 0.000000
0.000001 -0.000001 0.000000
0.000001 -0.000001 0.000000
0.000001 -0.000001 0.000000
0.000002 -0.000001 0.000000
0.000001 -0.000001 0.000000
0.000002 -0.000002 0.000001
0.000002 -0.000002 0.000001
0.000001 -0.000002 0.000001
0.000002 -0.000003 0.000001
0.000001 -0.000002 0.000001
0.000001 -0.000003 0.000001
0.000001 -0.000003 0.000001
0.000001 -0.000002 0.000001
0.000001 -0.000003 0.000002
-0.000000 -0.000000 0.000001
0.000002 -0.000003 0.000002
-0.000001 0.000000 0.000000
0.000001 -0.000002 0.000001
-0.000001 0.000001 -0.000000
0.000000 -0.000001 0.000001
-0.000002 0.000002 -0.000001
0.000001 -0.000001 0.000001
-0.000002 0.000003 -0.000002
-0.000001 0.000001 -0.000001
-0.000002 0.000002 -0.000001
-0.000001 0.000002 -0.000001
-0.000001 0.000001 -0.000001
-0.000001 0.000002 -0.000001
-0.000001 0.000002 -0.000001
-0.000001 0.000002 -0.000001
-0.000001 0.000002 -0.000001
-0.000001 0.000002 -0.000000
-0.000001 0.000002 -0.000000
-0.000001 0.000002 0.000000
-0.000001 0.000002 -0.000000
-0.000000 0.000002 0.000000
-0.000000 0.000002 0.000000
-0.000000 0.000001 0.000000
-0.000000 0.000001 0.000000
-0.000000 0.000001 0.000000
-0.000000 0.000001 -0.000000
-0.000000 0.000001 -0.000000
-0.000000 0.000000 -0.000000
-0.000000 0.000000 -0.000000
-0.000000 -0.000000 -0.000001
-0.000000 -0.000000 -0.000001
-0.000000 -0.000001 -0.000001
-0.000000 -0.000001 -0.000001
-0.000001 -0.000001 -0.000001
-0.000001 -0.000001 -0.000001
-0.000001 -0.000001 -0.000001
VECTORS Curvature float
-160.902636 308.463012 11.549276
-528.933340 996.502308 36.688265
-1192.742982 2183.143067 77.609512
-1813.761251 3163.701068 108.285788
-2510.464253 4119.843461 133.333480
-3284.263319 5029.446550 149.665762
-4183.167032 5948.517167 156.959345
-5021.269547 6636.415112 154.890085
-5857.534200 7201.780806 144.582038
-6742.955954 7753.706538 127.175016
-7426.447377 8027.372293 104.511734
-7985.081007 8167.598395 78.110003
-8484.219108 8268.744259 49.901938
-8686.644651 8131.517983 22.769297
-8664.845267 7853.114848 -3.988768
-8520.038852 7547.192476 -26.933549
-8134.089814 7112.859326 -46.439617
-7625.146237 6656.598276 -61.601915
-6964.438203 6143.147535 -72.271541
-6262.882151 5656.483144 -79.211869
-5519.514220 5173.755124 -82.344089
-4718.500204 4657.355652 -83.124911
-3984.310330 4199.996994 -81.972477
-3296.390165 3758.581728 -79.681706
-2684.373121 3343.295636 -76.760335
-2165.016926 2954.153414 -73.545102
-1715.545319 2547.397142 -70.183417
-1357.815876 2148.122658 -66.668881
-1080.294184 1747.571048 -63.025516
-853.197896 1319.223557 -59.146266
-672.730994 884.776706 -54.941967
-516.069395 445.807487 -50.258625
-364.156790 -1.774292 -44.896874
-198.878239 -427.044604 -38.503305
-10.606274 -844.136303 -30.754828
194.448051 -1206.150125 -21.247052
429.542065 -1530.779868 -9.620375
678.592169 -1816.791262 4.271006
939.855156 -2061.164941 20.549926
1211.400823 -2309.776058 38.919619
1467.935680 -2534.502919 59.027449
1709.241750 -2775.517260 80.250964
1975.948301 -3117.244618 101.725771
2229.320309 -3517.758896 122.127924
2471.940284 -3995.341806 140.495478
2726.241315 -4598.163600 155.307565
2926.986696 -5224.120189 165.421075
3134.363287 -5981.700193 170.056118
3293.327813 -6767.915205 167.805404
3374.390132 -7510.687269 158.952177
3413.240197 -8261.922830 143.150897
3375.700401 -8916.299057 120.833119
3264.481763 -9431.138948 92.999007
3090.850363 -9777.714250 60.665901
2876.569555 -9959.712807 25.445464
2634.658764 -9957.502227 -11.520640
2378.102108 -9759.810316 -48.402777
2129.977692 -9411.085742 -84.047816
1901.519947 -8928.004736 -117.257736
1704.981859 -8347.211700 -147.159914
1537.428393 -7655.854988 -173.199969
1427.099473 -7008.082688 -194.895230
1335.151813 -6276.817342 -212.571658
1293.577656 -5626.419868 -226.125559
1255.598168 -4947.596398 -236.302935
1231.832845 -4288.288919 -243.899614
1267.303813 -3872.935180 -249.587470
1254.785348 -3354.822994 -254.146847
1210.414574 -2851.836899 -258.718590
1206.291134 -2535.146851 -263.930154
1150.602913 -2209.428420 -269.847079
1046.562106 -1880.044277 -277.389452
943.390001 -1645.814961 -286.001053
784.437224 -1397.783343 -295.609400
568.867808 -1129.898696 -305.734105
316.998896 -880.278487 -315.627751
31.633547 -647.777766 -324.343816
-299.588887 -385.915128 -330.884507
-663.833988 -118.598722 -334.317496
-1045.791215 165.118988 -333.639551
-1493.883247 493.520257 -328.319782
-1918.622594 845.038114 -317.427040
-2366.799835 1255.506787 -301.519162
-2904.091868 1767.827859 -280.151477
-3306.474704 2255.545720 -253.552638
-3794.727743 2864.150202 -224.230983
-4342.182711 3573.691279 -190.598748
-4778.872359 4252.892577 -156.135103
-5217.408566 4975.518755 -121.139036
-5602.797168 5681.193030 -87.163882
-5986.369349 6417.443249 -56.258027
-6151.438955 6914.611045 -28.334398
-6407.213305 7542.917826 -9.679293
-6589.122593 8042.175501 4.336647
-6561.848347 8300.800930 6.873795
-6494.115038 8444.307627 0.852398
-6331.513656 8451.655280 -10.833626
-6076.221593 8259.641007 -29.487219
-5845.830740 8081.075584 -44.458196
-5581.011316 7771.670854 -65.108654
-5101.397511 7137.664247 -78.691237
-4720.125733 6591.352280 -92.641944
-4302.756316 5976.774577 -102.681076
-3980.732659 5489.885515 -110.835333
-3622.575814 4970.851156 -117.419704
-3223.777434 4437.785030 -120.982236
-2843.039634 3986.610536 -122.530325
-2451.704492 3588.594459 -121.724595
-2062.410669 3268.191662 -118.636768
-1652.533415 2985.735000 -113.537598
-1233.856127 2760.990926 -106.232853
-809.894557 2581.924955 -97.273055
-376.073326 2417.918837 -86.480692
43.690342 2303.684576 -74.158833
443.314295 2207.108923 -60.368476
807.466270 2122.971282 -45.243475
1121.596016 2047.040962 -28.975748
1369.859275 1967.186079 -11.951711
1544.766105 1882.196480 5.182925
1632.227693 1775.172536 21.513182
1639.864827 1647.782086 35.719670
1565.487497 1489.057389 46.515087
1420.552073 1300.606102 52.419390
1213.106878 1082.937829 52.614152
952.329908 836.137225 46.433230
664.543779 577.021079 35.161153
306.794157 264.630246 17.119773
99.201011 85.231470 5.462253
VECTORS LocalRotation float
0.858665 -0.265297 0.025530
0.855534 -0.259375 0.025749
0.847770 -0.245037 0.026264
0.834215 -0.220929 0.027102
0.814597 -0.187886 0.028198
0.788274 -0.146325 0.029484
0.754447 -0.096596 0.030873
0.713006 -0.039934 0.032277
0.663580 0.022937 0.033638
0.606610 0.090555 0.034866
0.542530 0.161923 0.035914
0.472591 0.235417 0.036743
0.397941 0.309918 0.037323
0.320439 0.383942 0.037651
0.241746 0.456436 0.037736
0.163987 0.526120 0.037596
0.088597 0.592483 0.037264
0.017240 0.654831 0.036775
-0.048809 0.712777 0.036169
-0.108796 0.766289 0.035482
-0.162037 0.815227 0.034752
-0.208400 0.859748 0.034003
-0.247853 0.899902 0.033254
-0.280823 0.935941 0.032522
-0.307925 0.968124 0.031813
-0.329847 0.996592 0.031134
-0.347384 1.021454 0.030484
-0.361305 1.042723 0.029864
-0.372333 1.060343 0.029278
-0.381086 1.074228 0.028725
-0.388017 1.084239 0.028206
-0.393407 1.090271 0.027729
-0.397396 1.092284 0.027298
-0.399933 1.090351 0.026922
-0.400886 1.084570 0.026607
-0.400059 1.075340 0.026373
-0.397219 1.062886 0.026233
-0.392217 1.047774 0.026209
-0.384867 1.030163 0.026321
-0.375153 1.010427 0.026590
-0.363039 0.988524 0.027033
-0.348643 0.964465 0.027664
-0.331897 0.937687 0.028491
-0.312913 0.907735 0.029501
-0.291596 0.873667 0.030692
-0.268110 0.834841 0.032029
-0.242522 0.790382 0.033480
-0.215026 0.739550 0.035002
-0.185974 0.681924 0.036529
-0.155760 0.617221 0.038010
-0.124999 0.545743 0.039379
-0.094265 0.467976 0.040574
-0.064207 0.384922 0.041542
-0.035436 0.297962 0.042238
-0.008411 0.208575 0.042628
0.016530 0.118440 0.042691
0.039226 0.029170 0.042419
0.059641 -0.057646 0.041819
0.077897 -0.140693 0.040908
0.094225 -0.218906 0.039711
0.108909 -0.291381 0.038260
0.122356 -0.357895 0.036590
0.134829 -0.417884 0.034750
0.146770 -0.471951 0.032758
0.158246 -0.519554 0.030676
0.169609 -0.561746 0.028482
0.180904 -0.598632 0.026252
0.192236 -0.631106 0.023989
0.203432 -0.659295 0.021659
0.214460 -0.683877 0.019274
0.225059 -0.705212 0.016874
0.235076 -0.723857 0.014379
0.244084 -0.739818 0.011829
0.251874 -0.753540 0.009207
0.257965 -0.764916 0.006500
0.262002 -0.774077 0.003668
0.263573 -0.780964 0.000784
0.262363 -0.785633 -0.002176
0.258001 -0.787917 -0.005187
0.250244 -0.787706 -0.008218
0.238701 -0.784712 -0.011227
0.223354 -0.778693 -0.014131
0.203813 -0.769114 -0.016953
0.180043 -0.755480 -0.019576
0.152014 -0.737322 -0.021985
0.119556 -0.713922 -0.024169
0.082797 -0.684838 -0.026043
0.041566 -0.649458 -0.027610
-0.003646 -0.607719 -0.028864
-0.052589 -0.559516 -0.029806
-0.104989 -0.504812 -0.030455
-0.159818 -0.444589 -0.030837
-0.217139 -0.378601 -0.031010
-0.275571 -0.308530 -0.031034
-0.335204 -0.234422 -0.030984
-0.394143 -0.158830 -0.030949
-0.452469 -0.081993 -0.030994
-0.508599 -0.006394 -0.031177
-0.562939 0.068085 -0.031514
-0.614152 0.139134 -0.032005
-0.662523 0.206645 -0.032656
-0.707005 0.268824 -0.033432
-0.748056 0.326004 -0.034320
-0.785664 0.378066 -0.035290
-0.819954 0.425241 -0.036319
-0.850911 0.467784 -0.037397
-0.878381 0.505930 -0.038500
-0.902380 0.540264 -0.039607
-0.922842 0.571347 -0.040696
-0.939650 0.599641 -0.041747
-0.952738 0.625698 -0.042743
-0.961973 0.649843 -0.043663
-0.967346 0.672494 -0.044495
-0.968853 0.693894 -0.045224
-0.966648 0.714312 -0.045832
-0.960984 0.733920 -0.046311
-0.952252 0.752795 -0.046647
-0.940972 0.770971 -0.046832
-0.927776 0.788399 -0.046863
-0.913397 0.804952 -0.046742
-0.898572 0.820461 -0.046482
-0.884067 0.834656 -0.046110
-0.870531 0.847301 -0.045662
-0.858617 0.858083 -0.045187
-0.848804 0.866780 -0.044738
-0.841499 0.873165 -0.044369
-0.837092 0.876984 -0.044132
-0.835257 0.878565 -0.044030
VECTORS q1 float
0.738906 -0.628647 -0.242531
0.737503 -0.628473 -0.247207
0.733135 -0.627933 -0.261176
0.725421 -0.626972 -0.284024
0.713807 -0.625524 -0.314961
0.697459 -0.623541 -0.353196
0.675420 -0.621033 -0.397651
0.646715 -0.618085 -0.446913
0.611161 -0.614901 -0.498376
0.567947 -0.611757 -0.550627
0.517420 -0.609016 -0.601146
0.460498 -0.607057 -0.647629
0.398200 -0.606215 -0.688434
0.332006 -0.606737 -0.722248
0.264458 -0.608718 -0.748013
0.197029 -0.612126 -0.765821
0.131631 -0.616778 -0.776053
0.069641 -0.622405 -0.779591
0.012005 -0.628688 -0.777565
-0.040604 -0.635291 -0.771204
-0.088249 -0.641950 -0.761651
-0.130693 -0.648390 -0.750007
-0.168227 -0.654435 -0.737167
-0.201271 -0.659976 -0.723824
-0.230125 -0.664940 -0.710561
-0.255209 -0.669310 -0.697777
-0.276724 -0.673077 -0.685850
-0.294791 -0.676253 -0.675116
-0.309568 -0.678867 -0.665813
-0.321040 -0.680942 -0.658218
-0.329167 -0.682496 -0.652570
-0.333969 -0.683547 -0.649021
-0.335438 -0.684095 -0.647685
-0.333640 -0.684130 -0.648576
-0.328750 -0.683647 -0.651576
-0.320900 -0.682610 -0.656557
-0.310529 -0.681039 -0.663142
-0.297740 -0.678897 -0.671156
-0.282954 -0.676213 -0.680201
-0.266141 -0.672951 -0.690150
-0.247408 -0.669107 -0.700774
-0.226578 -0.664633 -0.711987
-0.203259 -0.659442 -0.723755
-0.176582 -0.653358 -0.736167
-0.146038 -0.646247 -0.749024
-0.110464 -0.637843 -0.762203
-0.069149 -0.627917 -0.775202
-0.021342 -0.616183 -0.787314
0.033764 -0.602271 -0.797577
0.095919 -0.585949 -0.804651
0.164811 -0.566926 -0.807113
0.239431 -0.545013 -0.803513
0.318021 -0.520201 -0.792625
0.398416 -0.492651 -0.773667
0.478199 -0.462734 -0.746460
0.555096 -0.430970 -0.711431
0.626929 -0.398104 -0.669682
0.692106 -0.364934 -0.622746
0.749623 -0.332269 -0.572418
0.799079 -0.300857 -0.520535
0.840585 -0.271337 -0.468821
0.874644 -0.244212 -0.418757
0.902245 -0.219594 -0.371124
0.924030 -0.197901 -0.327113
0.941257 -0.178753 -0.286501
0.954422 -0.162559 -0.250305
0.964667 -0.148609 -0.217562
0.972558 -0.136770 -0.188216
0.978508 -0.127055 -0.162417
0.983004 -0.119128 -0.139681
0.986456 -0.112551 -0.119319
0.989005 -0.107460 -0.101598
0.990904 -0.103510 -0.085991
0.992284 -0.100629 -0.072425
0.993248 -0.098761 -0.060864
0.993863 -0.097946 -0.051409
0.994218 -0.098000 -0.043902
0.994346 -0.098977 -0.038468
0.994276 -0.100878 -0.035187
0.994017 -0.103736 -0.034189
0.993550 -0.107635 -0.035675
0.992822 -0.112715 -0.039987
0.991741 -0.119213 -0.047313
0.990125 -0.127490 -0.058293
0.987733 -0.137938 -0.073186
0.984241 -0.150953 -0.092098
0.979088 -0.167311 -0.115733
0.971696 -0.187446 -0.143770
0.961334 -0.211877 -0.175913
0.947180 -0.241022 -0.211563
0.928396 -0.275115 -0.249785
0.904211 -0.314146 -0.289335
0.874400 -0.357289 -0.328282
0.837912 -0.404949 -0.365951
0.795710 -0.454998 -0.399779
0.747879 -0.506773 -0.428787
0.696057 -0.558206 -0.451565
0.641011 -0.608482 -0.467820
0.585056 -0.655671 -0.477288
0.528417 -0.699878 -0.480569
0.474068 -0.739252 -0.478295
0.422624 -0.773958 -0.471569
0.375105 -0.803916 -0.461537
0.331619 -0.829615 -0.449185
0.292087 -0.851577 -0.435318
0.256754 -0.870089 -0.420740
0.225254 -0.885693 -0.405966
0.197153 -0.898875 -0.391350
0.171957 -0.910068 -0.377103
0.149142 -0.919652 -0.363315
0.128357 -0.927884 -0.350081
0.109078 -0.935042 -0.337341
0.091079 -0.941268 -0.325144
0.074024 -0.946717 -0.313446
0.057648 -0.951496 -0.302213
0.041806 -0.955669 -0.291459
0.026376 -0.959287 -0.281198
0.011330 -0.962378 -0.271478
-0.003303 -0.964964 -0.262362
-0.017422 -0.967066 -0.253928
-0.030820 -0.968708 -0.246281
-0.043284 -0.969932 -0.239497
-0.054491 -0.970785 -0.233680
-0.064183 -0.971339 -0.228869
-0.072041 -0.971664 -0.225121
-0.077858 -0.971834 -0.222434
-0.081408 -0.971908 -0.220834
-0.082607 -0.971928 -0.220299
VECTORS q2 float
0.599877 0.777664 -0.188114
0.598948 0.777795 -0.190517
0.596044 0.778195 -0.197848
0.590842 0.778892 -0.210316
0.582806 0.779930 -0.228136
0.571107 0.781351 -0.251647
0.554667 0.783181 -0.281020
0.532207 0.785400 -0.316073
0.502856 0.787898 -0.355461
0.465224 0.790480 -0.398381
0.418847 0.792833 -0.442701
0.363926 0.794570 -0.486022
0.301015 0.795298 -0.526205
0.231437 0.794672 -0.561190
0.158001 0.792495 -0.589056
0.082742 0.788728 -0.609148
0.008453 0.783534 -0.621291
-0.062519 0.777229 -0.626104
-0.128300 0.770225 -0.624734
-0.187438 0.762981 -0.618649
-0.239504 0.755877 -0.609334
-0.283983 0.749280 -0.598275
-0.321178 0.743406 -0.586679
-0.351731 0.738358 -0.575424
-0.376350 0.734156 -0.565133
-0.395977 0.730729 -0.556091
-0.411447 0.727979 -0.548413
-0.423560 0.725787 -0.542061
-0.433090 0.724027 -0.536859
-0.440608 0.722602 -0.532646
-0.446534 0.721436 -0.529281
-0.451163 0.720480 -0.526651
-0.454598 0.719716 -0.524737
-0.456838 0.719150 -0.523567
-0.457740 0.718813 -0.523242
-0.457142 0.718756 -0.523843
-0.454858 0.719036 -0.525445
-0.450658 0.719729 -0.528108
-0.444446 0.720888 -0.531778
-0.436047 0.722577 -0.536419
-0.425460 0.724824 -0.541861
-0.412672 0.727650 -0.547929
-0.397678 0.731072 -0.554425
-0.380298 0.735127 -0.561214
-0.360684 0.739807 -0.567972
-0.338675 0.745155 -0.574494
-0.314463 0.751167 -0.580397
-0.288257 0.757844 -0.585304
-0.260251 0.765203 -0.588842
-0.231139 0.773170 -0.590578
-0.201533 0.781683 -0.590217
-0.172193 0.790629 -0.587584
-0.143967 0.799836 -0.582697
-0.117594 0.809107 -0.575775
-0.093639 0.818231 -0.567212
-0.072400 0.827024 -0.557484
-0.053989 0.835317 -0.547111
-0.038279 0.843001 -0.536548
-0.024990 0.850031 -0.526140
-0.013747 0.856422 -0.516094
-0.004153 0.862240 -0.506482
0.004162 0.867586 -0.497269
0.011540 0.872615 -0.488272
0.018179 0.877379 -0.479454
0.024290 0.882052 -0.470526
0.029939 0.886572 -0.461620
0.035243 0.891110 -0.452417
0.040228 0.895639 -0.442959
0.044914 0.900040 -0.433488
0.049328 0.904281 -0.424078
0.053477 0.908369 -0.414736
0.057393 0.912069 -0.406001
0.061082 0.915360 -0.397977
0.064566 0.918109 -0.391033
0.067871 0.920185 -0.385555
0.071048 0.921429 -0.381996
0.074050 0.921755 -0.380636
0.076905 0.921016 -0.381858
0.079589 0.919074 -0.385964
0.082047 0.915780 -0.393212
0.084189 0.910964 -0.403802
0.085837 0.904371 -0.418026
0.086913 0.895920 -0.435630
0.087066 0.885162 -0.457064
0.086049 0.871921 -0.482026
0.083574 0.856089 -0.510027
0.079035 0.837023 -0.541430
0.072025 0.814697 -0.575397
0.062028 0.788969 -0.611293
0.048531 0.759809 -0.648332
0.031084 0.727342 -0.685571
0.009361 0.691878 -0.721954
-0.016444 0.654373 -0.755993
-0.046896 0.614584 -0.787456
-0.080900 0.574296 -0.814641
-0.118211 0.533933 -0.837223
-0.157492 0.494912 -0.854552
-0.198218 0.457596 -0.866784
-0.238831 0.423128 -0.874026
-0.279410 0.391152 -0.876886
-0.318077 0.362745 -0.875924
-0.354647 0.337601 -0.871923
-0.388584 0.315669 -0.865653
-0.419898 0.296572 -0.857747
-0.448611 0.279993 -0.848735
-0.474377 0.265832 -0.839226
-0.497185 0.253845 -0.829680
-0.516996 0.243842 -0.820522
-0.533775 0.235662 -0.812125
-0.547509 0.229156 -0.804811
-0.558100 0.224216 -0.798907
-0.565571 0.220702 -0.794619
-0.569864 0.218495 -0.792158
-0.571025 0.217444 -0.791611
-0.569158 0.217379 -0.792972
-0.564450 0.218111 -0.796130
-0.557177 0.219442 -0.800874
-0.547727 0.221170 -0.806894
-0.536591 0.223104 -0.813815
-0.524339 0.225079 -0.821224
-0.511618 0.226962 -0.828695
-0.499032 0.228664 -0.835871
-0.487229 0.230127 -0.842407
-0.476730 0.231324 -0.848067
-0.468062 0.232246 -0.852631
-0.461570 0.232897 -0.855986
-0.457577 0.233284 -0.858022
-0.456222 0.233412 -0.858708
VECTORS q3 float
0.306865 -0.006490 0.951731
0.312011 -0.007557 0.950048
0.327482 -0.010623 0.944798
0.353086 -0.015245 0.935466
0.388352 -0.020716 0.921278
0.432883 -0.026199 0.901069
0.485955 -0.030757 0.873442
0.546365 -0.033441 0.836879
0.611243 -0.033367 0.790740
0.678972 -0.029905 0.733555
0.746220 -0.022726 0.665312
0.809629 -0.011876 0.586822
0.866503 0.002306 0.499167
0.914445 0.019163 0.404257
0.951366 0.037594 0.305760
0.976900 0.056654 0.206050
0.991263 0.075221 0.108350
0.995611 0.092342 0.015215
0.991663 0.107262 -0.071414
0.981437 0.119434 -0.150058
0.966876 0.128645 -0.220455
0.949880 0.134799 -0.282058
0.931957 0.138066 -0.335251
0.914208 0.138775 -0.380744
0.897442 0.137369 -0.419198
0.882083 0.134385 -0.451519
0.868410 0.130432 -0.478385
0.856560 0.126157 -0.500388
0.846523 0.122163 -0.518147
0.838331 0.119016 -0.532012
0.832020 0.117173 -0.542230
0.827597 0.116929 -0.549009
0.825119 0.118420 -0.552408
0.824611 0.121611 -0.552474
0.826073 0.126237 -0.549242
0.829485 0.132038 -0.542698
0.834671 0.138469 -0.533058
0.841581 0.145223 -0.520242
0.849944 0.151844 -0.504518
0.859670 0.158175 -0.485745
0.870501 0.164091 -0.464006
0.882250 0.169668 -0.439145
0.894728 0.175129 -0.410843
0.907850 0.180863 -0.378282
0.921184 0.187215 -0.341131
0.934397 0.194678 -0.298334
0.946748 0.203638 -0.249399
0.957315 0.214457 -0.193793
0.964950 0.227452 -0.130906
0.968181 0.242634 -0.061274
0.965516 0.259934 0.014576
0.955522 0.279045 0.095454
0.937089 0.299422 0.179473
0.909636 0.320376 0.264428
0.873246 0.341138 0.347947
0.828629 0.360965 0.427876
0.777203 0.379156 0.502191
0.720780 0.395186 0.569477
0.661393 0.408711 0.628899
0.601068 0.419556 0.680213
0.541664 0.427688 0.723659
0.484747 0.433191 0.759846
0.431070 0.436258 0.789847
0.381887 0.437083 0.814322
0.336817 0.435927 0.834579
0.296954 0.433087 0.851031
0.261105 0.428764 0.864862
0.229157 0.423232 0.876563
0.201258 0.416876 0.886402
0.176830 0.409980 0.894789
0.155065 0.402738 0.902085
0.136293 0.395706 0.908208
0.119908 0.389104 0.913357
0.105843 0.383339 0.917523
0.094084 0.378821 0.920675
0.084785 0.375999 0.922733
0.077769 0.375184 0.923682
0.073225 0.376740 0.923420
0.071274 0.380955 0.921842
0.072100 0.388054 0.918812
0.075962 0.398194 0.914151
0.083281 0.411593 0.907555
0.094321 0.427920 0.898882
0.109870 0.447475 0.887522
0.130302 0.469815 0.873095
0.155834 0.494293 0.855214
0.187458 0.520961 0.832742
0.224985 0.548756 0.805139
0.268310 0.576745 0.771605
0.317009 0.603820 0.731373
0.370290 0.628717 0.683813
0.426984 0.650090 0.628545
0.484926 0.666439 0.566309
0.543787 0.676981 0.495976
0.600251 0.680560 0.420163
0.653225 0.676829 0.339411
0.700501 0.665935 0.256574
0.741495 0.648348 0.172712
0.775028 0.625346 0.090959
0.801689 0.597637 0.011138
0.821028 0.567382 -0.063174
0.834035 0.535737 -0.131804
0.841605 0.504056 -0.193980
0.844816 0.473057 -0.250005
0.844650 0.443193 -0.300245
0.842047 0.415064 -0.344497
0.837895 0.388729 -0.383174
0.832974 0.364095 -0.416640
0.827958 0.340939 -0.445248
0.823402 0.318949 -0.469341
0.819786 0.297925 -0.489072
0.817454 0.277466 -0.504759
0.816676 0.257436 -0.516494
0.817588 0.237583 -0.524503
0.820204 0.217720 -0.529020
0.824408 0.197798 -0.530309
0.829975 0.177801 -0.528705
0.836580 0.157838 -0.524615
0.843836 0.138093 -0.518528
0.851332 0.118837 -0.510991
0.858660 0.100461 -0.502603
0.865502 0.083336 -0.493924
0.871573 0.067952 -0.485535
0.876704 0.054677 -0.477913
0.880754 0.043946 -0.471530
0.883681 0.036024 -0.466702
0.885435 0.031199 -0.463714
0.886023 0.029570 -0.462697
