# vtk DataFile Version 2.0
VTK example
ASCII
DATASET UNSTRUCTURED_GRID
POINTS  128  float
-0.000098 -0.000116 -0.000222
-0.000092 -0.000111 -0.000218
-0.000086 -0.000105 -0.000215
-0.000080 -0.000099 -0.000211
-0.000074 -0.000094 -0.000207
-0.000068 -0.000088 -0.000203
-0.000063 -0.000082 -0.000199
-0.000057 -0.000077 -0.000195
-0.000052 -0.000071 -0.000190
-0.000046 -0.000066 -0.000185
-0.000041 -0.000060 -0.000180
-0.000037 -0.000055 -0.000174
-0.000032 -0.000050 -0.000168
-0.000028 -0.000045 -0.000162
-0.000024 -0.000040 -0.000155
-0.000021 -0.000036 -0.000148
-0.000018 -0.000031 -0.000141
-0.000015 -0.000027 -0.000133
-0.000013 -0.000024 -0.000125
-0.000011 -0.000020 -0.000117
-0.000009 -0.000017 -0.000109
-0.000008 -0.000014 -0.000100
-0.000007 -0.000011 -0.000092
-0.000006 -0.000009 -0.000083
-0.000005 -0.000006 -0.000074
-0.000004 -0.000004 -0.000066
-0.000003 -0.000001 -0.000057
-0.000003 0.000001 -0.000048
-0.000002 0.000004 -0.000040
-0.000001 0.000007 -0.000031
0.000000 0.000010 -0.000022
0.000001 0.000013 -0.000014
0.000003 0.000016 -0.000006
0.000004 0.000020 0.000002
0.000006 0.000023 0.000010
0.000008 0.000028 0.000018
0.000010 0.000032 0.000026
0.000013 0.000037 0.000033
0.000016 0.000042 0.000040
0.000019 0.000048 0.000046
0.000023 0.000053 0.000052
0.000027 0.000059 0.000057
0.000031 0.000066 0.000062
0.000036 0.000072 0.000066
0.000041 0.000079 0.000069
0.000047 0.000086 0.000072
0.000053 0.000092 0.000074
0.000059 0.000099 0.000076
0.000065 0.000105 0.000076
0.000071 0.000112 0.000076
0.000078 0.000118 0.000076
0.000084 0.000124 0.000075
0.000091 0.000130 0.000074
0.000098 0.000136 0.000072
0.000105 0.000141 0.000070
0.000112 0.000147 0.000068
0.000119 0.000152 0.000066
0.000126 0.000157 0.000064
0.000134 0.000161 0.000061
0.000141 0.000166 0.000059
0.000149 0.000170 0.000056
0.000156 0.000174 0.000054
0.000164 0.000178 0.000051
0.000172 0.000181 0.000049
0.000180 0.000184 0.000046
0.000189 0.000187 0.000044
0.000197 0.000190 0.000041
0.000205 0.000192 0.000039
0.000214 0.000194 0.000036
0.000222 0.000196 0.000034
0.000231 0.000198 0.000031
0.000239 0.000199 0.000028
0.000248 0.000200 0.000026
0.000257 0.000201 0.000023
0.000265 0.000201 0.000021
0.000274 0.000202 0.000018
0.000283 0.000202 0.000015
0.000291 0.000202 0.000013
0.000300 0.000202 0.000011
0.000309 0.000202 0.000009
0.000318 0.000202 0.000007
0.000327 0.000201 0.000005
0.000336 0.000201 0.000004
0.000344 0.000201 0.000003
0.000354 0.000200 0.000002
0.000363 0.000200 0.000003
0.000372 0.000200 0.000003
0.000381 0.000200 0.000005
0.000389 0.000201 0.000007
0.000398 0.000202 0.000009
0.000406 0.000203 0.000013
0.000414 0.000205 0.000017
0.000421 0.000207 0.000022
0.000428 0.000209 0.000028
0.000434 0.000212 0.000034
0.000439 0.000215 0.000041
0.000444 0.000218 0.000048
0.000447 0.000222 0.000055
0.000450 0.000225 0.000063
0.000452 0.000229 0.000071
0.000453 0.000233 0.000079
0.000454 0.000237 0.000087
0.000454 0.000241 0.000095
0.000454 0.000245 0.000104
0.000453 0.000249 0.000112
0.000452 0.000253 0.000120
0.000450 0.000257 0.000127
0.000448 0.000261 0.000135
0.000446 0.000266 0.000143
0.000444 0.000270 0.000151
0.000441 0.000275 0.000158
0.000438 0.000279 0.000165
0.000435 0.000284 0.000172
0.000432 0.000288 0.000180
0.000429 0.000293 0.000187
0.000425 0.000298 0.000194
0.000422 0.000302 0.000201
0.000419 0.000307 0.000208
0.000415 0.000312 0.000215
0.000412 0.000316 0.000222
0.000409 0.000321 0.000229
0.000405 0.000326 0.000236
0.000402 0.000330 0.000243
0.000399 0.000335 0.000250
0.000396 0.000339 0.000257
0.000393 0.000343 0.000265
0.000390 0.000348 0.000272
0.000387 0.000352 0.000279
CELLS  127 381
2 0 1 
2 1 2 
2 2 3 
2 3 4 
2 4 5 
2 5 6 
2 6 7 
2 7 8 
2 8 9 
2 9 10 
2 10 11 
2 11 12 
2 12 13 
2 13 14 
2 14 15 
2 15 16 
2 16 17 
2 17 18 
2 18 19 
2 19 20 
2 20 21 
2 21 22 
2 22 23 
2 23 24 
2 24 25 
2 25 26 
2 26 27 
2 27 28 
2 28 29 
2 29 30 
2 30 31 
2 31 32 
2 32 33 
2 33 34 
2 34 35 
2 35 36 
2 36 37 
2 37 38 
2 38 39 
2 39 40 
2 40 41 
2 41 42 
2 42 43 
2 43 44 
2 44 45 
2 45 46 
2 46 47 
2 47 48 
2 48 49 
2 49 50 
2 50 51 
2 51 52 
2 52 53 
2 53 54 
2 54 55 
2 55 56 
2 56 57 
2 57 58 
2 58 59 
2 59 60 
2 60 61 
2 61 62 
2 62 63 
2 63 64 
2 64 65 
2 65 66 
2 66 67 
2 67 68 
2 68 69 
2 69 70 
2 70 71 
2 71 72 
2 72 73 
2 73 74 
2 74 75 
2 75 76 
2 76 77 
2 77 78 
2 78 79 
2 79 80 
2 80 81 
2 81 82 
2 82 83 
2 83 84 
2 84 85 
2 85 86 
2 86 87 
2 87 88 
2 88 89 
2 89 90 
2 90 91 
2 91 92 
2 92 93 
2 93 94 
2 94 95 
2 95 96 
2 96 97 
2 97 98 
2 98 99 
2 99 100 
2 100 101 
2 101 102 
2 102 103 
2 103 104 
2 104 105 
2 105 106 
2 106 107 
2 107 108 
2 108 109 
2 109 110 
2 110 111 
2 111 112 
2 112 113 
2 113 114 
2 114 115 
2 115 116 
2 116 117 
2 117 118 
2 118 119 
2 119 120 
2 120 121 
2 121 122 
2 122 123 
2 123 124 
2 124 125 
2 125 126 
2 126 127 
CELL_TYPES  127
3
3
3
3
3
3
3
3
3
3
3
3
3
3
3
3
3
3
3
3
3
3
3
3
3
3
3
3
3
3
3
3
3
3
3
3
3
3
3
3
3
3
3
3
3
3
3
3
3
3
3
3
3
3
3
3
3
3
3
3
3
3
3
3
3
3
3
3
3
3
3
3
3
3
3
3
3
3
3
3
3
3
3
3
3
3
3
3
3
3
3
3
3
3
3
3
3
3
3
3
3
3
3
3
3
3
3
3
3
3
3
3
3
3
3
3
3
3
3
3
3
3
3
3
3
3
3
POINT_DATA  128
VECTORS Position float
-0.000098 -0.000116 -0.000222
-0.000092 -0.000111 -0.000218
-0.000086 -0.000105 -0.000215
-0.000080 -0.000099 -0.000211
-0.000074 -0.000094 -0.000207
-0.000068 -0.000088 -0.000203
-0.000063 -0.000082 -0.000199
-0.000057 -0.000077 -0.000195
-0.000052 -0.000071 -0.000190
-0.000046 -0.000066 -0.000185
-0.000041 -0.000060 -0.000180
-0.000037 -0.000055 -0.000174
-0.000032 -0.000050 -0.000168
-0.000028 -0.000045 -0.000162
-0.000024 -0.000040 -0.000155
-0.000021 -0.000036 -0.000148
-0.000018 -0.000031 -0.000141
-0.000015 -0.000027 -0.000133
-0.000013 -0.000024 -0.000125
-0.000011 -0.000020 -0.000117
-0.000009 -0.000017 -0.000109
-0.000008 -0.000014 -0.000100
-0.000007 -0.000011 -0.000092
-0.000006 -0.000009 -0.000083
-0.000005 -0.000006 -0.000074
-0.000004 -0.000004 -0.000066
-0.000003 -0.000001 -0.000057
-0.000003 0.000001 -0.000048
-0.000002 0.000004 -0.000040
-0.000001 0.000007 -0.000031
0.000000 0.000010 -0.000022
0.000001 0.000013 -0.000014
0.000003 0.000016 -0.000006
0.000004 0.000020 0.000002
0.000006 0.000023 0.000010
0.000008 0.000028 0.000018
0.000010 0.000032 0.000026
0.000013 0.000037 0.000033
0.000016 0.000042 0.000040
0.000019 0.000048 0.000046
0.000023 0.000053 0.000052
0.000027 0.000059 0.000057
0.000031 0.000066 0.000062
0.000036 0.000072 0.000066
0.000041 0.000079 0.000069
0.000047 0.000086 0.000072
0.000053 0.000092 0.000074
0.000059 0.000099 0.000076
0.000065 0.000105 0.000076
0.000071 0.000112 0.000076
0.000078 0.000118 0.000076
0.000084 0.000124 0.000075
0.000091 0.000130 0.000074
0.000098 0.000136 0.000072
0.000105 0.000141 0.000070
0.000112 0.000147 0.000068
0.000119 0.000152 0.000066
0.000126 0.000157 0.000064
0.000134 0.000161 0.000061
0.000141 0.000166 0.000059
0.000149 0.000170 0.000056
0.000156 0.000174 0.000054
0.000164 0.000178 0.000051
0.000172 0.000181 0.000049
0.000180 0.000184 0.000046
0.000189 0.000187 0.000044
0.000197 0.000190 0.000041
0.000205 0.000192 0.000039
0.000214 0.000194 0.000036
0.000222 0.000196 0.000034
0.000231 0.000198 0.000031
0.000239 0.000199 0.000028
0.000248 0.000200 0.000026
0.000257 0.000201 0.000023
0.000265 0.000201 0.000021
0.000274 0.000202 0.000018
0.000283 0.000202 0.000015
0.000291 0.000202 0.000013
0.000300 0.000202 0.000011
0.000309 0.000202 0.000009
0.000318 0.000202 0.000007
0.000327 0.000201 0.000005
0.000336 0.000201 0.000004
0.000344 0.000201 0.000003
0.000354 0.000200 0.000002
0.000363 0.000200 0.000003
0.000372 0.000200 0.000003
0.000381 0.000200 0.000005
0.000389 0.000201 0.000007
0.000398 0.000202 0.000009
0.000406 0.000203 0.000013
0.000414 0.000205 0.000017
0.000421 0.000207 0.000022
0.000428 0.000209 0.000028
0.000434 0.000212 0.000034
0.000439 0.000215 0.000041
0.000444 0.000218 0.000048
0.000447 0.000222 0.000055
0.000450 0.000225 0.000063
0.000452 0.000229 0.000071
0.000453 0.000233 0.000079
0.000454 0.000237 0.000087
0.000454 0.000241 0.000095
0.000454 0.000245 0.000104
0.000453 0.000249 0.000112
0.000452 0.000253 0.000120
0.000450 0.000257 0.000127
0.000448 0.000261 0.000135
0.000446 0.000266 0.000143
0.000444 0.000270 0.000151
0.000441 0.000275 0.000158
0.000438 0.000279 0.000165
0.000435 0.000284 0.000172
0.000432 0.000288 0.000180
0.000429 0.000293 0.000187
0.000425 0.000298 0.000194
0.000422 0.000302 0.000201
0.000419 0.000307 0.000208
0.000415 0.000312 0.000215
0.000412 0.000316 0.000222
0.000409 0.000321 0.000229
0.000405 0.000326 0.000236
0.000402 0.000330 0.000243
0.000399 0.000335 0.000250
0.000396 0.000339 0.000257
0.000393 0.000343 0.000265
0.000390 0.000348 0.000272
0.000387 0.000352 0.000279
VECTORS Rotation float
0.527194 0.681505 -1.020918
0.525421 0.681346 -1.018566
0.520028 0.680826 -1.011345
0.510869 0.679835 -0.998926
0.497777 0.678198 -0.980904
0.480512 0.675650 -0.956673
0.458908 0.671831 -0.925679
0.432945 0.666270 -0.887546
0.403223 0.658517 -0.842908
0.369932 0.647874 -0.791580
0.334033 0.633805 -0.734643
0.296701 0.615915 -0.673515
0.259019 0.593910 -0.609460
0.222178 0.567805 -0.544018
0.187671 0.538297 -0.479528
0.156206 0.505983 -0.417141
0.128508 0.472006 -0.358407
0.104882 0.437591 -0.304393
0.085335 0.404015 -0.255868
0.069693 0.372598 -0.213447
0.057515 0.344309 -0.177200
0.048449 0.320257 -0.147434
0.042031 0.301113 -0.124012
0.037830 0.287279 -0.106645
0.035513 0.278975 -0.095018
0.034806 0.276158 -0.088682
0.035539 0.278665 -0.087234
0.037621 0.286219 -0.090294
0.041038 0.298549 -0.097587
0.045855 0.315343 -0.108947
0.052210 0.336310 -0.124341
0.060358 0.361354 -0.144006
0.070629 0.390276 -0.168242
0.083530 0.423079 -0.197666
0.099481 0.459065 -0.232436
0.119493 0.498626 -0.273984
0.144075 0.540457 -0.322299
0.174707 0.584612 -0.379231
0.212139 0.629441 -0.444978
0.257993 0.674103 -0.521236
0.313002 0.716603 -0.608187
0.377647 0.755031 -0.705888
0.451549 0.787432 -0.813469
0.534030 0.812296 -0.930057
0.621437 0.828021 -1.051139
0.710735 0.834178 -1.173465
0.797350 0.831000 -1.291864
0.877655 0.819585 -1.402326
0.949549 0.801426 -1.502590
1.011240 0.778407 -1.590417
1.062643 0.752204 -1.665558
1.104281 0.724238 -1.728368
1.136978 0.695626 -1.779504
1.161772 0.667091 -1.819894
1.179732 0.639007 -1.850544
1.191926 0.611412 -1.872545
1.199336 0.584181 -1.886963
1.202917 0.556996 -1.894940
1.203562 0.529465 -1.897654
1.202101 0.501203 -1.896304
1.199281 0.471922 -1.892085
1.195748 0.441497 -1.886154
1.192006 0.409748 -1.879517
1.188436 0.377191 -1.873121
1.185228 0.343678 -1.867536
1.182460 0.310438 -1.863316
1.180084 0.277110 -1.860540
1.177989 0.244322 -1.859212
1.176000 0.213010 -1.859165
1.173974 0.183261 -1.860083
1.171830 0.154674 -1.861566
1.169390 0.128112 -1.863050
1.166650 0.102980 -1.863970
1.163580 0.079286 -1.863672
1.160198 0.057026 -1.861471
1.156520 0.036512 -1.856691
1.152723 0.017382 -1.848483
1.148902 0.000160 -1.836218
1.145215 -0.014749 -1.819233
1.141826 -0.026833 -1.796920
1.138880 -0.035509 -1.768737
1.136538 -0.040256 -1.733857
1.134703 -0.040381 -1.692811
1.133420 -0.035384 -1.644406
1.132415 -0.024893 -1.589158
1.131316 -0.008804 -1.527870
1.129720 0.013378 -1.459227
1.126978 0.041320 -1.384243
1.122386 0.074680 -1.303142
1.115170 0.112834 -1.216136
1.104536 0.154812 -1.123501
1.089747 0.199273 -1.025615
1.070571 0.244015 -0.924276
1.046105 0.288215 -0.817826
1.017264 0.328826 -0.710105
0.984345 0.364638 -0.601487
0.949044 0.393993 -0.495331
0.912320 0.416724 -0.392440
0.876246 0.432766 -0.296039
0.841040 0.443349 -0.205219
0.808704 0.449530 -0.123244
0.779265 0.453041 -0.049400
0.752898 0.455491 0.016399
0.729154 0.458281 0.075339
0.707538 0.462420 0.128571
0.687892 0.468420 0.176480
0.669831 0.476391 0.219897
0.653092 0.486050 0.259404
0.637528 0.496831 0.295363
0.623097 0.508024 0.327949
0.609973 0.518821 0.356956
0.598247 0.528599 0.382362
0.588203 0.536757 0.403796
0.580003 0.542946 0.421121
0.573768 0.546968 0.434262
0.569558 0.548758 0.443226
0.567316 0.548385 0.448201
0.566886 0.546025 0.449528
0.568012 0.541934 0.447699
0.570372 0.536434 0.443321
0.573601 0.529910 0.437084
0.577331 0.522771 0.429693
0.581188 0.515508 0.421897
0.584845 0.508600 0.414373
0.587994 0.502588 0.407797
0.590415 0.497906 0.402681
0.591925 0.494955 0.399462
0.592440 0.493941 0.398359
VECTORS ControlForce float
-0.000000 -0.000000 0.000000
-0.000142 -0.000125 0.000104
-0.000240 -0.000201 0.000207
-0.000292 -0.000236 0.000308
-0.000283 -0.000232 0.000397
-0.000196 -0.000185 0.000472
-0.000058 -0.000129 0.000546
0.000111 -0.000066 0.000616
0.000300 0.000023 0.000664
0.000492 0.000146 0.000685
0.000667 0.000296 0.000677
0.000818 0.000468 0.000631
0.000941 0.000648 0.000549
0.001013 0.000795 0.000454
0.001031 0.000898 0.000351
0.001000 0.000954 0.000251
0.000924 0.000963 0.000159
0.000811 0.000935 0.000072
0.000661 0.000866 -0.000007
0.000480 0.000748 -0.000071
0.000282 0.000590 -0.000118
0.000082 0.000398 -0.000144
-0.000101 0.000191 -0.000140
-0.000246 -0.000007 -0.000107
-0.000335 -0.000164 -0.000060
-0.000363 -0.000264 -0.000009
-0.000331 -0.000305 0.000043
-0.000254 -0.000294 0.000091
-0.000148 -0.000244 0.000132
-0.000036 -0.000171 0.000157
0.000064 -0.000094 0.000174
0.000141 -0.000025 0.000186
0.000190 0.000025 0.000200
0.000211 0.000043 0.000218
0.000204 0.000023 0.000236
0.000164 -0.000046 0.000265
0.000100 -0.000156 0.000290
0.000025 -0.000278 0.000301
-0.000054 -0.000395 0.000293
-0.000134 -0.000489 0.000270
-0.000220 -0.000561 0.000235
-0.000312 -0.000610 0.000190
-0.000390 -0.000611 0.000132
-0.000435 -0.000545 0.000067
-0.000449 -0.000434 0.000004
-0.000450 -0.000329 -0.000046
-0.000435 -0.000248 -0.000088
-0.000383 -0.000173 -0.000126
-0.000292 -0.000107 -0.000156
-0.000166 -0.000053 -0.000177
-0.000021 -0.000017 -0.000188
0.000131 0.000011 -0.000187
0.000278 0.000043 -0.000178
0.000417 0.000102 -0.000161
0.000543 0.000195 -0.000135
0.000636 0.000300 -0.000106
0.000695 0.000419 -0.000075
0.000708 0.000536 -0.000046
0.000663 0.000634 -0.000025
0.000569 0.000721 -0.000012
0.000428 0.000778 -0.000012
0.000250 0.000780 -0.000026
0.000056 0.000716 -0.000051
-0.000119 0.000609 -0.000085
-0.000263 0.000449 -0.000126
-0.000357 0.000256 -0.000173
-0.000387 0.000073 -0.000204
-0.000359 -0.000077 -0.000218
-0.000306 -0.000220 -0.000236
-0.000252 -0.000375 -0.000253
-0.000202 -0.000497 -0.000246
-0.000170 -0.000576 -0.000222
-0.000174 -0.000609 -0.000173
-0.000236 -0.000625 -0.000107
-0.000346 -0.000612 -0.000038
-0.000474 -0.000553 0.000024
-0.000591 -0.000456 0.000088
-0.000683 -0.000351 0.000144
-0.000735 -0.000258 0.000186
-0.000738 -0.000184 0.000215
-0.000683 -0.000111 0.000242
-0.000586 -0.000045 0.000273
-0.000454 0.000033 0.000296
-0.000323 0.000095 0.000319
-0.000218 0.000107 0.000334
-0.000134 0.000085 0.000341
-0.000055 0.000045 0.000359
0.000046 0.000008 0.000387
0.000190 -0.000018 0.000415
0.000389 -0.000022 0.000427
0.000625 -0.000026 0.000412
0.000874 -0.000014 0.000352
0.001087 0.000026 0.000236
0.001187 0.000071 0.000091
0.001123 0.000116 -0.000067
0.000874 0.000155 -0.000209
0.000467 0.000179 -0.000305
-0.000025 0.000193 -0.000340
-0.000520 0.000206 -0.000326
-0.000921 0.000194 -0.000258
-0.001175 0.000145 -0.000174
-0.001253 0.000047 -0.000096
-0.001156 -0.000106 -0.000020
-0.000925 -0.000291 0.000055
-0.000615 -0.000475 0.000123
-0.000275 -0.000636 0.000181
0.000037 -0.000747 0.000219
0.000277 -0.000792 0.000236
0.000420 -0.000767 0.000240
0.000458 -0.000682 0.000233
0.000403 -0.000557 0.000218
0.000298 -0.000423 0.000214
0.000162 -0.000297 0.000214
0.000011 -0.000191 0.000215
-0.000138 -0.000112 0.000219
-0.000285 -0.000056 0.000219
-0.000416 -0.000022 0.000217
-0.000523 -0.000003 0.000216
-0.000600 0.000007 0.000220
-0.000643 0.000016 0.000227
-0.000672 0.000031 0.000224
-0.000696 0.000055 0.000202
-0.000696 0.000078 0.000166
-0.000640 0.000088 0.000136
-0.000521 0.000082 0.000112
-0.000364 0.000062 0.000085
-0.000186 0.000033 0.000045
0.000000 -0.000000 -0.000000
VECTORS ControlTorque float
-0.000001 0.000001 -0.000000
-0.000001 0.000001 -0.000000
-0.000001 0.000001 -0.000000
-0.000001 0.000001 -0.000000
-0.000001 0.000002 -0.000001
-0.000001 0.000002 -0.000001
-0.000002 0.000002 -0.000001
-0.000001 0.000001 -0.000000
-0.000002 0.000002 -0.000001
-0.000001 0.000002 -0.000000
-0.000001 0.000001 -0.000000
-0.000001 0.000001 -0.000000
-0.000001 0.000001 -0.000000
-0.000000 0.000000 0.000000
-0.000001 0.000000 0.000000
0.000000 -0.000000 0.000000
0.000001 -0.000001 0.000000
0.000001 -0.000001 0.000000
0.000001 -0.000002 0.000000
0.000001 -0.000002 0.000000
0.000002 -0.000002 0.000000
0.000002 -0.000002 0.000000
0.000002 -0.000002 0.000000
0.000002 -0.000002 0.000000
0.000002 -0.000002 0.000000
0.000002 -0.000002 0.000000
0.000002 -0.000002 0.000000
0.000002 -0.000002 0.000000
0.000002 -0.000001 0.000000
0.000002 -0.000001 0.000000
0.000002 -0.000002 0.000000
0.000002 -0.000001 0.000000
0.000002 -0.000002 0.000000
0.000001 -0.000001 0.000000
0.000003 -0.000002 0.000001
0.000001 -0.000001 0.000000
0.000002 -0.000002 0.000001
0.000001 -0.000001 0.000000
0.000002 -0.000002 0.000001
0.000001 -0.000001 0.000001
0.000001 -0.000001 0.000001
-0.000000 -0.000000 0.000001
0.000001 -0.000001 0.000001
-0.000001 0.000001 0.000000
-0.000000 -0.000000 0.000001
-0.000001 0.000001 0.000000
-0.000002 0.000001 0.000000
-0.000001 0.000001 0.000000
-0.000002 0.000002 -0.000000
-0.000002 0.000002 0.000000
-0.000002 0.000002 -0.000000
-0.000002 0.000002 -0.000000
-0.000002 0.000002 -0.000000
-0.000002 0.000002 -0.000000
-0.000002 0.000002 0.000000
-0.000001 0.000002 0.000000
-0.000001 0.000002 0.000000
-0.000001 0.000002 0.000000
-0.000001 0.000001 0.000001
-0.000000 0.000001 0.000001
-0.000000 0.000001 0.000000
0.000000 0.000000 0.000001
-0.000000 -0.000000 -0.000000
0.000000 -0.000000 0.000001
-0.000000 -0.000001 -0.000001
0.000000 -0.000000 0.000000
0.000000 -0.000001 -0.000000
-0.000000 -0.000001 -0.000001
-0.000000 -0.000000 -0.000001
0.000000 -0.000000 0.000000
-0.000000 0.000000 -0.000001
-0.000000 0.000000 -0.000000
-0.000000 0.000001 -0.000001
-0.000000 0.000001 -0.000000
-0.000000 0.000001 -0.000001
-0.000000 0.000002 -0.000000
-0.000000 0.000002 -0.000001
-0.000000 0.000002 -0.000001
-0.000000 0.000002 -0.000001
-0.000000 0.000002 -0.000001
-0.000000 0.000003 -0.000002
-0.000000 0.000002 -0.000002
-0.000000 0.000004 -0.000002
0.000000 0.000003 -0.000002
0.000000 0.000002 -0.000002
0.000000 0.000004 -0.000003
0.000000 0.000002 -0.000002
0.000001 0.000003 -0.000002
0.000001 0.000002 -0.000002
0.000001 0.000002 -0.000002
0.000001 0.000002 -0.000002
0.000000 -0.000001 0.000000
0.000001 0.000003 -0.000002
-0.000000 -0.000002 0.000001
-0.000000 0.000001 -0.000000
-0.000001 -0.000003 0.000002
-0.000001 -0.000001 0.000001
-0.000001 -0.000004 0.000002
-0.000001 -0.000000 0.000000
-0.000000 -0.000005 0.000002
-0.000000 -0.000002 0.000001
0.000000 -0.000003 0.000001
0.000001 -0.000002 0.000001
0.000001 -0.000002 0.000001
0.000001 -0.000002 0.000001
0.000001 -0.000002 0.000001
0.000001 -0.000001 0.000001
0.000000 -0.000001 0.000001
0.000000 -0.000001 0.000001
-0.000000 -0.000001 0.000001
-0.000000 -0.000001 0.000000
-0.000001 -0.000001 0.000000
-0.000001 -0.000001 0.000000
-0.000001 -0.000001 0.000000
-0.000001 -0.000001 0.000000
-0.000001 -0.000001 0.000000
-0.000001 -0.000001 0.000000
-0.000001 -0.000001 0.000000
-0.000001 -0.000001 0.000000
-0.000001 -0.000001 0.000000
-0.000000 -0.000000 0.000000
-0.000000 -0.000000 0.000000
0.000000 0.000000 0.000000
0.000000 0.000000 0.000000
0.000001 0.000000 -0.000000
0.000001 0.000001 -0.000000
0.000001 0.000001 -0.000000
0.000001 0.000001 -0.000000
VECTORS Curvature float
65.763702 -93.686976 18.781647
217.614917 -308.304198 58.589243
494.325584 -697.121254 124.261475
758.888605 -1063.593772 173.801774
1059.637939 -1476.190533 214.616429
1396.726897 -1934.676540 241.848808
1792.248003 -2465.713370 255.023433
2170.234094 -2960.285699 254.371046
2565.045021 -3453.478709 241.062119
3005.952438 -3980.929329 217.970175
3389.152461 -4398.210215 187.845032
3748.155404 -4753.243816 153.586195
4110.829658 -5085.576710 118.038937
4350.257568 -5250.645878 84.402857
4488.428249 -5282.183173 52.440940
4556.249705 -5234.903409 24.759410
4477.526915 -5026.623608 0.710991
4297.152603 -4721.540012 -19.535312
3983.857150 -4295.187249 -36.264524
3588.979898 -3810.970895 -50.735644
3104.525508 -3268.595354 -62.825506
2521.641476 -2661.131319 -74.218527
1913.809084 -2067.073740 -85.157029
1279.919622 -1481.034212 -96.196898
645.065650 -923.769401 -107.585699
27.098799 -406.884136 -119.193356
-563.869830 71.883631 -130.675732
-1122.913054 510.837817 -141.378919
-1655.578968 921.579791 -150.451593
-2145.101164 1303.082684 -156.803834
-2629.598585 1685.899543 -159.520671
-3101.676952 2070.200245 -157.154748
-3616.245744 2500.676070 -149.473900
-4046.200693 2886.399365 -133.985635
-4540.105027 3342.396888 -113.807892
-4991.300874 3780.472465 -84.106945
-5414.033844 4229.424494 -52.394589
-5843.816315 4701.476733 -13.550866
-6174.613222 5134.732248 23.154109
-6505.018306 5594.932574 60.323625
-6655.674052 5942.540048 91.154108
-6683.200154 6207.102084 114.993869
-6696.259088 6498.573906 128.330008
-6570.270628 6666.755721 133.996950
-6297.403791 6714.957520 129.338459
-5993.861013 6723.103982 119.472641
-5529.838455 6548.511387 105.805672
-5070.464234 6366.040900 92.625188
-4555.495171 6092.371356 81.041149
-3969.241541 5712.676128 73.334081
-3392.212986 5332.266929 69.022052
-2793.020170 4918.787810 67.609301
-2182.812397 4496.521572 68.304323
-1572.809624 4089.450237 70.134723
-974.645690 3724.615652 72.513633
-399.146643 3413.051693 75.003138
141.784811 3160.791163 77.689963
632.261744 2985.580139 80.762018
1059.555856 2885.484658 84.632381
1413.667866 2858.495898 89.743208
1672.516790 2873.945176 96.584545
1861.931565 2968.442353 105.346639
1935.267966 3046.155919 116.616835
1950.588303 3171.175547 129.945636
1865.541352 3225.955285 146.170942
1718.655701 3236.340384 164.265391
1611.642227 3336.988219 184.639205
1428.235566 3266.151993 206.586279
1232.519082 3094.779616 229.931788
1120.881836 3035.204411 254.017609
1027.141197 2880.315439 278.360102
974.246730 2657.479443 302.404352
1020.506576 2506.885900 325.859348
1130.810443 2300.311742 348.053481
1279.118492 2013.396060 368.981016
1521.107049 1716.120610 387.730341
1852.396301 1398.928904 404.023548
2193.138387 969.350194 416.394428
2588.290692 474.356972 423.737898
2983.354919 -98.424771 424.337357
3490.562903 -778.402887 416.426981
3911.512265 -1503.263223 398.304004
4332.707260 -2305.856635 368.381254
4880.136786 -3230.057619 326.113344
5166.015374 -4026.055833 269.909151
5561.313197 -4935.818328 203.247697
6026.366879 -5924.787718 124.291440
6325.872044 -6766.770646 38.621311
6638.954114 -7598.007170 -51.771139
6900.421565 -8329.639059 -142.613489
7181.757934 -9022.214740 -227.805319
7225.288897 -9321.824308 -307.758870
7412.351946 -9687.487157 -365.871079
7516.499090 -9833.278534 -417.336366
7409.429841 -9570.464103 -440.881453
7250.290498 -9158.885884 -451.765119
7002.126246 -8556.436821 -441.398372
6634.710427 -7819.536873 -421.671134
6301.703043 -7143.270911 -390.607931
5888.023241 -6490.701101 -358.070298
5231.669432 -5692.854113 -323.105689
4642.137050 -5132.584453 -290.660050
3993.585948 -4653.686950 -261.356329
3422.468474 -4388.345900 -235.950341
2830.955523 -4168.357287 -214.224777
2250.096353 -3958.598395 -195.340201
1750.689618 -3793.004392 -178.453485
1327.076509 -3609.971390 -162.711647
993.621494 -3406.578400 -147.389265
737.024360 -3129.222651 -132.129026
554.897584 -2798.555650 -116.594286
434.437970 -2415.729649 -101.105600
356.642985 -1969.834152 -85.766056
315.463864 -1515.466596 -71.043215
295.227270 -1048.526009 -57.274214
287.620889 -590.277443 -44.732171
286.692718 -161.725911 -33.585795
287.618253 221.360578 -23.924978
288.750370 544.932961 -15.766909
286.951353 795.224137 -9.095103
282.128909 969.190367 -3.867683
271.013873 1056.774660 -0.050170
251.765210 1059.021467 2.440106
221.677078 974.266085 3.680171
179.331824 807.962578 3.827324
128.135716 585.020507 3.127019
59.964630 275.469680 1.566332
19.569386 89.965663 0.548318
VECTORS LocalRotation float
-0.284880 -0.092870 -0.037054
-0.283594 -0.094694 -0.036702
-0.280383 -0.099228 -0.035878
-0.274733 -0.107166 -0.034534
-0.266483 -0.118689 -0.032772
-0.255325 -0.134183 -0.030698
-0.240879 -0.154116 -0.028448
-0.223038 -0.178546 -0.026154
-0.201525 -0.207686 -0.023903
-0.176337 -0.241299 -0.021828
-0.147415 -0.279192 -0.019993
-0.115026 -0.320722 -0.018443
-0.079403 -0.365319 -0.017212
-0.041214 -0.411972 -0.016298
-0.001128 -0.459741 -0.015678
0.039798 -0.507329 -0.015328
0.080692 -0.553781 -0.015213
0.120423 -0.597920 -0.015298
0.157912 -0.638740 -0.015551
0.192256 -0.675502 -0.015945
0.222501 -0.707492 -0.016458
0.247980 -0.734345 -0.017079
0.268088 -0.755780 -0.017802
0.282550 -0.771847 -0.018623
0.291273 -0.782745 -0.019546
0.294312 -0.788760 -0.020571
0.291886 -0.790274 -0.021701
0.284246 -0.787635 -0.022933
0.271678 -0.781156 -0.024253
0.254471 -0.771084 -0.025644
0.232784 -0.757508 -0.027081
0.206799 -0.740478 -0.028517
0.176352 -0.719762 -0.029906
0.141824 -0.695487 -0.031184
0.102775 -0.667159 -0.032310
0.059865 -0.635093 -0.033201
0.012516 -0.598644 -0.033823
-0.038304 -0.558328 -0.034120
-0.092883 -0.513659 -0.034077
-0.150136 -0.465211 -0.033700
-0.209641 -0.413045 -0.033015
-0.270078 -0.357996 -0.032081
-0.330878 -0.300259 -0.030975
-0.390766 -0.240827 -0.029791
-0.449114 -0.180148 -0.028597
-0.504646 -0.119435 -0.027473
-0.556806 -0.059363 -0.026453
-0.604891 -0.000780 -0.025553
-0.648399 0.055530 -0.024768
-0.687029 0.109024 -0.024068
-0.720389 0.159078 -0.023423
-0.748390 0.205485 -0.022805
-0.770915 0.248106 -0.022189
-0.787917 0.286975 -0.021563
-0.799454 0.322363 -0.020917
-0.805671 0.354665 -0.020249
-0.806836 0.384428 -0.019558
-0.803331 0.412262 -0.018840
-0.795669 0.438848 -0.018091
-0.784472 0.464854 -0.017302
-0.770495 0.490815 -0.016458
-0.754463 0.517315 -0.015542
-0.737317 0.544475 -0.014540
-0.719666 0.572715 -0.013420
-0.702487 0.601514 -0.012177
-0.686113 0.631036 -0.010759
-0.671061 0.660745 -0.009182
-0.657403 0.690413 -0.007424
-0.645319 0.719302 -0.005441
-0.634580 0.747274 -0.003233
-0.624920 0.773876 -0.000839
-0.615796 0.799124 0.001809
-0.606766 0.822502 0.004653
-0.597067 0.844174 0.007691
-0.586220 0.863589 0.010918
-0.573459 0.880586 0.014367
-0.558254 0.894626 0.017935
-0.539982 0.905323 0.021641
-0.518334 0.911859 0.025445
-0.493055 0.913564 0.029292
-0.463630 0.909579 0.033114
-0.430341 0.899318 0.036778
-0.392748 0.881949 0.040274
-0.351201 0.856983 0.043406
-0.305861 0.824235 0.046096
-0.256830 0.783274 0.048258
-0.204481 0.734210 0.049738
-0.148644 0.676838 0.050475
-0.090005 0.611868 0.050415
-0.028764 0.539824 0.049536
0.034909 0.461367 0.047861
0.099988 0.378504 0.045442
0.166799 0.291740 0.042367
0.233919 0.203974 0.038846
0.301601 0.115987 0.034954
0.367779 0.031437 0.030924
0.432594 -0.049125 0.026863
0.494285 -0.123207 0.022958
0.553248 -0.191407 0.019256
0.607879 -0.252511 0.015901
0.658230 -0.307679 0.012816
0.702949 -0.356708 0.010036
0.742239 -0.401232 0.007525
0.775909 -0.442285 0.005267
0.804111 -0.480874 0.003237
0.827086 -0.517621 0.001385
0.845201 -0.552721 -0.000308
0.859151 -0.586274 -0.001854
0.869671 -0.618081 -0.003260
0.877501 -0.647651 -0.004524
0.883359 -0.674529 -0.005652
0.887830 -0.698092 -0.006636
0.891414 -0.717961 -0.007482
0.894460 -0.733757 -0.008193
0.897224 -0.745363 -0.008774
0.899863 -0.752784 -0.009236
0.902463 -0.756188 -0.009590
0.905063 -0.755918 -0.009851
0.907673 -0.752448 -0.010030
0.910278 -0.746383 -0.010143
0.912857 -0.738389 -0.010202
0.915360 -0.729221 -0.010219
0.917730 -0.719630 -0.010209
0.919871 -0.710432 -0.010181
0.921689 -0.702355 -0.010147
0.923078 -0.696062 -0.010115
0.923931 -0.692157 -0.010094
0.924291 -0.690506 -0.010085
VECTORS q1 float
0.721848 -0.390729 -0.571198
0.722782 -0.389588 -0.570795
0.725649 -0.386121 -0.569512
0.730575 -0.380233 -0.567171
0.737703 -0.371811 -0.563517
0.747249 -0.360681 -0.558147
0.759383 -0.346705 -0.550575
0.774165 -0.329819 -0.540267
0.791206 -0.310337 -0.526957
0.810422 -0.288290 -0.510005
0.831205 -0.264180 -0.489191
0.852832 -0.238643 -0.464464
0.874653 -0.212272 -0.435802
0.895939 -0.185777 -0.403460
0.915764 -0.160187 -0.368397
0.933668 -0.136078 -0.331281
0.949175 -0.114142 -0.293324
0.962083 -0.094826 -0.255744
0.972403 -0.078369 -0.219750
0.980304 -0.064858 -0.186540
0.986134 -0.054109 -0.156883
0.990230 -0.045968 -0.131647
0.992985 -0.040128 -0.111219
0.994748 -0.036271 -0.095712
0.995789 -0.034133 -0.085082
0.996307 -0.033481 -0.079061
0.996420 -0.034161 -0.077332
0.996179 -0.036082 -0.079532
0.995580 -0.039212 -0.085340
0.994572 -0.043578 -0.094485
0.993063 -0.049263 -0.106763
0.990907 -0.056425 -0.122143
0.987918 -0.065263 -0.140563
0.983836 -0.076077 -0.162108
0.978434 -0.089034 -0.186385
0.971260 -0.104694 -0.213758
0.962082 -0.123113 -0.243395
0.950321 -0.144953 -0.275459
0.935739 -0.170201 -0.308909
0.917806 -0.199333 -0.343362
0.896371 -0.232182 -0.377638
0.871337 -0.268531 -0.410686
0.842800 -0.307924 -0.441441
0.810743 -0.350111 -0.469168
0.775979 -0.393765 -0.492754
0.738877 -0.438268 -0.511841
0.700399 -0.482351 -0.526099
0.661388 -0.525027 -0.535643
0.622438 -0.565697 -0.540886
0.584533 -0.603441 -0.542383
0.548201 -0.637922 -0.540862
0.513853 -0.668967 -0.537064
0.481790 -0.696543 -0.531702
0.452097 -0.720818 -0.525385
0.424692 -0.742089 -0.518596
0.399298 -0.760769 -0.511656
0.375571 -0.777273 -0.504770
0.353037 -0.792052 -0.498014
0.331163 -0.805531 -0.491377
0.309405 -0.818069 -0.484800
0.287270 -0.829931 -0.478215
0.264369 -0.841268 -0.471569
0.240280 -0.852202 -0.464777
0.215126 -0.862566 -0.457931
0.188601 -0.872400 -0.450942
0.161530 -0.881299 -0.444094
0.133605 -0.889363 -0.437244
0.105368 -0.896402 -0.430536
0.077701 -0.902213 -0.424234
0.050838 -0.906850 -0.418376
0.024631 -0.910463 -0.412858
0.000051 -0.912969 -0.408029
-0.023157 -0.914567 -0.403770
-0.044714 -0.915342 -0.400186
-0.064332 -0.915392 -0.397390
-0.081459 -0.914798 -0.395613
-0.096022 -0.913735 -0.394802
-0.107275 -0.912315 -0.395188
-0.114535 -0.910700 -0.396872
-0.117031 -0.909067 -0.399876
-0.113933 -0.907593 -0.404098
-0.104327 -0.906447 -0.409230
-0.087731 -0.905670 -0.414807
-0.063110 -0.905299 -0.420060
-0.030327 -0.905159 -0.423989
0.010298 -0.904938 -0.425419
0.059553 -0.904212 -0.422912
0.116299 -0.902348 -0.415022
0.179497 -0.898626 -0.400316
0.247624 -0.892275 -0.377527
0.318627 -0.882573 -0.345748
0.389999 -0.868966 -0.304627
0.458145 -0.851480 -0.255118
0.522051 -0.829780 -0.197300
0.577718 -0.805096 -0.134398
0.624360 -0.778148 -0.068262
0.660774 -0.750581 -0.002321
0.687830 -0.723238 0.061780
0.706203 -0.697508 0.121491
0.717853 -0.673278 0.177158
0.723843 -0.651525 0.227084
0.725752 -0.631863 0.272092
0.724680 -0.614044 0.312712
0.721438 -0.597493 0.350043
0.716514 -0.581702 0.385007
0.710261 -0.566519 0.417834
0.702947 -0.551725 0.448849
0.694828 -0.537270 0.478074
0.686190 -0.523248 0.505326
0.677360 -0.509855 0.530313
0.668742 -0.497462 0.552554
0.660676 -0.486327 0.571833
0.653550 -0.476837 0.587792
0.647636 -0.469215 0.600337
0.643127 -0.463609 0.609471
0.640132 -0.460082 0.615269
0.638652 -0.458575 0.617927
0.638592 -0.458924 0.617729
0.639777 -0.460875 0.615045
0.641967 -0.464103 0.610317
0.644881 -0.468236 0.604056
0.648227 -0.472894 0.596803
0.651692 -0.477668 0.589178
0.654996 -0.482193 0.581782
0.657858 -0.486099 0.575266
0.660072 -0.489113 0.570153
0.661458 -0.490999 0.566915
0.661933 -0.491643 0.565802
VECTORS q2 float
-0.201256 0.671177 -0.713455
-0.200767 0.671955 -0.712860
-0.199235 0.674331 -0.711044
-0.196527 0.678382 -0.707937
-0.192488 0.684206 -0.703428
-0.186890 0.691938 -0.697347
-0.179522 0.701705 -0.689480
-0.170228 0.713599 -0.679558
-0.159175 0.727471 -0.667420
-0.146247 0.743428 -0.652630
-0.131741 0.761243 -0.634944
-0.116068 0.780581 -0.614184
-0.099628 0.801113 -0.590163
-0.082959 0.822360 -0.562886
-0.066845 0.843508 -0.532941
-0.051740 0.864049 -0.500742
-0.038165 0.883314 -0.467226
-0.026431 0.900798 -0.433434
-0.016673 0.916144 -0.400502
-0.008870 0.929124 -0.369663
-0.002819 0.939752 -0.341844
0.001713 0.948041 -0.318144
0.005042 0.954164 -0.299243
0.007467 0.958332 -0.285558
0.009237 0.960732 -0.277324
0.010529 0.961527 -0.274507
0.011446 0.960816 -0.276949
0.012019 0.958639 -0.284370
0.012197 0.954960 -0.296485
0.011880 0.949691 -0.312964
0.010912 0.942692 -0.333484
0.009053 0.933716 -0.357901
0.006027 0.922498 -0.385954
0.001462 0.908650 -0.417556
-0.004919 0.892035 -0.451940
-0.013706 0.871978 -0.489353
-0.025103 0.848589 -0.528456
-0.039728 0.821232 -0.569210
-0.057667 0.790236 -0.610083
-0.079274 0.755410 -0.650439
-0.104362 0.717405 -0.688795
-0.132621 0.676934 -0.723997
-0.163505 0.634940 -0.755061
-0.196596 0.592062 -0.781545
-0.230711 0.549889 -0.802742
-0.265214 0.509136 -0.818806
-0.299050 0.470956 -0.829921
-0.331396 0.436104 -0.836654
-0.361723 0.404922 -0.839758
-0.389262 0.377954 -0.840015
-0.413617 0.355282 -0.838269
-0.434466 0.336885 -0.835313
-0.451538 0.322674 -0.831862
-0.464665 0.312454 -0.828528
-0.473761 0.305963 -0.825795
-0.478837 0.302865 -0.824007
-0.479985 0.302782 -0.823370
-0.477405 0.305277 -0.823948
-0.471399 0.309875 -0.825688
-0.462371 0.316071 -0.828440
-0.450833 0.323347 -0.831983
-0.437403 0.331193 -0.836056
-0.422656 0.339185 -0.840425
-0.407428 0.346882 -0.844793
-0.392122 0.354093 -0.849034
-0.377649 0.360550 -0.852869
-0.364023 0.366318 -0.856328
-0.351541 0.371415 -0.859343
-0.340465 0.375927 -0.861837
-0.330608 0.380017 -0.863878
-0.321508 0.383828 -0.865626
-0.313011 0.387511 -0.867098
-0.304409 0.391151 -0.868525
-0.295131 0.394810 -0.870070
-0.284573 0.398509 -0.871900
-0.272257 0.402259 -0.874107
-0.257308 0.405939 -0.876930
-0.239378 0.409489 -0.880350
-0.218054 0.412805 -0.884333
-0.193012 0.415785 -0.888746
-0.164020 0.418348 -0.893354
-0.130563 0.420397 -0.897897
-0.093395 0.422057 -0.901746
-0.051677 0.423299 -0.904515
-0.006060 0.424343 -0.905481
0.042577 0.425453 -0.903978
0.095006 0.426875 -0.899306
0.150074 0.429025 -0.890739
0.207130 0.432325 -0.877606
0.265384 0.437226 -0.859305
0.323860 0.444172 -0.835359
0.381402 0.453553 -0.805495
0.436110 0.465415 -0.770193
0.487926 0.480283 -0.728873
0.534388 0.497530 -0.683296
0.575054 0.517024 -0.634033
0.608884 0.537834 -0.583091
0.636074 0.559545 -0.531338
0.656611 0.581034 -0.480897
0.671418 0.602233 -0.431872
0.681023 0.621843 -0.386676
0.686523 0.639661 -0.345717
0.688928 0.655313 -0.309746
0.689182 0.668789 -0.278838
0.688070 0.680149 -0.252897
0.686286 0.689366 -0.231919
0.684318 0.696641 -0.215406
0.682479 0.702228 -0.202728
0.680927 0.706416 -0.193171
0.679694 0.709516 -0.186018
0.678755 0.711799 -0.180650
0.678013 0.713543 -0.176506
0.677392 0.714945 -0.173187
0.676809 0.716170 -0.170385
0.676203 0.717331 -0.167889
0.675542 0.718491 -0.165572
0.674811 0.719684 -0.163354
0.674014 0.720917 -0.161193
0.673161 0.722185 -0.159071
0.672268 0.723472 -0.156982
0.671360 0.724755 -0.154938
0.670460 0.726008 -0.152957
0.669601 0.727191 -0.151088
0.668819 0.728261 -0.149388
0.668157 0.729162 -0.147946
0.667652 0.729849 -0.146838
0.667337 0.730276 -0.146144
0.667230 0.730422 -0.145906
VECTORS q3 float
0.662142 0.629963 0.405851
0.661270 0.629839 0.407461
0.658588 0.629435 0.412399
0.653940 0.628665 0.420883
0.647104 0.627391 0.433171
0.637723 0.625404 0.449642
0.625387 0.622420 0.470621
0.609665 0.618058 0.496299
0.590471 0.611945 0.526182
0.567299 0.603493 0.560329
0.540132 0.592215 0.597945
0.509123 0.577705 0.638005
0.474402 0.559606 0.679547
0.436361 0.537783 0.721373
0.396116 0.512674 0.761746
0.354383 0.484667 0.799694
0.312427 0.454674 0.834063
0.271474 0.423759 0.864136
0.232710 0.393113 0.889555
0.197295 0.364037 0.910248
0.165929 0.337547 0.926569
0.139431 0.314811 0.938857
0.118129 0.296583 0.947673
0.102081 0.283344 0.953570
0.091207 0.275370 0.957002
0.085210 0.272661 0.958329
0.083762 0.275072 0.957768
0.086503 0.282327 0.955410
0.093122 0.294134 0.951217
0.103370 0.310142 0.945054
0.117073 0.330006 0.936691
0.134241 0.353541 0.925737
0.154858 0.380444 0.911747
0.179066 0.410570 0.894074
0.206500 0.443110 0.872359
0.237625 0.478219 0.845483
0.271603 0.514528 0.813322
0.308725 0.551876 0.774675
0.347948 0.588693 0.729639
0.389034 0.624197 0.677518
0.430845 0.656827 0.618831
0.472423 0.685311 0.554225
0.512790 0.708544 0.484780
0.551404 0.725869 0.411179
0.587052 0.736594 0.335856
0.619453 0.740744 0.259954
0.648082 0.738606 0.185610
0.672862 0.730862 0.114442
0.694066 0.718349 0.047413
0.711896 0.702146 -0.013970
0.726909 0.683250 -0.069090
0.739726 0.662565 -0.117534
0.750994 0.640866 -0.159055
0.761377 0.618703 -0.193680
0.771484 0.596399 -0.221633
0.781842 0.574024 -0.243351
0.792818 0.551516 -0.259363
0.804642 0.528639 -0.270355
0.817383 0.505071 -0.277107
0.830953 0.480481 -0.280457
0.845119 0.454599 -0.281273
0.859527 0.427293 -0.280416
0.873858 0.398379 -0.278689
0.887538 0.368311 -0.276810
0.900372 0.336953 -0.275304
0.911751 0.305476 -0.274582
0.921757 0.273577 -0.274807
0.930224 0.241898 -0.275986
0.937041 0.211402 -0.277962
0.942398 0.182237 -0.280492
0.946587 0.154058 -0.283267
0.949749 0.127762 -0.285750
0.952260 0.102798 -0.287461
0.954410 0.079203 -0.287800
0.956493 0.056995 -0.286133
0.958770 0.036504 -0.281828
0.961547 0.017382 -0.274090
0.964982 0.000160 -0.262316
0.969193 -0.014748 -0.245862
0.974192 -0.026830 -0.224121
0.979856 -0.035502 -0.196527
0.985936 -0.040245 -0.162207
0.991756 -0.040370 -0.121613
0.996668 -0.035377 -0.073498
0.999522 -0.024891 -0.018355
0.999040 -0.008804 0.042911
0.993694 0.013378 0.111328
0.981811 0.041308 0.185314
0.961706 0.074610 0.263733
0.931801 0.112595 0.345063
0.890837 0.154194 0.427356
0.838113 0.197957 0.508311
0.774539 0.241600 0.584567
0.699565 0.284241 0.655604
0.616986 0.322932 0.717665
0.528665 0.356611 0.770287
0.438905 0.383878 0.812404
0.349715 0.404767 0.844904
0.264838 0.419383 0.868319
0.184080 0.428968 0.884365
0.110719 0.434542 0.893820
0.044399 0.437702 0.898023
-0.014726 0.439903 0.897924
-0.067501 0.442408 0.894270
-0.114751 0.446116 0.887588
-0.156654 0.451477 0.878424
-0.193842 0.458575 0.867257
-0.226797 0.467137 0.854603
-0.255894 0.476642 0.841030
-0.281423 0.486452 0.827143
-0.303441 0.495857 0.813664
-0.322188 0.504324 0.801157
-0.337657 0.511352 0.790257
-0.349996 0.516661 0.781386
-0.359357 0.520100 0.774828
-0.365888 0.521628 0.770734
-0.369802 0.521310 0.769079
-0.371356 0.519294 0.769694
-0.370864 0.515794 0.772280
-0.368691 0.511074 0.776447
-0.365245 0.505456 0.781735
-0.360951 0.499283 0.787674
-0.356275 0.492977 0.793752
-0.351655 0.486955 0.799508
-0.347546 0.481695 0.804476
-0.344305 0.477587 0.808310
-0.342248 0.474992 0.810709
-0.341540 0.474100 0.811529
