# vtk DataFile Version 2.0
VTK example
ASCII
DATASET UNSTRUCTURED_GRID
POINTS  128  float
-0.000445 -0.000122 -0.000187
-0.000441 -0.000123 -0.000179
-0.000437 -0.000123 -0.000171
-0.000432 -0.000123 -0.000163
-0.000428 -0.000124 -0.000155
-0.000423 -0.000124 -0.000148
-0.000417 -0.000124 -0.000141
-0.000412 -0.000125 -0.000134
-0.000405 -0.000125 -0.000127
-0.000398 -0.000125 -0.000122
-0.000391 -0.000125 -0.000116
-0.000383 -0.000125 -0.000112
-0.000375 -0.000125 -0.000108
-0.000366 -0.000125 -0.000105
-0.000357 -0.000125 -0.000103
-0.000348 -0.000124 -0.000102
-0.000339 -0.000124 -0.000101
-0.000330 -0.000123 -0.000102
-0.000321 -0.000123 -0.000103
-0.000312 -0.000122 -0.000104
-0.000304 -0.000121 -0.000107
-0.000295 -0.000120 -0.000110
-0.000287 -0.000119 -0.000113
-0.000279 -0.000118 -0.000117
-0.000271 -0.000117 -0.000121
-0.000263 -0.000116 -0.000125
-0.000255 -0.000115 -0.000130
-0.000247 -0.000114 -0.000135
-0.000240 -0.000113 -0.000139
-0.000232 -0.000112 -0.000144
-0.000225 -0.000111 -0.000150
-0.000218 -0.000110 -0.000155
-0.000210 -0.000108 -0.000159
-0.000203 -0.000107 -0.000164
-0.000195 -0.000106 -0.000169
-0.000187 -0.000104 -0.000174
-0.000179 -0.000103 -0.000178
-0.000172 -0.000101 -0.000182
-0.000164 -0.000099 -0.000186
-0.000155 -0.000098 -0.000190
-0.000147 -0.000096 -0.000193
-0.000139 -0.000094 -0.000196
-0.000131 -0.000092 -0.000199
-0.000122 -0.000090 -0.000202
-0.000114 -0.000088 -0.000204
-0.000105 -0.000086 -0.000206
-0.000096 -0.000083 -0.000207
-0.000088 -0.000081 -0.000208
-0.000079 -0.000078 -0.000208
-0.000070 -0.000076 -0.000207
-0.000062 -0.000073 -0.000206
-0.000054 -0.000070 -0.000205
-0.000046 -0.000066 -0.000202
-0.000038 -0.000063 -0.000199
-0.000030 -0.000060 -0.000195
-0.000023 -0.000056 -0.000190
-0.000017 -0.000053 -0.000185
-0.000011 -0.000049 -0.000179
-0.000006 -0.000045 -0.000173
-0.000001 -0.000042 -0.000166
0.000003 -0.000038 -0.000159
0.000007 -0.000034 -0.000152
0.000010 -0.000031 -0.000144
0.000013 -0.000027 -0.000136
0.000015 -0.000024 -0.000128
0.000017 -0.000020 -0.000120
0.000018 -0.000016 -0.000112
0.000020 -0.000013 -0.000104
0.000021 -0.000009 -0.000095
0.000021 -0.000006 -0.000087
0.000022 -0.000002 -0.000079
0.000022 0.000001 -0.000070
0.000023 0.000005 -0.000062
0.000023 0.000008 -0.000054
0.000023 0.000012 -0.000045
0.000024 0.000016 -0.000037
0.000024 0.000020 -0.000029
0.000024 0.000023 -0.000021
0.000025 0.000027 -0.000013
0.000026 0.000031 -0.000004
0.000026 0.000035 0.000004
0.000027 0.000040 0.000011
0.000029 0.000044 0.000019
0.000030 0.000049 0.000027
0.000032 0.000053 0.000034
0.000034 0.000058 0.000042
0.000037 0.000063 0.000049
0.000040 0.000069 0.000055
0.000043 0.000074 0.000062
0.000047 0.000080 0.000067
0.000052 0.000086 0.000073
0.000057 0.000092 0.000077
0.000063 0.000098 0.000081
0.000069 0.000104 0.000085
0.000075 0.000109 0.000087
0.000082 0.000115 0.000089
0.000089 0.000120 0.000090
0.000096 0.000126 0.000091
0.000104 0.000131 0.000091
0.000112 0.000135 0.000090
0.000119 0.000140 0.000088
0.000127 0.000144 0.000086
0.000135 0.000148 0.000084
0.000143 0.000151 0.000081
0.000151 0.000155 0.000078
0.000158 0.000158 0.000074
0.000166 0.000161 0.000070
0.000173 0.000164 0.000066
0.000181 0.000167 0.000062
0.000188 0.000169 0.000057
0.000196 0.000172 0.000053
0.000203 0.000174 0.000048
0.000211 0.000176 0.000043
0.000218 0.000178 0.000039
0.000226 0.000180 0.000034
0.000233 0.000181 0.000029
0.000241 0.000183 0.000025
0.000249 0.000184 0.000021
0.000257 0.000185 0.000017
0.000265 0.000187 0.000013
0.000273 0.000187 0.000009
0.000282 0.000188 0.000006
0.000290 0.000189 0.000003
0.000299 0.000190 0.000001
0.000308 0.000190 -0.000002
0.000316 0.000191 -0.000004
0.000325 0.000191 -0.000006
0.000334 0.000192 -0.000008
CELLS  127 381
2 0 1 
2 1 2 
2 2 3 
2 3 4 
2 4 5 
2 5 6 
2 6 7 
2 7 8 
2 8 9 
2 9 10 
2 10 11 
2 11 12 
2 12 13 
2 13 14 
2 14 15 
2 15 16 
2 16 17 
2 17 18 
2 18 19 
2 19 20 
2 20 21 
2 21 22 
2 22 23 
2 23 24 
2 24 25 
2 25 26 
2 26 27 
2 27 28 
2 28 29 
2 29 30 
2 30 31 
2 31 32 
2 32 33 
2 33 34 
2 34 35 
2 35 36 
2 36 37 
2 37 38 
2 38 39 
2 39 40 
2 40 41 
2 41 42 
2 42 43 
2 43 44 
2 44 45 
2 45 46 
2 46 47 
2 47 48 
2 48 49 
2 49 50 
2 50 51 
2 51 52 
2 52 53 
2 53 54 
2 54 55 
2 55 56 
2 56 57 
2 57 58 
2 58 59 
2 59 60 
2 60 61 
2 61 62 
2 62 63 
2 63 64 
2 64 65 
2 65 66 
2 66 67 
2 67 68 
2 68 69 
2 69 70 
2 70 71 
2 71 72 
2 72 73 
2 73 74 
2 74 75 
2 75 76 
2 76 77 
2 77 78 
2 78 79 
2 79 80 
2 80 81 
2 81 82 
2 82 83 
2 83 84 
2 84 85 
2 85 86 
2 86 87 
2 87 88 
2 88 89 
2 89 90 
2 90 91 
2 91 92 
2 92 93 
2 93 94 
2 94 95 
2 95 96 
2 96 97 
2 97 98 
2 98 99 
2 99 100 
2 100 101 
2 101 102 
2 102 103 
2 103 104 
2 104 105 
2 105 106 
2 106 107 
2 107 108 
2 108 109 
2 109 110 
2 110 111 
2 111 112 
2 112 113 
2 113 114 
2 114 115 
2 115 116 
2 116 117 
2 117 118 
2 118 119 
2 119 120 
2 120 121 
2 121 122 
2 122 123 
2 123 124 
2 124 125 
2 125 126 
2 126 127 
CELL_TYPES  127
3
3
3
3
3
3
3
3
3
3
3
3
3
3
3
3
3
3
3
3
3
3
3
3
3
3
3
3
3
3
3
3
3
3
3
3
3
3
3
3
3
3
3
3
3
3
3
3
3
3
3
3
3
3
3
3
3
3
3
3
3
3
3
3
3
3
3
3
3
3
3
3
3
3
3
3
3
3
3
3
3
3
3
3
3
3
3
3
3
3
3
3
3
3
3
3
3
3
3
3
3
3
3
3
3
3
3
3
3
3
3
3
3
3
3
3
3
3
3
3
3
3
3
3
3
3
3
POINT_DATA  128
VECTORS Position float
-0.000445 -0.000122 -0.000187
-0.000441 -0.000123 -0.000179
-0.000437 -0.000123 -0.000171
-0.000432 -0.000123 -0.000163
-0.000428 -0.000124 -0.000155
-0.000423 -0.000124 -0.000148
-0.000417 -0.000124 -0.000141
-0.000412 -0.000125 -0.000134
-0.000405 -0.000125 -0.000127
-0.000398 -0.000125 -0.000122
-0.000391 -0.000125 -0.000116
-0.000383 -0.000125 -0.000112
-0.000375 -0.000125 -0.000108
-0.000366 -0.000125 -0.000105
-0.000357 -0.000125 -0.000103
-0.000348 -0.000124 -0.000102
-0.000339 -0.000124 -0.000101
-0.000330 -0.000123 -0.000102
-0.000321 -0.000123 -0.000103
-0.000312 -0.000122 -0.000104
-0.000304 -0.000121 -0.000107
-0.000295 -0.000120 -0.000110
-0.000287 -0.000119 -0.000113
-0.000279 -0.000118 -0.000117
-0.000271 -0.000117 -0.000121
-0.000263 -0.000116 -0.000125
-0.000255 -0.000115 -0.000130
-0.000247 -0.000114 -0.000135
-0.000240 -0.000113 -0.000139
-0.000232 -0.000112 -0.000144
-0.000225 -0.000111 -0.000150
-0.000218 -0.000110 -0.000155
-0.000210 -0.000108 -0.000159
-0.000203 -0.000107 -0.000164
-0.000195 -0.000106 -0.000169
-0.000187 -0.000104 -0.000174
-0.000179 -0.000103 -0.000178
-0.000172 -0.000101 -0.000182
-0.000164 -0.000099 -0.000186
-0.000155 -0.000098 -0.000190
-0.000147 -0.000096 -0.000193
-0.000139 -0.000094 -0.000196
-0.000131 -0.000092 -0.000199
-0.000122 -0.000090 -0.000202
-0.000114 -0.000088 -0.000204
-0.000105 -0.000086 -0.000206
-0.000096 -0.000083 -0.000207
-0.000088 -0.000081 -0.000208
-0.000079 -0.000078 -0.000208
-0.000070 -0.000076 -0.000207
-0.000062 -0.000073 -0.000206
-0.000054 -0.000070 -0.000205
-0.000046 -0.000066 -0.000202
-0.000038 -0.000063 -0.000199
-0.000030 -0.000060 -0.000195
-0.000023 -0.000056 -0.000190
-0.000017 -0.000053 -0.000185
-0.000011 -0.000049 -0.000179
-0.000006 -0.000045 -0.000173
-0.000001 -0.000042 -0.000166
0.000003 -0.000038 -0.000159
0.000007 -0.000034 -0.000152
0.000010 -0.000031 -0.000144
0.000013 -0.000027 -0.000136
0.000015 -0.000024 -0.000128
0.000017 -0.000020 -0.000120
0.000018 -0.000016 -0.000112
0.000020 -0.000013 -0.000104
0.000021 -0.000009 -0.000095
0.000021 -0.000006 -0.000087
0.000022 -0.000002 -0.000079
0.000022 0.000001 -0.000070
0.000023 0.000005 -0.000062
0.000023 0.000008 -0.000054
0.000023 0.000012 -0.000045
0.000024 0.000016 -0.000037
0.000024 0.000020 -0.000029
0.000024 0.000023 -0.000021
0.000025 0.000027 -0.000013
0.000026 0.000031 -0.000004
0.000026 0.000035 0.000004
0.000027 0.000040 0.000011
0.000029 0.000044 0.000019
0.000030 0.000049 0.000027
0.000032 0.000053 0.000034
0.000034 0.000058 0.000042
0.000037 0.000063 0.000049
0.000040 0.000069 0.000055
0.000043 0.000074 0.000062
0.000047 0.000080 0.000067
0.000052 0.000086 0.000073
0.000057 0.000092 0.000077
0.000063 0.000098 0.000081
0.000069 0.000104 0.000085
0.000075 0.000109 0.000087
0.000082 0.000115 0.000089
0.000089 0.000120 0.000090
0.000096 0.000126 0.000091
0.000104 0.000131 0.000091
0.000112 0.000135 0.000090
0.000119 0.000140 0.000088
0.000127 0.000144 0.000086
0.000135 0.000148 0.000084
0.000143 0.000151 0.000081
0.000151 0.000155 0.000078
0.000158 0.000158 0.000074
0.000166 0.000161 0.000070
0.000173 0.000164 0.000066
0.000181 0.000167 0.000062
0.000188 0.000169 0.000057
0.000196 0.000172 0.000053
0.000203 0.000174 0.000048
0.000211 0.000176 0.000043
0.000218 0.000178 0.000039
0.000226 0.000180 0.000034
0.000233 0.000181 0.000029
0.000241 0.000183 0.000025
0.000249 0.000184 0.000021
0.000257 0.000185 0.000017
0.000265 0.000187 0.000013
0.000273 0.000187 0.000009
0.000282 0.000188 0.000006
0.000290 0.000189 0.000003
0.000299 0.000190 0.000001
0.000308 0.000190 -0.000002
0.000316 0.000191 -0.000004
0.000325 0.000191 -0.000006
0.000334 0.000192 -0.000008
VECTORS Rotation float
0.664028 -0.033897 -0.462525
0.663900 -0.034189 -0.468735
0.663504 -0.034986 -0.487357
0.662819 -0.036045 -0.518053
0.661841 -0.036987 -0.560128
0.660576 -0.037355 -0.613063
0.659077 -0.036640 -0.676174
0.657465 -0.034343 -0.748596
0.656004 -0.030091 -0.827922
0.654915 -0.023563 -0.913814
0.654522 -0.014710 -1.004346
0.655127 -0.003716 -1.097710
0.656960 0.009096 -1.192856
0.660178 0.023203 -1.288647
0.664815 0.037782 -1.382861
0.670781 0.052185 -1.474903
0.677864 0.065651 -1.563362
0.685766 0.077577 -1.647232
0.694149 0.087536 -1.725708
0.702663 0.095291 -1.798017
0.711031 0.100877 -1.864130
0.718989 0.104460 -1.923445
0.726377 0.106419 -1.975985
0.733107 0.107267 -2.021924
0.739131 0.107591 -2.061282
0.744450 0.108004 -2.094272
0.749066 0.109075 -2.120858
0.752986 0.111261 -2.140979
0.756206 0.114861 -2.154712
0.758709 0.119960 -2.162089
0.760466 0.126437 -2.163293
0.761434 0.134051 -2.158686
0.761588 0.142408 -2.148782
0.760897 0.151131 -2.134161
0.759432 0.159700 -2.115775
0.757142 0.167986 -2.093988
0.754171 0.175663 -2.069891
0.750457 0.182880 -2.043521
0.746096 0.189686 -2.015537
0.740993 0.196423 -1.985663
0.735116 0.203373 -1.953909
0.728333 0.210881 -1.919860
0.720454 0.219273 -1.882913
0.711146 0.228914 -1.841942
0.700206 0.239918 -1.796592
0.687225 0.252510 -1.745763
0.671933 0.266654 -1.689163
0.654033 0.282262 -1.626478
0.633163 0.299200 -1.557238
0.609246 0.316987 -1.482013
0.582151 0.335141 -1.401012
0.551906 0.353021 -1.314760
0.518771 0.369858 -1.224195
0.483185 0.384903 -1.130419
0.445792 0.397496 -1.034743
0.407334 0.407188 -0.938463
0.368725 0.413756 -0.843137
0.330832 0.417280 -0.750149
0.294451 0.418108 -0.660764
0.260252 0.416796 -0.576090
0.228750 0.414026 -0.497064
0.200301 0.410509 -0.424422
0.174872 0.406859 -0.358129
0.152752 0.403622 -0.299032
0.133490 0.401093 -0.246237
0.117448 0.399508 -0.200796
0.103950 0.398868 -0.161269
0.092912 0.399118 -0.127578
0.084407 0.400139 -0.099922
0.078185 0.401803 -0.077744
0.073898 0.404031 -0.060308
0.071690 0.406703 -0.047806
0.071294 0.409889 -0.039683
0.072641 0.413681 -0.035728
0.075671 0.418242 -0.035731
0.080366 0.423746 -0.039476
0.086672 0.430621 -0.046927
0.094639 0.439121 -0.057985
0.104379 0.449584 -0.072759
0.116101 0.462337 -0.091517
0.130121 0.477655 -0.114701
0.146991 0.495912 -0.143236
0.167047 0.516687 -0.177189
0.191340 0.540320 -0.218318
0.220567 0.566116 -0.267203
0.255363 0.593066 -0.324242
0.297380 0.620808 -0.391815
0.347114 0.647665 -0.469945
0.405091 0.672070 -0.558980
0.471292 0.692311 -0.658639
0.544884 0.706680 -0.767749
0.624094 0.713705 -0.884136
0.705431 0.712454 -1.003345
0.787712 0.702593 -1.124871
0.866175 0.684791 -1.242432
0.939386 0.660025 -1.354771
1.005053 0.630211 -1.458673
1.063271 0.596770 -1.554455
1.113406 0.561859 -1.640608
1.156922 0.526095 -1.719324
1.193430 0.491611 -1.788834
1.224099 0.458917 -1.850444
1.249625 0.428650 -1.904484
1.270886 0.400809 -1.951883
1.288574 0.375237 -1.993333
1.303097 0.351979 -2.028862
1.314926 0.330713 -2.058863
1.324431 0.311086 -2.083591
1.331906 0.292730 -2.103215
1.337593 0.275272 -2.117833
1.341671 0.258482 -2.127374
1.344305 0.242009 -2.131821
1.345643 0.225746 -2.131044
1.345829 0.209508 -2.124965
1.345017 0.193190 -2.113571
1.343394 0.176822 -2.097014
1.341155 0.160490 -2.075596
1.338511 0.144402 -2.049845
1.335664 0.128831 -2.020492
1.332800 0.114099 -1.988492
1.330083 0.100565 -1.955075
1.327619 0.088500 -1.921529
1.325500 0.078173 -1.889457
1.323754 0.069693 -1.860306
1.322409 0.063154 -1.835725
1.321454 0.058519 -1.816979
1.320890 0.055780 -1.805307
1.320702 0.054870 -1.801321
VECTORS ControlForce float
0.000000 0.000000 0.000000
-0.000168 0.000045 0.000012
-0.000335 0.000068 0.000032
-0.000494 0.000062 0.000044
-0.000630 0.000029 0.000032
-0.000724 -0.000022 -0.000003
-0.000780 -0.000096 -0.000038
-0.000774 -0.000179 -0.000079
-0.000706 -0.000268 -0.000129
-0.000591 -0.000363 -0.000174
-0.000447 -0.000457 -0.000214
-0.000313 -0.000557 -0.000245
-0.000203 -0.000648 -0.000270
-0.000112 -0.000703 -0.000294
-0.000049 -0.000712 -0.000319
-0.000026 -0.000672 -0.000339
-0.000015 -0.000564 -0.000354
0.000002 -0.000387 -0.000355
0.000011 -0.000176 -0.000339
-0.000003 0.000035 -0.000309
-0.000033 0.000228 -0.000266
-0.000072 0.000389 -0.000220
-0.000133 0.000491 -0.000178
-0.000198 0.000524 -0.000141
-0.000262 0.000477 -0.000115
-0.000287 0.000370 -0.000097
-0.000230 0.000245 -0.000080
-0.000100 0.000123 -0.000072
0.000095 0.000038 -0.000069
0.000331 0.000016 -0.000071
0.000539 0.000036 -0.000089
0.000692 0.000095 -0.000111
0.000773 0.000181 -0.000125
0.000754 0.000264 -0.000136
0.000628 0.000321 -0.000149
0.000437 0.000353 -0.000151
0.000215 0.000357 -0.000143
-0.000020 0.000314 -0.000123
-0.000253 0.000221 -0.000096
-0.000457 0.000095 -0.000057
-0.000613 -0.000036 -0.000007
-0.000712 -0.000144 0.000047
-0.000753 -0.000211 0.000107
-0.000714 -0.000209 0.000180
-0.000598 -0.000143 0.000255
-0.000422 -0.000037 0.000324
-0.000222 0.000069 0.000371
-0.000027 0.000143 0.000392
0.000164 0.000181 0.000391
0.000327 0.000174 0.000364
0.000466 0.000140 0.000318
0.000573 0.000101 0.000256
0.000636 0.000078 0.000182
0.000631 0.000069 0.000108
0.000577 0.000089 0.000038
0.000492 0.000130 -0.000020
0.000409 0.000188 -0.000072
0.000348 0.000250 -0.000128
0.000293 0.000280 -0.000181
0.000226 0.000253 -0.000219
0.000158 0.000184 -0.000255
0.000083 0.000078 -0.000281
0.000001 -0.000049 -0.000292
-0.000079 -0.000176 -0.000294
-0.000143 -0.000273 -0.000299
-0.000191 -0.000327 -0.000318
-0.000225 -0.000346 -0.000321
-0.000243 -0.000338 -0.000302
-0.000244 -0.000294 -0.000289
-0.000236 -0.000218 -0.000282
-0.000227 -0.000122 -0.000266
-0.000226 -0.000019 -0.000247
-0.000229 0.000079 -0.000211
-0.000226 0.000166 -0.000158
-0.000202 0.000244 -0.000103
-0.000148 0.000311 -0.000059
-0.000068 0.000352 -0.000004
0.000030 0.000373 0.000046
0.000133 0.000370 0.000084
0.000229 0.000341 0.000108
0.000310 0.000279 0.000133
0.000368 0.000190 0.000163
0.000395 0.000079 0.000188
0.000383 -0.000042 0.000217
0.000327 -0.000163 0.000242
0.000226 -0.000277 0.000259
0.000097 -0.000360 0.000273
-0.000054 -0.000413 0.000284
-0.000221 -0.000452 0.000295
-0.000397 -0.000480 0.000297
-0.000556 -0.000465 0.000273
-0.000678 -0.000401 0.000221
-0.000754 -0.000304 0.000153
-0.000796 -0.000225 0.000094
-0.000791 -0.000150 0.000035
-0.000740 -0.000098 -0.000019
-0.000634 -0.000061 -0.000070
-0.000492 -0.000064 -0.000103
-0.000322 -0.000097 -0.000116
-0.000126 -0.000112 -0.000098
0.000078 -0.000097 -0.000066
0.000264 -0.000061 -0.000027
0.000403 -0.000036 0.000012
0.000493 -0.000019 0.000058
0.000529 -0.000022 0.000112
0.000519 -0.000050 0.000161
0.000485 -0.000077 0.000203
0.000435 -0.000106 0.000236
0.000374 -0.000142 0.000259
0.000310 -0.000173 0.000277
0.000243 -0.000204 0.000287
0.000180 -0.000207 0.000297
0.000123 -0.000159 0.000308
0.000072 -0.000042 0.000322
0.000014 0.000113 0.000330
-0.000044 0.000291 0.000328
-0.000085 0.000490 0.000318
-0.000094 0.000704 0.000300
-0.000064 0.000905 0.000272
0.000006 0.001079 0.000234
0.000107 0.001218 0.000190
0.000218 0.001304 0.000141
0.000313 0.001314 0.000092
0.000370 0.001247 0.000053
0.000364 0.001062 0.000021
0.000291 0.000775 0.000004
0.000165 0.000420 -0.000002
-0.000000 -0.000000 -0.000000
VECTORS ControlTorque float
-0.000000 -0.000005 0.000000
-0.000000 -0.000005 -0.000000
-0.000000 -0.000005 -0.000000
-0.000000 -0.000005 -0.000000
0.000000 -0.000004 -0.000000
0.000000 -0.000004 -0.000000
0.000000 -0.000005 -0.000000
0.000001 -0.000002 -0.000001
0.000001 -0.000003 -0.000001
0.000001 -0.000002 -0.000001
0.000000 -0.000001 -0.000001
0.000000 -0.000001 -0.000001
0.000000 -0.000001 -0.000001
0.000000 0.000001 -0.000000
0.000000 0.000001 -0.000000
-0.000000 0.000002 0.000000
-0.000000 0.000002 0.000000
-0.000000 0.000002 0.000001
-0.000000 0.000003 0.000001
-0.000000 0.000002 0.000001
-0.000000 0.000003 0.000001
-0.000000 0.000003 0.000001
-0.000000 0.000003 0.000000
-0.000000 0.000003 0.000000
-0.000000 0.000002 0.000000
-0.000000 0.000003 -0.000000
-0.000001 0.000003 -0.000000
-0.000001 0.000003 -0.000000
-0.000001 0.000003 -0.000000
-0.000001 0.000003 -0.000000
-0.000001 0.000002 -0.000000
-0.000000 0.000002 -0.000000
-0.000000 0.000002 -0.000000
-0.000000 0.000001 0.000000
-0.000000 0.000002 0.000000
0.000000 0.000000 0.000000
-0.000000 0.000001 0.000000
0.000000 0.000000 0.000000
-0.000000 0.000001 0.000000
-0.000000 0.000001 -0.000000
-0.000000 0.000001 -0.000000
-0.000000 0.000001 -0.000000
-0.000001 0.000002 -0.000001
-0.000001 0.000001 -0.000001
-0.000001 0.000002 -0.000001
-0.000001 0.000002 -0.000001
-0.000001 0.000002 -0.000001
-0.000001 0.000003 -0.000001
-0.000001 0.000002 -0.000001
-0.000001 0.000002 -0.000001
-0.000000 0.000002 -0.000001
-0.000000 0.000001 -0.000001
-0.000000 0.000001 -0.000001
0.000000 0.000000 -0.000000
0.000000 -0.000000 -0.000000
0.000000 -0.000001 0.000000
0.000000 -0.000001 0.000000
0.000001 -0.000001 0.000000
0.000001 -0.000002 0.000000
0.000001 -0.000002 0.000001
0.000001 -0.000002 0.000001
0.000001 -0.000002 0.000000
0.000001 -0.000003 0.000001
0.000001 -0.000001 0.000000
0.000001 -0.000003 0.000001
0.000001 -0.000001 0.000001
0.000001 -0.000002 0.000001
0.000001 -0.000002 0.000001
0.000000 -0.000002 0.000001
0.000000 -0.000001 0.000001
0.000000 -0.000002 0.000001
0.000000 -0.000001 0.000001
0.000000 -0.000001 0.000001
0.000000 -0.000001 0.000001
0.000000 -0.000001 0.000001
0.000001 -0.000001 0.000001
0.000001 -0.000001 0.000001
0.000001 -0.000001 0.000001
0.000001 -0.000001 0.000001
0.000001 -0.000001 0.000001
0.000002 -0.000002 0.000001
0.000001 -0.000001 0.000000
0.000002 -0.000002 0.000001
0.000002 -0.000002 0.000001
0.000001 -0.000001 0.000001
0.000002 -0.000003 0.000001
0.000001 -0.000002 0.000001
0.000001 -0.000002 0.000001
0.000001 -0.000002 0.000001
0.000001 -0.000001 0.000001
0.000001 -0.000002 0.000001
-0.000001 0.000001 0.000000
0.000001 -0.000002 0.000002
-0.000001 0.000002 -0.000001
0.000000 -0.000001 0.000001
-0.000001 0.000002 -0.000001
-0.000000 0.000000 -0.000000
-0.000002 0.000003 -0.000002
0.000000 -0.000000 -0.000000
-0.000002 0.000003 -0.000002
-0.000001 0.000001 -0.000001
-0.000002 0.000002 -0.000001
-0.000001 0.000002 -0.000001
-0.000001 0.000001 -0.000001
-0.000001 0.000002 -0.000001
-0.000001 0.000002 -0.000001
-0.000001 0.000002 -0.000000
-0.000001 0.000002 -0.000000
-0.000001 0.000002 -0.000000
-0.000001 0.000002 -0.000000
-0.000000 0.000002 0.000000
-0.000001 0.000002 0.000000
-0.000000 0.000002 0.000000
-0.000000 0.000002 0.000000
-0.000000 0.000002 0.000000
-0.000000 0.000002 0.000000
-0.000000 0.000002 0.000000
-0.000000 0.000002 -0.000000
-0.000000 0.000001 -0.000000
-0.000000 0.000001 -0.000000
-0.000000 0.000000 -0.000001
-0.000000 -0.000001 -0.000001
-0.000000 -0.000001 -0.000001
-0.000000 -0.000002 -0.000001
-0.000000 -0.000002 -0.000001
-0.000000 -0.000003 -0.000001
-0.000000 -0.000003 -0.000001
-0.000000 -0.000003 -0.000001
VECTORS Curvature float
-226.446080 320.671734 -5.400032
-735.078698 1033.586469 -16.832969
-1623.096150 2255.248989 -36.515038
-2383.218682 3244.605242 -53.212013
-3155.997010 4182.429995 -69.767264
-3928.611667 5040.405734 -85.401757
-4748.657699 5869.836774 -100.482546
-5419.373763 6437.960645 -114.990344
-6025.266170 6859.992322 -129.508124
-6649.722258 7257.950300 -143.511080
-7064.147552 7398.869472 -156.928868
-7377.422010 7439.290681 -169.661691
-7663.267638 7475.645707 -181.181690
-7717.489214 7332.488799 -190.237648
-7609.039078 7095.535688 -198.232342
-7426.576424 6858.840949 -203.476402
-7061.389755 6519.483722 -207.017371
-6613.545670 6162.205076 -208.793508
-6055.456832 5744.050519 -209.114673
-5482.361511 5335.274358 -208.598371
-4890.533079 4906.888323 -207.134133
-4261.028809 4415.788818 -205.315298
-3697.091230 3942.255596 -203.049822
-3170.436298 3439.699998 -200.425253
-2696.455487 2913.408636 -197.443127
-2276.605264 2363.117824 -194.107139
-1873.228830 1760.010840 -190.471572
-1500.355599 1138.529715 -186.663096
-1145.027253 511.599770 -182.766222
-785.072832 -104.179281 -178.813780
-432.573720 -680.905148 -174.639360
-89.806558 -1190.869349 -169.871801
248.629425 -1645.830280 -163.937241
552.736202 -1971.792729 -156.344809
841.709168 -2245.670269 -146.254079
1080.729806 -2430.677876 -133.741785
1283.181524 -2560.876568 -118.241279
1452.728100 -2689.445677 -100.387528
1580.765256 -2800.756714 -80.208255
1703.292906 -2976.387098 -58.470226
1794.632780 -3166.615161 -35.541841
1883.332297 -3414.568548 -11.985361
2018.013898 -3801.417135 11.779334
2163.555758 -4253.487773 34.710477
2320.223433 -4769.639676 56.791857
2507.505897 -5388.885460 76.814743
2659.415056 -5976.679991 94.399230
2829.187540 -6651.151804 109.146370
2967.846049 -7299.093312 119.618195
3055.188058 -7854.690070 126.254645
3131.140216 -8394.773164 128.200701
3170.992775 -8830.586723 125.355986
3177.660252 -9141.202092 117.931271
3154.170335 -9316.588729 106.103546
3108.190596 -9373.398710 90.412388
3033.204895 -9302.823599 71.176923
2920.895665 -9098.657551 49.096443
2774.693005 -8799.528327 24.587654
2587.434406 -8409.017094 -1.792681
2359.222385 -7944.482255 -29.523122
2082.526591 -7374.560242 -58.068566
1799.286452 -6833.253455 -86.892417
1484.243189 -6184.109056 -115.318213
1183.768634 -5582.474722 -142.972630
889.987430 -4914.273979 -169.344801
618.494135 -4226.763708 -194.228303
409.936298 -3741.681548 -217.257050
216.264629 -3122.476108 -238.371035
61.932777 -2499.810375 -257.760243
-60.178630 -2022.934182 -275.327502
-158.452725 -1537.075440 -291.380549
-245.476763 -1049.658849 -305.780652
-339.076256 -638.771807 -319.013838
-446.739859 -228.512433 -331.016839
-561.204322 148.054060 -342.155174
-718.137295 508.219979 -352.500221
-925.973148 857.400868 -362.115667
-1157.415965 1184.826796 -370.913320
-1443.255362 1521.915604 -378.854457
-1758.441442 1856.368027 -385.552353
-2177.006104 2279.494132 -391.170633
-2572.303523 2672.977855 -394.206862
-2998.591666 3112.520926 -396.430947
-3536.414638 3694.803864 -395.826460
-3900.795889 4133.162625 -392.742399
-4349.747785 4714.220639 -389.952223
-4845.799563 5391.782172 -383.878061
-5190.246471 5954.608161 -378.291655
-5514.316721 6531.995538 -372.503172
-5761.120839 7045.405181 -367.472212
-5985.916980 7552.766703 -363.484388
-5989.660091 7763.406356 -361.167564
-6076.962364 8087.005651 -359.339118
-6114.645810 8274.173025 -359.033612
-5973.651978 8194.787167 -356.065600
-5831.221147 8029.645116 -353.236999
-5635.393160 7743.799088 -344.223378
-5388.927684 7320.326921 -335.382572
-5189.501376 6932.635565 -318.540280
-4962.713458 6477.805789 -304.986922
-4542.021644 5784.708223 -285.497852
-4190.867540 5209.617526 -267.557158
-3788.121726 4615.957076 -248.955017
-3448.062339 4156.014787 -231.959985
-3058.657427 3700.746171 -217.203649
-2622.293282 3259.905647 -204.167446
-2192.419950 2898.946826 -193.570009
-1746.966838 2590.023799 -185.225160
-1293.003916 2344.869844 -178.987071
-814.598846 2129.730554 -174.615052
-312.414033 1954.240993 -171.537892
211.180035 1806.403141 -169.344796
757.393573 1661.389982 -167.277465
1321.203818 1540.833938 -164.657722
1884.249382 1420.394380 -160.656309
2425.735329 1294.833550 -154.603395
2923.961010 1160.235420 -145.898304
3347.698142 1009.853334 -134.325738
3680.244826 846.629359 -120.047293
3877.564122 670.890820 -103.575371
3937.398809 494.184302 -86.024402
3827.001606 327.515769 -68.303401
3549.170720 183.414597 -51.805121
3100.287139 74.084474 -37.127861
2485.005535 4.748684 -24.905716
1762.229343 -24.799957 -15.166340
821.149078 -19.109313 -6.472839
266.876623 -7.558430 -2.049528
VECTORS LocalRotation float
0.818426 -0.187526 0.083485
0.814063 -0.181380 0.083384
0.803428 -0.166549 0.083144
0.785365 -0.141752 0.082739
0.760235 -0.108058 0.082181
0.728054 -0.066163 0.081476
0.688746 -0.016741 0.080634
0.642966 0.038674 0.079664
0.590969 0.099090 0.078553
0.533662 0.162922 0.077319
0.471643 0.229205 0.075960
0.406106 0.296542 0.074478
0.337931 0.364147 0.072888
0.268509 0.430984 0.071211
0.199000 0.496419 0.069450
0.130965 0.559561 0.067632
0.065382 0.620121 0.065774
0.003462 0.677543 0.063891
-0.053892 0.731445 0.061999
-0.106217 0.781691 0.060105
-0.153089 0.827971 0.058226
-0.194532 0.870189 0.056358
-0.230610 0.908080 0.054507
-0.261708 0.941508 0.052680
-0.288294 0.970297 0.050877
-0.310775 0.994150 0.049107
-0.329529 1.012783 0.047369
-0.344810 1.025912 0.045661
-0.356775 1.033376 0.043990
-0.365513 1.035221 0.042353
-0.371044 1.031655 0.040747
-0.373412 1.023168 0.039185
-0.372693 1.010312 0.037672
-0.369082 0.994010 0.036229
-0.362740 0.974830 0.034853
-0.354085 0.953777 0.033593
-0.343328 0.931063 0.032446
-0.330978 0.907363 0.031459
-0.317202 0.882430 0.030639
-0.302373 0.856344 0.030013
-0.286558 0.828569 0.029588
-0.269893 0.798750 0.029372
-0.252165 0.765959 0.029371
-0.233288 0.729597 0.029581
-0.212956 0.688682 0.029996
-0.191145 0.642786 0.030600
-0.167757 0.591342 0.031375
-0.142860 0.534059 0.032298
-0.116658 0.471006 0.033332
-0.089365 0.402338 0.034446
-0.061330 0.328698 0.035599
-0.032800 0.250717 0.036747
-0.004061 0.169364 0.037848
0.024604 0.085804 0.038863
0.052965 0.001161 0.039753
0.080757 -0.083358 0.040484
0.107715 -0.166671 0.041028
0.133507 -0.247723 0.041362
0.157789 -0.325650 0.041465
0.180185 -0.399690 0.041324
0.200301 -0.469068 0.040927
0.217908 -0.533512 0.040269
0.232735 -0.592293 0.039356
0.244854 -0.645740 0.038183
0.254190 -0.692995 0.036777
0.261081 -0.734753 0.035116
0.265729 -0.770768 0.033256
0.268543 -0.801608 0.031209
0.269806 -0.827143 0.028956
0.269814 -0.847781 0.026523
0.268831 -0.863790 0.023975
0.266989 -0.875584 0.021252
0.264343 -0.883227 0.018424
0.260800 -0.887137 0.015494
0.256264 -0.887499 0.012464
0.250434 -0.884508 0.009298
0.243023 -0.878353 0.006077
0.233614 -0.869129 0.002766
0.221839 -0.856875 -0.000628
0.207313 -0.841547 -0.004096
0.189425 -0.822749 -0.007627
0.168067 -0.800476 -0.011159
0.142664 -0.774095 -0.014764
0.113193 -0.743396 -0.018337
0.079628 -0.708067 -0.021896
0.041917 -0.667629 -0.025473
0.000375 -0.621974 -0.028969
-0.044992 -0.570683 -0.032414
-0.093408 -0.514207 -0.035810
-0.144409 -0.452794 -0.039157
-0.197524 -0.386788 -0.042462
-0.251619 -0.317602 -0.045736
-0.306695 -0.245256 -0.049024
-0.361508 -0.171697 -0.052254
-0.416323 -0.097017 -0.055497
-0.469614 -0.023775 -0.058699
-0.521760 0.047956 -0.061871
-0.571632 0.116104 -0.064945
-0.619847 0.181068 -0.067925
-0.665347 0.241170 -0.070720
-0.708386 0.296696 -0.073394
-0.747938 0.346490 -0.075899
-0.784239 0.391193 -0.078249
-0.817093 0.431019 -0.080432
-0.846437 0.466452 -0.082458
-0.872124 0.497925 -0.084363
-0.893925 0.525813 -0.086164
-0.911780 0.550691 -0.087881
-0.925561 0.573062 -0.089532
-0.935096 0.593306 -0.091132
-0.940206 0.611824 -0.092701
-0.940664 0.628818 -0.094242
-0.936276 0.644529 -0.095767
-0.926855 0.659042 -0.097271
-0.912345 0.672446 -0.098744
-0.892828 0.684742 -0.100171
-0.868613 0.695854 -0.101531
-0.840217 0.705680 -0.102800
-0.808397 0.714085 -0.103952
-0.774193 0.720953 -0.104964
-0.738784 0.726232 -0.105823
-0.703647 0.729951 -0.106521
-0.670212 0.732267 -0.107066
-0.640132 0.733431 -0.107468
-0.614820 0.733789 -0.107749
-0.595632 0.733698 -0.107930
-0.583909 0.733499 -0.108028
-0.578994 0.733378 -0.108067
VECTORS q1 float
0.695451 -0.615940 -0.370089
0.693130 -0.615833 -0.374593
0.686025 -0.615504 -0.387974
0.673848 -0.614941 -0.409604
0.656239 -0.614150 -0.438371
0.632653 -0.613144 -0.473080
0.602575 -0.611976 -0.512239
0.565640 -0.610752 -0.554106
0.522493 -0.609679 -0.596064
0.473007 -0.608923 -0.636771
0.418182 -0.608714 -0.674234
0.359291 -0.609255 -0.706907
0.297362 -0.610687 -0.733919
0.233586 -0.613092 -0.754689
0.169934 -0.616473 -0.768819
0.107276 -0.620752 -0.776633
0.046932 -0.625779 -0.778587
-0.010164 -0.631362 -0.775422
-0.063331 -0.637282 -0.768024
-0.112001 -0.643320 -0.757361
-0.156167 -0.649297 -0.744329
-0.195444 -0.655034 -0.729885
-0.229858 -0.660408 -0.714861
-0.259501 -0.665335 -0.699991
-0.284325 -0.669751 -0.685998
-0.304395 -0.673619 -0.673484
-0.319622 -0.676909 -0.663051
-0.329940 -0.679592 -0.655205
-0.335426 -0.681645 -0.650268
-0.336189 -0.683041 -0.648407
-0.332492 -0.683757 -0.649558
-0.324718 -0.683770 -0.653465
-0.313376 -0.683086 -0.659689
-0.298981 -0.681711 -0.667742
-0.282330 -0.679748 -0.676928
-0.263669 -0.677178 -0.686956
-0.243785 -0.674148 -0.697204
-0.222583 -0.670601 -0.707638
-0.200399 -0.666602 -0.717971
-0.176820 -0.662041 -0.728311
-0.151636 -0.656851 -0.738616
-0.124315 -0.650881 -0.748933
-0.094198 -0.643929 -0.759264
-0.060216 -0.635676 -0.769604
-0.021972 -0.625919 -0.779579
0.021512 -0.614277 -0.788798
0.070465 -0.600499 -0.796514
0.125024 -0.584317 -0.801837
0.185320 -0.565410 -0.803721
0.250384 -0.543739 -0.801034
0.319375 -0.519232 -0.792715
0.391011 -0.491979 -0.777861
0.463578 -0.462285 -0.755902
0.535280 -0.430609 -0.726671
0.604331 -0.397555 -0.690459
0.669228 -0.363772 -0.647923
0.728628 -0.330013 -0.600161
0.781664 -0.296958 -0.548468
0.827862 -0.265215 -0.494272
0.867108 -0.235294 -0.439046
0.899590 -0.207601 -0.384240
0.925755 -0.182434 -0.331204
0.946404 -0.159780 -0.280696
0.962100 -0.139932 -0.234056
0.973875 -0.122531 -0.191192
0.982248 -0.107951 -0.153413
0.988167 -0.095618 -0.119928
0.992182 -0.085486 -0.090922
0.994746 -0.077647 -0.066724
0.996306 -0.071885 -0.046976
0.997207 -0.067886 -0.031135
0.997646 -0.065786 -0.019362
0.997801 -0.065333 -0.011207
0.997768 -0.066455 -0.006470
0.997599 -0.069083 -0.004936
0.997299 -0.073179 -0.006355
0.996845 -0.078661 -0.010639
0.996180 -0.085532 -0.017586
0.995218 -0.093836 -0.027139
0.993833 -0.103678 -0.039321
0.991857 -0.115232 -0.054226
0.989034 -0.128819 -0.072229
0.985119 -0.144566 -0.092958
0.979635 -0.163083 -0.117130
0.972130 -0.184651 -0.144456
0.962132 -0.209461 -0.174438
0.948739 -0.238342 -0.207577
0.931359 -0.271296 -0.242837
0.909307 -0.308399 -0.279376
0.881994 -0.349506 -0.316121
0.849027 -0.394193 -0.351802
0.810301 -0.441744 -0.385064
0.766609 -0.490655 -0.414209
0.717465 -0.540889 -0.438956
0.665031 -0.590098 -0.457732
0.609945 -0.637666 -0.470477
0.554347 -0.682024 -0.477014
0.499014 -0.722892 -0.477925
0.446028 -0.759277 -0.473875
0.395188 -0.791761 -0.465769
0.348737 -0.819544 -0.454675
0.306647 -0.843189 -0.441587
0.269241 -0.863020 -0.427440
0.236126 -0.879646 -0.412877
0.206834 -0.893612 -0.398342
0.181230 -0.905258 -0.384270
0.158789 -0.915019 -0.370846
0.139017 -0.923256 -0.358151
0.121449 -0.930269 -0.346193
0.105653 -0.936302 -0.334928
0.091374 -0.941513 -0.324353
0.078257 -0.946063 -0.314389
0.066191 -0.950028 -0.305067
0.055005 -0.953486 -0.296377
0.044595 -0.956489 -0.288341
0.034954 -0.959064 -0.281023
0.026110 -0.961234 -0.274493
0.018164 -0.963014 -0.268837
0.011247 -0.964424 -0.264120
0.005494 -0.965493 -0.260369
0.001018 -0.966261 -0.257561
-0.002170 -0.966780 -0.255602
-0.004140 -0.967103 -0.254352
-0.005098 -0.967286 -0.253637
-0.005330 -0.967378 -0.253282
-0.005170 -0.967416 -0.253139
-0.004927 -0.967428 -0.253096
-0.004819 -0.967431 -0.253090
VECTORS q2 float
0.563448 0.787064 -0.251111
0.561893 0.787135 -0.254352
0.557081 0.787357 -0.264063
0.548666 0.787749 -0.280031
0.536155 0.788322 -0.301804
0.518802 0.789088 -0.328915
0.495769 0.790027 -0.360652
0.466227 0.791077 -0.396017
0.430139 0.792077 -0.433122
0.386787 0.792880 -0.470890
0.336542 0.793253 -0.507433
0.280223 0.792965 -0.541000
0.218663 0.791820 -0.570270
0.153142 0.789671 -0.594111
0.086053 0.786469 -0.611605
0.018844 0.782270 -0.622654
-0.046436 0.777236 -0.627493
-0.108161 0.771606 -0.626837
-0.165096 0.765655 -0.621704
-0.216324 0.759662 -0.613284
-0.261745 0.753838 -0.602676
-0.301110 0.748370 -0.590994
-0.334786 0.743356 -0.579085
-0.363348 0.738828 -0.567549
-0.387330 0.734781 -0.556842
-0.407373 0.731176 -0.547202
-0.423924 0.727973 -0.538836
-0.437314 0.725139 -0.531911
-0.447838 0.722651 -0.526514
-0.455611 0.720509 -0.522767
-0.460695 0.718731 -0.520755
-0.463157 0.717353 -0.520471
-0.463046 0.716415 -0.521860
-0.460440 0.715962 -0.524779
-0.455544 0.715999 -0.528985
-0.448445 0.716571 -0.534250
-0.439546 0.717624 -0.540199
-0.428935 0.719181 -0.546621
-0.417017 0.721173 -0.553178
-0.403855 0.723611 -0.559721
-0.389658 0.726466 -0.566051
-0.374449 0.729753 -0.572057
-0.358154 0.733512 -0.577655
-0.340453 0.737851 -0.582810
-0.321364 0.742806 -0.587337
-0.300609 0.748496 -0.591090
-0.278293 0.754960 -0.593791
-0.254567 0.762231 -0.595147
-0.229576 0.770345 -0.594865
-0.203877 0.779223 -0.592660
-0.177873 0.788810 -0.588337
-0.152023 0.799015 -0.581776
-0.126825 0.809705 -0.572969
-0.102712 0.820731 -0.562007
-0.080065 0.831922 -0.549085
-0.059175 0.843108 -0.534478
-0.040318 0.854077 -0.518582
-0.023671 0.864620 -0.501868
-0.009334 0.874528 -0.484886
0.002685 0.883599 -0.468237
0.012482 0.891660 -0.452533
0.020260 0.898586 -0.438330
0.026348 0.904362 -0.425952
0.031051 0.908936 -0.415777
0.034757 0.912444 -0.407722
0.037780 0.914906 -0.401895
0.040391 0.916527 -0.397928
0.042794 0.917430 -0.395589
0.045165 0.917728 -0.394633
0.047589 0.917546 -0.394772
0.050066 0.916974 -0.395792
0.052692 0.916071 -0.397539
0.055408 0.914835 -0.400009
0.058210 0.913233 -0.403259
0.061083 0.911189 -0.407435
0.064042 0.908613 -0.412700
0.066960 0.905296 -0.419472
0.069810 0.901076 -0.428006
0.072494 0.895726 -0.438656
0.074867 0.888987 -0.451771
0.076735 0.880568 -0.467667
0.077771 0.870050 -0.486789
0.077805 0.857358 -0.508807
0.076278 0.841894 -0.534224
0.072833 0.823544 -0.562558
0.067147 0.802341 -0.593077
0.058432 0.777706 -0.625906
0.046393 0.749931 -0.659887
0.030660 0.719202 -0.694125
0.010979 0.685854 -0.727656
-0.012736 0.650389 -0.759495
-0.040378 0.613442 -0.788707
-0.071193 0.576146 -0.814241
-0.105620 0.538392 -0.836049
-0.142120 0.501712 -0.853280
-0.180490 0.466310 -0.866013
-0.219460 0.433071 -0.874235
-0.258811 0.402011 -0.878296
-0.297282 0.373718 -0.878611
-0.335213 0.347778 -0.875604
-0.370913 0.324836 -0.870003
-0.404267 0.304636 -0.862418
-0.434754 0.287118 -0.853553
-0.462327 0.272020 -0.843954
-0.486941 0.259114 -0.834115
-0.508255 0.248297 -0.824637
-0.526239 0.239373 -0.815949
-0.540849 0.232175 -0.808441
-0.552034 0.226558 -0.802453
-0.559726 0.222395 -0.798278
-0.563771 0.219581 -0.796208
-0.564033 0.218016 -0.796452
-0.560316 0.217591 -0.799187
-0.552427 0.218197 -0.804496
-0.540207 0.219702 -0.812347
-0.523628 0.221933 -0.822533
-0.502774 0.224703 -0.834701
-0.477953 0.227807 -0.848331
-0.449686 0.231041 -0.862788
-0.418754 0.234223 -0.877374
-0.386270 0.237191 -0.891368
-0.353463 0.239845 -0.904178
-0.321926 0.242102 -0.915287
-0.293135 0.243943 -0.924426
-0.268779 0.245351 -0.931429
-0.250164 0.246345 -0.936340
-0.238559 0.246929 -0.939210
-0.234594 0.247123 -0.940157
VECTORS q3 float
0.445953 -0.033890 0.894415
0.451494 -0.034182 0.891619
0.468006 -0.034979 0.883033
0.494868 -0.036037 0.868220
0.530931 -0.036979 0.846608
0.574974 -0.037346 0.817319
0.625393 -0.036632 0.779449
0.680209 -0.034336 0.732213
0.736194 -0.030087 0.676102
0.791619 -0.023560 0.610561
0.843720 -0.014709 0.536582
0.890160 -0.003716 0.455633
0.929388 0.009096 0.368992
0.960201 0.023201 0.278346
0.981691 0.037773 0.186697
0.994051 0.052161 0.095616
0.997818 0.065604 0.007419
0.994081 0.077499 -0.076131
0.984242 0.087424 -0.153703
0.969876 0.095147 -0.224248
0.952419 0.100706 -0.287675
0.933346 0.104270 -0.343502
0.913829 0.106218 -0.391962
0.894783 0.107061 -0.433475
0.877003 0.107383 -0.468331
0.861041 0.107794 -0.496981
0.847426 0.108859 -0.519633
0.836598 0.111032 -0.536448
0.828813 0.114608 -0.547663
0.824255 0.119672 -0.553428
0.822927 0.126101 -0.553976
0.824648 0.133650 -0.549630
0.829086 0.141927 -0.540807
0.835826 0.150556 -0.527946
0.844257 0.159022 -0.511803
0.854035 0.167197 -0.492614
0.864504 0.174761 -0.471265
0.875484 0.181862 -0.447721
0.886531 0.188550 -0.422507
0.897572 0.195162 -0.395318
0.908391 0.201974 -0.366105
0.918876 0.209322 -0.334441
0.928898 0.217520 -0.299721
0.938331 0.226920 -0.260848
0.946701 0.237623 -0.217469
0.953505 0.249835 -0.168555
0.957908 0.263506 -0.113917
0.958939 0.278529 -0.053451
0.955485 0.294755 0.012956
0.946437 0.311705 0.084249
0.930785 0.328903 0.159569
0.907744 0.345734 0.237631
0.876932 0.361483 0.316732
0.838406 0.375469 0.395092
0.792700 0.387111 0.470926
0.740697 0.396029 0.542705
0.683722 0.402051 0.608998
0.623250 0.405276 0.668813
0.560854 0.406032 0.721513
0.498114 0.404833 0.766807
0.436558 0.402298 0.804719
0.377582 0.399076 0.835566
0.321909 0.395727 0.860102
0.270923 0.392752 0.878833
0.224411 0.390425 0.892865
0.183743 0.388965 0.902743
0.147967 0.388375 0.909544
0.117232 0.388605 0.913916
0.091876 0.389546 0.916413
0.071480 0.391078 0.917578
0.055419 0.393128 0.917812
0.043890 0.395583 0.917381
0.036386 0.398508 0.916443
0.032708 0.401982 0.915063
0.032644 0.406155 0.913221
0.035975 0.411178 0.910845
0.042627 0.417436 0.907706
0.052455 0.425144 0.903605
0.065471 0.434590 0.898245
0.081795 0.446041 0.891267
0.101640 0.459698 0.882240
0.125551 0.475834 0.870528
0.153254 0.494002 0.855847
0.185733 0.514411 0.837189
0.222843 0.536358 0.814040
0.264185 0.558906 0.786022
0.310614 0.581692 0.751767
0.361136 0.603326 0.711041
0.414995 0.622607 0.663430
0.471133 0.638318 0.608756
0.528195 0.649312 0.547177
0.584621 0.654639 0.479236
0.638156 0.653693 0.406747
0.688540 0.646199 0.329149
0.733168 0.632511 0.249789
0.771615 0.613137 0.169331
0.802830 0.589315 0.090395
0.827044 0.561974 0.013517
0.844205 0.532760 -0.059031
0.855253 0.502160 -0.127971
0.860701 0.472047 -0.190697
0.861705 0.442977 -0.247458
0.859359 0.415643 -0.297897
0.854692 0.390164 -0.342453
0.848592 0.366493 -0.381543
0.841922 0.344757 -0.415103
0.835379 0.324718 -0.443509
0.829552 0.306093 -0.467066
0.824930 0.288567 -0.486025
0.821915 0.271808 -0.500575
0.820861 0.255613 -0.510734
0.822036 0.239654 -0.516549
0.825630 0.223833 -0.517913
0.831744 0.207978 -0.514729
0.840350 0.191990 -0.506905
0.851230 0.175902 -0.494435
0.864023 0.159802 -0.477417
0.878197 0.143901 -0.456138
0.893116 0.128475 -0.431089
0.908083 0.113851 -0.403017
0.922385 0.100395 -0.372996
0.935446 0.088384 -0.342241
0.946756 0.078093 -0.312338
0.956057 0.069637 -0.284789
0.963187 0.063112 -0.261319
0.968190 0.058486 -0.243286
0.971115 0.055751 -0.232006
0.972081 0.054842 -0.228145
