# vtk DataFile Version 2.0
VTK example
ASCII
DATASET UNSTRUCTURED_GRID
POINTS  128  float
-0.000031 -0.000032 -0.000179
-0.000029 -0.000031 -0.000170
-0.000027 -0.000030 -0.000162
-0.000025 -0.000029 -0.000153
-0.000024 -0.000028 -0.000144
-0.000022 -0.000027 -0.000135
-0.000021 -0.000025 -0.000126
-0.000019 -0.000024 -0.000117
-0.000018 -0.000023 -0.000108
-0.000017 -0.000021 -0.000100
-0.000016 -0.000020 -0.000091
-0.000015 -0.000018 -0.000082
-0.000014 -0.000017 -0.000073
-0.000013 -0.000015 -0.000064
-0.000013 -0.000013 -0.000055
-0.000012 -0.000011 -0.000047
-0.000011 -0.000009 -0.000038
-0.000011 -0.000006 -0.000029
-0.000010 -0.000004 -0.000020
-0.000009 -0.000001 -0.000012
-0.000008 0.000003 -0.000004
-0.000007 0.000006 0.000005
-0.000005 0.000010 0.000013
-0.000004 0.000015 0.000020
-0.000002 0.000019 0.000028
0.000001 0.000024 0.000035
0.000004 0.000030 0.000042
0.000007 0.000035 0.000048
0.000010 0.000041 0.000054
0.000014 0.000048 0.000059
0.000018 0.000054 0.000064
0.000022 0.000061 0.000068
0.000027 0.000068 0.000072
0.000032 0.000075 0.000074
0.000038 0.000082 0.000077
0.000044 0.000088 0.000078
0.000050 0.000095 0.000079
0.000056 0.000102 0.000080
0.000062 0.000108 0.000080
0.000069 0.000114 0.000079
0.000075 0.000120 0.000079
0.000082 0.000126 0.000077
0.000089 0.000132 0.000076
0.000096 0.000137 0.000074
0.000104 0.000142 0.000071
0.000111 0.000147 0.000069
0.000118 0.000151 0.000066
0.000125 0.000156 0.000063
0.000133 0.000160 0.000060
0.000140 0.000164 0.000057
0.000148 0.000168 0.000054
0.000155 0.000171 0.000050
0.000163 0.000175 0.000047
0.000171 0.000178 0.000043
0.000178 0.000181 0.000040
0.000186 0.000184 0.000036
0.000194 0.000187 0.000032
0.000202 0.000189 0.000028
0.000210 0.000191 0.000025
0.000218 0.000193 0.000021
0.000226 0.000195 0.000018
0.000234 0.000196 0.000014
0.000243 0.000197 0.000011
0.000251 0.000198 0.000007
0.000260 0.000199 0.000004
0.000268 0.000200 0.000001
0.000277 0.000200 -0.000001
0.000285 0.000201 -0.000004
0.000294 0.000201 -0.000006
0.000303 0.000201 -0.000008
0.000312 0.000201 -0.000010
0.000321 0.000202 -0.000011
0.000330 0.000202 -0.000012
0.000339 0.000202 -0.000012
0.000348 0.000202 -0.000012
0.000357 0.000203 -0.000012
0.000366 0.000203 -0.000010
0.000375 0.000204 -0.000009
0.000383 0.000205 -0.000006
0.000392 0.000206 -0.000003
0.000400 0.000207 0.000000
0.000408 0.000208 0.000004
0.000416 0.000210 0.000009
0.000423 0.000211 0.000014
0.000430 0.000213 0.000020
0.000436 0.000215 0.000027
0.000441 0.000218 0.000033
0.000446 0.000220 0.000041
0.000450 0.000222 0.000049
0.000453 0.000225 0.000057
0.000456 0.000228 0.000065
0.000458 0.000230 0.000073
0.000459 0.000233 0.000082
0.000460 0.000236 0.000090
0.000460 0.000239 0.000099
0.000459 0.000242 0.000107
0.000458 0.000245 0.000116
0.000457 0.000248 0.000124
0.000455 0.000252 0.000132
0.000453 0.000255 0.000140
0.000450 0.000259 0.000148
0.000447 0.000263 0.000156
0.000444 0.000267 0.000163
0.000441 0.000271 0.000171
0.000438 0.000276 0.000178
0.000435 0.000280 0.000185
0.000431 0.000285 0.000192
0.000428 0.000290 0.000199
0.000424 0.000295 0.000206
0.000421 0.000299 0.000213
0.000418 0.000304 0.000220
0.000415 0.000309 0.000227
0.000412 0.000313 0.000234
0.000409 0.000318 0.000241
0.000406 0.000322 0.000249
0.000404 0.000326 0.000257
0.000402 0.000330 0.000264
0.000400 0.000334 0.000272
0.000398 0.000337 0.000281
0.000396 0.000340 0.000289
0.000395 0.000343 0.000298
0.000393 0.000346 0.000306
0.000392 0.000348 0.000315
0.000391 0.000350 0.000324
0.000390 0.000352 0.000332
0.000389 0.000354 0.000341
0.000389 0.000356 0.000350
0.000388 0.000358 0.000359
CELLS  127 381
2 0 1 
2 1 2 
2 2 3 
2 3 4 
2 4 5 
2 5 6 
2 6 7 
2 7 8 
2 8 9 
2 9 10 
2 10 11 
2 11 12 
2 12 13 
2 13 14 
2 14 15 
2 15 16 
2 16 17 
2 17 18 
2 18 19 
2 19 20 
2 20 21 
2 21 22 
2 22 23 
2 23 24 
2 24 25 
2 25 26 
2 26 27 
2 27 28 
2 28 29 
2 29 30 
2 30 31 
2 31 32 
2 32 33 
2 33 34 
2 34 35 
2 35 36 
2 36 37 
2 37 38 
2 38 39 
2 39 40 
2 40 41 
2 41 42 
2 42 43 
2 43 44 
2 44 45 
2 45 46 
2 46 47 
2 47 48 
2 48 49 
2 49 50 
2 50 51 
2 51 52 
2 52 53 
2 53 54 
2 54 55 
2 55 56 
2 56 57 
2 57 58 
2 58 59 
2 59 60 
2 60 61 
2 61 62 
2 62 63 
2 63 64 
2 64 65 
2 65 66 
2 66 67 
2 67 68 
2 68 69 
2 69 70 
2 70 71 
2 71 72 
2 72 73 
2 73 74 
2 74 75 
2 75 76 
2 76 77 
2 77 78 
2 78 79 
2 79 80 
2 80 81 
2 81 82 
2 82 83 
2 83 84 
2 84 85 
2 85 86 
2 86 87 
2 87 88 
2 88 89 
2 89 90 
2 90 91 
2 91 92 
2 92 93 
2 93 94 
2 94 95 
2 95 96 
2 96 97 
2 97 98 
2 98 99 
2 99 100 
2 100 101 
2 101 102 
2 102 103 
2 103 104 
2 104 105 
2 105 106 
2 106 107 
2 107 108 
2 108 109 
2 109 110 
2 110 111 
2 111 112 
2 112 113 
2 113 114 
2 114 115 
2 115 116 
2 116 117 
2 117 118 
2 118 119 
2 119 120 
2 120 121 
2 121 122 
2 122 123 
2 123 124 
2 124 125 
2 125 126 
2 126 127 
CELL_TYPES  127
3
3
3
3
3
3
3
3
3
3
3
3
3
3
3
3
3
3
3
3
3
3
3
3
3
3
3
3
3
3
3
3
3
3
3
3
3
3
3
3
3
3
3
3
3
3
3
3
3
3
3
3
3
3
3
3
3
3
3
3
3
3
3
3
3
3
3
3
3
3
3
3
3
3
3
3
3
3
3
3
3
3
3
3
3
3
3
3
3
3
3
3
3
3
3
3
3
3
3
3
3
3
3
3
3
3
3
3
3
3
3
3
3
3
3
3
3
3
3
3
3
3
3
3
3
3
3
POINT_DATA  128
VECTORS Position float
-0.000031 -0.000032 -0.000179
-0.000029 -0.000031 -0.000170
-0.000027 -0.000030 -0.000162
-0.000025 -0.000029 -0.000153
-0.000024 -0.000028 -0.000144
-0.000022 -0.000027 -0.000135
-0.000021 -0.000025 -0.000126
-0.000019 -0.000024 -0.000117
-0.000018 -0.000023 -0.000108
-0.000017 -0.000021 -0.000100
-0.000016 -0.000020 -0.000091
-0.000015 -0.000018 -0.000082
-0.000014 -0.000017 -0.000073
-0.000013 -0.000015 -0.000064
-0.000013 -0.000013 -0.000055
-0.000012 -0.000011 -0.000047
-0.000011 -0.000009 -0.000038
-0.000011 -0.000006 -0.000029
-0.000010 -0.000004 -0.000020
-0.000009 -0.000001 -0.000012
-0.000008 0.000003 -0.000004
-0.000007 0.000006 0.000005
-0.000005 0.000010 0.000013
-0.000004 0.000015 0.000020
-0.000002 0.000019 0.000028
0.000001 0.000024 0.000035
0.000004 0.000030 0.000042
0.000007 0.000035 0.000048
0.000010 0.000041 0.000054
0.000014 0.000048 0.000059
0.000018 0.000054 0.000064
0.000022 0.000061 0.000068
0.000027 0.000068 0.000072
0.000032 0.000075 0.000074
0.000038 0.000082 0.000077
0.000044 0.000088 0.000078
0.000050 0.000095 0.000079
0.000056 0.000102 0.000080
0.000062 0.000108 0.000080
0.000069 0.000114 0.000079
0.000075 0.000120 0.000079
0.000082 0.000126 0.000077
0.000089 0.000132 0.000076
0.000096 0.000137 0.000074
0.000104 0.000142 0.000071
0.000111 0.000147 0.000069
0.000118 0.000151 0.000066
0.000125 0.000156 0.000063
0.000133 0.000160 0.000060
0.000140 0.000164 0.000057
0.000148 0.000168 0.000054
0.000155 0.000171 0.000050
0.000163 0.000175 0.000047
0.000171 0.000178 0.000043
0.000178 0.000181 0.000040
0.000186 0.000184 0.000036
0.000194 0.000187 0.000032
0.000202 0.000189 0.000028
0.000210 0.000191 0.000025
0.000218 0.000193 0.000021
0.000226 0.000195 0.000018
0.000234 0.000196 0.000014
0.000243 0.000197 0.000011
0.000251 0.000198 0.000007
0.000260 0.000199 0.000004
0.000268 0.000200 0.000001
0.000277 0.000200 -0.000001
0.000285 0.000201 -0.000004
0.000294 0.000201 -0.000006
0.000303 0.000201 -0.000008
0.000312 0.000201 -0.000010
0.000321 0.000202 -0.000011
0.000330 0.000202 -0.000012
0.000339 0.000202 -0.000012
0.000348 0.000202 -0.000012
0.000357 0.000203 -0.000012
0.000366 0.000203 -0.000010
0.000375 0.000204 -0.000009
0.000383 0.000205 -0.000006
0.000392 0.000206 -0.000003
0.000400 0.000207 0.000000
0.000408 0.000208 0.000004
0.000416 0.000210 0.000009
0.000423 0.000211 0.000014
0.000430 0.000213 0.000020
0.000436 0.000215 0.000027
0.000441 0.000218 0.000033
0.000446 0.000220 0.000041
0.000450 0.000222 0.000049
0.000453 0.000225 0.000057
0.000456 0.000228 0.000065
0.000458 0.000230 0.000073
0.000459 0.000233 0.000082
0.000460 0.000236 0.000090
0.000460 0.000239 0.000099
0.000459 0.000242 0.000107
0.000458 0.000245 0.000116
0.000457 0.000248 0.000124
0.000455 0.000252 0.000132
0.000453 0.000255 0.000140
0.000450 0.000259 0.000148
0.000447 0.000263 0.000156
0.000444 0.000267 0.000163
0.000441 0.000271 0.000171
0.000438 0.000276 0.000178
0.000435 0.000280 0.000185
0.000431 0.000285 0.000192
0.000428 0.000290 0.000199
0.000424 0.000295 0.000206
0.000421 0.000299 0.000213
0.000418 0.000304 0.000220
0.000415 0.000309 0.000227
0.000412 0.000313 0.000234
0.000409 0.000318 0.000241
0.000406 0.000322 0.000249
0.000404 0.000326 0.000257
0.000402 0.000330 0.000264
0.000400 0.000334 0.000272
0.000398 0.000337 0.000281
0.000396 0.000340 0.000289
0.000395 0.000343 0.000298
0.000393 0.000346 0.000306
0.000392 0.000348 0.000315
0.000391 0.000350 0.000324
0.000390 0.000352 0.000332
0.000389 0.000354 0.000341
0.000389 0.000356 0.000350
0.000388 0.000358 0.000359
VECTORS Rotation float
0.011316 0.117745 -0.197759
0.011230 0.118465 -0.196494
0.010972 0.120584 -0.192744
0.010545 0.123949 -0.186693
0.009969 0.128331 -0.178660
0.009254 0.133528 -0.168969
0.008413 0.139373 -0.157991
0.007465 0.145772 -0.146115
0.006477 0.152617 -0.133958
0.005452 0.160113 -0.121779
0.004445 0.168460 -0.110076
0.003520 0.177986 -0.099343
0.002737 0.189186 -0.090020
0.002185 0.202605 -0.082617
0.002019 0.218631 -0.077773
0.002409 0.237831 -0.076047
0.003604 0.260523 -0.078047
0.005923 0.286944 -0.084349
0.009766 0.317199 -0.095497
0.015615 0.351174 -0.111963
0.024075 0.388861 -0.134296
0.035764 0.429725 -0.162798
0.051424 0.473356 -0.197910
0.071899 0.519275 -0.240153
0.098033 0.566676 -0.289943
0.130848 0.614823 -0.348005
0.171247 0.662533 -0.414842
0.219995 0.708399 -0.490838
0.277936 0.751115 -0.576669
0.345181 0.788965 -0.672128
0.421049 0.820270 -0.776229
0.504416 0.843742 -0.887762
0.592644 0.858263 -1.003813
0.682842 0.863360 -1.121419
0.770052 0.859188 -1.234968
0.852657 0.846484 -1.343202
0.926672 0.826800 -1.441393
0.992232 0.801327 -1.530040
1.048165 0.771976 -1.607513
1.095518 0.739876 -1.675061
1.134749 0.706521 -1.732936
1.166865 0.672992 -1.782129
1.192922 0.640124 -1.823726
1.214125 0.608158 -1.859166
1.231100 0.577778 -1.889006
1.244715 0.548869 -1.914336
1.255485 0.521553 -1.935720
1.263886 0.495667 -1.953741
1.270337 0.470807 -1.968954
1.275066 0.446816 -1.981603
1.278295 0.423309 -1.991951
1.280173 0.399947 -2.000133
1.280798 0.376475 -2.006184
1.280250 0.352674 -2.010095
1.278603 0.328395 -2.011835
1.275945 0.303533 -2.011380
1.272370 0.278121 -2.008738
1.267997 0.252243 -2.003967
1.262950 0.226069 -1.997162
1.257357 0.199853 -1.988428
1.251331 0.173940 -1.977850
1.244971 0.148749 -1.965463
1.238380 0.124557 -1.951117
1.231604 0.102054 -1.934785
1.224762 0.081340 -1.915945
1.217835 0.063292 -1.894675
1.210978 0.047787 -1.870005
1.204229 0.035192 -1.841581
1.197544 0.025901 -1.809505
1.190940 0.019944 -1.773344
1.184470 0.017254 -1.732257
1.177907 0.017865 -1.687461
1.171227 0.021668 -1.638263
1.164255 0.028501 -1.585143
1.156803 0.038139 -1.528616
1.148650 0.050190 -1.469840
1.139677 0.064670 -1.407642
1.129651 0.081116 -1.342868
1.118368 0.099225 -1.275419
1.105608 0.118679 -1.205041
1.091134 0.139128 -1.131439
1.074628 0.160415 -1.053453
1.056060 0.181562 -0.972919
1.035096 0.202581 -0.887995
1.011842 0.222658 -0.800107
0.986664 0.241047 -0.711081
0.959514 0.257744 -0.619753
0.931064 0.272207 -0.528406
0.901895 0.284356 -0.438256
0.872608 0.294374 -0.350410
0.843759 0.302702 -0.265808
0.815802 0.309997 -0.185151
0.789314 0.316995 -0.109827
0.763980 0.324710 -0.038171
0.740349 0.333728 0.028050
0.718177 0.344789 0.089764
0.697649 0.358163 0.146356
0.678478 0.374163 0.198651
0.660856 0.392465 0.246062
0.644328 0.413146 0.289751
0.629412 0.435046 0.328470
0.616068 0.457602 0.362477
0.604554 0.479815 0.391409
0.595013 0.500894 0.415191
0.587655 0.520028 0.433643
0.582844 0.536223 0.446348
0.580788 0.548808 0.453169
0.581630 0.557223 0.454071
0.585408 0.561041 0.449162
0.592039 0.559968 0.438704
0.601282 0.553861 0.423205
0.612827 0.542691 0.403210
0.626170 0.526698 0.379607
0.640819 0.506212 0.353221
0.656253 0.481744 0.324928
0.671925 0.454058 0.295687
0.687368 0.424018 0.266340
0.702163 0.392653 0.237696
0.715986 0.361027 0.210427
0.728597 0.330192 0.185086
0.739827 0.301174 0.162153
0.749586 0.274744 0.141897
0.757825 0.251645 0.124599
0.764535 0.232270 0.110333
0.769726 0.217017 0.099231
0.773414 0.206002 0.091272
0.775618 0.199398 0.086522
0.776350 0.197188 0.084934
VECTORS ControlForce float
-0.000000 0.000000 0.000000
0.000144 -0.000118 0.000100
0.000275 -0.000213 0.000207
0.000390 -0.000263 0.000295
0.000475 -0.000262 0.000361
0.000519 -0.000214 0.000419
0.000531 -0.000126 0.000471
0.000522 -0.000017 0.000526
0.000511 0.000105 0.000566
0.000514 0.000227 0.000586
0.000531 0.000330 0.000602
0.000557 0.000400 0.000611
0.000579 0.000420 0.000634
0.000584 0.000387 0.000662
0.000562 0.000309 0.000672
0.000505 0.000199 0.000675
0.000414 0.000076 0.000671
0.000300 -0.000036 0.000655
0.000172 -0.000127 0.000626
0.000044 -0.000184 0.000580
-0.000074 -0.000218 0.000535
-0.000171 -0.000233 0.000485
-0.000240 -0.000240 0.000434
-0.000274 -0.000249 0.000382
-0.000280 -0.000282 0.000340
-0.000260 -0.000331 0.000298
-0.000226 -0.000397 0.000254
-0.000183 -0.000450 0.000197
-0.000152 -0.000492 0.000136
-0.000138 -0.000501 0.000071
-0.000144 -0.000468 0.000006
-0.000160 -0.000384 -0.000052
-0.000191 -0.000280 -0.000092
-0.000224 -0.000164 -0.000118
-0.000258 -0.000058 -0.000138
-0.000275 0.000043 -0.000151
-0.000283 0.000120 -0.000163
-0.000279 0.000170 -0.000169
-0.000266 0.000194 -0.000172
-0.000217 0.000236 -0.000167
-0.000135 0.000291 -0.000155
-0.000043 0.000320 -0.000141
0.000046 0.000305 -0.000126
0.000142 0.000276 -0.000099
0.000238 0.000244 -0.000064
0.000308 0.000188 -0.000026
0.000356 0.000128 0.000010
0.000382 0.000076 0.000045
0.000378 0.000018 0.000076
0.000347 -0.000045 0.000099
0.000297 -0.000099 0.000116
0.000238 -0.000130 0.000129
0.000174 -0.000135 0.000138
0.000103 -0.000122 0.000142
0.000036 -0.000077 0.000144
-0.000027 -0.000007 0.000144
-0.000087 0.000074 0.000140
-0.000153 0.000127 0.000125
-0.000221 0.000149 0.000103
-0.000287 0.000138 0.000074
-0.000354 0.000082 0.000038
-0.000414 -0.000005 0.000000
-0.000451 -0.000091 -0.000028
-0.000466 -0.000183 -0.000052
-0.000463 -0.000279 -0.000071
-0.000429 -0.000340 -0.000088
-0.000357 -0.000337 -0.000088
-0.000260 -0.000280 -0.000081
-0.000146 -0.000183 -0.000090
-0.000025 -0.000066 -0.000111
0.000098 0.000072 -0.000127
0.000206 0.000197 -0.000147
0.000273 0.000257 -0.000160
0.000291 0.000239 -0.000157
0.000262 0.000150 -0.000143
0.000190 0.000000 -0.000118
0.000103 -0.000160 -0.000070
0.000025 -0.000296 -0.000004
-0.000022 -0.000367 0.000065
-0.000031 -0.000371 0.000129
0.000002 -0.000305 0.000186
0.000080 -0.000170 0.000227
0.000187 -0.000007 0.000238
0.000304 0.000173 0.000214
0.000402 0.000341 0.000150
0.000446 0.000468 0.000052
0.000411 0.000535 -0.000040
0.000302 0.000567 -0.000115
0.000137 0.000575 -0.000164
-0.000050 0.000562 -0.000180
-0.000220 0.000534 -0.000171
-0.000340 0.000479 -0.000131
-0.000392 0.000392 -0.000066
-0.000365 0.000280 0.000024
-0.000261 0.000141 0.000124
-0.000110 -0.000013 0.000202
0.000060 -0.000177 0.000246
0.000227 -0.000345 0.000269
0.000382 -0.000510 0.000290
0.000513 -0.000654 0.000322
0.000606 -0.000763 0.000345
0.000630 -0.000820 0.000340
0.000582 -0.000821 0.000315
0.000490 -0.000776 0.000297
0.000379 -0.000696 0.000297
0.000259 -0.000592 0.000303
0.000135 -0.000477 0.000304
0.000012 -0.000361 0.000299
-0.000116 -0.000247 0.000286
-0.000235 -0.000143 0.000276
-0.000354 -0.000047 0.000265
-0.000470 0.000038 0.000257
-0.000585 0.000113 0.000244
-0.000690 0.000176 0.000224
-0.000774 0.000224 0.000200
-0.000838 0.000261 0.000159
-0.000867 0.000282 0.000101
-0.000842 0.000281 0.000043
-0.000763 0.000258 -0.000007
-0.000635 0.000215 -0.000041
-0.000484 0.000160 -0.000066
-0.000324 0.000102 -0.000072
-0.000183 0.000050 -0.000078
-0.000077 0.000013 -0.000082
-0.000008 -0.000011 -0.000074
0.000023 -0.000019 -0.000053
0.000023 -0.000014 -0.000024
0.000000 -0.000000 -0.000000
VECTORS ControlTorque float
0.000001 0.000001 -0.000000
0.000001 0.000001 -0.000000
0.000001 0.000001 -0.000000
0.000000 0.000001 -0.000000
0.000000 0.000001 -0.000000
0.000000 0.000001 -0.000000
0.000000 0.000000 -0.000000
0.000000 -0.000000 0.000000
0.000000 0.000000 -0.000000
0.000000 -0.000000 0.000000
0.000000 -0.000000 0.000000
0.000001 -0.000001 0.000000
0.000001 -0.000001 0.000000
0.000001 -0.000001 0.000000
0.000001 -0.000001 0.000000
0.000001 -0.000001 0.000000
0.000002 -0.000002 0.000000
0.000002 -0.000002 0.000000
0.000001 -0.000002 0.000000
0.000002 -0.000002 0.000001
0.000001 -0.000002 0.000001
0.000001 -0.000002 0.000001
0.000001 -0.000002 0.000001
0.000001 -0.000001 0.000001
0.000001 -0.000002 0.000001
0.000001 -0.000001 0.000001
0.000000 -0.000001 0.000001
0.000001 -0.000001 0.000001
0.000000 -0.000001 0.000001
-0.000000 -0.000000 0.000001
-0.000000 -0.000000 0.000001
-0.000001 0.000000 0.000001
-0.000000 -0.000000 0.000001
-0.000002 0.000002 0.000000
0.000000 -0.000000 0.000001
-0.000002 0.000002 -0.000000
-0.000000 0.000000 0.000001
-0.000002 0.000002 -0.000000
-0.000001 0.000001 0.000000
-0.000001 0.000001 -0.000000
-0.000001 0.000001 -0.000000
-0.000001 0.000001 -0.000001
-0.000001 0.000001 -0.000000
-0.000001 0.000001 -0.000001
-0.000001 0.000001 -0.000000
-0.000001 0.000001 -0.000001
-0.000001 0.000001 -0.000000
-0.000001 0.000001 -0.000000
-0.000001 0.000001 -0.000000
-0.000000 0.000001 -0.000000
-0.000000 0.000001 0.000000
-0.000000 0.000001 0.000000
-0.000000 0.000001 0.000000
-0.000000 0.000001 0.000000
-0.000000 0.000001 0.000000
-0.000000 0.000001 0.000000
-0.000000 0.000001 0.000000
-0.000000 0.000001 0.000000
-0.000000 0.000001 0.000000
-0.000000 0.000001 -0.000000
-0.000000 0.000001 -0.000000
-0.000000 0.000001 -0.000000
-0.000001 0.000001 -0.000001
-0.000000 0.000001 -0.000000
-0.000001 0.000001 -0.000001
-0.000000 0.000002 -0.000001
-0.000000 0.000002 -0.000001
-0.000000 0.000001 -0.000001
-0.000000 0.000001 -0.000001
-0.000000 0.000003 -0.000001
-0.000000 0.000001 -0.000001
-0.000000 0.000002 -0.000001
-0.000000 0.000001 -0.000001
-0.000000 0.000002 -0.000001
0.000000 -0.000000 -0.000001
0.000000 0.000002 -0.000001
0.000000 0.000001 -0.000001
0.000000 0.000001 -0.000001
0.000000 0.000001 -0.000001
0.000000 0.000001 -0.000001
0.000000 0.000003 -0.000001
0.000000 -0.000001 0.000000
0.000000 0.000003 -0.000001
0.000000 0.000001 -0.000000
0.000000 -0.000001 0.000000
0.000000 0.000002 -0.000001
0.000000 -0.000001 0.000000
0.000000 -0.000001 0.000000
0.000000 -0.000001 0.000000
0.000000 -0.000002 0.000000
0.000001 -0.000001 0.000000
0.000001 -0.000003 0.000001
0.000001 0.000000 -0.000000
0.000001 -0.000003 0.000001
0.000002 -0.000001 0.000001
0.000001 -0.000003 0.000001
0.000002 -0.000001 0.000001
0.000001 -0.000003 0.000001
0.000002 -0.000001 0.000001
0.000000 -0.000003 0.000001
0.000000 -0.000002 0.000001
-0.000000 -0.000002 0.000001
-0.000001 -0.000002 0.000001
-0.000001 -0.000002 0.000001
-0.000002 -0.000002 0.000000
-0.000002 -0.000002 0.000000
-0.000002 -0.000002 0.000000
-0.000002 -0.000002 0.000000
-0.000002 -0.000002 0.000000
-0.000002 -0.000001 -0.000000
-0.000002 -0.000001 -0.000000
-0.000002 -0.000001 -0.000000
-0.000002 -0.000001 -0.000000
-0.000002 -0.000001 0.000000
-0.000001 -0.000000 0.000000
-0.000001 -0.000000 0.000000
-0.000000 0.000000 0.000000
0.000000 0.000000 0.000000
0.000000 0.000000 0.000000
0.000001 0.000001 -0.000000
0.000001 0.000001 -0.000000
0.000002 0.000001 -0.000000
0.000002 0.000001 -0.000000
0.000002 0.000001 -0.000000
0.000002 0.000001 -0.000000
0.000002 0.000001 -0.000000
0.000002 0.000001 -0.000000
0.000002 0.000001 -0.000000
VECTORS Curvature float
-45.067901 -80.294305 -4.065472
-143.277066 -257.083259 -12.796688
-305.558515 -554.456531 -27.941313
-423.288056 -781.563089 -41.096048
-521.210903 -979.507696 -54.232642
-599.197965 -1139.252607 -66.386363
-670.818583 -1271.067021 -77.196554
-721.273940 -1327.812757 -86.401073
-777.009596 -1335.792665 -93.530708
-865.641796 -1320.106886 -98.623512
-973.105622 -1232.659675 -101.456807
-1126.747548 -1099.138373 -102.023229
-1351.703301 -923.205836 -100.336669
-1616.604928 -677.531398 -96.477649
-1933.264594 -367.366898 -90.500409
-2310.676419 -1.504987 -82.799372
-2708.688376 423.555112 -73.854795
-3137.195827 898.665122 -64.462829
-3555.282662 1403.931010 -55.408615
-3992.880376 1944.635549 -47.987365
-4414.867253 2493.165361 -42.550381
-4775.297633 3014.562963 -40.238732
-5141.363322 3537.025342 -41.240031
-5464.268401 4022.490918 -44.992602
-5756.019929 4477.556261 -51.661389
-6019.776999 4904.612799 -59.513867
-6174.013828 5242.687718 -67.726750
-6276.862853 5548.775178 -76.120157
-6325.622050 5827.282004 -82.737792
-6233.179062 6004.107306 -88.151742
-6093.241660 6173.428880 -93.260936
-5885.369799 6300.276648 -97.516281
-5661.354370 6452.848203 -102.483540
-5282.660320 6421.885119 -108.083094
-4911.438536 6429.080249 -113.374846
-4519.331865 6352.502395 -119.040109
-4068.507522 6195.124605 -120.682671
-3684.776285 6054.429780 -121.498017
-3254.849485 5805.730314 -116.812930
-2892.913324 5591.479585 -109.882731
-2500.550928 5257.539697 -98.535563
-2139.507698 4894.451814 -83.990890
-1836.999996 4588.773223 -65.823215
-1562.203315 4265.643440 -45.869824
-1303.756685 3928.110437 -22.958820
-1086.856053 3653.862463 1.241467
-874.642717 3361.737124 27.064178
-688.757116 3152.348505 53.996544
-510.300475 2980.212640 81.616391
-329.726179 2829.823767 110.019790
-147.838272 2741.031301 139.005296
45.973851 2681.508542 168.568069
254.595912 2645.140718 198.767139
478.251049 2624.801271 229.691559
716.671041 2617.539101 261.400575
963.825371 2611.052184 293.955513
1210.462435 2592.663940 327.340942
1450.443381 2561.802045 361.462564
1676.192495 2507.828794 396.063721
1886.629375 2423.929691 430.703588
2067.198244 2287.970675 464.901135
2262.922306 2129.057935 497.566353
2421.731429 1894.804198 528.488837
2624.579689 1620.792185 555.695485
2794.370559 1274.487689 580.050972
2979.671072 861.599948 599.163500
3317.073345 434.874217 614.429365
3566.327592 -66.331930 625.203372
3759.308759 -576.747874 631.781635
4151.977021 -1143.323286 635.025600
4446.155101 -1682.928032 635.653618
4665.276272 -2199.727634 633.768723
4998.030994 -2750.834779 629.875485
5255.177156 -3268.594108 624.147812
5329.780945 -3649.364896 615.834825
5464.560750 -4060.212622 606.860917
5684.770024 -4513.486363 595.118484
5759.817889 -4835.665071 582.945225
5900.346376 -5181.453510 570.370374
6013.757409 -5471.121610 557.919484
6320.963124 -5909.219124 548.052556
6479.964039 -6180.269355 536.855248
6630.144637 -6417.126275 531.080765
6966.453804 -6816.172573 523.960210
6908.053456 -6816.960907 517.552103
6965.518589 -6920.833322 512.931713
7056.933976 -7064.317136 504.006994
6883.696793 -6954.152221 492.779292
6668.227196 -6828.105391 475.924638
6345.405468 -6635.824444 452.289765
5983.298398 -6469.760240 420.864375
5409.385069 -6145.681372 380.098507
4906.391251 -5996.712322 332.348050
4362.205269 -5876.632417 275.663398
3682.398047 -5666.537218 214.576660
3033.131945 -5510.552339 148.405750
2365.154817 -5351.110543 82.786220
1731.509544 -5152.117935 17.715188
1143.974263 -5006.015458 -39.951454
622.776270 -4803.312687 -92.018452
143.642156 -4384.960835 -132.296146
-227.577054 -3980.812819 -162.338450
-508.637590 -3470.973681 -179.883947
-705.623623 -2957.175051 -186.093992
-810.326867 -2344.847362 -182.296119
-826.079473 -1654.217889 -170.611437
-777.765132 -944.139275 -154.327243
-673.416412 -215.235419 -137.021012
-529.460494 518.676643 -122.602527
-353.592972 1232.549938 -114.869396
-159.636326 1924.812514 -116.986355
39.096004 2566.056633 -131.332872
233.230159 3123.395357 -158.637201
412.715565 3618.295190 -198.020689
567.661241 4008.467106 -246.837015
690.468786 4280.762120 -300.523776
776.189234 4430.529054 -353.721444
820.675444 4443.770085 -400.367637
826.662479 4336.250658 -434.994451
793.727696 4096.520087 -453.328395
731.939446 3759.754794 -452.522224
646.277863 3332.740888 -431.934814
546.211193 2843.793396 -392.050066
438.496305 2312.387290 -335.300963
326.916157 1747.344363 -263.581057
219.152688 1185.556860 -183.946815
98.695060 538.235369 -85.648641
31.537989 172.325570 -26.823775
VECTORS LocalRotation float
0.077547 -0.424478 -0.069158
0.076693 -0.426009 -0.069234
0.074669 -0.429669 -0.069418
0.071383 -0.435692 -0.069729
0.067098 -0.443682 -0.070162
0.062008 -0.453306 -0.070710
0.056255 -0.464225 -0.071360
0.049987 -0.475926 -0.072097
0.043180 -0.488028 -0.072914
0.035753 -0.500036 -0.073783
0.027438 -0.511580 -0.074688
0.017909 -0.522162 -0.075611
0.006674 -0.531329 -0.076528
-0.006723 -0.538554 -0.077417
-0.022823 -0.543293 -0.078265
-0.042026 -0.544962 -0.079049
-0.064748 -0.543051 -0.079758
-0.091217 -0.537064 -0.080384
-0.121515 -0.526640 -0.080927
-0.155747 -0.511454 -0.081396
-0.193738 -0.491401 -0.081805
-0.235356 -0.466459 -0.082180
-0.280313 -0.436758 -0.082549
-0.328338 -0.402526 -0.082940
-0.379184 -0.364008 -0.083378
-0.432418 -0.321595 -0.083880
-0.487523 -0.275738 -0.084455
-0.543919 -0.226858 -0.085107
-0.600922 -0.175402 -0.085825
-0.657781 -0.121836 -0.086599
-0.713768 -0.066526 -0.087423
-0.768078 -0.009971 -0.088288
-0.820409 0.047828 -0.089194
-0.869725 0.105843 -0.090143
-0.916086 0.164288 -0.091150
-0.958543 0.221829 -0.092197
-0.997622 0.278927 -0.093288
-1.032621 0.334223 -0.094381
-1.064136 0.388084 -0.095463
-1.091895 0.439546 -0.096487
-1.116281 0.488599 -0.097429
-1.137305 0.534597 -0.098256
-1.155375 0.577691 -0.098937
-1.170720 0.617662 -0.099441
-1.183716 0.654816 -0.099753
-1.194516 0.689072 -0.099851
-1.203395 0.720827 -0.099723
-1.210487 0.750376 -0.099355
-1.215906 0.778094 -0.098743
-1.219713 0.804422 -0.097874
-1.221877 0.829668 -0.096746
-1.222338 0.854216 -0.095353
-1.220978 0.878329 -0.093690
-1.217660 0.902186 -0.091751
-1.212248 0.925928 -0.089527
-1.204643 0.949590 -0.087013
-1.194799 0.973149 -0.084200
-1.182749 0.996492 -0.081081
-1.168591 1.019449 -0.077651
-1.152460 1.041777 -0.073908
-1.134554 1.063117 -0.069852
-1.114913 1.083152 -0.065486
-1.093759 1.101322 -0.060853
-1.070838 1.117290 -0.055928
-1.046442 1.130325 -0.050815
-1.020065 1.140083 -0.045428
-0.991606 1.145942 -0.039943
-0.960679 1.147598 -0.034374
-0.927408 1.144678 -0.028665
-0.891307 1.136828 -0.022884
-0.852642 1.124119 -0.017170
-0.811102 1.106417 -0.011382
-0.767357 1.084007 -0.005662
-0.721133 1.056870 -0.000009
-0.673492 1.025733 0.005572
-0.624299 0.990598 0.011145
-0.574047 0.951955 0.016562
-0.522357 0.909729 0.021883
-0.469566 0.864377 0.027104
-0.415511 0.816045 0.032224
-0.359447 0.764319 0.037251
-0.301878 0.709950 0.042130
-0.242098 0.652508 0.046999
-0.180781 0.592829 0.051757
-0.118163 0.531301 0.056458
-0.054752 0.468510 0.061168
0.008597 0.405330 0.065762
0.071614 0.341961 0.070268
0.132908 0.279625 0.074649
0.191772 0.218725 0.078848
0.247516 0.159468 0.082796
0.298979 0.102482 0.086414
0.346063 0.047060 0.089665
0.387735 -0.006322 0.092399
0.424214 -0.058666 0.094622
0.454529 -0.109122 0.096261
0.479079 -0.158517 0.097312
0.497611 -0.206032 0.097767
0.510717 -0.252332 0.097665
0.518636 -0.296295 0.097074
0.522106 -0.337900 0.096058
0.521726 -0.375789 0.094724
0.518376 -0.409692 0.093167
0.512863 -0.438877 0.091505
0.506027 -0.462788 0.089844
0.498628 -0.480871 0.088248
0.491365 -0.492636 0.086777
0.484788 -0.497891 0.085456
0.479335 -0.496516 0.084279
0.475340 -0.488592 0.083205
0.473013 -0.474276 0.082154
0.472468 -0.453982 0.081032
0.473702 -0.428206 0.079718
0.476629 -0.397652 0.078101
0.481067 -0.363128 0.076088
0.486764 -0.325592 0.073609
0.493403 -0.286161 0.070648
0.500633 -0.245981 0.067233
0.508092 -0.206228 0.063451
0.515425 -0.168064 0.059431
0.522338 -0.132467 0.055327
0.528575 -0.100372 0.051324
0.533980 -0.072374 0.047589
0.538435 -0.049049 0.044299
0.541903 -0.030651 0.041585
0.544370 -0.017401 0.039563
0.545813 -0.009579 0.038340
0.546401 -0.006369 0.037831
VECTORS q1 float
0.980708 -0.011237 -0.195156
0.980954 -0.011151 -0.193918
0.981676 -0.010892 -0.190245
0.982811 -0.010464 -0.184319
0.984260 -0.009887 -0.176447
0.985924 -0.009171 -0.166945
0.987694 -0.008332 -0.156174
0.989474 -0.007385 -0.144519
0.991152 -0.006402 -0.132579
0.992685 -0.005382 -0.120613
0.994020 -0.004382 -0.109113
0.995125 -0.003464 -0.098559
0.995993 -0.002688 -0.089385
0.996623 -0.002140 -0.082085
0.997009 -0.001971 -0.077258
0.997150 -0.002342 -0.075408
0.997022 -0.003483 -0.077041
0.996569 -0.005680 -0.082577
0.995687 -0.009279 -0.092316
0.994218 -0.014661 -0.106378
0.991931 -0.022275 -0.124809
0.988561 -0.032506 -0.147276
0.983791 -0.045749 -0.173385
0.977271 -0.062368 -0.202610
0.968681 -0.082577 -0.234175
0.957684 -0.106582 -0.267360
0.944042 -0.134359 -0.301219
0.927607 -0.165721 -0.334786
0.908206 -0.200546 -0.367345
0.885850 -0.238407 -0.398036
0.860652 -0.278756 -0.426115
0.832626 -0.321233 -0.451158
0.802026 -0.365158 -0.472668
0.768969 -0.410079 -0.490430
0.734345 -0.454637 -0.504026
0.697907 -0.498974 -0.513762
0.660910 -0.541533 -0.519557
0.623160 -0.582519 -0.521865
0.585704 -0.620883 -0.521013
0.548593 -0.656695 -0.517491
0.512546 -0.689452 -0.511813
0.477969 -0.719030 -0.504521
0.445168 -0.745440 -0.496130
0.413994 -0.769051 -0.487002
0.384855 -0.789810 -0.477585
0.357457 -0.808160 -0.468083
0.331802 -0.824301 -0.458732
0.307668 -0.838547 -0.449644
0.284642 -0.851277 -0.440801
0.262563 -0.862679 -0.432257
0.241081 -0.873009 -0.423951
0.219904 -0.882457 -0.415827
0.198823 -0.891135 -0.407857
0.177670 -0.899120 -0.400022
0.156336 -0.906441 -0.392332
0.134753 -0.913104 -0.384814
0.112964 -0.919072 -0.377552
0.091053 -0.924300 -0.370646
0.069174 -0.928740 -0.364222
0.047563 -0.932344 -0.358430
0.026545 -0.935078 -0.353448
0.006535 -0.936925 -0.349469
-0.012097 -0.937933 -0.346604
-0.028674 -0.938117 -0.345129
-0.042827 -0.937615 -0.345028
-0.053746 -0.936474 -0.346593
-0.061065 -0.934892 -0.349639
-0.064221 -0.932985 -0.354139
-0.062788 -0.930834 -0.360008
-0.056447 -0.928533 -0.366933
-0.044799 -0.926162 -0.374457
-0.028174 -0.923659 -0.382178
-0.006312 -0.921012 -0.389482
0.020498 -0.918121 -0.395770
0.051841 -0.914856 -0.400438
0.086825 -0.911063 -0.403021
0.125810 -0.906599 -0.402802
0.167854 -0.901290 -0.399377
0.212492 -0.894964 -0.392283
0.259260 -0.887450 -0.381072
0.307639 -0.878579 -0.365319
0.357531 -0.868122 -0.344290
0.407018 -0.856116 -0.318438
0.456298 -0.842327 -0.286840
0.503737 -0.826881 -0.250034
0.547797 -0.810073 -0.209044
0.588425 -0.791862 -0.163432
0.624303 -0.772716 -0.114697
0.654914 -0.753000 -0.063872
0.680062 -0.733057 -0.011928
0.699824 -0.713178 0.040304
0.714472 -0.693562 0.092209
0.724342 -0.674502 0.142743
0.729985 -0.655650 0.192991
0.731746 -0.637330 0.241577
0.730037 -0.619287 0.289014
0.725319 -0.601652 0.334555
0.717949 -0.584187 0.378516
0.708505 -0.567126 0.419988
0.697274 -0.550123 0.459537
0.685121 -0.533835 0.495610
0.672602 -0.518380 0.528099
0.660437 -0.504212 0.556411
0.649209 -0.491662 0.580341
0.639456 -0.481121 0.599682
0.631721 -0.473149 0.614052
0.626328 -0.468107 0.623369
0.623463 -0.466279 0.627597
0.623162 -0.467836 0.626737
0.625317 -0.472824 0.620819
0.629665 -0.481128 0.609950
0.635871 -0.492541 0.594198
0.643431 -0.506620 0.573875
0.651842 -0.522874 0.549276
0.660578 -0.540710 0.520836
0.669099 -0.559419 0.489241
0.676957 -0.578315 0.455281
0.683790 -0.596718 0.419952
0.689376 -0.614049 0.384323
0.693638 -0.629856 0.349497
0.696611 -0.643815 0.316600
0.698473 -0.655782 0.286505
0.699432 -0.665695 0.260086
0.699771 -0.673614 0.237834
0.699724 -0.679614 0.220252
0.699528 -0.683811 0.207516
0.699333 -0.686284 0.199867
0.699259 -0.687101 0.197303
VECTORS q2 float
-0.011984 0.993012 -0.117399
-0.012059 0.992929 -0.118099
-0.012273 0.992679 -0.120159
-0.012584 0.992273 -0.123434
-0.012932 0.991728 -0.127708
-0.013265 0.991056 -0.132787
-0.013548 0.990268 -0.138511
-0.013763 0.989367 -0.144791
-0.013885 0.988356 -0.151525
-0.013956 0.987195 -0.158909
-0.014001 0.985834 -0.167136
-0.014057 0.984196 -0.176523
-0.014180 0.982154 -0.187544
-0.014428 0.979543 -0.200716
-0.014838 0.976193 -0.216394
-0.015497 0.971848 -0.235097
-0.016490 0.966249 -0.257081
-0.017942 0.959096 -0.282510
-0.020018 0.950067 -0.311402
-0.022914 0.938855 -0.343549
-0.026893 0.925073 -0.378836
-0.032199 0.908499 -0.416645
-0.039118 0.888867 -0.456493
-0.047953 0.865936 -0.497850
-0.058951 0.839639 -0.539936
-0.072372 0.809893 -0.582096
-0.088336 0.776904 -0.623391
-0.106827 0.741102 -0.662840
-0.127817 0.702878 -0.699732
-0.151015 0.663020 -0.733212
-0.175970 0.622457 -0.762616
-0.202316 0.581892 -0.787699
-0.229456 0.542266 -0.808268
-0.256970 0.504172 -0.824486
-0.283861 0.468810 -0.836445
-0.310184 0.435994 -0.844805
-0.334948 0.406678 -0.849955
-0.358332 0.380454 -0.852557
-0.379765 0.357666 -0.853143
-0.399368 0.337951 -0.852229
-0.416921 0.321258 -0.850277
-0.432422 0.307339 -0.847676
-0.445945 0.295902 -0.844734
-0.457747 0.286554 -0.841638
-0.467835 0.279115 -0.838586
-0.476433 0.273281 -0.835661
-0.483616 0.268882 -0.832957
-0.489476 0.265755 -0.830534
-0.494098 0.263760 -0.828431
-0.497465 0.262827 -0.826711
-0.499547 0.262897 -0.825432
-0.500259 0.263935 -0.824669
-0.499471 0.265925 -0.824507
-0.497035 0.268844 -0.825033
-0.492800 0.272660 -0.826320
-0.486627 0.277313 -0.828427
-0.478436 0.282718 -0.831366
-0.468203 0.288757 -0.835108
-0.455960 0.295297 -0.839583
-0.441786 0.302195 -0.844691
-0.425785 0.309320 -0.850311
-0.408062 0.316556 -0.856316
-0.388541 0.323800 -0.862664
-0.367397 0.330995 -0.869173
-0.344214 0.338049 -0.875922
-0.319355 0.344986 -0.882608
-0.291960 0.351703 -0.889418
-0.261868 0.358191 -0.896172
-0.229343 0.364523 -0.902510
-0.194069 0.370713 -0.908245
-0.155328 0.376732 -0.913207
-0.114324 0.382798 -0.916731
-0.070515 0.388930 -0.918565
-0.024444 0.395274 -0.918238
0.023281 0.401976 -0.915354
0.071486 0.409204 -0.909638
0.120921 0.417015 -0.900820
0.170625 0.425572 -0.888693
0.220383 0.435000 -0.873044
0.270049 0.445436 -0.853616
0.319437 0.457020 -0.830116
0.368845 0.469948 -0.801937
0.416478 0.484213 -0.769470
0.462902 0.500005 -0.731927
0.506597 0.517209 -0.689822
0.546110 0.535531 -0.644182
0.581642 0.554960 -0.594737
0.611918 0.575000 -0.543075
0.636537 0.595222 -0.490441
0.655433 0.615179 -0.438135
0.668859 0.634440 -0.387444
0.677343 0.652620 -0.339549
0.681530 0.669240 -0.296033
0.682506 0.684354 -0.256604
0.681063 0.697503 -0.222808
0.678180 0.708689 -0.194503
0.674728 0.717723 -0.172091
0.671421 0.724665 -0.155095
0.668855 0.729443 -0.143339
0.667335 0.732236 -0.135997
0.667103 0.733074 -0.132575
0.668142 0.732186 -0.132253
0.670298 0.729850 -0.134236
0.673308 0.726407 -0.137800
0.676859 0.722225 -0.142316
0.680606 0.717718 -0.147163
0.684247 0.713257 -0.151889
0.687535 0.709169 -0.156123
0.690294 0.705715 -0.159566
0.692427 0.703070 -0.161977
0.693917 0.701332 -0.163136
0.694819 0.700493 -0.162898
0.695257 0.700463 -0.161153
0.695393 0.701075 -0.157867
0.695414 0.702113 -0.153092
0.695507 0.703325 -0.146982
0.695831 0.704472 -0.139783
0.696496 0.705347 -0.131833
0.697549 0.705811 -0.123520
0.698970 0.705805 -0.115242
0.700688 0.705341 -0.107382
0.702572 0.704518 -0.100233
0.704491 0.703456 -0.094032
0.706285 0.702324 -0.088899
0.707833 0.701258 -0.084914
0.709014 0.700401 -0.082078
0.709760 0.699842 -0.080394
0.710012 0.699650 -0.079835
VECTORS q3 float
0.195112 0.117473 0.973720
0.193864 0.118189 0.973883
0.190161 0.120292 0.974355
0.184186 0.123632 0.975085
0.176250 0.127979 0.975990
0.166669 0.133132 0.976984
0.155809 0.138922 0.977969
0.144052 0.145256 0.978851
0.132005 0.152025 0.979522
0.119924 0.159429 0.979898
0.108299 0.167664 0.979878
0.097613 0.177048 0.979350
0.088294 0.188060 0.978181
0.080835 0.201222 0.976205
0.075845 0.216893 0.973245
0.073836 0.235595 0.969042
0.075336 0.257586 0.963314
0.080804 0.283022 0.955703
0.090595 0.311907 0.945784
0.104910 0.344000 0.933090
0.123896 0.379135 0.917009
0.147344 0.416621 0.897060
0.175001 0.455876 0.872669
0.206497 0.496250 0.843264
0.241209 0.536830 0.808475
0.278573 0.576814 0.767908
0.317776 0.615116 0.721561
0.357957 0.650619 0.669748
0.398527 0.682454 0.612725
0.438708 0.709625 0.551333
0.477821 0.731330 0.486666
0.515560 0.747135 0.419507
0.551457 0.756708 0.351124
0.585365 0.760030 0.282314
0.616572 0.757312 0.215215
0.645533 0.748956 0.149510
0.671571 0.735768 0.087392
0.695176 0.718280 0.028348
0.716051 0.697552 -0.026303
0.734541 0.674196 -0.076866
0.750649 0.649191 -0.122788
0.764563 0.623329 -0.164026
0.776504 0.597295 -0.200699
0.786814 0.571356 -0.233399
0.795624 0.546164 -0.262082
0.803266 0.521723 -0.287348
0.809952 0.498227 -0.309430
0.815937 0.475619 -0.328685
0.821490 0.453605 -0.345537
0.826795 0.432096 -0.360143
0.832065 0.410780 -0.372730
0.837486 0.389369 -0.383417
0.843207 0.367644 -0.392224
0.849347 0.345408 -0.399129
0.855983 0.322525 -0.404067
0.863155 0.298894 -0.406972
0.870826 0.274549 -0.407781
0.878917 0.249576 -0.406468
0.887308 0.224148 -0.403041
0.895859 0.198525 -0.397523
0.904435 0.173064 -0.389931
0.912931 0.148201 -0.380255
0.921352 0.124235 -0.368343
0.929622 0.101877 -0.354152
0.937914 0.081250 -0.337218
0.946110 0.063250 -0.317609
0.954479 0.047769 -0.294428
0.962965 0.035185 -0.267322
0.971318 0.025898 -0.236368
0.979363 0.019943 -0.201125
0.986847 0.017253 -0.160736
0.993044 0.017864 -0.116381
0.997491 0.021667 -0.067400
0.999491 0.028497 -0.014340
0.998384 0.038130 0.042137
0.993655 0.050169 0.100658
0.984657 0.064625 0.162091
0.970934 0.081027 0.225217
0.951987 0.099062 0.289669
0.927285 0.118401 0.355139
0.896280 0.138680 0.421248
0.857977 0.159728 0.488224
0.812947 0.180566 0.553637
0.759943 0.201198 0.618066
0.699720 0.220822 0.679433
0.633784 0.238719 0.735752
0.561648 0.254900 0.787133
0.485594 0.268858 0.831814
0.407320 0.280540 0.869131
0.328516 0.290141 0.898830
0.250746 0.298100 0.921012
0.175320 0.305055 0.936058
0.104145 0.311713 0.944452
0.036168 0.319034 0.947053
-0.026499 0.327568 0.944456
-0.084368 0.337998 0.937357
-0.136579 0.350554 0.926530
-0.183693 0.365494 0.912508
-0.225066 0.382467 0.896138
-0.261675 0.401492 0.877685
-0.292546 0.421452 0.858368
-0.318109 0.441798 0.838821
-0.338413 0.461615 0.819993
-0.353813 0.480210 0.802630
-0.364634 0.496904 0.787482
-0.371086 0.510893 0.775425
-0.373522 0.521671 0.767034
-0.372275 0.528832 0.762724
-0.367647 0.532068 0.762719
-0.359893 0.531159 0.767038
-0.349288 0.525975 0.775466
-0.335997 0.516442 0.787650
-0.320335 0.502681 0.802930
-0.302539 0.484868 0.820593
-0.282907 0.463326 0.839817
-0.261871 0.438616 0.859674
-0.239894 0.411426 0.879306
-0.217544 0.382641 0.897920
-0.195412 0.353235 0.914898
-0.174090 0.324224 0.929823
-0.154177 0.296641 0.942461
-0.136117 0.271301 0.952821
-0.120363 0.248997 0.960996
-0.107153 0.230188 0.967229
-0.096745 0.215318 0.971740
-0.089219 0.204548 0.974782
-0.084702 0.198080 0.976519
-0.083188 0.195912 0.977087
