# vtk DataFile Version 2.0
VTK example
ASCII
DATASET UNSTRUCTURED_GRID
POINTS  128  float
-0.000072 -0.000096 -0.000211
-0.000067 -0.000090 -0.000205
-0.000062 -0.000084 -0.000200
-0.000058 -0.000079 -0.000195
-0.000053 -0.000073 -0.000189
-0.000049 -0.000068 -0.000183
-0.000045 -0.000062 -0.000177
-0.000041 -0.000057 -0.000171
-0.000037 -0.000052 -0.000165
-0.000033 -0.000047 -0.000158
-0.000030 -0.000043 -0.000151
-0.000027 -0.000038 -0.000144
-0.000024 -0.000034 -0.000136
-0.000021 -0.000030 -0.000129
-0.000018 -0.000026 -0.000121
-0.000016 -0.000022 -0.000113
-0.000014 -0.000019 -0.000105
-0.000012 -0.000016 -0.000096
-0.000011 -0.000013 -0.000088
-0.000009 -0.000010 -0.000079
-0.000008 -0.000008 -0.000071
-0.000007 -0.000005 -0.000062
-0.000006 -0.000002 -0.000054
-0.000005 0.000001 -0.000045
-0.000003 0.000004 -0.000037
-0.000002 0.000007 -0.000028
-0.000001 0.000010 -0.000020
0.000000 0.000013 -0.000012
0.000002 0.000017 -0.000004
0.000004 0.000021 0.000004
0.000006 0.000025 0.000012
0.000008 0.000030 0.000020
0.000011 0.000034 0.000027
0.000014 0.000039 0.000034
0.000018 0.000045 0.000040
0.000021 0.000050 0.000046
0.000025 0.000056 0.000052
0.000030 0.000063 0.000056
0.000035 0.000069 0.000061
0.000040 0.000075 0.000065
0.000045 0.000082 0.000068
0.000051 0.000089 0.000070
0.000057 0.000095 0.000072
0.000063 0.000102 0.000073
0.000069 0.000108 0.000074
0.000075 0.000115 0.000074
0.000082 0.000121 0.000074
0.000089 0.000127 0.000073
0.000095 0.000133 0.000072
0.000102 0.000139 0.000070
0.000109 0.000144 0.000068
0.000116 0.000149 0.000066
0.000123 0.000154 0.000064
0.000131 0.000159 0.000061
0.000138 0.000163 0.000059
0.000146 0.000168 0.000056
0.000153 0.000172 0.000053
0.000161 0.000175 0.000050
0.000169 0.000179 0.000047
0.000176 0.000182 0.000043
0.000184 0.000185 0.000040
0.000192 0.000188 0.000037
0.000200 0.000190 0.000033
0.000209 0.000192 0.000030
0.000217 0.000194 0.000027
0.000225 0.000196 0.000024
0.000233 0.000197 0.000021
0.000242 0.000198 0.000018
0.000250 0.000199 0.000015
0.000259 0.000200 0.000012
0.000268 0.000200 0.000009
0.000276 0.000201 0.000007
0.000285 0.000201 0.000005
0.000294 0.000201 0.000003
0.000303 0.000202 0.000001
0.000312 0.000202 0.000000
0.000321 0.000202 -0.000001
0.000330 0.000202 -0.000001
0.000339 0.000202 -0.000001
0.000348 0.000202 -0.000001
0.000357 0.000202 0.000000
0.000366 0.000203 0.000001
0.000375 0.000203 0.000003
0.000384 0.000204 0.000006
0.000392 0.000204 0.000009
0.000400 0.000205 0.000013
0.000408 0.000207 0.000018
0.000415 0.000208 0.000023
0.000422 0.000210 0.000029
0.000428 0.000212 0.000035
0.000433 0.000215 0.000042
0.000438 0.000217 0.000049
0.000441 0.000220 0.000057
0.000444 0.000223 0.000065
0.000447 0.000227 0.000073
0.000448 0.000230 0.000081
0.000449 0.000234 0.000089
0.000450 0.000238 0.000098
0.000450 0.000242 0.000106
0.000449 0.000246 0.000114
0.000449 0.000250 0.000122
0.000447 0.000254 0.000130
0.000446 0.000258 0.000138
0.000444 0.000262 0.000146
0.000442 0.000267 0.000153
0.000440 0.000271 0.000161
0.000437 0.000276 0.000168
0.000435 0.000281 0.000176
0.000432 0.000285 0.000183
0.000429 0.000290 0.000190
0.000427 0.000294 0.000197
0.000424 0.000299 0.000205
0.000421 0.000304 0.000212
0.000418 0.000308 0.000219
0.000416 0.000313 0.000227
0.000413 0.000317 0.000234
0.000411 0.000321 0.000242
0.000408 0.000325 0.000250
0.000406 0.000329 0.000257
0.000404 0.000333 0.000265
0.000402 0.000337 0.000273
0.000400 0.000341 0.000281
0.000398 0.000344 0.000289
0.000396 0.000348 0.000298
0.000395 0.000351 0.000306
0.000393 0.000354 0.000314
0.000392 0.000357 0.000323
0.000390 0.000360 0.000331
CELLS  127 381
2 0 1 
2 1 2 
2 2 3 
2 3 4 
2 4 5 
2 5 6 
2 6 7 
2 7 8 
2 8 9 
2 9 10 
2 10 11 
2 11 12 
2 12 13 
2 13 14 
2 14 15 
2 15 16 
2 16 17 
2 17 18 
2 18 19 
2 19 20 
2 20 21 
2 21 22 
2 22 23 
2 23 24 
2 24 25 
2 25 26 
2 26 27 
2 27 28 
2 28 29 
2 29 30 
2 30 31 
2 31 32 
2 32 33 
2 33 34 
2 34 35 
2 35 36 
2 36 37 
2 37 38 
2 38 39 
2 39 40 
2 40 41 
2 41 42 
2 42 43 
2 43 44 
2 44 45 
2 45 46 
2 46 47 
2 47 48 
2 48 49 
2 49 50 
2 50 51 
2 51 52 
2 52 53 
2 53 54 
2 54 55 
2 55 56 
2 56 57 
2 57 58 
2 58 59 
2 59 60 
2 60 61 
2 61 62 
2 62 63 
2 63 64 
2 64 65 
2 65 66 
2 66 67 
2 67 68 
2 68 69 
2 69 70 
2 70 71 
2 71 72 
2 72 73 
2 73 74 
2 74 75 
2 75 76 
2 76 77 
2 77 78 
2 78 79 
2 79 80 
2 80 81 
2 81 82 
2 82 83 
2 83 84 
2 84 85 
2 85 86 
2 86 87 
2 87 88 
2 88 89 
2 89 90 
2 90 91 
2 91 92 
2 92 93 
2 93 94 
2 94 95 
2 95 96 
2 96 97 
2 97 98 
2 98 99 
2 99 100 
2 100 101 
2 101 102 
2 102 103 
2 103 104 
2 104 105 
2 105 106 
2 106 107 
2 107 108 
2 108 109 
2 109 110 
2 110 111 
2 111 112 
2 112 113 
2 113 114 
2 114 115 
2 115 116 
2 116 117 
2 117 118 
2 118 119 
2 119 120 
2 120 121 
2 121 122 
2 122 123 
2 123 124 
2 124 125 
2 125 126 
2 126 127 
CELL_TYPES  127
3
3
3
3
3
3
3
3
3
3
3
3
3
3
3
3
3
3
3
3
3
3
3
3
3
3
3
3
3
3
3
3
3
3
3
3
3
3
3
3
3
3
3
3
3
3
3
3
3
3
3
3
3
3
3
3
3
3
3
3
3
3
3
3
3
3
3
3
3
3
3
3
3
3
3
3
3
3
3
3
3
3
3
3
3
3
3
3
3
3
3
3
3
3
3
3
3
3
3
3
3
3
3
3
3
3
3
3
3
3
3
3
3
3
3
3
3
3
3
3
3
3
3
3
3
3
3
POINT_DATA  128
VECTORS Position float
-0.000072 -0.000096 -0.000211
-0.000067 -0.000090 -0.000205
-0.000062 -0.000084 -0.000200
-0.000058 -0.000079 -0.000195
-0.000053 -0.000073 -0.000189
-0.000049 -0.000068 -0.000183
-0.000045 -0.000062 -0.000177
-0.000041 -0.000057 -0.000171
-0.000037 -0.000052 -0.000165
-0.000033 -0.000047 -0.000158
-0.000030 -0.000043 -0.000151
-0.000027 -0.000038 -0.000144
-0.000024 -0.000034 -0.000136
-0.000021 -0.000030 -0.000129
-0.000018 -0.000026 -0.000121
-0.000016 -0.000022 -0.000113
-0.000014 -0.000019 -0.000105
-0.000012 -0.000016 -0.000096
-0.000011 -0.000013 -0.000088
-0.000009 -0.000010 -0.000079
-0.000008 -0.000008 -0.000071
-0.000007 -0.000005 -0.000062
-0.000006 -0.000002 -0.000054
-0.000005 0.000001 -0.000045
-0.000003 0.000004 -0.000037
-0.000002 0.000007 -0.000028
-0.000001 0.000010 -0.000020
0.000000 0.000013 -0.000012
0.000002 0.000017 -0.000004
0.000004 0.000021 0.000004
0.000006 0.000025 0.000012
0.000008 0.000030 0.000020
0.000011 0.000034 0.000027
0.000014 0.000039 0.000034
0.000018 0.000045 0.000040
0.000021 0.000050 0.000046
0.000025 0.000056 0.000052
0.000030 0.000063 0.000056
0.000035 0.000069 0.000061
0.000040 0.000075 0.000065
0.000045 0.000082 0.000068
0.000051 0.000089 0.000070
0.000057 0.000095 0.000072
0.000063 0.000102 0.000073
0.000069 0.000108 0.000074
0.000075 0.000115 0.000074
0.000082 0.000121 0.000074
0.000089 0.000127 0.000073
0.000095 0.000133 0.000072
0.000102 0.000139 0.000070
0.000109 0.000144 0.000068
0.000116 0.000149 0.000066
0.000123 0.000154 0.000064
0.000131 0.000159 0.000061
0.000138 0.000163 0.000059
0.000146 0.000168 0.000056
0.000153 0.000172 0.000053
0.000161 0.000175 0.000050
0.000169 0.000179 0.000047
0.000176 0.000182 0.000043
0.000184 0.000185 0.000040
0.000192 0.000188 0.000037
0.000200 0.000190 0.000033
0.000209 0.000192 0.000030
0.000217 0.000194 0.000027
0.000225 0.000196 0.000024
0.000233 0.000197 0.000021
0.000242 0.000198 0.000018
0.000250 0.000199 0.000015
0.000259 0.000200 0.000012
0.000268 0.000200 0.000009
0.000276 0.000201 0.000007
0.000285 0.000201 0.000005
0.000294 0.000201 0.000003
0.000303 0.000202 0.000001
0.000312 0.000202 0.000000
0.000321 0.000202 -0.000001
0.000330 0.000202 -0.000001
0.000339 0.000202 -0.000001
0.000348 0.000202 -0.000001
0.000357 0.000202 0.000000
0.000366 0.000203 0.000001
0.000375 0.000203 0.000003
0.000384 0.000204 0.000006
0.000392 0.000204 0.000009
0.000400 0.000205 0.000013
0.000408 0.000207 0.000018
0.000415 0.000208 0.000023
0.000422 0.000210 0.000029
0.000428 0.000212 0.000035
0.000433 0.000215 0.000042
0.000438 0.000217 0.000049
0.000441 0.000220 0.000057
0.000444 0.000223 0.000065
0.000447 0.000227 0.000073
0.000448 0.000230 0.000081
0.000449 0.000234 0.000089
0.000450 0.000238 0.000098
0.000450 0.000242 0.000106
0.000449 0.000246 0.000114
0.000449 0.000250 0.000122
0.000447 0.000254 0.000130
0.000446 0.000258 0.000138
0.000444 0.000262 0.000146
0.000442 0.000267 0.000153
0.000440 0.000271 0.000161
0.000437 0.000276 0.000168
0.000435 0.000281 0.000176
0.000432 0.000285 0.000183
0.000429 0.000290 0.000190
0.000427 0.000294 0.000197
0.000424 0.000299 0.000205
0.000421 0.000304 0.000212
0.000418 0.000308 0.000219
0.000416 0.000313 0.000227
0.000413 0.000317 0.000234
0.000411 0.000321 0.000242
0.000408 0.000325 0.000250
0.000406 0.000329 0.000257
0.000404 0.000333 0.000265
0.000402 0.000337 0.000273
0.000400 0.000341 0.000281
0.000398 0.000344 0.000289
0.000396 0.000348 0.000298
0.000395 0.000351 0.000306
0.000393 0.000354 0.000314
0.000392 0.000357 0.000323
0.000390 0.000360 0.000331
VECTORS Rotation float
0.314976 0.671267 -0.710125
0.312905 0.670119 -0.706949
0.306710 0.666621 -0.697410
0.296549 0.660671 -0.681657
0.282741 0.652132 -0.660030
0.265634 0.640747 -0.632841
0.245733 0.626239 -0.600590
0.223706 0.608368 -0.563994
0.200709 0.587366 -0.524634
0.177344 0.563091 -0.483124
0.154588 0.536024 -0.440862
0.133242 0.506861 -0.399102
0.113770 0.476287 -0.358627
0.096487 0.445181 -0.320124
0.081708 0.414904 -0.284543
0.069329 0.386360 -0.252063
0.059280 0.360712 -0.223088
0.051380 0.338931 -0.197827
0.045421 0.321812 -0.176428
0.041220 0.309964 -0.159061
0.038583 0.303650 -0.145764
0.037442 0.302987 -0.136761
0.037763 0.307833 -0.132210
0.039593 0.317906 -0.132311
0.043071 0.332800 -0.137299
0.048416 0.352132 -0.147448
0.055923 0.375432 -0.163009
0.065948 0.402231 -0.184208
0.078952 0.432257 -0.211404
0.095422 0.465093 -0.244836
0.115893 0.500304 -0.284744
0.141083 0.537642 -0.331689
0.171669 0.576515 -0.386027
0.208567 0.616419 -0.448531
0.251962 0.655857 -0.518660
0.303230 0.694451 -0.598087
0.361668 0.730071 -0.685157
0.428125 0.761948 -0.781012
0.500901 0.788209 -0.883196
0.579218 0.807947 -0.991006
0.660250 0.820136 -1.101097
0.741119 0.824440 -1.210289
0.818897 0.821075 -1.315365
0.891809 0.810618 -1.414582
0.957258 0.794149 -1.504821
1.014774 0.772705 -1.585643
1.063769 0.747575 -1.656186
1.104561 0.719868 -1.716666
1.138041 0.690329 -1.768044
1.164849 0.659839 -1.810855
1.185976 0.628823 -1.846184
1.202326 0.597556 -1.875053
1.214698 0.566229 -1.898392
1.223804 0.534901 -1.917082
1.230238 0.503571 -1.931886
1.234481 0.472168 -1.943439
1.236885 0.440701 -1.952192
1.237728 0.409152 -1.958478
1.237231 0.377539 -1.962521
1.235573 0.345921 -1.964465
1.232916 0.314422 -1.964398
1.229409 0.283234 -1.962377
1.225211 0.252366 -1.958399
1.220439 0.222373 -1.952473
1.215257 0.193081 -1.944434
1.209751 0.165465 -1.934371
1.204096 0.139118 -1.921909
1.198413 0.114474 -1.906957
1.192781 0.092205 -1.889638
1.187302 0.072393 -1.869729
1.182093 0.054848 -1.846698
1.177138 0.040191 -1.821080
1.172501 0.028176 -1.792260
1.168163 0.018869 -1.760249
1.164072 0.012279 -1.725083
1.160099 0.008442 -1.687243
1.156208 0.007221 -1.645775
1.152215 0.008626 -1.601084
1.147948 0.012678 -1.552965
1.143201 0.019459 -1.501065
1.137731 0.029120 -1.444906
1.131271 0.041997 -1.383233
1.123431 0.057991 -1.317035
1.113844 0.077675 -1.244264
1.102067 0.100886 -1.165577
1.087755 0.127191 -1.082109
1.070445 0.156824 -0.992360
1.049988 0.188721 -0.898312
1.026400 0.221913 -0.801202
0.999942 0.255266 -0.702477
0.971133 0.287606 -0.603729
0.940694 0.317880 -0.506559
0.909855 0.344992 -0.413620
0.878721 0.369194 -0.323854
0.848785 0.389858 -0.240372
0.820247 0.407589 -0.162705
0.793863 0.422750 -0.092020
0.769415 0.436221 -0.027349
0.747263 0.448500 0.030806
0.726604 0.460415 0.084301
0.707977 0.471979 0.132158
0.690973 0.483438 0.175300
0.675584 0.494647 0.213850
0.661643 0.505412 0.248220
0.649117 0.515408 0.278575
0.638282 0.524143 0.304541
0.629263 0.531261 0.326023
0.622203 0.536453 0.342891
0.617214 0.539482 0.355062
0.614344 0.540194 0.362542
0.613593 0.538506 0.365402
0.614843 0.534404 0.363887
0.617896 0.527972 0.358361
0.622482 0.519324 0.349298
0.628279 0.508629 0.337256
0.634920 0.496134 0.322892
0.642052 0.482110 0.306862
0.649328 0.466890 0.289847
0.656451 0.450845 0.272487
0.663176 0.434392 0.255369
0.669303 0.418024 0.239053
0.674717 0.402215 0.223966
0.679319 0.387557 0.210551
0.683088 0.374554 0.199094
0.685994 0.363794 0.189917
0.688062 0.355703 0.183188
0.689287 0.350714 0.179110
0.689695 0.349018 0.177737
VECTORS ControlForce float
-0.000000 -0.000000 0.000000
0.000025 0.000009 0.000115
0.000064 0.000017 0.000236
0.000140 0.000044 0.000343
0.000253 0.000098 0.000424
0.000386 0.000180 0.000480
0.000519 0.000289 0.000519
0.000640 0.000430 0.000535
0.000727 0.000583 0.000527
0.000765 0.000722 0.000508
0.000765 0.000851 0.000473
0.000720 0.000944 0.000433
0.000645 0.000998 0.000396
0.000559 0.001014 0.000356
0.000476 0.000992 0.000305
0.000401 0.000917 0.000255
0.000339 0.000787 0.000209
0.000289 0.000602 0.000172
0.000252 0.000377 0.000153
0.000229 0.000139 0.000151
0.000220 -0.000075 0.000153
0.000215 -0.000239 0.000150
0.000204 -0.000342 0.000145
0.000180 -0.000388 0.000143
0.000142 -0.000379 0.000143
0.000095 -0.000323 0.000137
0.000043 -0.000236 0.000127
-0.000013 -0.000144 0.000120
-0.000064 -0.000060 0.000108
-0.000113 -0.000009 0.000098
-0.000157 -0.000003 0.000089
-0.000190 -0.000032 0.000074
-0.000214 -0.000097 0.000064
-0.000235 -0.000197 0.000058
-0.000259 -0.000326 0.000052
-0.000284 -0.000461 0.000041
-0.000290 -0.000556 0.000005
-0.000272 -0.000594 -0.000044
-0.000243 -0.000593 -0.000092
-0.000208 -0.000548 -0.000132
-0.000183 -0.000485 -0.000160
-0.000162 -0.000393 -0.000184
-0.000147 -0.000291 -0.000200
-0.000141 -0.000197 -0.000201
-0.000122 -0.000094 -0.000194
-0.000098 -0.000007 -0.000180
-0.000048 0.000088 -0.000161
0.000019 0.000177 -0.000138
0.000082 0.000237 -0.000110
0.000151 0.000292 -0.000079
0.000212 0.000338 -0.000045
0.000257 0.000369 -0.000007
0.000266 0.000360 0.000029
0.000244 0.000317 0.000059
0.000193 0.000243 0.000082
0.000131 0.000164 0.000098
0.000073 0.000106 0.000109
0.000013 0.000056 0.000113
-0.000041 0.000030 0.000111
-0.000087 0.000028 0.000103
-0.000136 0.000025 0.000085
-0.000189 0.000012 0.000058
-0.000239 -0.000005 0.000028
-0.000279 -0.000015 -0.000006
-0.000305 -0.000017 -0.000039
-0.000316 -0.000019 -0.000079
-0.000304 -0.000014 -0.000107
-0.000279 -0.000019 -0.000128
-0.000243 -0.000040 -0.000159
-0.000185 -0.000043 -0.000186
-0.000121 -0.000045 -0.000197
-0.000056 -0.000045 -0.000200
0.000006 -0.000031 -0.000181
0.000044 -0.000029 -0.000141
0.000054 -0.000042 -0.000092
0.000025 -0.000080 -0.000043
-0.000045 -0.000143 0.000018
-0.000149 -0.000223 0.000087
-0.000282 -0.000318 0.000159
-0.000415 -0.000393 0.000236
-0.000511 -0.000403 0.000324
-0.000548 -0.000347 0.000421
-0.000498 -0.000212 0.000506
-0.000353 -0.000016 0.000572
-0.000116 0.000217 0.000593
0.000186 0.000439 0.000551
0.000496 0.000583 0.000465
0.000769 0.000629 0.000342
0.000963 0.000588 0.000186
0.001031 0.000473 0.000017
0.000945 0.000297 -0.000125
0.000725 0.000128 -0.000239
0.000408 -0.000012 -0.000310
0.000066 -0.000109 -0.000327
-0.000249 -0.000163 -0.000317
-0.000488 -0.000194 -0.000289
-0.000617 -0.000235 -0.000244
-0.000635 -0.000283 -0.000197
-0.000550 -0.000343 -0.000149
-0.000388 -0.000409 -0.000094
-0.000186 -0.000464 -0.000062
0.000013 -0.000500 -0.000058
0.000177 -0.000509 -0.000073
0.000271 -0.000483 -0.000104
0.000300 -0.000431 -0.000131
0.000288 -0.000368 -0.000151
0.000235 -0.000301 -0.000175
0.000146 -0.000236 -0.000210
0.000038 -0.000180 -0.000247
-0.000083 -0.000135 -0.000285
-0.000199 -0.000102 -0.000315
-0.000319 -0.000078 -0.000343
-0.000428 -0.000062 -0.000364
-0.000522 -0.000052 -0.000378
-0.000592 -0.000046 -0.000380
-0.000642 -0.000039 -0.000376
-0.000683 -0.000022 -0.000379
-0.000708 0.000006 -0.000385
-0.000716 0.000044 -0.000391
-0.000715 0.000089 -0.000398
-0.000714 0.000139 -0.000411
-0.000699 0.000184 -0.000416
-0.000660 0.000212 -0.000402
-0.000593 0.000217 -0.000368
-0.000484 0.000194 -0.000303
-0.000340 0.000144 -0.000211
-0.000178 0.000078 -0.000113
0.000000 -0.000000 -0.000000
VECTORS ControlTorque float
-0.000002 0.000002 -0.000000
-0.000002 0.000002 -0.000000
-0.000002 0.000002 -0.000000
-0.000002 0.000001 -0.000000
-0.000002 0.000002 -0.000000
-0.000002 0.000001 -0.000000
-0.000002 0.000002 -0.000000
-0.000001 0.000001 -0.000000
-0.000001 0.000001 -0.000000
-0.000001 0.000001 0.000000
-0.000000 0.000000 0.000000
-0.000000 0.000000 0.000000
-0.000000 -0.000000 0.000000
0.000001 -0.000001 0.000000
0.000001 -0.000001 0.000000
0.000001 -0.000001 0.000000
0.000002 -0.000001 0.000000
0.000002 -0.000001 0.000000
0.000002 -0.000001 0.000000
0.000002 -0.000001 0.000000
0.000002 -0.000002 0.000000
0.000002 -0.000002 0.000000
0.000002 -0.000002 0.000000
0.000002 -0.000002 0.000000
0.000002 -0.000002 0.000000
0.000002 -0.000002 0.000000
0.000002 -0.000002 0.000000
0.000002 -0.000002 0.000001
0.000001 -0.000002 0.000001
0.000001 -0.000002 0.000000
0.000002 -0.000002 0.000001
0.000001 -0.000001 0.000000
0.000002 -0.000002 0.000001
0.000000 -0.000000 0.000000
0.000002 -0.000002 0.000001
-0.000001 0.000000 0.000000
0.000001 -0.000002 0.000001
-0.000001 0.000000 0.000000
0.000000 -0.000001 0.000001
-0.000001 0.000000 0.000000
-0.000001 0.000000 0.000000
-0.000001 0.000001 0.000000
-0.000001 0.000000 0.000001
-0.000002 0.000002 0.000000
-0.000001 0.000001 0.000001
-0.000002 0.000002 0.000000
-0.000001 0.000002 0.000000
-0.000001 0.000001 0.000000
-0.000001 0.000002 0.000000
-0.000001 0.000001 0.000000
-0.000001 0.000001 0.000000
-0.000001 0.000001 0.000000
-0.000001 0.000001 0.000000
-0.000001 0.000001 0.000000
-0.000000 0.000001 0.000000
-0.000000 0.000001 0.000000
-0.000000 0.000001 0.000000
-0.000000 0.000001 0.000000
-0.000000 0.000001 0.000000
-0.000000 0.000001 0.000000
-0.000000 0.000001 -0.000000
-0.000000 0.000001 0.000000
-0.000001 0.000001 -0.000001
-0.000000 0.000001 0.000000
-0.000001 0.000001 -0.000001
-0.000000 0.000001 -0.000000
-0.000000 0.000001 -0.000001
-0.000001 0.000001 -0.000001
-0.000000 0.000001 -0.000001
-0.000000 0.000002 -0.000001
-0.000000 0.000001 -0.000002
-0.000000 0.000002 -0.000001
-0.000000 0.000001 -0.000001
-0.000000 0.000002 -0.000001
-0.000000 0.000000 -0.000001
-0.000000 0.000002 -0.000001
-0.000000 0.000001 -0.000001
-0.000000 0.000001 -0.000001
-0.000000 0.000002 -0.000001
-0.000000 0.000001 -0.000001
0.000000 0.000003 -0.000002
0.000000 0.000000 -0.000001
0.000000 0.000004 -0.000002
0.000000 0.000002 -0.000002
0.000000 0.000000 -0.000001
0.000001 0.000004 -0.000002
0.000001 0.000001 -0.000001
0.000001 0.000001 -0.000001
0.000001 0.000000 -0.000001
0.000001 -0.000001 -0.000000
0.000001 -0.000001 0.000000
0.000000 -0.000004 0.000002
0.000001 0.000000 -0.000000
-0.000000 -0.000004 0.000002
0.000000 -0.000002 0.000001
-0.000000 -0.000004 0.000002
0.000000 -0.000002 0.000001
-0.000000 -0.000003 0.000002
0.000001 -0.000001 0.000000
-0.000000 -0.000003 0.000001
0.000000 -0.000001 0.000001
-0.000000 -0.000002 0.000001
-0.000000 -0.000001 0.000001
-0.000000 -0.000001 0.000001
-0.000001 -0.000002 0.000001
-0.000001 -0.000001 0.000001
-0.000001 -0.000002 0.000001
-0.000001 -0.000001 0.000000
-0.000001 -0.000001 0.000000
-0.000001 -0.000001 0.000000
-0.000001 -0.000001 0.000000
-0.000001 -0.000001 0.000000
-0.000001 -0.000001 0.000000
-0.000001 -0.000001 0.000000
-0.000001 -0.000001 0.000000
-0.000001 -0.000001 0.000000
-0.000000 -0.000000 0.000000
-0.000000 -0.000000 -0.000000
-0.000000 -0.000000 -0.000000
0.000000 0.000000 -0.000000
0.000000 0.000000 -0.000000
0.000001 0.000001 -0.000000
0.000001 0.000001 -0.000000
0.000001 0.000001 -0.000000
0.000001 0.000001 -0.000000
0.000001 0.000001 -0.000000
0.000001 0.000001 -0.000000
0.000001 0.000001 -0.000000
VECTORS Curvature float
117.166930 -126.899394 6.280592
380.817666 -410.972870 19.368362
841.749101 -906.625493 41.406745
1239.112857 -1328.173298 58.626291
1647.311003 -1750.807835 73.533049
2060.046376 -2162.255915 84.488843
2501.619615 -2581.054613 90.835871
2864.502312 -2896.539521 92.762629
3187.885634 -3147.386117 88.888207
3507.080713 -3378.966713 80.657981
3694.090535 -3473.501792 67.709529
3799.748281 -3494.889740 50.512929
3855.001577 -3484.169555 29.986808
3754.312375 -3359.941928 7.395268
3530.755309 -3161.964129 -17.668032
3227.189279 -2937.745208 -43.255574
2794.998248 -2643.918250 -69.252239
2283.731163 -2320.801645 -94.710620
1695.789890 -1955.459529 -118.988896
1071.624504 -1572.508529 -141.475222
431.015383 -1165.425656 -161.551590
-208.102263 -724.206768 -178.887394
-820.256340 -268.752532 -193.200182
-1393.974988 207.580247 -204.400689
-1929.184821 703.659820 -212.570531
-2430.428567 1217.160383 -217.943203
-2874.439955 1727.840835 -220.789443
-3297.141863 2242.933781 -221.691740
-3712.652408 2759.538127 -220.805091
-4079.324620 3233.368667 -218.399421
-4461.580643 3704.968559 -215.215621
-4834.258475 4145.883985 -210.243839
-5250.300711 4608.112570 -205.064774
-5525.571806 4923.318242 -195.808254
-5833.114528 5270.081356 -188.442453
-6048.887018 5522.532330 -174.009919
-6158.945655 5709.290573 -162.121961
-6242.587329 5881.142183 -144.299933
-6168.444485 5952.434067 -128.634043
-6080.309811 6038.691419 -111.295598
-5810.689106 5993.170919 -96.463125
-5454.442606 5888.793298 -83.718327
-5105.617691 5834.153587 -72.937608
-4689.020584 5715.652622 -64.366287
-4199.693538 5535.060665 -55.902370
-3732.390861 5376.516340 -47.807072
-3201.961100 5122.555408 -38.481614
-2715.963836 4918.676185 -27.299873
-2241.608214 4701.597752 -14.751034
-1773.792087 4456.761098 0.470630
-1353.845217 4261.006181 17.949847
-967.104462 4080.456048 37.983633
-619.135751 3922.119731 60.710399
-310.823121 3789.356088 86.096657
-37.533162 3687.626369 114.019073
208.198708 3606.115964 144.114844
434.420806 3531.346969 175.951982
648.205348 3466.253181 208.862625
854.379422 3399.917472 242.064609
1057.256470 3327.867520 274.675873
1247.846720 3222.940247 305.869765
1452.405694 3133.755994 334.582572
1631.747375 2980.771688 360.305170
1838.629649 2831.594485 381.753577
2010.462129 2608.926075 399.348334
2177.705097 2335.001126 411.635371
2434.453171 2121.233380 419.633346
2605.951549 1781.943081 423.178534
2721.372769 1391.103802 422.637834
2974.380716 1033.270652 418.798154
3161.284490 635.163024 413.691038
3309.613724 205.081054 406.825952
3563.024418 -214.265682 400.706135
3792.612300 -654.632278 395.835969
3916.561296 -1061.384306 393.546526
4108.898556 -1487.588290 394.359678
4381.457960 -1937.851682 399.524637
4555.000810 -2355.415496 409.175230
4787.054226 -2808.468637 423.697249
5005.636362 -3265.242247 442.545442
5405.520890 -3874.964443 465.336140
5698.607401 -4433.810674 488.079263
6010.359511 -5051.316439 511.070513
6515.095413 -5873.446041 527.295899
6666.777758 -6420.816931 532.218317
6931.480648 -7111.798569 526.074619
7220.033192 -7857.157482 498.283137
7219.674866 -8308.096210 451.966145
7144.895498 -8652.494983 385.507159
6930.857526 -8786.726696 302.485689
6663.384225 -8791.410762 209.146303
6157.979477 -8400.613119 108.880917
5758.960086 -8074.572059 15.664576
5331.141225 -7656.212253 -75.037455
4777.786779 -7023.820720 -148.981765
4266.784529 -6449.310053 -211.804114
3747.863320 -5886.034763 -257.796246
3240.770976 -5364.444367 -291.327875
2796.706267 -4979.939946 -310.272967
2384.757908 -4649.489613 -319.325650
1930.551044 -4206.685948 -317.215817
1572.861397 -3870.080090 -307.443729
1253.201605 -3501.584995 -290.623636
1012.884118 -3183.831589 -268.646496
809.944387 -2799.518711 -242.820826
643.329760 -2347.539881 -214.166002
520.998099 -1879.758178 -183.927740
430.452340 -1384.765504 -153.128753
368.054822 -879.454001 -122.699570
323.793264 -367.944041 -93.284056
295.905778 136.689250 -65.509352
280.557096 615.811734 -39.694318
272.822138 1056.039728 -16.219481
275.735814 1454.340552 4.736416
285.551820 1794.312325 22.913443
301.903618 2068.623875 38.180419
324.182410 2274.832855 50.396444
349.783457 2405.520628 59.475277
376.720777 2466.655104 65.366024
398.830309 2446.285522 68.029439
413.209665 2357.323510 67.612532
412.592117 2192.152141 64.147616
393.741656 1958.918050 58.012011
352.925542 1660.699661 49.425399
288.953002 1300.282406 38.801302
208.069494 906.580308 27.034883
97.788096 418.324216 12.564907
31.977590 135.182080 4.023851
VECTORS LocalRotation float
-0.313393 -0.190723 -0.034742
-0.311133 -0.193164 -0.034625
-0.305620 -0.199106 -0.034351
-0.296238 -0.209182 -0.033900
-0.283143 -0.223150 -0.033301
-0.266302 -0.240925 -0.032583
-0.245638 -0.262412 -0.031789
-0.221478 -0.287074 -0.030962
-0.193980 -0.314534 -0.030137
-0.163710 -0.344041 -0.029370
-0.131144 -0.375031 -0.028699
-0.097136 -0.406654 -0.028163
-0.062440 -0.438288 -0.027798
-0.028094 -0.469179 -0.027629
0.004945 -0.498757 -0.027676
0.035524 -0.526358 -0.027951
0.062785 -0.551625 -0.028461
0.085781 -0.574105 -0.029203
0.103797 -0.593464 -0.030170
0.116348 -0.609464 -0.031352
0.123138 -0.621835 -0.032721
0.124147 -0.630393 -0.034263
0.119485 -0.634894 -0.035949
0.109458 -0.635171 -0.037750
0.094399 -0.631042 -0.039639
0.074691 -0.622359 -0.041586
0.050718 -0.609050 -0.043568
0.022763 -0.591064 -0.045573
-0.008943 -0.568437 -0.047574
-0.044221 -0.541305 -0.049562
-0.083013 -0.509791 -0.051532
-0.125160 -0.474196 -0.053461
-0.170864 -0.434521 -0.055343
-0.219422 -0.391571 -0.057150
-0.271080 -0.345213 -0.058897
-0.324572 -0.296626 -0.060529
-0.380123 -0.245515 -0.062058
-0.436106 -0.193194 -0.063442
-0.492468 -0.139454 -0.064681
-0.547775 -0.085311 -0.065764
-0.601539 -0.030909 -0.066704
-0.652581 0.022927 -0.067520
-0.700568 0.076198 -0.068232
-0.744783 0.128337 -0.068852
-0.785089 0.179353 -0.069397
-0.820926 0.228652 -0.069866
-0.852313 0.276174 -0.070256
-0.879159 0.321723 -0.070555
-0.901566 0.365205 -0.070745
-0.919762 0.406706 -0.070810
-0.933935 0.446213 -0.070726
-0.944443 0.483976 -0.070473
-0.951623 0.520201 -0.070026
-0.955833 0.555112 -0.069362
-0.957411 0.588974 -0.068455
-0.956638 0.621981 -0.067287
-0.953729 0.654296 -0.065838
-0.948826 0.685985 -0.064095
-0.942022 0.717077 -0.062053
-0.933367 0.747537 -0.059714
-0.922928 0.777205 -0.057085
-0.910680 0.806038 -0.054180
-0.896753 0.833649 -0.051042
-0.880990 0.860050 -0.047671
-0.863661 0.884542 -0.044155
-0.844529 0.907127 -0.040450
-0.823684 0.927268 -0.036693
-0.801037 0.944805 -0.032906
-0.776842 0.959216 -0.029065
-0.750851 0.970279 -0.025225
-0.723260 0.977782 -0.021482
-0.693758 0.981612 -0.017741
-0.662646 0.981571 -0.014085
-0.629485 0.977654 -0.010494
-0.594788 0.969930 -0.006941
-0.558213 0.958314 -0.003350
-0.519946 0.942875 0.000228
-0.479584 0.923484 0.003880
-0.437288 0.900105 0.007651
-0.392857 0.872548 0.011581
-0.345536 0.840094 0.015708
-0.295599 0.802727 0.019996
-0.242207 0.759476 0.024552
-0.185721 0.710209 0.029234
-0.126229 0.654723 0.034016
-0.064076 0.592870 0.038853
-0.000145 0.525246 0.043481
0.065129 0.452172 0.047776
0.130098 0.375461 0.051564
0.193766 0.296579 0.054676
0.255233 0.217099 0.056989
0.313149 0.139440 0.058426
0.367541 0.064243 0.058994
0.417402 -0.006483 0.058728
0.463242 -0.073050 0.057712
0.504072 -0.133872 0.056083
0.540519 -0.189968 0.053947
0.572135 -0.240864 0.051463
0.599653 -0.288013 0.048721
0.622875 -0.331169 0.045900
0.642415 -0.371271 0.043017
0.658282 -0.407851 0.040188
0.671140 -0.441390 0.037467
0.681429 -0.471743 0.034928
0.689649 -0.498726 0.032621
0.696220 -0.522000 0.030555
0.701492 -0.541141 0.028752
0.705805 -0.555937 0.027225
0.709425 -0.566201 0.025974
0.712555 -0.571845 0.024997
0.715365 -0.572893 0.024277
0.717970 -0.569493 0.023802
0.720477 -0.561919 0.023548
0.722963 -0.550541 0.023496
0.725504 -0.535836 0.023622
0.728164 -0.518343 0.023898
0.730998 -0.498683 0.024299
0.734049 -0.477492 0.024797
0.737338 -0.455432 0.025362
0.740848 -0.433197 0.025966
0.744528 -0.411433 0.026580
0.748265 -0.390845 0.027176
0.751920 -0.372028 0.027730
0.755297 -0.355655 0.028216
0.758206 -0.342236 0.028616
0.760452 -0.332266 0.028913
0.761840 -0.326254 0.029093
0.762426 -0.323753 0.029168
VECTORS q1 float
0.846593 -0.242579 -0.473747
0.847604 -0.241256 -0.472613
0.850635 -0.237286 -0.469164
0.855621 -0.230733 -0.463330
0.862420 -0.221738 -0.455042
0.870885 -0.210450 -0.444151
0.880794 -0.197104 -0.430525
0.891846 -0.182042 -0.414091
0.903472 -0.165952 -0.395218
0.915406 -0.149179 -0.373868
0.927155 -0.132377 -0.350513
0.938303 -0.116146 -0.325726
0.948595 -0.100890 -0.299982
0.957836 -0.086947 -0.273843
0.965824 -0.074692 -0.248205
0.972584 -0.064167 -0.223525
0.978132 -0.055432 -0.200462
0.982558 -0.048436 -0.179538
0.985982 -0.043074 -0.161195
0.988529 -0.039244 -0.145846
0.990334 -0.036809 -0.133729
0.991491 -0.035728 -0.125175
0.992074 -0.035980 -0.120392
0.992115 -0.037599 -0.119557
0.991596 -0.040696 -0.122806
0.990442 -0.045428 -0.130231
0.988527 -0.052001 -0.141811
0.985670 -0.060641 -0.157408
0.981625 -0.071616 -0.176874
0.976122 -0.085157 -0.199837
0.968877 -0.101461 -0.225792
0.959549 -0.120777 -0.254319
0.947855 -0.143216 -0.284710
0.933466 -0.168950 -0.316381
0.916428 -0.197580 -0.348025
0.896310 -0.229449 -0.379450
0.873555 -0.263652 -0.409133
0.847870 -0.300369 -0.436914
0.819856 -0.338608 -0.461715
0.789504 -0.378224 -0.483353
0.757406 -0.418355 -0.501313
0.724014 -0.458381 -0.515452
0.689791 -0.497715 -0.525803
0.654816 -0.536226 -0.532614
0.619869 -0.573061 -0.536064
0.585016 -0.608164 -0.536557
0.550752 -0.641079 -0.534499
0.517324 -0.671641 -0.530353
0.484693 -0.699958 -0.524530
0.453133 -0.725879 -0.517465
0.422557 -0.749575 -0.509492
0.392846 -0.771224 -0.500885
0.363885 -0.790985 -0.491864
0.335496 -0.809044 -0.482586
0.307506 -0.825563 -0.473166
0.279722 -0.840691 -0.463675
0.252064 -0.854498 -0.454200
0.224468 -0.867039 -0.444813
0.196929 -0.878338 -0.435594
0.169508 -0.888398 -0.426634
0.142338 -0.897207 -0.418043
0.115628 -0.904747 -0.409955
0.089469 -0.911075 -0.402416
0.064395 -0.916123 -0.395692
0.040416 -0.920039 -0.389737
0.018396 -0.922751 -0.384958
-0.001763 -0.924496 -0.381187
-0.019577 -0.925366 -0.378568
-0.034432 -0.925451 -0.377299
-0.046090 -0.924934 -0.377324
-0.054430 -0.924010 -0.378475
-0.059051 -0.922766 -0.380809
-0.059861 -0.921358 -0.384079
-0.056744 -0.919869 -0.388100
-0.049651 -0.918352 -0.392637
-0.038699 -0.916810 -0.397444
-0.023583 -0.915258 -0.402176
-0.004431 -0.913633 -0.406517
0.018876 -0.911850 -0.410089
0.046556 -0.909793 -0.412443
0.078910 -0.907299 -0.413016
0.116670 -0.904156 -0.410962
0.159182 -0.900075 -0.405619
0.207480 -0.894695 -0.395566
0.260666 -0.887607 -0.379747
0.317242 -0.878433 -0.357370
0.377020 -0.866647 -0.326770
0.437259 -0.852016 -0.287877
0.495600 -0.834463 -0.240941
0.549696 -0.814174 -0.186963
0.597539 -0.791618 -0.127628
0.637754 -0.767488 -0.065057
0.669397 -0.742901 -0.002269
0.693377 -0.718045 0.060325
0.709796 -0.694164 0.119689
0.719992 -0.671404 0.175579
0.725012 -0.650291 0.226888
0.726088 -0.630565 0.274199
0.724127 -0.612417 0.317153
0.719926 -0.595157 0.357064
0.714095 -0.579201 0.393185
0.707153 -0.564255 0.426088
0.699565 -0.550396 0.455713
0.691718 -0.537597 0.482199
0.683977 -0.525956 0.505516
0.676751 -0.515830 0.525288
0.670377 -0.507429 0.541397
0.665143 -0.500955 0.553741
0.661270 -0.496566 0.562267
0.658897 -0.494345 0.566990
0.658087 -0.494318 0.567953
0.658811 -0.496404 0.565288
0.660954 -0.500436 0.559200
0.664341 -0.506180 0.549938
0.668753 -0.513351 0.537811
0.673923 -0.521601 0.523221
0.679587 -0.530583 0.506599
0.685482 -0.539937 0.488449
0.691368 -0.549326 0.469309
0.697038 -0.558447 0.449749
0.702314 -0.567015 0.430406
0.707070 -0.574825 0.411860
0.711195 -0.581668 0.394795
0.714633 -0.587431 0.379769
0.717328 -0.591986 0.367414
0.719266 -0.595289 0.358172
0.720427 -0.597273 0.352491
0.720815 -0.597939 0.350564
VECTORS q2 float
-0.150627 0.744512 -0.650395
-0.149761 0.745692 -0.649242
-0.147156 0.749238 -0.645745
-0.142851 0.755116 -0.639839
-0.136935 0.763234 -0.631445
-0.129474 0.773533 -0.620390
-0.120577 0.785898 -0.606486
-0.110420 0.800135 -0.589569
-0.099458 0.815693 -0.569871
-0.087863 0.832346 -0.547247
-0.076085 0.849494 -0.522084
-0.064556 0.866523 -0.494944
-0.053580 0.882958 -0.466384
-0.043437 0.898335 -0.437159
-0.034445 0.912102 -0.408514
-0.026670 0.924061 -0.381312
-0.020171 0.934002 -0.356697
-0.014903 0.941866 -0.335658
-0.010755 0.947685 -0.319025
-0.007584 0.951536 -0.307445
-0.005233 0.953541 -0.301217
-0.003566 0.953780 -0.300483
-0.002489 0.952313 -0.305112
-0.001968 0.949148 -0.314825
-0.002019 0.944255 -0.329209
-0.002739 0.937540 -0.347868
-0.004261 0.928895 -0.370319
-0.006764 0.918190 -0.396084
-0.010516 0.905194 -0.424869
-0.015786 0.889714 -0.456246
-0.022870 0.871551 -0.489771
-0.032156 0.850385 -0.525178
-0.043965 0.826044 -0.561888
-0.058686 0.798271 -0.599433
-0.076245 0.767502 -0.636496
-0.097129 0.733348 -0.672879
-0.120742 0.696923 -0.706908
-0.147278 0.658195 -0.738301
-0.175862 0.618493 -0.765858
-0.206223 0.578278 -0.789346
-0.237416 0.538766 -0.808310
-0.268644 0.500884 -0.822767
-0.299130 0.465439 -0.832999
-0.328508 0.432727 -0.839541
-0.355877 0.403548 -0.842912
-0.381022 0.377927 -0.843797
-0.403482 0.356095 -0.842852
-0.423057 0.337995 -0.840703
-0.439781 0.323353 -0.837876
-0.453558 0.311998 -0.834831
-0.464517 0.303588 -0.831901
-0.472819 0.297773 -0.829321
-0.478653 0.294211 -0.827243
-0.482240 0.292569 -0.825741
-0.483789 0.292550 -0.824841
-0.483475 0.293903 -0.824544
-0.481418 0.296427 -0.824844
-0.477683 0.299958 -0.825739
-0.472293 0.304356 -0.827228
-0.465240 0.309492 -0.829317
-0.456512 0.315237 -0.831999
-0.446106 0.321455 -0.835258
-0.433932 0.328017 -0.839111
-0.420100 0.334782 -0.843467
-0.404362 0.341627 -0.848400
-0.387071 0.348428 -0.853683
-0.367761 0.355074 -0.859462
-0.346490 0.361456 -0.865618
-0.323606 0.367509 -0.871904
-0.298972 0.373183 -0.878265
-0.272083 0.378418 -0.884743
-0.243666 0.383260 -0.890920
-0.213124 0.387694 -0.896812
-0.180523 0.391772 -0.902178
-0.145939 0.395574 -0.906765
-0.109870 0.399234 -0.910242
-0.071463 0.402803 -0.912493
-0.031173 0.406449 -0.913141
0.011059 0.410327 -0.911871
0.055353 0.414606 -0.908316
0.101845 0.419477 -0.902035
0.151191 0.425134 -0.892414
0.202071 0.431864 -0.879011
0.255423 0.439885 -0.860965
0.309887 0.449456 -0.837830
0.363732 0.460723 -0.809589
0.416959 0.473847 -0.775638
0.467318 0.488747 -0.736709
0.513387 0.505202 -0.693689
0.554068 0.522841 -0.647800
0.588709 0.541184 -0.600451
0.617150 0.559708 -0.553040
0.639405 0.577690 -0.507381
0.656619 0.595138 -0.463317
0.669105 0.611304 -0.422618
0.677860 0.626168 -0.385252
0.683619 0.639375 -0.351946
0.687155 0.651051 -0.322413
0.689108 0.661003 -0.296994
0.689939 0.669603 -0.274983
0.690140 0.676624 -0.256685
0.689993 0.682314 -0.241573
0.689725 0.686807 -0.229292
0.689432 0.690341 -0.219344
0.689151 0.693131 -0.211284
0.688923 0.695304 -0.204784
0.688727 0.697030 -0.199509
0.688531 0.698448 -0.195181
0.688299 0.699673 -0.191576
0.688001 0.700797 -0.188516
0.687621 0.701876 -0.185868
0.687137 0.702970 -0.183510
0.686544 0.704107 -0.181355
0.685837 0.705318 -0.179314
0.685012 0.706627 -0.177305
0.684075 0.708045 -0.175253
0.683030 0.709585 -0.173086
0.681894 0.711244 -0.170742
0.680685 0.713010 -0.168181
0.679435 0.714853 -0.165391
0.678181 0.716725 -0.162409
0.676966 0.718566 -0.159309
0.675840 0.720301 -0.156229
0.674847 0.721854 -0.153325
0.674030 0.723148 -0.150802
0.673421 0.724122 -0.148831
0.673047 0.724725 -0.147586
0.672921 0.724929 -0.147158
VECTORS q3 float
0.510482 0.621979 0.593759
0.509057 0.621079 0.595920
0.504742 0.618334 0.602410
0.497499 0.613647 0.613133
0.487319 0.606882 0.627865
0.474126 0.597794 0.646410
0.457889 0.586101 0.668448
0.438655 0.571529 0.693496
0.416948 0.554170 0.720451
0.392826 0.533802 0.748828
0.366870 0.510722 0.777541
0.339735 0.485435 0.805564
0.311925 0.458482 0.832164
0.284013 0.430621 0.856681
0.256901 0.403102 0.878357
0.231018 0.376820 0.897016
0.207004 0.352940 0.912460
0.185358 0.332479 0.924716
0.166504 0.316286 0.933937
0.150843 0.305024 0.940323
0.138603 0.299005 0.944132
0.130125 0.298373 0.945537
0.125629 0.302994 0.944676
0.125315 0.312578 0.941590
0.129358 0.326690 0.936237
0.137899 0.344899 0.928455
0.150985 0.366675 0.918016
0.168549 0.391472 0.904622
0.190533 0.418921 0.887808
0.216650 0.448506 0.867125
0.246482 0.479692 0.842106
0.279699 0.512112 0.812102
0.315655 0.545105 0.776674
0.353832 0.578117 0.735244
0.392869 0.609838 0.688296
0.432660 0.639963 0.635021
0.471512 0.666922 0.576967
0.509338 0.690332 0.513826
0.544893 0.709092 0.447527
0.578062 0.722870 0.378554
0.608251 0.731239 0.308741
0.635322 0.734168 0.239505
0.659325 0.731879 0.172174
0.680660 0.724713 0.107202
0.699367 0.713268 0.046208
0.715946 0.698075 -0.010630
0.730667 0.679863 -0.062544
0.743907 0.659286 -0.109290
0.756086 0.636791 -0.151101
0.767434 0.612990 -0.187852
0.778248 0.588193 -0.219907
0.788742 0.562624 -0.247670
0.799049 0.536454 -0.271549
0.809251 0.509756 -0.291997
0.819383 0.482556 -0.309438
0.829462 0.454818 -0.324242
0.839464 0.426573 -0.336652
0.849372 0.397831 -0.346839
0.859161 0.368633 -0.354896
0.868803 0.339063 -0.360857
0.878258 0.309267 -0.364716
0.887479 0.279463 -0.366444
0.896492 0.249696 -0.365997
0.905190 0.220545 -0.363305
0.913706 0.191884 -0.358221
0.921866 0.164711 -0.350760
0.929919 0.138670 -0.340620
0.937849 0.114224 -0.327706
0.945565 0.092075 -0.312136
0.953148 0.072330 -0.293729
0.960733 0.054820 -0.272005
0.968060 0.040181 -0.247479
0.975190 0.028172 -0.219571
0.981933 0.018868 -0.188288
0.988047 0.012279 -0.153664
0.993192 0.008442 -0.116179
0.997164 0.007221 -0.074907
0.999504 0.008626 -0.030282
0.999761 0.012678 0.017829
0.997381 0.019458 0.069662
0.991666 0.029116 0.125505
0.981595 0.041984 0.186301
0.966348 0.057958 0.250624
0.944305 0.077597 0.319793
0.914343 0.100715 0.392216
0.875818 0.126849 0.465675
0.827043 0.156181 0.540006
0.768387 0.187602 0.611871
0.700582 0.220096 0.678780
0.625174 0.252503 0.738512
0.544398 0.283657 0.789411
0.460864 0.312553 0.830611
0.378245 0.338189 0.861719
0.296780 0.360864 0.884137
0.220200 0.380057 0.898370
0.148718 0.396397 0.905954
0.083801 0.410270 0.908106
0.024785 0.422517 0.906016
-0.027755 0.433614 0.900671
-0.075433 0.444320 0.892687
-0.117367 0.454650 0.882903
-0.154417 0.464826 0.871833
-0.186785 0.474721 0.860088
-0.214963 0.484168 0.848158
-0.239263 0.492890 0.836548
-0.259601 0.500471 0.825915
-0.276134 0.506621 0.816753
-0.288983 0.511090 0.809491
-0.298273 0.513692 0.804459
-0.304153 0.514302 0.801863
-0.306755 0.512854 0.801799
-0.306285 0.509328 0.804223
-0.302980 0.503783 0.808954
-0.297116 0.496294 0.815729
-0.289012 0.486980 0.824210
-0.279052 0.476029 0.833982
-0.267639 0.463649 0.844629
-0.255217 0.450111 0.855724
-0.242236 0.435727 0.866870
-0.229142 0.420859 0.877708
-0.216394 0.405956 0.887904
-0.204374 0.391457 0.897214
-0.193498 0.377928 0.905389
-0.184069 0.365857 0.912287
-0.176422 0.355823 0.917750
-0.170762 0.348250 0.921717
-0.167309 0.343568 0.924104
-0.166143 0.341975 0.924905
