# vtk DataFile Version 2.0
VTK example
ASCII
DATASET UNSTRUCTURED_GRID
POINTS  128  float
-0.000242 -0.000099 -0.000161
-0.000234 -0.000101 -0.000165
-0.000227 -0.000102 -0.000169
-0.000219 -0.000104 -0.000173
-0.000211 -0.000105 -0.000177
-0.000203 -0.000107 -0.000182
-0.000195 -0.000108 -0.000186
-0.000187 -0.000109 -0.000190
-0.000178 -0.000109 -0.000193
-0.000170 -0.000110 -0.000197
-0.000162 -0.000110 -0.000201
-0.000153 -0.000110 -0.000204
-0.000145 -0.000109 -0.000207
-0.000136 -0.000109 -0.000210
-0.000128 -0.000108 -0.000212
-0.000119 -0.000106 -0.000214
-0.000110 -0.000105 -0.000216
-0.000102 -0.000103 -0.000217
-0.000093 -0.000100 -0.000218
-0.000084 -0.000098 -0.000218
-0.000076 -0.000095 -0.000217
-0.000067 -0.000091 -0.000215
-0.000059 -0.000088 -0.000213
-0.000052 -0.000084 -0.000210
-0.000044 -0.000080 -0.000207
-0.000038 -0.000075 -0.000203
-0.000032 -0.000071 -0.000198
-0.000026 -0.000066 -0.000193
-0.000021 -0.000061 -0.000187
-0.000017 -0.000056 -0.000180
-0.000013 -0.000052 -0.000174
-0.000009 -0.000047 -0.000166
-0.000007 -0.000043 -0.000159
-0.000004 -0.000039 -0.000152
-0.000002 -0.000034 -0.000144
-0.000000 -0.000030 -0.000136
0.000001 -0.000026 -0.000128
0.000002 -0.000023 -0.000120
0.000003 -0.000019 -0.000112
0.000004 -0.000015 -0.000103
0.000005 -0.000011 -0.000095
0.000006 -0.000008 -0.000087
0.000006 -0.000004 -0.000079
0.000007 -0.000000 -0.000070
0.000008 0.000003 -0.000062
0.000008 0.000007 -0.000054
0.000009 0.000011 -0.000046
0.000010 0.000015 -0.000038
0.000010 0.000019 -0.000029
0.000011 0.000023 -0.000021
0.000012 0.000027 -0.000013
0.000013 0.000031 -0.000005
0.000015 0.000035 0.000002
0.000016 0.000040 0.000010
0.000018 0.000044 0.000018
0.000020 0.000049 0.000025
0.000022 0.000054 0.000033
0.000024 0.000059 0.000040
0.000027 0.000064 0.000047
0.000030 0.000069 0.000054
0.000033 0.000075 0.000060
0.000036 0.000081 0.000066
0.000040 0.000087 0.000071
0.000045 0.000093 0.000076
0.000049 0.000099 0.000081
0.000055 0.000106 0.000085
0.000060 0.000112 0.000088
0.000066 0.000118 0.000091
0.000072 0.000125 0.000092
0.000079 0.000131 0.000093
0.000086 0.000137 0.000094
0.000093 0.000143 0.000094
0.000100 0.000148 0.000093
0.000107 0.000153 0.000091
0.000115 0.000158 0.000089
0.000122 0.000162 0.000087
0.000130 0.000166 0.000084
0.000137 0.000170 0.000081
0.000145 0.000173 0.000078
0.000153 0.000176 0.000074
0.000161 0.000179 0.000070
0.000168 0.000181 0.000066
0.000176 0.000183 0.000061
0.000184 0.000185 0.000057
0.000192 0.000186 0.000053
0.000200 0.000187 0.000048
0.000207 0.000188 0.000044
0.000215 0.000188 0.000040
0.000223 0.000189 0.000036
0.000231 0.000189 0.000032
0.000240 0.000189 0.000028
0.000248 0.000189 0.000024
0.000256 0.000189 0.000020
0.000265 0.000188 0.000017
0.000273 0.000188 0.000014
0.000282 0.000188 0.000012
0.000291 0.000187 0.000010
0.000300 0.000187 0.000008
0.000309 0.000187 0.000006
0.000318 0.000187 0.000005
0.000327 0.000187 0.000005
0.000336 0.000187 0.000005
0.000345 0.000188 0.000005
0.000354 0.000189 0.000006
0.000363 0.000190 0.000007
0.000371 0.000192 0.000009
0.000380 0.000194 0.000012
0.000388 0.000196 0.000015
0.000396 0.000199 0.000018
0.000403 0.000203 0.000022
0.000410 0.000207 0.000027
0.000416 0.000211 0.000032
0.000421 0.000216 0.000037
0.000426 0.000221 0.000043
0.000430 0.000227 0.000048
0.000434 0.000233 0.000054
0.000437 0.000238 0.000061
0.000439 0.000244 0.000067
0.000441 0.000250 0.000074
0.000443 0.000256 0.000080
0.000444 0.000262 0.000087
0.000444 0.000268 0.000094
0.000445 0.000274 0.000101
0.000445 0.000279 0.000108
0.000445 0.000285 0.000115
0.000445 0.000290 0.000123
0.000445 0.000296 0.000130
0.000444 0.000301 0.000137
CELLS  127 381
2 0 1 
2 1 2 
2 2 3 
2 3 4 
2 4 5 
2 5 6 
2 6 7 
2 7 8 
2 8 9 
2 9 10 
2 10 11 
2 11 12 
2 12 13 
2 13 14 
2 14 15 
2 15 16 
2 16 17 
2 17 18 
2 18 19 
2 19 20 
2 20 21 
2 21 22 
2 22 23 
2 23 24 
2 24 25 
2 25 26 
2 26 27 
2 27 28 
2 28 29 
2 29 30 
2 30 31 
2 31 32 
2 32 33 
2 33 34 
2 34 35 
2 35 36 
2 36 37 
2 37 38 
2 38 39 
2 39 40 
2 40 41 
2 41 42 
2 42 43 
2 43 44 
2 44 45 
2 45 46 
2 46 47 
2 47 48 
2 48 49 
2 49 50 
2 50 51 
2 51 52 
2 52 53 
2 53 54 
2 54 55 
2 55 56 
2 56 57 
2 57 58 
2 58 59 
2 59 60 
2 60 61 
2 61 62 
2 62 63 
2 63 64 
2 64 65 
2 65 66 
2 66 67 
2 67 68 
2 68 69 
2 69 70 
2 70 71 
2 71 72 
2 72 73 
2 73 74 
2 74 75 
2 75 76 
2 76 77 
2 77 78 
2 78 79 
2 79 80 
2 80 81 
2 81 82 
2 82 83 
2 83 84 
2 84 85 
2 85 86 
2 86 87 
2 87 88 
2 88 89 
2 89 90 
2 90 91 
2 91 92 
2 92 93 
2 93 94 
2 94 95 
2 95 96 
2 96 97 
2 97 98 
2 98 99 
2 99 100 
2 100 101 
2 101 102 
2 102 103 
2 103 104 
2 104 105 
2 105 106 
2 106 107 
2 107 108 
2 108 109 
2 109 110 
2 110 111 
2 111 112 
2 112 113 
2 113 114 
2 114 115 
2 115 116 
2 116 117 
2 117 118 
2 118 119 
2 119 120 
2 120 121 
2 121 122 
2 122 123 
2 123 124 
2 124 125 
2 125 126 
2 126 127 
CELL_TYPES  127
3
3
3
3
3
3
3
3
3
3
3
3
3
3
3
3
3
3
3
3
3
3
3
3
3
3
3
3
3
3
3
3
3
3
3
3
3
3
3
3
3
3
3
3
3
3
3
3
3
3
3
3
3
3
3
3
3
3
3
3
3
3
3
3
3
3
3
3
3
3
3
3
3
3
3
3
3
3
3
3
3
3
3
3
3
3
3
3
3
3
3
3
3
3
3
3
3
3
3
3
3
3
3
3
3
3
3
3
3
3
3
3
3
3
3
3
3
3
3
3
3
3
3
3
3
3
3
POINT_DATA  128
VECTORS Position float
-0.000242 -0.000099 -0.000161
-0.000234 -0.000101 -0.000165
-0.000227 -0.000102 -0.000169
-0.000219 -0.000104 -0.000173
-0.000211 -0.000105 -0.000177
-0.000203 -0.000107 -0.000182
-0.000195 -0.000108 -0.000186
-0.000187 -0.000109 -0.000190
-0.000178 -0.000109 -0.000193
-0.000170 -0.000110 -0.000197
-0.000162 -0.000110 -0.000201
-0.000153 -0.000110 -0.000204
-0.000145 -0.000109 -0.000207
-0.000136 -0.000109 -0.000210
-0.000128 -0.000108 -0.000212
-0.000119 -0.000106 -0.000214
-0.000110 -0.000105 -0.000216
-0.000102 -0.000103 -0.000217
-0.000093 -0.000100 -0.000218
-0.000084 -0.000098 -0.000218
-0.000076 -0.000095 -0.000217
-0.000067 -0.000091 -0.000215
-0.000059 -0.000088 -0.000213
-0.000052 -0.000084 -0.000210
-0.000044 -0.000080 -0.000207
-0.000038 -0.000075 -0.000203
-0.000032 -0.000071 -0.000198
-0.000026 -0.000066 -0.000193
-0.000021 -0.000061 -0.000187
-0.000017 -0.000056 -0.000180
-0.000013 -0.000052 -0.000174
-0.000009 -0.000047 -0.000166
-0.000007 -0.000043 -0.000159
-0.000004 -0.000039 -0.000152
-0.000002 -0.000034 -0.000144
-0.000000 -0.000030 -0.000136
0.000001 -0.000026 -0.000128
0.000002 -0.000023 -0.000120
0.000003 -0.000019 -0.000112
0.000004 -0.000015 -0.000103
0.000005 -0.000011 -0.000095
0.000006 -0.000008 -0.000087
0.000006 -0.000004 -0.000079
0.000007 -0.000000 -0.000070
0.000008 0.000003 -0.000062
0.000008 0.000007 -0.000054
0.000009 0.000011 -0.000046
0.000010 0.000015 -0.000038
0.000010 0.000019 -0.000029
0.000011 0.000023 -0.000021
0.000012 0.000027 -0.000013
0.000013 0.000031 -0.000005
0.000015 0.000035 0.000002
0.000016 0.000040 0.000010
0.000018 0.000044 0.000018
0.000020 0.000049 0.000025
0.000022 0.000054 0.000033
0.000024 0.000059 0.000040
0.000027 0.000064 0.000047
0.000030 0.000069 0.000054
0.000033 0.000075 0.000060
0.000036 0.000081 0.000066
0.000040 0.000087 0.000071
0.000045 0.000093 0.000076
0.000049 0.000099 0.000081
0.000055 0.000106 0.000085
0.000060 0.000112 0.000088
0.000066 0.000118 0.000091
0.000072 0.000125 0.000092
0.000079 0.000131 0.000093
0.000086 0.000137 0.000094
0.000093 0.000143 0.000094
0.000100 0.000148 0.000093
0.000107 0.000153 0.000091
0.000115 0.000158 0.000089
0.000122 0.000162 0.000087
0.000130 0.000166 0.000084
0.000137 0.000170 0.000081
0.000145 0.000173 0.000078
0.000153 0.000176 0.000074
0.000161 0.000179 0.000070
0.000168 0.000181 0.000066
0.000176 0.000183 0.000061
0.000184 0.000185 0.000057
0.000192 0.000186 0.000053
0.000200 0.000187 0.000048
0.000207 0.000188 0.000044
0.000215 0.000188 0.000040
0.000223 0.000189 0.000036
0.000231 0.000189 0.000032
0.000240 0.000189 0.000028
0.000248 0.000189 0.000024
0.000256 0.000189 0.000020
0.000265 0.000188 0.000017
0.000273 0.000188 0.000014
0.000282 0.000188 0.000012
0.000291 0.000187 0.000010
0.000300 0.000187 0.000008
0.000309 0.000187 0.000006
0.000318 0.000187 0.000005
0.000327 0.000187 0.000005
0.000336 0.000187 0.000005
0.000345 0.000188 0.000005
0.000354 0.000189 0.000006
0.000363 0.000190 0.000007
0.000371 0.000192 0.000009
0.000380 0.000194 0.000012
0.000388 0.000196 0.000015
0.000396 0.000199 0.000018
0.000403 0.000203 0.000022
0.000410 0.000207 0.000027
0.000416 0.000211 0.000032
0.000421 0.000216 0.000037
0.000426 0.000221 0.000043
0.000430 0.000227 0.000048
0.000434 0.000233 0.000054
0.000437 0.000238 0.000061
0.000439 0.000244 0.000067
0.000441 0.000250 0.000074
0.000443 0.000256 0.000080
0.000444 0.000262 0.000087
0.000444 0.000268 0.000094
0.000445 0.000274 0.000101
0.000445 0.000279 0.000108
0.000445 0.000285 0.000115
0.000445 0.000290 0.000123
0.000445 0.000296 0.000130
0.000444 0.000301 0.000137
VECTORS Rotation float
0.856476 -0.178428 -2.063160
0.856130 -0.176391 -2.062350
0.855126 -0.170291 -2.059894
0.853513 -0.160266 -2.055743
0.851346 -0.146581 -2.049812
0.848729 -0.129439 -2.041900
0.845774 -0.109079 -2.031742
0.842567 -0.085765 -2.019006
0.839051 -0.060206 -2.003541
0.835273 -0.032391 -1.984735
0.831097 -0.002766 -1.962228
0.826327 0.028313 -1.935627
0.820717 0.060790 -1.904340
0.813914 0.094627 -1.867806
0.805488 0.129436 -1.825933
0.794954 0.165420 -1.778063
0.781787 0.202446 -1.724024
0.765433 0.240450 -1.663609
0.745338 0.279286 -1.596683
0.721013 0.318567 -1.523355
0.691884 0.357974 -1.443286
0.657739 0.396500 -1.357116
0.618414 0.433164 -1.265116
0.573955 0.466800 -1.167686
0.524948 0.495986 -1.065997
0.472239 0.519505 -0.961214
0.417418 0.536256 -0.855581
0.362515 0.545655 -0.751836
0.309360 0.547796 -0.652191
0.259899 0.543349 -0.559257
0.215576 0.533548 -0.475047
0.176916 0.519857 -0.400217
0.144129 0.503888 -0.335236
0.116778 0.487048 -0.279543
0.094658 0.470870 -0.233281
0.076675 0.456027 -0.194648
0.062473 0.443491 -0.163451
0.051166 0.433388 -0.138110
0.042357 0.425966 -0.118086
0.035520 0.421048 -0.102369
0.030377 0.418466 -0.090455
0.026698 0.417956 -0.081887
0.024342 0.419240 -0.076354
0.023218 0.422074 -0.073639
0.023325 0.426207 -0.073710
0.024683 0.431497 -0.076572
0.027330 0.437799 -0.082246
0.031310 0.445054 -0.090751
0.036678 0.453313 -0.102138
0.043432 0.462592 -0.116298
0.051602 0.473043 -0.133198
0.061221 0.484865 -0.152807
0.072340 0.498291 -0.175115
0.085078 0.513594 -0.200236
0.099647 0.531036 -0.228443
0.116410 0.550853 -0.260247
0.135851 0.573129 -0.296307
0.158655 0.597813 -0.337546
0.185696 0.624637 -0.385084
0.218023 0.653072 -0.440198
0.256783 0.682262 -0.504187
0.303073 0.710985 -0.578197
0.358168 0.737870 -0.663621
0.421891 0.760829 -0.759847
0.494829 0.778208 -0.867619
0.573516 0.787794 -0.982366
0.657164 0.788411 -1.103638
0.741629 0.779114 -1.226607
0.821553 0.760266 -1.344791
0.894349 0.732921 -1.455249
0.959380 0.698054 -1.557482
1.013929 0.658516 -1.647390
1.059523 0.615385 -1.726805
1.096731 0.570362 -1.795921
1.126500 0.524826 -1.855384
1.149595 0.480349 -1.905385
1.167686 0.436459 -1.948029
1.181407 0.394027 -1.983520
1.191591 0.353154 -2.012588
1.198949 0.313795 -2.035870
1.204077 0.275862 -2.053887
1.207520 0.238850 -2.067238
1.209627 0.203693 -2.075918
1.210820 0.169646 -2.080396
1.211414 0.137341 -2.080777
1.211712 0.107437 -2.077206
1.211943 0.079509 -2.069674
1.212346 0.054200 -2.058294
1.213110 0.031740 -2.043097
1.214385 0.012282 -2.024131
1.216286 -0.004079 -2.001485
1.218884 -0.017298 -1.975288
1.222237 -0.027211 -1.946023
1.226284 -0.034031 -1.913122
1.231032 -0.037527 -1.877535
1.236373 -0.037637 -1.838991
1.242227 -0.034185 -1.798125
1.248412 -0.026878 -1.754563
1.254789 -0.015498 -1.708954
1.261005 0.000619 -1.660199
1.266914 0.021429 -1.609582
1.272127 0.047464 -1.556541
1.276286 0.078863 -1.501223
1.278846 0.115950 -1.443160
1.279155 0.158834 -1.381917
1.276734 0.206774 -1.317856
1.270900 0.259155 -1.250644
1.260943 0.314984 -1.179952
1.246131 0.372947 -1.105402
1.225725 0.431494 -1.026545
1.199405 0.488494 -0.943551
1.166692 0.542280 -0.856053
1.128130 0.590630 -0.765089
1.084438 0.632034 -0.671580
1.036963 0.665363 -0.577097
0.987812 0.689956 -0.484059
0.939239 0.705884 -0.394951
0.893528 0.713809 -0.312307
0.852464 0.714906 -0.238097
0.817169 0.710654 -0.173568
0.788151 0.702663 -0.119307
0.765151 0.692470 -0.074996
0.747695 0.681514 -0.040079
0.734903 0.670954 -0.013464
0.726029 0.661793 0.005797
0.720255 0.654720 0.018781
0.717066 0.650296 0.026191
0.716038 0.648785 0.028608
VECTORS ControlForce float
-0.000000 0.000000 0.000000
0.000061 -0.000078 0.000077
0.000102 -0.000179 0.000150
0.000133 -0.000282 0.000215
0.000161 -0.000368 0.000265
0.000179 -0.000432 0.000304
0.000169 -0.000486 0.000336
0.000138 -0.000522 0.000365
0.000098 -0.000524 0.000387
0.000046 -0.000503 0.000402
0.000001 -0.000445 0.000415
-0.000033 -0.000350 0.000426
-0.000072 -0.000242 0.000437
-0.000101 -0.000118 0.000453
-0.000111 0.000020 0.000472
-0.000089 0.000164 0.000493
-0.000036 0.000286 0.000511
0.000024 0.000345 0.000521
0.000120 0.000354 0.000521
0.000233 0.000294 0.000509
0.000355 0.000176 0.000486
0.000473 0.000018 0.000450
0.000586 -0.000140 0.000400
0.000698 -0.000248 0.000333
0.000785 -0.000285 0.000252
0.000832 -0.000230 0.000157
0.000814 -0.000094 0.000053
0.000711 0.000094 -0.000053
0.000530 0.000296 -0.000149
0.000290 0.000466 -0.000223
0.000026 0.000570 -0.000271
-0.000217 0.000607 -0.000299
-0.000418 0.000568 -0.000306
-0.000564 0.000457 -0.000286
-0.000646 0.000308 -0.000261
-0.000675 0.000134 -0.000215
-0.000658 -0.000043 -0.000155
-0.000604 -0.000190 -0.000086
-0.000516 -0.000284 -0.000030
-0.000407 -0.000319 0.000009
-0.000289 -0.000313 0.000031
-0.000175 -0.000287 0.000043
-0.000077 -0.000242 0.000039
-0.000009 -0.000192 0.000036
0.000024 -0.000129 0.000025
0.000021 -0.000061 0.000019
-0.000011 0.000006 0.000026
-0.000059 0.000068 0.000047
-0.000105 0.000128 0.000079
-0.000130 0.000194 0.000104
-0.000121 0.000258 0.000122
-0.000069 0.000318 0.000129
0.000023 0.000362 0.000130
0.000140 0.000370 0.000139
0.000269 0.000348 0.000150
0.000394 0.000301 0.000161
0.000491 0.000220 0.000184
0.000553 0.000130 0.000202
0.000575 0.000042 0.000211
0.000540 -0.000064 0.000223
0.000453 -0.000177 0.000227
0.000325 -0.000282 0.000215
0.000172 -0.000369 0.000184
-0.000001 -0.000441 0.000136
-0.000185 -0.000500 0.000073
-0.000361 -0.000523 -0.000016
-0.000502 -0.000495 -0.000112
-0.000608 -0.000434 -0.000211
-0.000658 -0.000337 -0.000324
-0.000635 -0.000207 -0.000434
-0.000549 -0.000075 -0.000514
-0.000429 0.000019 -0.000567
-0.000298 0.000058 -0.000583
-0.000172 0.000048 -0.000564
-0.000044 0.000031 -0.000523
0.000077 0.000020 -0.000471
0.000171 0.000021 -0.000402
0.000224 0.000038 -0.000326
0.000211 0.000044 -0.000262
0.000145 0.000060 -0.000212
0.000038 0.000083 -0.000171
-0.000082 0.000121 -0.000133
-0.000201 0.000158 -0.000111
-0.000297 0.000176 -0.000098
-0.000348 0.000188 -0.000095
-0.000351 0.000186 -0.000104
-0.000314 0.000168 -0.000104
-0.000239 0.000171 -0.000083
-0.000141 0.000203 -0.000045
-0.000052 0.000232 -0.000004
0.000015 0.000257 0.000035
0.000049 0.000269 0.000064
0.000048 0.000272 0.000085
0.000020 0.000282 0.000112
-0.000031 0.000297 0.000136
-0.000102 0.000297 0.000152
-0.000185 0.000274 0.000161
-0.000264 0.000241 0.000174
-0.000325 0.000203 0.000197
-0.000353 0.000166 0.000238
-0.000335 0.000149 0.000278
-0.000268 0.000141 0.000306
-0.000155 0.000130 0.000321
-0.000001 0.000106 0.000332
0.000187 0.000062 0.000341
0.000409 0.000025 0.000333
0.000648 -0.000001 0.000295
0.000876 -0.000034 0.000226
0.001067 -0.000063 0.000132
0.001197 -0.000081 0.000022
0.001250 -0.000082 -0.000093
0.001222 -0.000050 -0.000203
0.001118 0.000008 -0.000300
0.000951 0.000085 -0.000377
0.000735 0.000187 -0.000437
0.000483 0.000302 -0.000484
0.000216 0.000390 -0.000510
-0.000058 0.000456 -0.000523
-0.000314 0.000474 -0.000514
-0.000534 0.000446 -0.000486
-0.000707 0.000387 -0.000444
-0.000820 0.000309 -0.000392
-0.000852 0.000210 -0.000323
-0.000810 0.000121 -0.000252
-0.000698 0.000056 -0.000187
-0.000512 0.000014 -0.000121
-0.000270 -0.000002 -0.000059
-0.000000 -0.000000 -0.000000
VECTORS ControlTorque float
-0.000001 0.000001 -0.000001
-0.000001 0.000001 -0.000001
-0.000001 0.000001 -0.000001
-0.000001 0.000001 -0.000001
-0.000001 0.000001 -0.000001
-0.000001 0.000001 -0.000001
-0.000001 0.000001 -0.000001
-0.000000 0.000001 -0.000001
-0.000000 0.000001 -0.000001
-0.000000 0.000001 -0.000001
-0.000000 0.000002 -0.000001
-0.000000 0.000002 -0.000001
-0.000000 0.000002 -0.000001
-0.000000 0.000002 -0.000000
-0.000000 0.000002 -0.000001
-0.000000 0.000002 -0.000001
-0.000000 0.000002 -0.000001
-0.000001 0.000002 -0.000001
-0.000000 0.000002 -0.000001
-0.000001 0.000002 -0.000001
-0.000000 0.000001 -0.000001
-0.000000 0.000001 -0.000001
-0.000000 0.000001 -0.000000
-0.000000 0.000000 0.000000
-0.000000 0.000000 0.000000
-0.000000 -0.000000 0.000001
-0.000000 -0.000001 0.000001
-0.000000 -0.000001 0.000001
-0.000000 -0.000002 0.000002
0.000000 -0.000003 0.000002
0.000000 -0.000002 0.000001
0.000001 -0.000003 0.000002
0.000001 -0.000002 0.000001
0.000001 -0.000003 0.000001
0.000001 -0.000002 0.000001
0.000002 -0.000003 0.000001
0.000001 -0.000001 0.000001
0.000001 -0.000002 0.000001
0.000001 -0.000001 0.000000
0.000001 -0.000001 0.000001
0.000001 -0.000001 0.000000
0.000001 -0.000001 0.000000
0.000001 -0.000001 0.000000
0.000001 -0.000001 0.000000
0.000001 -0.000001 0.000000
0.000000 -0.000001 0.000000
0.000000 -0.000001 0.000000
0.000001 -0.000001 0.000000
0.000000 -0.000001 0.000000
0.000001 -0.000001 0.000000
0.000001 -0.000001 0.000000
0.000001 -0.000001 0.000000
0.000001 -0.000001 0.000000
0.000001 -0.000001 0.000000
0.000001 -0.000001 0.000000
0.000001 -0.000001 0.000000
0.000001 -0.000001 0.000000
0.000001 -0.000001 0.000000
0.000001 -0.000002 0.000000
0.000001 -0.000002 0.000001
0.000001 -0.000002 0.000001
0.000002 -0.000002 0.000001
0.000000 -0.000001 0.000001
0.000002 -0.000003 0.000002
-0.000001 0.000000 0.000000
0.000001 -0.000002 0.000002
0.000000 -0.000001 0.000001
-0.000001 0.000001 0.000001
-0.000001 0.000001 0.000000
0.000000 -0.000001 0.000002
-0.000002 0.000003 -0.000001
-0.000000 0.000001 0.000001
-0.000001 0.000002 -0.000000
-0.000001 0.000002 -0.000000
-0.000002 0.000003 -0.000001
-0.000000 0.000001 0.000000
-0.000001 0.000002 -0.000001
-0.000001 0.000002 -0.000000
-0.000001 0.000002 -0.000000
-0.000001 0.000002 -0.000001
-0.000000 0.000001 0.000000
-0.000001 0.000002 -0.000001
-0.000000 0.000001 0.000000
-0.000001 0.000002 -0.000001
-0.000001 0.000002 -0.000001
-0.000000 0.000002 -0.000000
-0.000001 0.000002 -0.000001
-0.000001 0.000002 -0.000001
-0.000001 0.000002 -0.000001
-0.000000 0.000001 -0.000001
-0.000000 0.000002 -0.000001
-0.000000 0.000001 -0.000001
-0.000000 0.000002 -0.000001
-0.000000 0.000000 -0.000001
-0.000000 0.000002 -0.000001
-0.000000 0.000000 -0.000001
-0.000000 0.000002 -0.000002
-0.000000 0.000000 -0.000001
-0.000000 0.000002 -0.000002
0.000000 -0.000000 -0.000002
0.000000 0.000001 -0.000002
0.000000 0.000001 -0.000002
0.000000 0.000001 -0.000002
0.000000 0.000002 -0.000003
0.000000 0.000001 -0.000002
0.000000 0.000001 -0.000002
0.000000 0.000001 -0.000002
0.000000 0.000001 -0.000001
0.000000 0.000001 -0.000001
0.000000 -0.000000 0.000000
-0.000000 0.000000 -0.000000
-0.000001 -0.000001 0.000001
-0.000001 -0.000001 0.000001
-0.000001 -0.000001 0.000002
-0.000001 -0.000002 0.000002
-0.000001 -0.000002 0.000002
-0.000001 -0.000002 0.000002
-0.000001 -0.000002 0.000002
-0.000001 -0.000002 0.000002
-0.000001 -0.000003 0.000002
-0.000000 -0.000002 0.000002
0.000000 -0.000002 0.000002
0.000000 -0.000002 0.000001
0.000001 -0.000002 0.000001
0.000001 -0.000002 0.000001
0.000001 -0.000002 0.000001
0.000001 -0.000001 0.000001
0.000001 -0.000001 0.000001
VECTORS Curvature float
-46.514307 -130.168615 31.429114
-149.083193 -421.022400 98.665151
-321.458416 -924.923239 210.720326
-450.848479 -1348.507388 298.770416
-557.108386 -1774.022404 376.637662
-630.702104 -2198.368978 437.230820
-671.053783 -2656.254891 480.436095
-648.333453 -3049.650187 505.845251
-570.970181 -3441.236695 515.977753
-449.142557 -3895.174042 512.793400
-264.646356 -4297.086831 499.358143
-36.058071 -4722.671572 478.995733
233.300503 -5239.133245 454.726325
525.802418 -5716.367483 427.954921
831.302962 -6207.905574 402.202488
1138.307664 -6772.283735 376.986618
1419.977432 -7307.707004 353.897896
1672.703795 -7873.329454 332.728326
1873.611816 -8385.913304 312.612778
2042.949474 -8922.333486 294.466345
2170.092907 -9402.526080 275.260384
2249.039275 -9719.866189 256.815551
2330.264499 -10006.194107 237.916818
2407.180387 -10150.353682 218.205673
2500.562889 -10167.033833 199.306682
2616.255185 -10061.161523 180.741496
2717.795156 -9708.666812 164.122773
2822.674175 -9230.514344 149.884666
2911.893172 -8649.522116 137.672121
2929.034021 -7883.941652 127.623221
2902.292757 -7094.494481 118.535570
2807.373558 -6289.072664 110.334525
2664.102903 -5530.020685 101.899516
2403.726205 -4710.656010 94.125165
2111.678115 -3981.573568 84.890693
1783.573375 -3328.828663 76.369099
1419.034779 -2709.511661 66.628716
1084.787064 -2214.315220 57.147350
749.821636 -1749.757589 47.186346
461.232393 -1375.814757 37.235308
195.775048 -1021.064778 27.152308
-28.223468 -706.261447 16.974464
-222.333689 -419.058213 6.768400
-385.401707 -142.830952 -3.493675
-525.977381 135.365857 -13.695022
-654.046765 412.931383 -23.804003
-765.762552 686.393315 -33.611589
-886.658409 965.112785 -42.899361
-1013.759498 1234.797798 -51.249185
-1149.491782 1484.705859 -58.248007
-1316.121833 1729.532538 -63.318261
-1512.039121 1959.315451 -65.786276
-1743.199678 2178.548308 -64.972848
-2013.151920 2396.552849 -60.138663
-2327.031495 2631.301200 -50.679369
-2677.812874 2892.381464 -35.994331
-3053.634593 3187.732745 -15.884084
-3450.781531 3535.126943 9.640872
-3853.409819 3936.732707 40.110062
-4251.783840 4398.119223 74.520886
-4597.094276 4875.223260 111.792600
-4957.726029 5453.574296 148.928457
-5192.948341 5960.297544 186.070136
-5427.788991 6562.802241 217.017140
-5495.685506 6999.981198 244.255182
-5442.074570 7366.369041 260.550981
-5522.970965 7940.788742 269.547738
-5303.411876 8122.559658 266.961388
-4908.250791 8030.343189 255.533504
-4671.956870 8205.009762 240.381615
-4300.060965 8079.674733 214.958760
-3814.500376 7736.523139 192.963621
-3460.470405 7569.781607 166.381460
-3044.619047 7254.032698 141.610167
-2566.470706 6722.916638 115.934762
-2123.779510 6281.668955 95.168321
-1732.968581 5964.994339 72.781850
-1289.888602 5498.881140 53.726864
-872.610906 5115.699049 35.552692
-463.345271 4725.931172 18.270658
-65.828035 4481.335118 1.911387
313.603533 4146.386071 -15.376530
685.149256 3800.402965 -32.232265
1059.016979 3567.953701 -50.798251
1364.253711 3135.120910 -70.570878
1685.246898 2761.248960 -92.442641
2019.847092 2407.080980 -116.350403
2300.186003 1958.380133 -142.656221
2582.288491 1511.818553 -171.618767
2844.360172 1053.195299 -203.328339
3118.916143 596.189492 -237.843010
3291.747517 144.261481 -275.292649
3543.098061 -306.792789 -315.911279
3772.830572 -740.660730 -359.187248
3926.970977 -1177.682637 -405.443933
4077.288949 -1605.181384 -455.053174
4218.752296 -2063.702923 -507.182926
4316.360998 -2512.512108 -563.124773
4491.485659 -3065.209109 -620.045119
4650.208382 -3640.466672 -681.116001
4672.133929 -4165.346743 -742.200427
4770.515561 -4777.034639 -805.858587
4837.481857 -5389.982512 -868.829358
5002.945729 -6127.864020 -930.064778
5119.149242 -6805.563721 -989.252634
5175.584465 -7370.186557 -1041.915541
5255.893655 -7899.293550 -1087.506500
5324.704492 -8316.909481 -1123.440562
5417.416478 -8650.182286 -1147.504633
5466.812926 -8776.288628 -1160.475082
5520.787558 -8754.317319 -1158.726652
5553.436374 -8556.673607 -1146.962264
5516.788408 -8117.724803 -1122.329063
5488.644870 -7590.661214 -1088.128749
5407.257153 -6921.833085 -1045.259501
5269.990394 -6151.861526 -994.296846
5077.324542 -5331.207502 -936.401878
4814.394627 -4485.395009 -872.008334
4495.749419 -3666.432655 -801.794791
4103.569604 -2890.050295 -726.087449
3665.798556 -2195.149385 -645.583015
3181.119088 -1596.545580 -560.531679
2668.461262 -1103.944045 -471.992977
2140.600799 -722.323165 -380.520631
1600.574374 -438.365039 -286.429131
1077.756553 -243.486609 -193.804847
487.165909 -96.257997 -88.714126
155.594358 -28.147066 -27.723957
VECTORS LocalRotation float
-0.044767 0.640132 -0.040369
-0.045654 0.637630 -0.039779
-0.047776 0.631561 -0.038383
-0.051258 0.621311 -0.036086
-0.055831 0.607145 -0.033022
-0.061227 0.589100 -0.029325
-0.067124 0.567109 -0.025168
-0.073064 0.541419 -0.020728
-0.078604 0.511929 -0.016085
-0.083216 0.478759 -0.011434
-0.086444 0.441710 -0.006856
-0.087808 0.400778 -0.002417
-0.086914 0.355624 0.001816
-0.083488 0.306176 0.005800
-0.077333 0.252096 0.009565
-0.068421 0.193362 0.013090
-0.056840 0.129626 0.016399
-0.042837 0.060886 0.019508
-0.026782 -0.012721 0.022429
-0.009020 -0.091216 0.025183
0.010017 -0.174019 0.027757
0.030029 -0.260616 0.030167
0.050789 -0.350043 0.032409
0.072242 -0.441318 0.034475
0.094482 -0.533388 0.036367
0.117613 -0.624831 0.038085
0.141718 -0.714173 0.039643
0.166814 -0.799958 0.041066
0.192752 -0.880832 0.042366
0.219196 -0.955687 0.043567
0.245682 -1.023719 0.044685
0.271569 -1.084399 0.045723
0.296367 -1.137964 0.046685
0.319203 -1.184111 0.047568
0.339739 -1.223642 0.048382
0.357275 -1.256552 0.049108
0.371848 -1.284030 0.049759
0.383151 -1.306257 0.050318
0.391482 -1.324259 0.050792
0.396951 -1.338372 0.051173
0.399921 -1.349209 0.051464
0.400680 -1.357035 0.051664
0.399542 -1.362149 0.051772
0.396798 -1.364686 0.051787
0.392666 -1.364720 0.051709
0.387334 -1.362242 0.051539
0.380908 -1.357266 0.051279
0.373412 -1.349775 0.050932
0.364823 -1.339832 0.050507
0.355020 -1.327508 0.050011
0.343846 -1.312942 0.049460
0.331043 -1.296242 0.048875
0.316307 -1.277511 0.048283
0.299302 -1.256799 0.047717
0.279646 -1.234029 0.047215
0.256997 -1.209032 0.046823
0.231048 -1.181504 0.046588
0.201592 -1.151060 0.046560
0.168516 -1.117224 0.046785
0.131820 -1.079488 0.047304
0.091745 -1.037491 0.048148
0.048405 -0.990641 0.049330
0.002569 -0.939100 0.050843
-0.045673 -0.882218 0.052674
-0.094849 -0.821160 0.054751
-0.144815 -0.755531 0.057057
-0.194373 -0.686348 0.059452
-0.243016 -0.614176 0.061863
-0.289394 -0.540814 0.064236
-0.333111 -0.466729 0.066499
-0.373457 -0.393498 0.068547
-0.410452 -0.321389 0.070406
-0.443385 -0.252100 0.072033
-0.472712 -0.185270 0.073422
-0.497966 -0.122363 0.074581
-0.519341 -0.063097 0.075543
-0.536724 -0.007899 0.076300
-0.550377 0.043878 0.076871
-0.560168 0.091935 0.077275
-0.566229 0.136588 0.077520
-0.568634 0.178437 0.077611
-0.567520 0.217238 0.077551
-0.562966 0.253474 0.077334
-0.555100 0.286703 0.076959
-0.544164 0.316955 0.076411
-0.530225 0.343906 0.075666
-0.513487 0.367254 0.074723
-0.493959 0.386988 0.073552
-0.471876 0.402683 0.072131
-0.447330 0.414285 0.070435
-0.420367 0.421743 0.068440
-0.391409 0.425088 0.066122
-0.360213 0.424346 0.063424
-0.327320 0.419637 0.060389
-0.292405 0.410938 0.056921
-0.256271 0.398375 0.053037
-0.218544 0.381691 0.048661
-0.179933 0.360989 0.043819
-0.139787 0.335566 0.038426
-0.098816 0.305512 0.032595
-0.056604 0.270167 0.026150
-0.013837 0.229666 0.019139
0.029875 0.183410 0.011519
0.074553 0.131117 0.003352
0.120201 0.072790 -0.005304
0.166751 0.008692 -0.014488
0.213984 -0.060449 -0.024130
0.261941 -0.133948 -0.034151
0.310636 -0.210862 -0.044446
0.359879 -0.289704 -0.054888
0.409700 -0.369193 -0.065403
0.459744 -0.447420 -0.075823
0.509897 -0.522962 -0.086104
0.559776 -0.594156 -0.096122
0.609098 -0.659849 -0.105779
0.657448 -0.719051 -0.115015
0.704284 -0.771028 -0.123754
0.749070 -0.815474 -0.131942
0.791223 -0.852383 -0.139520
0.830142 -0.882056 -0.146435
0.865344 -0.905096 -0.152650
0.896328 -0.922255 -0.158108
0.922844 -0.934496 -0.162788
0.944598 -0.942757 -0.166645
0.961553 -0.948017 -0.169667
0.973653 -0.951098 -0.171837
0.980754 -0.952640 -0.173119
0.983658 -0.953202 -0.173645
VECTORS q1 float
-0.427841 -0.743543 -0.513902
-0.426177 -0.743592 -0.515212
-0.421162 -0.743738 -0.519111
-0.412820 -0.743937 -0.525488
-0.401218 -0.744102 -0.534169
-0.386293 -0.744163 -0.544976
-0.367945 -0.744036 -0.557697
-0.346035 -0.743611 -0.572104
-0.320847 -0.742661 -0.587802
-0.291864 -0.741090 -0.604649
-0.259053 -0.738668 -0.622303
-0.222305 -0.735153 -0.640414
-0.181184 -0.730283 -0.658679
-0.135277 -0.723728 -0.676696
-0.084765 -0.715136 -0.693826
-0.029086 -0.704087 -0.709517
0.031688 -0.690160 -0.722963
0.097455 -0.672917 -0.733270
0.167882 -0.651941 -0.739452
0.242151 -0.626930 -0.740487
0.319645 -0.597546 -0.735368
0.398539 -0.563901 -0.723313
0.477271 -0.526200 -0.703794
0.554184 -0.484868 -0.676597
0.627268 -0.440777 -0.642067
0.695015 -0.394867 -0.600861
0.755846 -0.348494 -0.554300
0.808662 -0.303131 -0.504160
0.853262 -0.259901 -0.452101
0.889673 -0.219973 -0.400119
0.918447 -0.184179 -0.350047
0.940664 -0.152744 -0.303019
0.957357 -0.125779 -0.260091
0.969681 -0.102965 -0.221623
0.978470 -0.084231 -0.188419
0.984758 -0.068772 -0.159756
0.989106 -0.056393 -0.135974
0.992139 -0.046415 -0.116219
0.994207 -0.038560 -0.100332
0.995621 -0.032411 -0.087687
0.996567 -0.027751 -0.077999
0.997180 -0.024397 -0.070967
0.997547 -0.022232 -0.066379
0.997721 -0.021179 -0.064068
0.997723 -0.021236 -0.064008
0.997556 -0.022418 -0.066182
0.997199 -0.024750 -0.070577
0.996618 -0.028255 -0.077161
0.995757 -0.032966 -0.085917
0.994557 -0.038855 -0.096681
0.992944 -0.045915 -0.109337
0.990837 -0.054131 -0.123744
0.988149 -0.063488 -0.139751
0.984779 -0.074012 -0.157266
0.980598 -0.085782 -0.176266
0.975430 -0.098966 -0.196832
0.969053 -0.113792 -0.219060
0.961168 -0.130590 -0.243108
0.951392 -0.149768 -0.269114
0.939256 -0.171790 -0.297130
0.924223 -0.197119 -0.327042
0.905724 -0.226145 -0.358500
0.883038 -0.259379 -0.391109
0.855861 -0.296576 -0.423726
0.823370 -0.338198 -0.455724
0.786150 -0.382748 -0.485255
0.743386 -0.430650 -0.511780
0.695608 -0.480635 -0.533965
0.644362 -0.530594 -0.550697
0.590417 -0.579567 -0.561703
0.533885 -0.627306 -0.566970
0.477522 -0.671408 -0.566731
0.421314 -0.712132 -0.561571
0.366366 -0.748882 -0.552225
0.313541 -0.781391 -0.539555
0.264055 -0.809323 -0.524662
0.217012 -0.833614 -0.507931
0.173079 -0.854248 -0.490208
0.132166 -0.871630 -0.472010
0.094078 -0.886164 -0.453721
0.058613 -0.898213 -0.435635
0.025202 -0.908201 -0.417775
-0.005395 -0.916144 -0.400812
-0.033904 -0.922470 -0.384577
-0.059830 -0.927299 -0.369508
-0.082661 -0.930821 -0.356005
-0.102726 -0.933342 -0.343976
-0.119510 -0.935067 -0.333718
-0.132805 -0.936237 -0.325303
-0.142465 -0.937084 -0.318711
-0.148403 -0.937809 -0.313834
-0.150581 -0.938575 -0.310487
-0.148962 -0.939518 -0.308409
-0.143538 -0.940695 -0.307390
-0.134352 -0.942169 -0.307029
-0.121250 -0.943931 -0.307072
-0.104243 -0.945952 -0.307096
-0.082957 -0.948140 -0.306837
-0.057389 -0.950370 -0.305784
-0.026632 -0.952397 -0.303695
0.008827 -0.953963 -0.299795
0.049535 -0.954652 -0.293573
0.095386 -0.953970 -0.284328
0.146530 -0.951254 -0.271376
0.202779 -0.945717 -0.253968
0.262772 -0.936687 -0.231448
0.325358 -0.923464 -0.203360
0.388962 -0.905523 -0.169520
0.451754 -0.882607 -0.130091
0.511854 -0.854796 -0.085606
0.567059 -0.822838 -0.037172
0.616098 -0.787545 0.014047
0.657500 -0.750532 0.066299
0.690881 -0.713269 0.118028
0.716386 -0.677234 0.167763
0.734556 -0.643878 0.214123
0.746404 -0.614241 0.256105
0.753119 -0.589043 0.292986
0.755972 -0.568559 0.324417
0.756157 -0.552695 0.350364
0.754685 -0.541094 0.371037
0.752383 -0.533110 0.386928
0.749832 -0.528063 0.398624
0.747441 -0.525167 0.406855
0.745439 -0.523749 0.412320
0.743962 -0.523188 0.415685
0.743059 -0.523049 0.417471
0.742759 -0.523033 0.418027
VECTORS q2 float
-0.254691 0.644704 -0.720756
-0.255118 0.645196 -0.720164
-0.256402 0.646633 -0.718417
-0.258492 0.648916 -0.715604
-0.261264 0.651905 -0.711871
-0.264584 0.655408 -0.707415
-0.268264 0.659211 -0.702478
-0.272055 0.663103 -0.697338
-0.275514 0.666959 -0.692285
-0.278342 0.670624 -0.687597
-0.280089 0.674063 -0.683512
-0.280321 0.677310 -0.680200
-0.278665 0.680438 -0.677754
-0.274798 0.683586 -0.676163
-0.268530 0.686964 -0.675257
-0.259747 0.690757 -0.674823
-0.248550 0.695163 -0.674515
-0.235193 0.700337 -0.673953
-0.220065 0.706385 -0.672750
-0.203689 0.713344 -0.670560
-0.186486 0.721231 -0.667119
-0.169036 0.729980 -0.662236
-0.151683 0.739546 -0.655793
-0.134634 0.749917 -0.647687
-0.118073 0.761075 -0.637827
-0.102054 0.773057 -0.626073
-0.086749 0.785819 -0.612343
-0.072383 0.799233 -0.596646
-0.059124 0.813149 -0.579044
-0.047258 0.827234 -0.559866
-0.037011 0.841079 -0.539645
-0.028437 0.854344 -0.518930
-0.021566 0.866632 -0.498481
-0.016264 0.877700 -0.478935
-0.012447 0.887184 -0.461247
-0.009776 0.895171 -0.445615
-0.008087 0.901497 -0.432709
-0.007083 0.906360 -0.422446
-0.006587 0.909823 -0.414944
-0.006413 0.912085 -0.409950
-0.006442 0.913292 -0.407255
-0.006583 0.913595 -0.406572
-0.006773 0.913128 -0.407616
-0.006978 0.911995 -0.410141
-0.007178 0.910293 -0.413903
-0.007376 0.908064 -0.418767
-0.007581 0.905349 -0.424601
-0.007821 0.902145 -0.431362
-0.008145 0.898397 -0.439110
-0.008609 0.894055 -0.447875
-0.009302 0.889001 -0.457810
-0.010342 0.883080 -0.469108
-0.011875 0.876103 -0.481978
-0.014091 0.867834 -0.496654
-0.017220 0.858005 -0.513352
-0.021537 0.846312 -0.532253
-0.027345 0.832467 -0.553399
-0.034979 0.816188 -0.576727
-0.044787 0.797229 -0.602013
-0.057113 0.775419 -0.628859
-0.072260 0.750700 -0.656679
-0.090450 0.723185 -0.684706
-0.111920 0.692949 -0.712247
-0.136451 0.660759 -0.738092
-0.164172 0.626748 -0.761732
-0.194086 0.592544 -0.781807
-0.226246 0.558147 -0.798301
-0.259791 0.524665 -0.810700
-0.293333 0.493550 -0.818758
-0.326142 0.465278 -0.822890
-0.358009 0.439759 -0.823676
-0.387440 0.418015 -0.821677
-0.414530 0.399529 -0.817644
-0.438875 0.384245 -0.812247
-0.460209 0.371973 -0.806129
-0.478131 0.362588 -0.799950
-0.492994 0.355506 -0.794085
-0.504583 0.350533 -0.789001
-0.512924 0.347337 -0.785026
-0.518078 0.345595 -0.782406
-0.520118 0.344999 -0.781315
-0.519135 0.345251 -0.781857
-0.515249 0.346063 -0.784066
-0.508476 0.347195 -0.787977
-0.498998 0.348384 -0.793492
-0.487057 0.349391 -0.800438
-0.472458 0.350091 -0.808838
-0.455436 0.350308 -0.818451
-0.436037 0.349932 -0.829108
-0.414294 0.348887 -0.840618
-0.390249 0.347129 -0.852765
-0.363951 0.344642 -0.865310
-0.335799 0.341418 -0.877880
-0.305130 0.337542 -0.890484
-0.272770 0.333031 -0.902600
-0.238402 0.327992 -0.914104
-0.202574 0.322500 -0.924639
-0.164949 0.316715 -0.934068
-0.126129 0.310736 -0.942090
-0.085221 0.304860 -0.948577
-0.043406 0.299158 -0.953216
-0.000335 0.293918 -0.955831
0.043711 0.289369 -0.956219
0.088877 0.285888 -0.954133
0.135162 0.283905 -0.949278
0.181897 0.283668 -0.941512
0.228806 0.285556 -0.930648
0.275487 0.289917 -0.916545
0.321463 0.297063 -0.899119
0.366225 0.307259 -0.878334
0.409009 0.320466 -0.854408
0.449371 0.336786 -0.827430
0.486581 0.355784 -0.797908
0.520242 0.377119 -0.766244
0.550060 0.400298 -0.732936
0.575843 0.424600 -0.698656
0.597611 0.449319 -0.664059
0.615528 0.473681 -0.629883
0.629908 0.496990 -0.596838
0.641166 0.518646 -0.565608
0.649770 0.538122 -0.536864
0.656196 0.555147 -0.511095
0.660896 0.569463 -0.488803
0.664244 0.581074 -0.470247
0.666558 0.589946 -0.455701
0.668055 0.596213 -0.445233
0.668901 0.599903 -0.438963
0.669171 0.601130 -0.436867
VECTORS q3 float
0.867228 -0.177483 -0.465205
0.867921 -0.175478 -0.464672
0.869989 -0.169469 -0.463033
0.873362 -0.159581 -0.460187
0.877932 -0.146057 -0.455963
0.883613 -0.129078 -0.450074
0.890309 -0.108863 -0.442152
0.897912 -0.085660 -0.431760
0.906173 -0.060170 -0.418605
0.915063 -0.032386 -0.402008
0.924360 -0.002766 -0.381511
0.933810 0.028310 -0.356648
0.943143 0.060752 -0.326789
0.951938 0.094486 -0.291352
0.959534 0.129075 -0.250266
0.965239 0.164667 -0.202976
0.968101 0.201066 -0.149511
0.967051 0.238140 -0.090014
0.960930 0.275670 -0.024881
0.948617 0.313206 0.045038
0.929005 0.350378 0.119104
0.901440 0.386193 0.195606
0.865566 0.419745 0.273148
0.821434 0.450031 0.350313
0.769801 0.475899 0.425354
0.711715 0.496451 0.496989
0.648978 0.510921 0.563726
0.583804 0.518978 0.624368
0.518120 0.520807 0.678463
0.454147 0.517006 0.725572
0.393808 0.508591 0.765670
0.338146 0.496756 0.799307
0.288102 0.482834 0.826964
0.243832 0.468019 0.849414
0.206013 0.453662 0.867035
0.173655 0.440384 0.880855
0.146982 0.429095 0.891220
0.124944 0.419948 0.898906
0.107284 0.413201 0.904298
0.093265 0.408717 0.907883
0.082537 0.406359 0.909978
0.074754 0.405893 0.910858
0.069674 0.407066 0.910738
0.067116 0.409654 0.909769
0.067056 0.413420 0.908068
0.069486 0.418231 0.905679
0.074405 0.423947 0.902626
0.081799 0.430506 0.898873
0.091663 0.437946 0.894316
0.103840 0.446270 0.888854
0.118221 0.455597 0.882301
0.134669 0.466089 0.874429
0.153036 0.477925 0.864967
0.173239 0.491310 0.853582
0.195274 0.506427 0.839881
0.219256 0.523414 0.823386
0.245333 0.542264 0.803593
0.273737 0.562836 0.779926
0.304708 0.584803 0.751770
0.338432 0.607629 0.718506
0.374954 0.630550 0.679570
0.414105 0.652581 0.634551
0.455761 0.672714 0.582871
0.498881 0.689522 0.525050
0.543240 0.702004 0.460523
0.586770 0.708799 0.391542
0.629436 0.709234 0.317486
0.669804 0.702649 0.240096
0.706225 0.689114 0.162385
0.738268 0.669043 0.085687
0.766026 0.642728 0.010200
0.788583 0.611944 -0.060519
0.806634 0.577273 -0.126873
0.820466 0.539937 -0.187892
0.830602 0.501063 -0.242974
0.837655 0.462089 -0.291219
0.842533 0.422733 -0.333818
0.845837 0.383910 -0.370369
0.848199 0.345859 -0.401174
0.850144 0.308670 -0.426589
0.852081 0.272377 -0.446956
0.854321 0.236586 -0.462778
0.857024 0.202288 -0.473909
0.860409 0.168833 -0.480825
0.864536 0.136909 -0.483564
0.869450 0.107230 -0.482244
0.875346 0.079425 -0.476929
0.882210 0.054174 -0.467729
0.890076 0.031734 -0.454707
0.898924 0.012282 -0.437932
0.908671 -0.004079 -0.417494
0.919165 -0.017297 -0.393492
0.930080 -0.027207 -0.366348
0.941431 -0.034025 -0.335484
0.952652 -0.037518 -0.301739
0.963568 -0.037628 -0.264804
0.973703 -0.034178 -0.225244
0.982807 -0.026875 -0.182668
0.990352 -0.015497 -0.137702
0.996006 0.000619 -0.089283
0.999019 0.021427 -0.038767
0.998772 0.047446 0.014239
0.994480 0.078781 0.069301
0.985206 0.115690 0.126435
0.969852 0.158167 0.185395
0.947557 0.205304 0.244921
0.917491 0.256264 0.304202
0.879099 0.309801 0.362226
0.832214 0.364361 0.417925
0.777100 0.418228 0.470320
0.714952 0.469296 0.518271
0.646907 0.516090 0.561393
0.575267 0.556884 0.599122
0.502027 0.590787 0.631617
0.429215 0.617345 0.659288
0.358932 0.636503 0.682665
0.292819 0.648707 0.702450
0.232246 0.654718 0.719310
0.178106 0.655546 0.733851
0.130894 0.652330 0.746547
0.090831 0.646252 0.757699
0.057668 0.638440 0.767508
0.031117 0.629970 0.775996
0.010545 0.621733 0.783158
-0.004573 0.614532 0.788878
-0.014897 0.608937 0.793079
-0.020843 0.605422 0.795631
-0.022792 0.604218 0.796493
