# vtk DataFile Version 2.0
VTK example
ASCII
DATASET UNSTRUCTURED_GRID
POINTS  128  float
-0.000344 -0.000111 -0.000103
-0.000336 -0.000110 -0.000106
-0.000328 -0.000108 -0.000110
-0.000320 -0.000106 -0.000113
-0.000311 -0.000105 -0.000117
-0.000303 -0.000104 -0.000121
-0.000295 -0.000102 -0.000124
-0.000287 -0.000101 -0.000128
-0.000279 -0.000100 -0.000132
-0.000271 -0.000100 -0.000137
-0.000263 -0.000099 -0.000141
-0.000255 -0.000099 -0.000145
-0.000247 -0.000098 -0.000150
-0.000240 -0.000098 -0.000154
-0.000232 -0.000098 -0.000159
-0.000224 -0.000098 -0.000164
-0.000217 -0.000098 -0.000169
-0.000209 -0.000098 -0.000174
-0.000201 -0.000099 -0.000179
-0.000194 -0.000099 -0.000183
-0.000186 -0.000099 -0.000188
-0.000178 -0.000100 -0.000192
-0.000170 -0.000100 -0.000197
-0.000162 -0.000100 -0.000201
-0.000154 -0.000100 -0.000204
-0.000145 -0.000100 -0.000208
-0.000137 -0.000100 -0.000211
-0.000128 -0.000100 -0.000213
-0.000119 -0.000099 -0.000215
-0.000110 -0.000099 -0.000216
-0.000101 -0.000097 -0.000217
-0.000092 -0.000096 -0.000217
-0.000083 -0.000094 -0.000217
-0.000075 -0.000092 -0.000216
-0.000066 -0.000089 -0.000214
-0.000058 -0.000087 -0.000212
-0.000050 -0.000083 -0.000209
-0.000043 -0.000079 -0.000205
-0.000035 -0.000075 -0.000201
-0.000029 -0.000071 -0.000197
-0.000022 -0.000066 -0.000192
-0.000017 -0.000062 -0.000187
-0.000011 -0.000057 -0.000182
-0.000006 -0.000051 -0.000177
-0.000002 -0.000046 -0.000171
0.000003 -0.000041 -0.000165
0.000007 -0.000036 -0.000158
0.000010 -0.000031 -0.000152
0.000013 -0.000026 -0.000145
0.000016 -0.000021 -0.000138
0.000019 -0.000016 -0.000130
0.000021 -0.000012 -0.000123
0.000023 -0.000008 -0.000115
0.000025 -0.000004 -0.000107
0.000026 -0.000001 -0.000099
0.000027 0.000002 -0.000090
0.000028 0.000005 -0.000082
0.000028 0.000008 -0.000073
0.000028 0.000011 -0.000065
0.000028 0.000014 -0.000056
0.000028 0.000016 -0.000047
0.000028 0.000019 -0.000039
0.000027 0.000021 -0.000030
0.000026 0.000024 -0.000021
0.000025 0.000027 -0.000013
0.000024 0.000030 -0.000004
0.000024 0.000034 0.000004
0.000023 0.000038 0.000012
0.000022 0.000042 0.000020
0.000022 0.000046 0.000028
0.000022 0.000051 0.000036
0.000023 0.000056 0.000043
0.000024 0.000062 0.000050
0.000025 0.000068 0.000057
0.000028 0.000074 0.000063
0.000031 0.000080 0.000069
0.000034 0.000087 0.000073
0.000039 0.000094 0.000078
0.000044 0.000100 0.000081
0.000049 0.000107 0.000084
0.000055 0.000114 0.000086
0.000062 0.000120 0.000087
0.000069 0.000126 0.000088
0.000076 0.000131 0.000088
0.000083 0.000136 0.000088
0.000091 0.000141 0.000088
0.000099 0.000146 0.000087
0.000106 0.000150 0.000085
0.000114 0.000154 0.000084
0.000123 0.000157 0.000082
0.000131 0.000161 0.000079
0.000139 0.000164 0.000077
0.000147 0.000167 0.000074
0.000155 0.000169 0.000072
0.000163 0.000172 0.000068
0.000172 0.000174 0.000065
0.000180 0.000176 0.000062
0.000188 0.000178 0.000058
0.000196 0.000179 0.000055
0.000204 0.000181 0.000051
0.000212 0.000182 0.000047
0.000220 0.000183 0.000043
0.000229 0.000184 0.000040
0.000237 0.000185 0.000036
0.000245 0.000185 0.000032
0.000253 0.000186 0.000029
0.000262 0.000186 0.000025
0.000270 0.000186 0.000022
0.000279 0.000186 0.000019
0.000287 0.000186 0.000016
0.000296 0.000186 0.000014
0.000305 0.000187 0.000012
0.000314 0.000187 0.000011
0.000323 0.000187 0.000009
0.000332 0.000188 0.000009
0.000341 0.000188 0.000009
0.000350 0.000189 0.000009
0.000359 0.000191 0.000010
0.000368 0.000192 0.000011
0.000376 0.000194 0.000013
0.000385 0.000195 0.000016
0.000393 0.000198 0.000019
0.000401 0.000200 0.000022
0.000409 0.000202 0.000026
0.000417 0.000205 0.000030
0.000424 0.000208 0.000035
0.000431 0.000211 0.000039
0.000439 0.000214 0.000044
CELLS  127 381
2 0 1 
2 1 2 
2 2 3 
2 3 4 
2 4 5 
2 5 6 
2 6 7 
2 7 8 
2 8 9 
2 9 10 
2 10 11 
2 11 12 
2 12 13 
2 13 14 
2 14 15 
2 15 16 
2 16 17 
2 17 18 
2 18 19 
2 19 20 
2 20 21 
2 21 22 
2 22 23 
2 23 24 
2 24 25 
2 25 26 
2 26 27 
2 27 28 
2 28 29 
2 29 30 
2 30 31 
2 31 32 
2 32 33 
2 33 34 
2 34 35 
2 35 36 
2 36 37 
2 37 38 
2 38 39 
2 39 40 
2 40 41 
2 41 42 
2 42 43 
2 43 44 
2 44 45 
2 45 46 
2 46 47 
2 47 48 
2 48 49 
2 49 50 
2 50 51 
2 51 52 
2 52 53 
2 53 54 
2 54 55 
2 55 56 
2 56 57 
2 57 58 
2 58 59 
2 59 60 
2 60 61 
2 61 62 
2 62 63 
2 63 64 
2 64 65 
2 65 66 
2 66 67 
2 67 68 
2 68 69 
2 69 70 
2 70 71 
2 71 72 
2 72 73 
2 73 74 
2 74 75 
2 75 76 
2 76 77 
2 77 78 
2 78 79 
2 79 80 
2 80 81 
2 81 82 
2 82 83 
2 83 84 
2 84 85 
2 85 86 
2 86 87 
2 87 88 
2 88 89 
2 89 90 
2 90 91 
2 91 92 
2 92 93 
2 93 94 
2 94 95 
2 95 96 
2 96 97 
2 97 98 
2 98 99 
2 99 100 
2 100 101 
2 101 102 
2 102 103 
2 103 104 
2 104 105 
2 105 106 
2 106 107 
2 107 108 
2 108 109 
2 109 110 
2 110 111 
2 111 112 
2 112 113 
2 113 114 
2 114 115 
2 115 116 
2 116 117 
2 117 118 
2 118 119 
2 119 120 
2 120 121 
2 121 122 
2 122 123 
2 123 124 
2 124 125 
2 125 126 
2 126 127 
CELL_TYPES  127
3
3
3
3
3
3
3
3
3
3
3
3
3
3
3
3
3
3
3
3
3
3
3
3
3
3
3
3
3
3
3
3
3
3
3
3
3
3
3
3
3
3
3
3
3
3
3
3
3
3
3
3
3
3
3
3
3
3
3
3
3
3
3
3
3
3
3
3
3
3
3
3
3
3
3
3
3
3
3
3
3
3
3
3
3
3
3
3
3
3
3
3
3
3
3
3
3
3
3
3
3
3
3
3
3
3
3
3
3
3
3
3
3
3
3
3
3
3
3
3
3
3
3
3
3
3
3
POINT_DATA  128
VECTORS Position float
-0.000344 -0.000111 -0.000103
-0.000336 -0.000110 -0.000106
-0.000328 -0.000108 -0.000110
-0.000320 -0.000106 -0.000113
-0.000311 -0.000105 -0.000117
-0.000303 -0.000104 -0.000121
-0.000295 -0.000102 -0.000124
-0.000287 -0.000101 -0.000128
-0.000279 -0.000100 -0.000132
-0.000271 -0.000100 -0.000137
-0.000263 -0.000099 -0.000141
-0.000255 -0.000099 -0.000145
-0.000247 -0.000098 -0.000150
-0.000240 -0.000098 -0.000154
-0.000232 -0.000098 -0.000159
-0.000224 -0.000098 -0.000164
-0.000217 -0.000098 -0.000169
-0.000209 -0.000098 -0.000174
-0.000201 -0.000099 -0.000179
-0.000194 -0.000099 -0.000183
-0.000186 -0.000099 -0.000188
-0.000178 -0.000100 -0.000192
-0.000170 -0.000100 -0.000197
-0.000162 -0.000100 -0.000201
-0.000154 -0.000100 -0.000204
-0.000145 -0.000100 -0.000208
-0.000137 -0.000100 -0.000211
-0.000128 -0.000100 -0.000213
-0.000119 -0.000099 -0.000215
-0.000110 -0.000099 -0.000216
-0.000101 -0.000097 -0.000217
-0.000092 -0.000096 -0.000217
-0.000083 -0.000094 -0.000217
-0.000075 -0.000092 -0.000216
-0.000066 -0.000089 -0.000214
-0.000058 -0.000087 -0.000212
-0.000050 -0.000083 -0.000209
-0.000043 -0.000079 -0.000205
-0.000035 -0.000075 -0.000201
-0.000029 -0.000071 -0.000197
-0.000022 -0.000066 -0.000192
-0.000017 -0.000062 -0.000187
-0.000011 -0.000057 -0.000182
-0.000006 -0.000051 -0.000177
-0.000002 -0.000046 -0.000171
0.000003 -0.000041 -0.000165
0.000007 -0.000036 -0.000158
0.000010 -0.000031 -0.000152
0.000013 -0.000026 -0.000145
0.000016 -0.000021 -0.000138
0.000019 -0.000016 -0.000130
0.000021 -0.000012 -0.000123
0.000023 -0.000008 -0.000115
0.000025 -0.000004 -0.000107
0.000026 -0.000001 -0.000099
0.000027 0.000002 -0.000090
0.000028 0.000005 -0.000082
0.000028 0.000008 -0.000073
0.000028 0.000011 -0.000065
0.000028 0.000014 -0.000056
0.000028 0.000016 -0.000047
0.000028 0.000019 -0.000039
0.000027 0.000021 -0.000030
0.000026 0.000024 -0.000021
0.000025 0.000027 -0.000013
0.000024 0.000030 -0.000004
0.000024 0.000034 0.000004
0.000023 0.000038 0.000012
0.000022 0.000042 0.000020
0.000022 0.000046 0.000028
0.000022 0.000051 0.000036
0.000023 0.000056 0.000043
0.000024 0.000062 0.000050
0.000025 0.000068 0.000057
0.000028 0.000074 0.000063
0.000031 0.000080 0.000069
0.000034 0.000087 0.000073
0.000039 0.000094 0.000078
0.000044 0.000100 0.000081
0.000049 0.000107 0.000084
0.000055 0.000114 0.000086
0.000062 0.000120 0.000087
0.000069 0.000126 0.000088
0.000076 0.000131 0.000088
0.000083 0.000136 0.000088
0.000091 0.000141 0.000088
0.000099 0.000146 0.000087
0.000106 0.000150 0.000085
0.000114 0.000154 0.000084
0.000123 0.000157 0.000082
0.000131 0.000161 0.000079
0.000139 0.000164 0.000077
0.000147 0.000167 0.000074
0.000155 0.000169 0.000072
0.000163 0.000172 0.000068
0.000172 0.000174 0.000065
0.000180 0.000176 0.000062
0.000188 0.000178 0.000058
0.000196 0.000179 0.000055
0.000204 0.000181 0.000051
0.000212 0.000182 0.000047
0.000220 0.000183 0.000043
0.000229 0.000184 0.000040
0.000237 0.000185 0.000036
0.000245 0.000185 0.000032
0.000253 0.000186 0.000029
0.000262 0.000186 0.000025
0.000270 0.000186 0.000022
0.000279 0.000186 0.000019
0.000287 0.000186 0.000016
0.000296 0.000186 0.000014
0.000305 0.000187 0.000012
0.000314 0.000187 0.000011
0.000323 0.000187 0.000009
0.000332 0.000188 0.000009
0.000341 0.000188 0.000009
0.000350 0.000189 0.000009
0.000359 0.000191 0.000010
0.000368 0.000192 0.000011
0.000376 0.000194 0.000013
0.000385 0.000195 0.000016
0.000393 0.000198 0.000019
0.000401 0.000200 0.000022
0.000409 0.000202 0.000026
0.000417 0.000205 0.000030
0.000424 0.000208 0.000035
0.000431 0.000211 0.000039
0.000439 0.000214 0.000044
VECTORS Rotation float
0.697449 0.187713 -1.968798
0.697720 0.185734 -1.970098
0.698522 0.179886 -1.973993
0.699808 0.170520 -1.980409
0.701498 0.158214 -1.989190
0.703499 0.143558 -2.000190
0.705690 0.127195 -2.013178
0.707935 0.109753 -2.027831
0.710079 0.092110 -2.043463
0.712016 0.074524 -2.059749
0.713644 0.057463 -2.076010
0.714900 0.041245 -2.091565
0.715763 0.025979 -2.105833
0.716245 0.011770 -2.118182
0.716395 -0.001097 -2.127835
0.716288 -0.012519 -2.134212
0.716020 -0.022218 -2.136679
0.715690 -0.029916 -2.134692
0.715388 -0.035323 -2.127782
0.715178 -0.038160 -2.115596
0.715090 -0.038215 -2.097805
0.715095 -0.035316 -2.074358
0.715117 -0.029347 -2.045179
0.715030 -0.020209 -2.010226
0.714649 -0.007842 -1.969664
0.713747 0.007899 -1.923537
0.712039 0.027127 -1.872180
0.709212 0.049959 -1.816052
0.704909 0.076642 -1.755349
0.698764 0.107210 -1.690700
0.690432 0.141538 -1.622830
0.679536 0.179545 -1.552043
0.665804 0.220692 -1.479122
0.648942 0.264473 -1.404370
0.629198 0.309307 -1.329621
0.606212 0.355000 -1.254111
0.580752 0.399481 -1.180049
0.552610 0.442476 -1.106584
0.522606 0.482324 -1.035153
0.490750 0.518531 -0.965169
0.457640 0.549963 -0.897195
0.423627 0.575852 -0.831203
0.389011 0.595553 -0.767062
0.353693 0.608720 -0.703952
0.318358 0.614842 -0.642434
0.283092 0.613818 -0.582019
0.248539 0.605724 -0.523213
0.215213 0.590918 -0.466350
0.183454 0.569923 -0.411504
0.153877 0.543758 -0.359418
0.126712 0.513514 -0.310260
0.102066 0.480509 -0.264132
0.079927 0.446268 -0.221057
0.060128 0.412347 -0.180852
0.042418 0.380285 -0.143228
0.026498 0.351465 -0.107796
0.012098 0.327148 -0.074284
-0.001037 0.308290 -0.042479
-0.013113 0.295536 -0.012337
-0.024282 0.289205 0.015966
-0.034618 0.289313 0.042002
-0.044101 0.295622 0.065086
-0.052620 0.307802 0.084482
-0.059860 0.325318 0.098943
-0.065389 0.348102 0.107499
-0.068558 0.375396 0.108711
-0.068440 0.407812 0.101327
-0.063920 0.445236 0.083999
-0.053817 0.486989 0.055741
-0.036470 0.533021 0.015140
-0.009438 0.583535 -0.040134
0.028587 0.635782 -0.110082
0.080746 0.688763 -0.197689
0.149116 0.739367 -0.304176
0.234739 0.783830 -0.429710
0.335229 0.817803 -0.570576
0.448952 0.838683 -0.725292
0.567462 0.843938 -0.884138
0.682221 0.833508 -1.037865
0.786011 0.809262 -1.178651
0.874694 0.774304 -1.301864
0.948179 0.731562 -1.407505
1.006054 0.685283 -1.494129
1.052126 0.636939 -1.566349
1.088404 0.589008 -1.626008
1.117028 0.543428 -1.675262
1.140578 0.499975 -1.717725
1.160272 0.459708 -1.754770
1.177207 0.422852 -1.787896
1.192137 0.389381 -1.818174
1.205552 0.359064 -1.846292
1.217752 0.331499 -1.872625
1.228852 0.306473 -1.896981
1.239031 0.282762 -1.919874
1.248243 0.260324 -1.940537
1.256536 0.238320 -1.958975
1.263930 0.216575 -1.974691
1.270463 0.194542 -1.987625
1.276214 0.172418 -1.997376
1.281212 0.149771 -2.003943
1.285636 0.127493 -2.006917
1.289579 0.105778 -2.006131
1.293196 0.085225 -2.001398
1.296600 0.066238 -1.992528
1.299903 0.049262 -1.979362
1.303265 0.034934 -1.961982
1.306759 0.023641 -1.940402
1.310412 0.015713 -1.914672
1.314198 0.011411 -1.884818
1.318027 0.010935 -1.850779
1.321775 0.014426 -1.812669
1.325209 0.021978 -1.770225
1.328094 0.033534 -1.723679
1.330100 0.048991 -1.673009
1.330862 0.068124 -1.618344
1.330037 0.090490 -1.560186
1.327309 0.115519 -1.499159
1.322484 0.142435 -1.436248
1.315519 0.170343 -1.372638
1.306575 0.198269 -1.309714
1.296063 0.225172 -1.249126
1.284534 0.250187 -1.192336
1.272781 0.272439 -1.141098
1.261580 0.291375 -1.096727
1.251823 0.306456 -1.060749
1.244215 0.317443 -1.034118
1.239418 0.324069 -1.017869
1.237770 0.326295 -1.012378
VECTORS ControlForce float
0.000000 -0.000000 0.000000
-0.000179 0.000161 0.000028
-0.000336 0.000307 0.000065
-0.000483 0.000400 0.000095
-0.000617 0.000415 0.000109
-0.000710 0.000357 0.000115
-0.000750 0.000246 0.000125
-0.000747 0.000101 0.000139
-0.000713 -0.000052 0.000147
-0.000660 -0.000184 0.000156
-0.000604 -0.000275 0.000167
-0.000581 -0.000333 0.000171
-0.000580 -0.000344 0.000176
-0.000586 -0.000305 0.000188
-0.000604 -0.000246 0.000193
-0.000593 -0.000165 0.000202
-0.000553 -0.000093 0.000210
-0.000489 -0.000049 0.000213
-0.000386 -0.000012 0.000221
-0.000271 0.000011 0.000229
-0.000172 0.000019 0.000235
-0.000103 0.000022 0.000235
-0.000054 0.000051 0.000236
-0.000033 0.000111 0.000240
-0.000047 0.000192 0.000245
-0.000074 0.000290 0.000254
-0.000078 0.000394 0.000265
-0.000043 0.000475 0.000271
0.000042 0.000513 0.000266
0.000173 0.000497 0.000243
0.000341 0.000430 0.000197
0.000501 0.000305 0.000131
0.000637 0.000144 0.000054
0.000731 -0.000030 -0.000033
0.000750 -0.000218 -0.000127
0.000672 -0.000420 -0.000212
0.000524 -0.000608 -0.000286
0.000323 -0.000769 -0.000336
0.000076 -0.000906 -0.000354
-0.000182 -0.001003 -0.000332
-0.000403 -0.001027 -0.000286
-0.000569 -0.000972 -0.000224
-0.000662 -0.000833 -0.000153
-0.000678 -0.000623 -0.000075
-0.000629 -0.000367 0.000002
-0.000534 -0.000095 0.000072
-0.000408 0.000192 0.000115
-0.000287 0.000465 0.000134
-0.000196 0.000715 0.000131
-0.000148 0.000929 0.000107
-0.000146 0.001092 0.000074
-0.000175 0.001203 0.000032
-0.000215 0.001244 -0.000005
-0.000234 0.001220 -0.000042
-0.000208 0.001121 -0.000073
-0.000130 0.000937 -0.000080
0.000005 0.000682 -0.000068
0.000184 0.000384 -0.000047
0.000385 0.000069 -0.000009
0.000588 -0.000219 0.000036
0.000774 -0.000424 0.000061
0.000920 -0.000518 0.000066
0.001011 -0.000492 0.000064
0.001039 -0.000366 0.000077
0.001000 -0.000178 0.000120
0.000885 0.000037 0.000176
0.000702 0.000221 0.000249
0.000473 0.000323 0.000327
0.000223 0.000311 0.000384
-0.000020 0.000183 0.000414
-0.000233 -0.000030 0.000415
-0.000413 -0.000290 0.000371
-0.000551 -0.000543 0.000290
-0.000654 -0.000753 0.000180
-0.000731 -0.000900 0.000044
-0.000768 -0.000930 -0.000123
-0.000759 -0.000838 -0.000287
-0.000701 -0.000633 -0.000433
-0.000596 -0.000344 -0.000550
-0.000453 -0.000011 -0.000627
-0.000289 0.000324 -0.000656
-0.000115 0.000641 -0.000641
0.000047 0.000904 -0.000597
0.000168 0.001053 -0.000529
0.000237 0.001072 -0.000454
0.000279 0.000987 -0.000388
0.000304 0.000810 -0.000316
0.000321 0.000560 -0.000241
0.000353 0.000293 -0.000165
0.000406 0.000048 -0.000090
0.000454 -0.000178 -0.000022
0.000478 -0.000373 0.000032
0.000485 -0.000485 0.000079
0.000458 -0.000515 0.000131
0.000380 -0.000490 0.000175
0.000257 -0.000419 0.000209
0.000098 -0.000331 0.000225
-0.000079 -0.000247 0.000229
-0.000253 -0.000179 0.000224
-0.000402 -0.000137 0.000219
-0.000504 -0.000097 0.000203
-0.000547 -0.000054 0.000173
-0.000533 -0.000001 0.000139
-0.000473 0.000059 0.000116
-0.000393 0.000105 0.000109
-0.000313 0.000127 0.000110
-0.000246 0.000112 0.000112
-0.000202 0.000045 0.000116
-0.000168 -0.000023 0.000131
-0.000135 -0.000080 0.000158
-0.000095 -0.000123 0.000193
-0.000027 -0.000094 0.000236
0.000070 -0.000021 0.000273
0.000196 0.000094 0.000298
0.000357 0.000270 0.000308
0.000541 0.000478 0.000294
0.000726 0.000671 0.000250
0.000890 0.000830 0.000179
0.001007 0.000918 0.000089
0.001060 0.000925 -0.000005
0.001051 0.000879 -0.000092
0.000988 0.000799 -0.000163
0.000882 0.000703 -0.000211
0.000741 0.000584 -0.000226
0.000575 0.000440 -0.000207
0.000393 0.000296 -0.000158
0.000198 0.000143 -0.000085
-0.000000 -0.000000 -0.000000
VECTORS ControlTorque float
0.000001 -0.000001 0.000001
0.000001 -0.000001 0.000001
0.000001 -0.000001 0.000001
0.000001 -0.000001 0.000001
0.000001 -0.000001 0.000001
0.000000 -0.000001 0.000001
0.000000 -0.000001 0.000000
-0.000000 -0.000000 -0.000000
0.000000 -0.000000 0.000000
-0.000000 0.000000 -0.000000
-0.000000 0.000000 -0.000000
-0.000000 0.000001 -0.000000
-0.000000 0.000001 -0.000000
-0.000000 0.000001 -0.000001
-0.000000 0.000001 -0.000000
-0.000000 0.000002 -0.000001
-0.000000 0.000002 -0.000001
-0.000000 0.000002 -0.000001
-0.000001 0.000002 -0.000001
-0.000001 0.000002 -0.000001
-0.000001 0.000002 -0.000001
-0.000001 0.000002 -0.000001
-0.000001 0.000002 -0.000001
-0.000001 0.000002 -0.000001
-0.000001 0.000002 -0.000001
-0.000001 0.000002 -0.000001
-0.000000 0.000002 -0.000001
-0.000000 0.000002 -0.000002
-0.000000 0.000002 -0.000002
-0.000000 0.000001 -0.000002
-0.000000 0.000001 -0.000002
0.000000 0.000000 -0.000001
0.000000 0.000001 -0.000002
0.000001 -0.000002 -0.000000
0.000000 0.000001 -0.000002
0.000001 -0.000003 0.000001
0.000000 -0.000000 -0.000001
0.000001 -0.000002 0.000001
0.000000 -0.000001 0.000000
0.000000 -0.000002 0.000002
-0.000000 -0.000001 0.000002
-0.000001 -0.000001 0.000002
-0.000001 -0.000000 0.000001
-0.000001 -0.000001 0.000002
-0.000002 -0.000000 0.000001
-0.000002 -0.000001 0.000001
-0.000002 -0.000000 0.000001
-0.000002 -0.000000 0.000001
-0.000001 -0.000001 0.000001
-0.000001 -0.000000 0.000001
-0.000001 -0.000000 0.000000
-0.000000 -0.000001 0.000000
0.000000 -0.000001 0.000000
0.000001 -0.000001 -0.000000
0.000002 -0.000000 -0.000000
0.000002 -0.000000 -0.000000
0.000002 -0.000000 -0.000000
0.000003 -0.000000 0.000000
0.000003 -0.000001 0.000000
0.000003 -0.000001 0.000000
0.000003 -0.000001 0.000000
0.000003 -0.000001 0.000001
0.000002 -0.000002 0.000001
0.000002 -0.000002 0.000001
0.000001 -0.000003 0.000001
0.000002 -0.000003 0.000001
0.000002 -0.000004 0.000002
0.000001 -0.000003 0.000002
0.000001 -0.000003 0.000002
0.000003 -0.000004 0.000003
0.000000 -0.000002 0.000001
0.000002 -0.000004 0.000003
0.000001 -0.000002 0.000002
0.000001 -0.000002 0.000002
-0.000001 0.000000 0.000001
0.000001 -0.000002 0.000002
-0.000001 0.000001 0.000001
-0.000002 0.000001 0.000001
-0.000002 0.000001 0.000000
-0.000002 0.000002 -0.000000
-0.000001 0.000001 0.000001
-0.000003 0.000004 -0.000002
-0.000001 0.000001 0.000000
-0.000002 0.000002 -0.000001
-0.000002 0.000003 -0.000002
-0.000000 0.000001 -0.000001
-0.000001 0.000001 -0.000002
-0.000001 0.000001 -0.000001
-0.000001 0.000001 -0.000002
-0.000001 0.000001 -0.000001
-0.000000 0.000000 -0.000001
-0.000001 0.000001 -0.000001
0.000000 -0.000000 -0.000000
-0.000001 0.000001 -0.000001
-0.000000 0.000001 0.000000
-0.000000 0.000001 -0.000000
0.000000 0.000001 0.000000
-0.000000 0.000001 -0.000000
0.000000 0.000001 0.000001
-0.000000 0.000002 -0.000000
-0.000000 0.000001 0.000000
-0.000000 0.000002 -0.000000
-0.000000 0.000002 -0.000000
-0.000000 0.000002 -0.000001
-0.000001 0.000002 -0.000001
-0.000001 0.000002 -0.000001
-0.000001 0.000002 -0.000001
-0.000001 0.000002 -0.000001
-0.000000 0.000002 -0.000001
-0.000000 0.000002 -0.000002
-0.000000 0.000002 -0.000002
-0.000000 0.000002 -0.000002
-0.000000 0.000002 -0.000002
-0.000000 0.000002 -0.000002
-0.000000 0.000001 -0.000001
-0.000000 0.000001 -0.000001
-0.000000 0.000001 -0.000001
-0.000000 0.000000 -0.000001
0.000000 -0.000000 -0.000000
0.000000 -0.000001 0.000000
0.000000 -0.000002 0.000000
0.000000 -0.000003 0.000001
0.000000 -0.000003 0.000001
0.000000 -0.000004 0.000002
0.000000 -0.000003 0.000002
0.000000 -0.000004 0.000002
0.000000 -0.000004 0.000002
0.000000 -0.000004 0.000002
VECTORS Curvature float
44.694265 142.739537 -1.914191
140.658419 458.104898 -6.023764
293.548242 992.696678 -14.022028
389.250573 1411.339682 -22.557686
446.606454 1789.543968 -32.541665
462.402824 2110.548828 -42.991978
445.853932 2391.392343 -52.604524
393.455961 2539.157467 -60.264059
328.834822 2601.926919 -64.066291
275.614021 2630.129317 -63.726543
236.006833 2537.417352 -58.587081
227.446314 2384.033913 -48.983113
258.765609 2193.930346 -35.770900
324.645146 1911.700007 -19.968759
424.924262 1555.969217 -2.502397
556.436943 1147.611050 15.520108
704.834349 660.720585 33.316466
868.026995 113.027940 50.218452
1032.426741 -487.772920 65.735620
1205.879505 -1139.533075 79.386103
1377.251385 -1821.688067 90.834590
1532.525872 -2507.654006 99.626881
1692.296401 -3218.172635 105.357768
1838.095213 -3923.738693 107.350470
1968.431730 -4632.886825 105.143077
2076.617410 -5351.763112 97.912680
2125.999813 -6013.299194 84.994085
2128.376883 -6672.752327 66.401299
2075.844809 -7327.829818 41.475135
1937.987120 -7865.633563 10.664355
1746.985189 -8382.252171 -24.032834
1504.120454 -8810.608057 -62.764014
1228.817683 -9223.778772 -100.252448
911.222520 -9309.592784 -139.350894
598.994071 -9366.454091 -167.751865
311.417168 -9234.592898 -195.278828
63.941509 -8915.860693 -206.455345
-112.136438 -8585.605613 -211.966284
-201.815929 -8080.471104 -201.994437
-192.932175 -7636.857756 -183.622183
-67.685748 -7061.123589 -154.225927
166.781951 -6498.594017 -117.122428
516.614263 -6069.387665 -73.790854
949.200726 -5672.683438 -27.342179
1451.086341 -5302.402102 21.321346
1996.147555 -5043.570129 69.944910
2518.674914 -4764.615508 117.552708
3039.764370 -4583.722057 162.601235
3491.044443 -4420.452772 205.102150
3826.117414 -4240.443566 243.515695
4068.221067 -4102.111526 277.748476
4167.657837 -3964.421697 307.003412
4111.681141 -3830.364806 330.446358
3898.812876 -3704.502134 347.529091
3541.749348 -3595.168028 357.720249
3049.303088 -3493.704875 361.228113
2438.960440 -3384.610429 358.494095
1750.343732 -3263.171652 350.882311
1015.958182 -3107.062165 340.148809
269.821615 -2895.928279 328.343949
-447.829669 -2593.503477 317.332682
-1133.170315 -2217.502253 308.719472
-1731.967791 -1712.067730 302.874688
-2313.017567 -1089.027721 300.058523
-2791.491396 -350.019823 298.580373
-3236.902289 518.513521 297.368588
-3802.012051 1506.434049 293.871411
-4245.186210 2548.442829 286.842288
-4601.408976 3547.554219 274.442213
-5194.247679 4755.655950 253.709640
-5654.487469 5817.921765 231.619107
-5994.627006 6765.442979 199.014469
-6441.638623 7802.498070 166.354180
-6721.394893 8675.122705 130.909506
-6680.624841 9123.729925 97.688681
-6572.469543 9556.068036 59.159323
-6432.723122 9949.360278 25.409264
-5959.892323 9905.577708 -12.987377
-5420.136444 9769.476775 -51.548682
-4763.887464 9410.596767 -89.972196
-4172.811163 9173.458972 -122.328778
-3514.227729 8628.125870 -157.063159
-2875.381205 8003.050682 -181.550218
-2437.812704 7613.983275 -208.928647
-1981.352464 6841.370376 -233.757594
-1699.061894 6272.819793 -255.157023
-1560.080837 5840.421648 -278.638470
-1467.122949 5283.321919 -299.638646
-1451.197305 4810.476050 -320.035505
-1464.921906 4366.984184 -339.113994
-1497.216772 4003.815233 -356.589601
-1473.269401 3604.866453 -373.027617
-1447.120868 3356.394099 -386.634593
-1370.658527 3172.102257 -399.847610
-1207.160631 2979.214915 -410.281682
-1003.958507 2857.110140 -419.888277
-745.337253 2765.794160 -427.389043
-456.903390 2678.138733 -433.946199
-132.913077 2632.518329 -438.645578
206.667407 2559.335820 -442.573472
567.387842 2365.532433 -445.142273
935.823230 2165.221060 -447.073718
1308.589510 1890.934386 -448.557379
1710.834187 1595.562643 -450.059153
2096.769476 1228.162397 -451.723388
2449.617123 801.346640 -453.995148
2799.109902 347.618884 -456.789902
3133.515544 -132.960026 -459.918381
3482.114731 -638.165232 -462.837782
3810.631469 -1153.568725 -464.799295
4160.085324 -1687.491079 -464.772899
4516.832479 -2222.924084 -461.894851
4840.572328 -2735.800889 -454.967166
5189.953142 -3246.547359 -443.206290
5501.283126 -3714.641502 -426.206608
5752.640377 -4119.777700 -403.531310
5923.880178 -4443.757669 -375.582710
5976.724182 -4655.356149 -342.777508
5909.843065 -4749.957324 -306.065336
5683.711633 -4691.449220 -266.847931
5326.290681 -4497.694146 -226.090207
4826.653055 -4155.116001 -185.944490
4211.152896 -3684.155226 -147.126852
3495.014874 -3098.252750 -111.523356
2688.194362 -2407.920617 -78.992608
1848.968078 -1669.027642 -50.867837
846.242656 -767.415436 -22.646087
272.581788 -247.321274 -6.531611
VECTORS LocalRotation float
-0.064301 0.395125 -0.001193
-0.063460 0.397852 -0.001229
-0.061502 0.404394 -0.001319
-0.058424 0.415233 -0.001484
-0.054632 0.429754 -0.001734
-0.050503 0.447471 -0.002077
-0.046388 0.467864 -0.002510
-0.042609 0.490063 -0.003018
-0.039328 0.513421 -0.003583
-0.036595 0.537076 -0.004161
-0.034281 0.560446 -0.004714
-0.032178 0.582780 -0.005202
-0.029974 0.603530 -0.005587
-0.027341 0.622061 -0.005838
-0.023941 0.637788 -0.005940
-0.019501 0.650022 -0.005881
-0.013791 0.658207 -0.005660
-0.006669 0.661711 -0.005282
0.001934 0.660014 -0.004757
0.012085 0.652634 -0.004099
0.023757 0.639254 -0.003330
0.036934 0.619648 -0.002467
0.051554 0.593690 -0.001538
0.067541 0.561350 -0.000575
0.084790 0.522575 0.000388
0.103076 0.477438 0.001306
0.122068 0.426078 0.002133
0.141339 0.368616 0.002819
0.160355 0.305290 0.003307
0.178527 0.236502 0.003543
0.195264 0.162704 0.003482
0.210005 0.084753 0.003088
0.222391 0.003019 0.002350
0.232034 -0.080495 0.001270
0.238902 -0.165432 -0.000127
0.243001 -0.249171 -0.001761
0.244709 -0.331765 -0.003589
0.244491 -0.410769 -0.005478
0.243066 -0.486455 -0.007358
0.241283 -0.557424 -0.009099
0.240105 -0.623880 -0.010627
0.240554 -0.685318 -0.011856
0.243659 -0.742430 -0.012724
0.250276 -0.795436 -0.013180
0.261161 -0.845203 -0.013208
0.276735 -0.891945 -0.012795
0.297171 -0.936340 -0.011947
0.322385 -0.978747 -0.010676
0.351903 -1.019444 -0.009014
0.385060 -1.058690 -0.006981
0.420836 -1.096497 -0.004619
0.458121 -1.133015 -0.001971
0.495599 -1.168300 0.000914
0.531863 -1.202411 0.003983
0.565560 -1.235470 0.007177
0.595388 -1.267550 0.010431
0.620236 -1.298692 0.013689
0.639207 -1.328797 0.016902
0.651734 -1.357643 0.020031
0.657555 -1.384822 0.023058
0.656749 -1.409683 0.025982
0.649578 -1.431505 0.028822
0.636640 -1.449249 0.031583
0.618267 -1.461972 0.034322
0.595287 -1.468451 0.037017
0.567748 -1.467681 0.039739
0.535935 -1.458529 0.042412
0.499779 -1.440311 0.045021
0.459600 -1.412624 0.047570
0.414901 -1.374735 0.049980
0.366115 -1.327187 0.052162
0.313005 -1.269817 0.054126
0.256707 -1.203870 0.055780
0.197365 -1.129584 0.057120
0.137045 -1.049475 0.058149
0.076646 -0.964345 0.058864
0.018030 -0.876432 0.059245
-0.037942 -0.786755 0.059301
-0.089465 -0.697677 0.059009
-0.135671 -0.610655 0.058367
-0.176290 -0.526187 0.057402
-0.210860 -0.446129 0.056145
-0.239996 -0.370293 0.054601
-0.263957 -0.299865 0.052840
-0.283901 -0.234625 0.050842
-0.300723 -0.174685 0.048608
-0.315447 -0.119962 0.046196
-0.329131 -0.069678 0.043582
-0.342330 -0.024025 0.040779
-0.355521 0.017487 0.037798
-0.368914 0.055336 0.034652
-0.382332 0.089706 0.031356
-0.395662 0.121479 0.027889
-0.408330 0.150831 0.024353
-0.420020 0.178724 0.020679
-0.430001 0.205071 0.016932
-0.437956 0.230642 0.013079
-0.443395 0.255270 0.009182
-0.446084 0.279475 0.005205
-0.445753 0.302744 0.001256
-0.442248 0.325044 -0.002764
-0.435440 0.345564 -0.006805
-0.425229 0.364018 -0.010880
-0.411520 0.379848 -0.014960
-0.394348 0.392582 -0.019027
-0.373791 0.401759 -0.023122
-0.350025 0.406961 -0.027246
-0.323135 0.407934 -0.031401
-0.293146 0.404439 -0.035584
-0.260151 0.396332 -0.039781
-0.224010 0.383450 -0.043996
-0.184800 0.365779 -0.048183
-0.142407 0.343314 -0.052337
-0.096946 0.316201 -0.056408
-0.048551 0.284690 -0.060343
0.002411 0.249213 -0.064101
0.055263 0.210451 -0.067627
0.109146 0.169253 -0.070880
0.162964 0.126669 -0.073817
0.215433 0.083940 -0.076410
0.265319 0.042305 -0.078644
0.311264 0.003148 -0.080508
0.352232 -0.032387 -0.082018
0.387091 -0.063068 -0.083188
0.415113 -0.088021 -0.084051
0.435610 -0.106440 -0.084638
0.447841 -0.117496 -0.084972
0.452896 -0.122080 -0.085104
VECTORS q1 float
-0.186585 -0.630982 -0.753026
-0.188611 -0.631423 -0.752151
-0.194634 -0.632710 -0.749530
-0.204397 -0.634729 -0.745212
-0.217449 -0.637302 -0.739298
-0.233332 -0.640235 -0.731884
-0.251497 -0.643320 -0.723110
-0.271335 -0.646354 -0.713165
-0.291843 -0.649131 -0.702465
-0.312639 -0.651548 -0.691189
-0.332993 -0.653512 -0.679733
-0.352280 -0.654984 -0.668501
-0.370083 -0.655972 -0.657830
-0.385970 -0.656512 -0.648089
-0.399326 -0.656670 -0.639784
-0.409775 -0.656538 -0.633278
-0.416802 -0.656225 -0.629002
-0.419930 -0.655845 -0.627317
-0.418693 -0.655502 -0.628502
-0.412660 -0.655274 -0.632714
-0.401396 -0.655207 -0.639988
-0.384617 -0.655280 -0.650137
-0.361999 -0.655423 -0.662855
-0.333216 -0.655506 -0.677701
-0.298084 -0.655332 -0.694035
-0.256294 -0.654650 -0.711159
-0.207795 -0.653138 -0.728170
-0.152710 -0.650424 -0.744062
-0.091001 -0.646063 -0.757840
-0.023244 -0.639578 -0.768374
0.049620 -0.630502 -0.774600
0.126794 -0.618330 -0.775623
0.206642 -0.602710 -0.770740
0.287778 -0.583331 -0.759545
0.367058 -0.560569 -0.742314
0.444122 -0.534232 -0.719271
0.515743 -0.505454 -0.691756
0.582049 -0.474359 -0.660456
0.641362 -0.442198 -0.626990
0.694122 -0.409336 -0.592148
0.740101 -0.376682 -0.557101
0.779776 -0.344776 -0.522570
0.813821 -0.313977 -0.488992
0.843294 -0.284150 -0.456194
0.868585 -0.255685 -0.424482
0.890547 -0.228336 -0.393431
0.909582 -0.202224 -0.362995
0.926105 -0.177343 -0.332984
0.940512 -0.153592 -0.303062
0.952932 -0.131165 -0.273345
0.963573 -0.110074 -0.243743
0.972591 -0.090351 -0.214250
0.980107 -0.072023 -0.184939
0.986245 -0.055055 -0.155853
0.991117 -0.039376 -0.127032
0.994828 -0.024875 -0.098481
0.997458 -0.011456 -0.070333
0.999084 0.000988 -0.042780
0.999791 0.012544 -0.016155
0.999688 0.023271 0.009038
0.998934 0.033173 0.032099
0.997748 0.042175 0.052160
0.996399 0.050124 0.068387
0.995216 0.056686 0.079578
0.994494 0.061424 0.084902
0.994487 0.063734 0.083274
0.995285 0.062778 0.073933
0.996747 0.057649 0.056317
0.998404 0.047538 0.030498
0.999501 0.031404 -0.003396
0.998942 0.007876 -0.045317
0.995406 -0.022998 -0.092945
0.987397 -0.062270 -0.145498
0.973489 -0.109774 -0.200674
0.952565 -0.164723 -0.255904
0.924394 -0.224969 -0.308034
0.888287 -0.290119 -0.356057
0.845219 -0.357178 -0.397528
0.796382 -0.423887 -0.431388
0.743300 -0.488226 -0.457319
0.687634 -0.548583 -0.475622
0.630264 -0.604499 -0.487184
0.574042 -0.654021 -0.492679
0.518717 -0.698188 -0.493423
0.465793 -0.736609 -0.490351
0.416503 -0.769321 -0.484428
0.369964 -0.797623 -0.476365
0.326947 -0.821720 -0.466779
0.287483 -0.842195 -0.456137
0.251467 -0.859608 -0.444791
0.218681 -0.874469 -0.432992
0.188801 -0.887238 -0.420908
0.161797 -0.898206 -0.408715
0.136481 -0.907923 -0.396294
0.113071 -0.916473 -0.383786
0.090806 -0.924146 -0.371092
0.069650 -0.931015 -0.358273
0.049078 -0.937218 -0.345272
0.029332 -0.942735 -0.332250
0.009938 -0.947634 -0.319204
-0.008241 -0.951828 -0.306521
-0.025064 -0.955349 -0.294416
-0.040003 -0.958225 -0.283203
-0.052705 -0.960532 -0.273131
-0.062772 -0.962363 -0.264418
-0.069653 -0.963838 -0.257225
-0.073000 -0.965074 -0.251600
-0.072503 -0.966172 -0.247498
-0.067895 -0.967196 -0.244790
-0.058934 -0.968166 -0.243274
-0.045458 -0.969053 -0.242631
-0.027271 -0.969760 -0.242530
-0.004434 -0.970146 -0.242480
0.022989 -0.970007 -0.241988
0.054752 -0.969101 -0.240513
0.090285 -0.967184 -0.237496
0.128832 -0.964035 -0.232463
0.169324 -0.959512 -0.225089
0.210528 -0.953589 -0.215281
0.251105 -0.946385 -0.203228
0.289647 -0.938200 -0.189435
0.325035 -0.929439 -0.174629
0.356159 -0.920664 -0.159774
0.382388 -0.912421 -0.145831
0.403104 -0.905317 -0.133821
0.418101 -0.899822 -0.124549
0.427101 -0.896374 -0.118734
0.430117 -0.895193 -0.116743
VECTORS q2 float
-0.380782 0.753019 -0.536626
-0.380158 0.753129 -0.536914
-0.378349 0.753436 -0.537760
-0.375576 0.753872 -0.539092
-0.372178 0.754336 -0.540797
-0.368508 0.754739 -0.542744
-0.364904 0.755015 -0.544791
-0.361628 0.755135 -0.546806
-0.358884 0.755095 -0.548665
-0.356646 0.754945 -0.550329
-0.354813 0.754734 -0.551801
-0.353173 0.754517 -0.553149
-0.351437 0.754338 -0.554496
-0.349290 0.754224 -0.556006
-0.346463 0.754177 -0.557835
-0.342687 0.754189 -0.560147
-0.337782 0.754238 -0.563053
-0.331617 0.754303 -0.566619
-0.324106 0.754368 -0.570863
-0.315208 0.754427 -0.575746
-0.304844 0.754483 -0.581228
-0.293052 0.754560 -0.587162
-0.279812 0.754692 -0.593419
-0.265116 0.754919 -0.599842
-0.249064 0.755300 -0.606209
-0.231773 0.755891 -0.612299
-0.213558 0.756753 -0.617834
-0.194886 0.757928 -0.622547
-0.176234 0.759434 -0.626259
-0.158284 0.761242 -0.628853
-0.141734 0.763262 -0.630352
-0.127104 0.765361 -0.630926
-0.114881 0.767347 -0.630858
-0.105271 0.769022 -0.630494
-0.098424 0.770132 -0.630245
-0.094016 0.770569 -0.630384
-0.091692 0.770222 -0.631150
-0.090867 0.769186 -0.632531
-0.090874 0.767668 -0.634372
-0.091077 0.766042 -0.636306
-0.090845 0.764815 -0.637813
-0.089666 0.764589 -0.638251
-0.087177 0.765986 -0.636919
-0.083161 0.769599 -0.633089
-0.077632 0.775818 -0.626163
-0.070691 0.784917 -0.615555
-0.062668 0.796830 -0.600945
-0.053969 0.811273 -0.582172
-0.045002 0.827814 -0.559194
-0.036342 0.845659 -0.532485
-0.028437 0.864041 -0.502618
-0.021692 0.882145 -0.470479
-0.016432 0.899184 -0.437261
-0.012842 0.914527 -0.404321
-0.010964 0.927724 -0.373107
-0.010685 0.938540 -0.345006
-0.011783 0.946893 -0.321332
-0.013921 0.952853 -0.303112
-0.016705 0.956564 -0.291044
-0.019724 0.958188 -0.285458
-0.022608 0.957866 -0.286325
-0.025064 0.955691 -0.293302
-0.026879 0.951683 -0.305904
-0.028016 0.945852 -0.323387
-0.028445 0.938013 -0.345431
-0.028414 0.928177 -0.371053
-0.028012 0.915842 -0.400561
-0.027591 0.900666 -0.433636
-0.027674 0.882466 -0.469561
-0.028770 0.860703 -0.508294
-0.031536 0.834483 -0.550130
-0.036799 0.804279 -0.593112
-0.045338 0.769517 -0.637015
-0.057830 0.730696 -0.680250
-0.074614 0.688792 -0.721109
-0.095285 0.645761 -0.757571
-0.119705 0.602202 -0.789318
-0.146586 0.560373 -0.815165
-0.174572 0.521809 -0.835009
-0.202247 0.487628 -0.849303
-0.228358 0.458422 -0.858896
-0.252328 0.433950 -0.864880
-0.273029 0.414372 -0.868189
-0.290961 0.398524 -0.869782
-0.306207 0.385729 -0.870316
-0.319149 0.375207 -0.870266
-0.330850 0.366018 -0.869810
-0.341821 0.357658 -0.869045
-0.352612 0.349728 -0.867961
-0.363579 0.342003 -0.866513
-0.374859 0.334399 -0.864672
-0.386375 0.326932 -0.862456
-0.397710 0.319695 -0.860013
-0.408776 0.312778 -0.857364
-0.418815 0.306309 -0.854850
-0.427509 0.300376 -0.852649
-0.434332 0.295016 -0.851071
-0.439034 0.290258 -0.850293
-0.441285 0.286035 -0.850560
-0.440925 0.282357 -0.851974
-0.437787 0.279028 -0.854684
-0.431717 0.275974 -0.858754
-0.422635 0.273054 -0.864188
-0.410401 0.270180 -0.870961
-0.394897 0.267268 -0.878990
-0.376256 0.264190 -0.888051
-0.354481 0.260907 -0.897926
-0.329582 0.257420 -0.908356
-0.301527 0.253775 -0.919065
-0.270186 0.250071 -0.929765
-0.235585 0.246430 -0.940091
-0.197402 0.243067 -0.949711
-0.155789 0.240192 -0.958143
-0.110706 0.238093 -0.964912
-0.062326 0.237087 -0.969487
-0.011242 0.237465 -0.971331
0.041748 0.239482 -0.970003
0.095456 0.243280 -0.965248
0.148516 0.248859 -0.957085
0.199471 0.256041 -0.945862
0.246830 0.264442 -0.932280
0.289491 0.273577 -0.917251
0.326407 0.282794 -0.901934
0.357080 0.291485 -0.887429
0.381028 0.298981 -0.874887
0.398202 0.304779 -0.865185
0.408446 0.308412 -0.859101
0.411867 0.309656 -0.857017
VECTORS q3 float
0.905644 0.186612 -0.380769
0.905487 0.184668 -0.382088
0.904969 0.178918 -0.386030
0.903971 0.169695 -0.392478
0.902330 0.157555 -0.401219
0.899865 0.143066 -0.412037
0.896434 0.126853 -0.424634
0.891966 0.109533 -0.438634
0.886583 0.091980 -0.453332
0.880375 0.074455 -0.468398
0.873627 0.057432 -0.483196
0.866699 0.041234 -0.497124
0.859960 0.025976 -0.509700
0.853829 0.011770 -0.520421
0.848824 -0.001097 -0.528675
0.845370 -0.012518 -0.534035
0.843907 -0.022216 -0.536029
0.844801 -0.029911 -0.534244
0.848323 -0.035315 -0.528300
0.854609 -0.038151 -0.517869
0.863684 -0.038206 -0.502583
0.875323 -0.035309 -0.482247
0.889192 -0.029342 -0.456593
0.904810 -0.020208 -0.425336
0.921473 -0.007842 -0.388363
0.938400 0.007899 -0.345460
0.954575 0.027124 -0.296732
0.968865 0.049938 -0.242502
0.980133 0.076567 -0.182968
0.987120 0.107004 -0.118930
0.988660 0.141065 -0.051490
0.983752 0.178582 0.018451
0.971649 0.218905 0.089326
0.951894 0.261400 0.159900
0.924976 0.304398 0.227510
0.891020 0.347591 0.292001
0.851823 0.388940 0.350890
0.808061 0.428178 0.404601
0.761838 0.463839 0.452168
0.714073 0.495605 0.494445
0.666332 0.522655 0.531821
0.619605 0.544549 0.565293
0.574539 0.560967 0.596004
0.530979 0.571818 0.625368
0.489421 0.576829 0.654015
0.449364 0.575993 0.682864
0.410771 0.569357 0.712109
0.373385 0.557123 0.741753
0.336767 0.539567 0.771657
0.301000 0.517355 0.801089
0.265929 0.491241 0.829436
0.231507 0.462231 0.856006
0.197787 0.431602 0.880114
0.164792 0.400760 0.901241
0.132542 0.371185 0.919051
0.101010 0.344274 0.933420
0.070279 0.321344 0.944351
0.040464 0.303430 0.951994
0.011802 0.291253 0.956573
-0.015303 0.285191 0.958349
-0.040245 0.285294 0.957595
-0.062219 0.291334 0.954596
-0.080415 0.302964 0.949603
-0.093600 0.319610 0.942915
-0.100857 0.341114 0.934596
-0.100941 0.366641 0.924870
-0.092858 0.396601 0.913282
-0.075721 0.430671 0.899327
-0.049235 0.467967 0.882373
-0.013039 0.508138 0.861177
0.033484 0.550977 0.833848
0.088394 0.593807 0.799737
0.151631 0.635583 0.756996
0.221305 0.673820 0.704976
0.295048 0.705997 0.643829
0.369346 0.729645 0.575501
0.443414 0.743763 0.500200
0.513923 0.747266 0.421280
0.579052 0.740294 0.341560
0.637653 0.723778 0.263711
0.689211 0.699218 0.189953
0.734233 0.668033 0.120971
0.771966 0.632892 0.059301
0.803912 0.594737 0.003575
0.830225 0.555536 -0.045885
0.851275 0.517073 -0.089254
0.868139 0.479404 -0.128480
0.881059 0.443686 -0.163946
0.890516 0.410363 -0.196427
0.896981 0.379616 -0.226533
0.900922 0.351398 -0.254676
0.902811 0.325461 -0.281082
0.903132 0.301698 -0.305500
0.902372 0.279009 -0.328449
0.901004 0.257394 -0.349198
0.899439 0.236071 -0.367805
0.898056 0.214886 -0.383822
0.897129 0.193317 -0.397226
0.896888 0.171565 -0.407625
0.897489 0.149212 -0.415030
0.899041 0.127148 -0.418998
0.901661 0.105580 -0.419357
0.905417 0.085121 -0.415903
0.910381 0.066189 -0.408444
0.916578 0.049242 -0.396811
0.923894 0.034927 -0.381052
0.932209 0.023639 -0.361146
0.941339 0.015712 -0.337097
0.951037 0.011411 -0.308866
0.961003 0.010935 -0.276323
0.970790 0.014426 -0.239496
0.979943 0.021976 -0.198062
0.987780 0.033527 -0.152203
0.993587 0.048972 -0.101912
0.996553 0.068071 -0.047419
0.995853 0.090366 0.010566
0.990787 0.115262 0.071099
0.980927 0.141954 0.132784
0.966241 0.169521 0.194015
0.947184 0.196973 0.253069
0.924759 0.223274 0.308170
0.900304 0.247585 0.357987
0.875562 0.269081 0.401231
0.852216 0.287269 0.437268
0.832060 0.301681 0.465472
0.816472 0.312139 0.485739
0.806694 0.318427 0.497844
0.803346 0.320535 0.501889
