# vtk DataFile Version 2.0
VTK example
ASCII
DATASET UNSTRUCTURED_GRID
POINTS  128  float
-0.000457 -0.000100 -0.000249
-0.000458 -0.000101 -0.000240
-0.000458 -0.000102 -0.000231
-0.000459 -0.000103 -0.000222
-0.000459 -0.000104 -0.000213
-0.000458 -0.000106 -0.000204
-0.000458 -0.000108 -0.000195
-0.000457 -0.000109 -0.000187
-0.000455 -0.000111 -0.000178
-0.000453 -0.000113 -0.000169
-0.000450 -0.000116 -0.000161
-0.000447 -0.000118 -0.000153
-0.000443 -0.000120 -0.000145
-0.000438 -0.000122 -0.000138
-0.000433 -0.000124 -0.000131
-0.000426 -0.000126 -0.000125
-0.000420 -0.000128 -0.000119
-0.000412 -0.000129 -0.000114
-0.000404 -0.000130 -0.000109
-0.000396 -0.000131 -0.000106
-0.000387 -0.000131 -0.000103
-0.000379 -0.000131 -0.000101
-0.000370 -0.000130 -0.000099
-0.000361 -0.000129 -0.000099
-0.000352 -0.000128 -0.000099
-0.000343 -0.000127 -0.000100
-0.000334 -0.000126 -0.000101
-0.000325 -0.000124 -0.000102
-0.000316 -0.000123 -0.000105
-0.000308 -0.000122 -0.000107
-0.000299 -0.000120 -0.000110
-0.000291 -0.000119 -0.000113
-0.000283 -0.000118 -0.000116
-0.000274 -0.000116 -0.000120
-0.000266 -0.000115 -0.000123
-0.000258 -0.000114 -0.000127
-0.000250 -0.000113 -0.000131
-0.000242 -0.000112 -0.000136
-0.000234 -0.000111 -0.000140
-0.000227 -0.000110 -0.000145
-0.000219 -0.000109 -0.000149
-0.000211 -0.000108 -0.000154
-0.000204 -0.000107 -0.000159
-0.000196 -0.000105 -0.000164
-0.000189 -0.000104 -0.000169
-0.000181 -0.000102 -0.000173
-0.000173 -0.000101 -0.000178
-0.000166 -0.000099 -0.000182
-0.000158 -0.000097 -0.000186
-0.000150 -0.000095 -0.000190
-0.000141 -0.000094 -0.000193
-0.000133 -0.000092 -0.000196
-0.000125 -0.000090 -0.000199
-0.000116 -0.000087 -0.000201
-0.000108 -0.000085 -0.000203
-0.000099 -0.000083 -0.000204
-0.000090 -0.000081 -0.000205
-0.000081 -0.000078 -0.000205
-0.000073 -0.000076 -0.000204
-0.000064 -0.000073 -0.000203
-0.000056 -0.000070 -0.000201
-0.000048 -0.000067 -0.000198
-0.000040 -0.000063 -0.000195
-0.000033 -0.000060 -0.000192
-0.000026 -0.000056 -0.000187
-0.000019 -0.000052 -0.000183
-0.000013 -0.000048 -0.000178
-0.000007 -0.000044 -0.000172
-0.000001 -0.000040 -0.000166
0.000004 -0.000036 -0.000160
0.000008 -0.000032 -0.000153
0.000012 -0.000027 -0.000146
0.000016 -0.000023 -0.000139
0.000019 -0.000019 -0.000131
0.000022 -0.000016 -0.000124
0.000025 -0.000012 -0.000116
0.000027 -0.000008 -0.000108
0.000029 -0.000005 -0.000100
0.000030 -0.000002 -0.000091
0.000032 0.000002 -0.000083
0.000033 0.000005 -0.000075
0.000033 0.000008 -0.000066
0.000034 0.000011 -0.000057
0.000034 0.000013 -0.000049
0.000035 0.000016 -0.000040
0.000035 0.000019 -0.000032
0.000035 0.000022 -0.000023
0.000035 0.000025 -0.000014
0.000035 0.000028 -0.000006
0.000034 0.000031 0.000002
0.000035 0.000035 0.000011
0.000035 0.000038 0.000019
0.000035 0.000042 0.000027
0.000036 0.000047 0.000035
0.000037 0.000051 0.000043
0.000039 0.000056 0.000050
0.000041 0.000062 0.000057
0.000044 0.000067 0.000064
0.000047 0.000073 0.000070
0.000051 0.000079 0.000075
0.000055 0.000085 0.000080
0.000061 0.000091 0.000084
0.000066 0.000098 0.000087
0.000073 0.000104 0.000090
0.000079 0.000110 0.000091
0.000086 0.000115 0.000092
0.000093 0.000121 0.000092
0.000101 0.000126 0.000092
0.000108 0.000131 0.000090
0.000116 0.000136 0.000089
0.000123 0.000140 0.000087
0.000131 0.000145 0.000084
0.000139 0.000149 0.000081
0.000146 0.000153 0.000078
0.000154 0.000156 0.000075
0.000161 0.000160 0.000071
0.000168 0.000163 0.000067
0.000176 0.000167 0.000063
0.000183 0.000170 0.000059
0.000191 0.000173 0.000055
0.000198 0.000175 0.000051
0.000206 0.000178 0.000046
0.000214 0.000181 0.000042
0.000221 0.000183 0.000038
0.000229 0.000185 0.000034
0.000236 0.000188 0.000029
0.000244 0.000190 0.000025
0.000252 0.000192 0.000021
CELLS  127 381
2 0 1 
2 1 2 
2 2 3 
2 3 4 
2 4 5 
2 5 6 
2 6 7 
2 7 8 
2 8 9 
2 9 10 
2 10 11 
2 11 12 
2 12 13 
2 13 14 
2 14 15 
2 15 16 
2 16 17 
2 17 18 
2 18 19 
2 19 20 
2 20 21 
2 21 22 
2 22 23 
2 23 24 
2 24 25 
2 25 26 
2 26 27 
2 27 28 
2 28 29 
2 29 30 
2 30 31 
2 31 32 
2 32 33 
2 33 34 
2 34 35 
2 35 36 
2 36 37 
2 37 38 
2 38 39 
2 39 40 
2 40 41 
2 41 42 
2 42 43 
2 43 44 
2 44 45 
2 45 46 
2 46 47 
2 47 48 
2 48 49 
2 49 50 
2 50 51 
2 51 52 
2 52 53 
2 53 54 
2 54 55 
2 55 56 
2 56 57 
2 57 58 
2 58 59 
2 59 60 
2 60 61 
2 61 62 
2 62 63 
2 63 64 
2 64 65 
2 65 66 
2 66 67 
2 67 68 
2 68 69 
2 69 70 
2 70 71 
2 71 72 
2 72 73 
2 73 74 
2 74 75 
2 75 76 
2 76 77 
2 77 78 
2 78 79 
2 79 80 
2 80 81 
2 81 82 
2 82 83 
2 83 84 
2 84 85 
2 85 86 
2 86 87 
2 87 88 
2 88 89 
2 89 90 
2 90 91 
2 91 92 
2 92 93 
2 93 94 
2 94 95 
2 95 96 
2 96 97 
2 97 98 
2 98 99 
2 99 100 
2 100 101 
2 101 102 
2 102 103 
2 103 104 
2 104 105 
2 105 106 
2 106 107 
2 107 108 
2 108 109 
2 109 110 
2 110 111 
2 111 112 
2 112 113 
2 113 114 
2 114 115 
2 115 116 
2 116 117 
2 117 118 
2 118 119 
2 119 120 
2 120 121 
2 121 122 
2 122 123 
2 123 124 
2 124 125 
2 125 126 
2 126 127 
CELL_TYPES  127
3
3
3
3
3
3
3
3
3
3
3
3
3
3
3
3
3
3
3
3
3
3
3
3
3
3
3
3
3
3
3
3
3
3
3
3
3
3
3
3
3
3
3
3
3
3
3
3
3
3
3
3
3
3
3
3
3
3
3
3
3
3
3
3
3
3
3
3
3
3
3
3
3
3
3
3
3
3
3
3
3
3
3
3
3
3
3
3
3
3
3
3
3
3
3
3
3
3
3
3
3
3
3
3
3
3
3
3
3
3
3
3
3
3
3
3
3
3
3
3
3
3
3
3
3
3
3
POINT_DATA  128
VECTORS Position float
-0.000457 -0.000100 -0.000249
-0.000458 -0.000101 -0.000240
-0.000458 -0.000102 -0.000231
-0.000459 -0.000103 -0.000222
-0.000459 -0.000104 -0.000213
-0.000458 -0.000106 -0.000204
-0.000458 -0.000108 -0.000195
-0.000457 -0.000109 -0.000187
-0.000455 -0.000111 -0.000178
-0.000453 -0.000113 -0.000169
-0.000450 -0.000116 -0.000161
-0.000447 -0.000118 -0.000153
-0.000443 -0.000120 -0.000145
-0.000438 -0.000122 -0.000138
-0.000433 -0.000124 -0.000131
-0.000426 -0.000126 -0.000125
-0.000420 -0.000128 -0.000119
-0.000412 -0.000129 -0.000114
-0.000404 -0.000130 -0.000109
-0.000396 -0.000131 -0.000106
-0.000387 -0.000131 -0.000103
-0.000379 -0.000131 -0.000101
-0.000370 -0.000130 -0.000099
-0.000361 -0.000129 -0.000099
-0.000352 -0.000128 -0.000099
-0.000343 -0.000127 -0.000100
-0.000334 -0.000126 -0.000101
-0.000325 -0.000124 -0.000102
-0.000316 -0.000123 -0.000105
-0.000308 -0.000122 -0.000107
-0.000299 -0.000120 -0.000110
-0.000291 -0.000119 -0.000113
-0.000283 -0.000118 -0.000116
-0.000274 -0.000116 -0.000120
-0.000266 -0.000115 -0.000123
-0.000258 -0.000114 -0.000127
-0.000250 -0.000113 -0.000131
-0.000242 -0.000112 -0.000136
-0.000234 -0.000111 -0.000140
-0.000227 -0.000110 -0.000145
-0.000219 -0.000109 -0.000149
-0.000211 -0.000108 -0.000154
-0.000204 -0.000107 -0.000159
-0.000196 -0.000105 -0.000164
-0.000189 -0.000104 -0.000169
-0.000181 -0.000102 -0.000173
-0.000173 -0.000101 -0.000178
-0.000166 -0.000099 -0.000182
-0.000158 -0.000097 -0.000186
-0.000150 -0.000095 -0.000190
-0.000141 -0.000094 -0.000193
-0.000133 -0.000092 -0.000196
-0.000125 -0.000090 -0.000199
-0.000116 -0.000087 -0.000201
-0.000108 -0.000085 -0.000203
-0.000099 -0.000083 -0.000204
-0.000090 -0.000081 -0.000205
-0.000081 -0.000078 -0.000205
-0.000073 -0.000076 -0.000204
-0.000064 -0.000073 -0.000203
-0.000056 -0.000070 -0.000201
-0.000048 -0.000067 -0.000198
-0.000040 -0.000063 -0.000195
-0.000033 -0.000060 -0.000192
-0.000026 -0.000056 -0.000187
-0.000019 -0.000052 -0.000183
-0.000013 -0.000048 -0.000178
-0.000007 -0.000044 -0.000172
-0.000001 -0.000040 -0.000166
0.000004 -0.000036 -0.000160
0.000008 -0.000032 -0.000153
0.000012 -0.000027 -0.000146
0.000016 -0.000023 -0.000139
0.000019 -0.000019 -0.000131
0.000022 -0.000016 -0.000124
0.000025 -0.000012 -0.000116
0.000027 -0.000008 -0.000108
0.000029 -0.000005 -0.000100
0.000030 -0.000002 -0.000091
0.000032 0.000002 -0.000083
0.000033 0.000005 -0.000075
0.000033 0.000008 -0.000066
0.000034 0.000011 -0.000057
0.000034 0.000013 -0.000049
0.000035 0.000016 -0.000040
0.000035 0.000019 -0.000032
0.000035 0.000022 -0.000023
0.000035 0.000025 -0.000014
0.000035 0.000028 -0.000006
0.000034 0.000031 0.000002
0.000035 0.000035 0.000011
0.000035 0.000038 0.000019
0.000035 0.000042 0.000027
0.000036 0.000047 0.000035
0.000037 0.000051 0.000043
0.000039 0.000056 0.000050
0.000041 0.000062 0.000057
0.000044 0.000067 0.000064
0.000047 0.000073 0.000070
0.000051 0.000079 0.000075
0.000055 0.000085 0.000080
0.000061 0.000091 0.000084
0.000066 0.000098 0.000087
0.000073 0.000104 0.000090
0.000079 0.000110 0.000091
0.000086 0.000115 0.000092
0.000093 0.000121 0.000092
0.000101 0.000126 0.000092
0.000108 0.000131 0.000090
0.000116 0.000136 0.000089
0.000123 0.000140 0.000087
0.000131 0.000145 0.000084
0.000139 0.000149 0.000081
0.000146 0.000153 0.000078
0.000154 0.000156 0.000075
0.000161 0.000160 0.000071
0.000168 0.000163 0.000067
0.000176 0.000167 0.000063
0.000183 0.000170 0.000059
0.000191 0.000173 0.000055
0.000198 0.000175 0.000051
0.000206 0.000178 0.000046
0.000214 0.000181 0.000042
0.000221 0.000183 0.000038
0.000229 0.000185 0.000034
0.000236 0.000188 0.000029
0.000244 0.000190 0.000025
0.000252 0.000192 0.000021
VECTORS Rotation float
0.799664 -0.115745 0.058401
0.799684 -0.118386 0.054185
0.799640 -0.126155 0.041477
0.799288 -0.138471 0.020322
0.798290 -0.154358 -0.009112
0.796160 -0.172699 -0.046896
0.792358 -0.192166 -0.093091
0.786363 -0.211293 -0.147728
0.778081 -0.228243 -0.209718
0.767101 -0.241770 -0.279550
0.753584 -0.250453 -0.356400
0.737937 -0.253160 -0.439359
0.720629 -0.249076 -0.527981
0.702410 -0.237658 -0.621534
0.684516 -0.218915 -0.717996
0.667828 -0.193084 -0.816745
0.653430 -0.161061 -0.916172
0.642145 -0.124146 -1.015005
0.634515 -0.083999 -1.112119
0.630779 -0.042608 -1.206303
0.630797 -0.001706 -1.297193
0.634213 0.036646 -1.383543
0.640409 0.070964 -1.464877
0.648674 0.100195 -1.540896
0.658246 0.123596 -1.611065
0.668436 0.140993 -1.675312
0.678622 0.152488 -1.733334
0.688316 0.158526 -1.784982
0.697229 0.159838 -1.830628
0.705188 0.157278 -1.870540
0.712160 0.151814 -1.905232
0.718239 0.144407 -1.935662
0.723554 0.136052 -1.962699
0.728269 0.127639 -1.987415
0.732498 0.120152 -2.010286
0.736383 0.114183 -2.032372
0.739973 0.110441 -2.053509
0.743330 0.109252 -2.074012
0.746438 0.110837 -2.093120
0.749270 0.115206 -2.110248
0.751732 0.122122 -2.124236
0.753693 0.131182 -2.133976
0.754984 0.141827 -2.138455
0.755417 0.153511 -2.136917
0.754826 0.165415 -2.128890
0.753059 0.176977 -2.114142
0.750054 0.187573 -2.092858
0.745802 0.196815 -2.065384
0.740310 0.204599 -2.031992
0.733702 0.210982 -1.993355
0.726045 0.216352 -1.949823
0.717396 0.221310 -1.901725
0.707797 0.226596 -1.849418
0.697226 0.233011 -1.793176
0.685607 0.241312 -1.733254
0.672771 0.252119 -1.669808
0.658539 0.265805 -1.603140
0.642672 0.282477 -1.533481
0.624925 0.301937 -1.461110
0.605090 0.323699 -1.386379
0.583048 0.347019 -1.309754
0.558811 0.370964 -1.231819
0.532276 0.394666 -1.152626
0.504014 0.416866 -1.073580
0.473886 0.436935 -0.994150
0.443236 0.453621 -0.916891
0.411736 0.466754 -0.840526
0.380138 0.475814 -0.766046
0.349606 0.480504 -0.695205
0.320399 0.480956 -0.627926
0.292257 0.477357 -0.563144
0.266325 0.470168 -0.502784
0.242137 0.459748 -0.445559
0.219859 0.446661 -0.391584
0.199568 0.431552 -0.340893
0.181520 0.415312 -0.294064
0.165158 0.398231 -0.249901
0.150656 0.381189 -0.208956
0.137912 0.364840 -0.171230
0.126805 0.349800 -0.136742
0.117211 0.336656 -0.105548
0.108886 0.325816 -0.077387
0.101966 0.318068 -0.053077
0.096149 0.313702 -0.032173
0.091474 0.313213 -0.015149
0.088000 0.316945 -0.002441
0.085695 0.325286 0.005919
0.084783 0.338387 0.009350
0.085575 0.356400 0.007267
0.088554 0.379402 -0.001091
0.094405 0.407358 -0.016677
0.104063 0.440091 -0.040663
0.118579 0.476802 -0.074087
0.139850 0.517738 -0.119386
0.169130 0.560872 -0.177201
0.208670 0.605236 -0.249902
0.259745 0.648291 -0.337977
0.324277 0.688087 -0.443230
0.401581 0.721351 -0.563763
0.492180 0.746044 -0.700318
0.590088 0.759285 -0.844848
0.690979 0.760385 -0.992615
0.788724 0.749873 -1.136473
0.879240 0.729476 -1.271912
0.959936 0.701549 -1.395945
1.028952 0.669083 -1.505868
1.086786 0.634577 -1.601916
1.134624 0.599995 -1.685097
1.173925 0.566677 -1.756800
1.206156 0.535367 -1.818525
1.232422 0.506564 -1.871283
1.253903 0.480145 -1.916456
1.271305 0.456079 -1.954681
1.285339 0.433991 -1.986791
1.296549 0.413460 -2.013439
1.305337 0.394131 -2.035077
1.312057 0.375657 -2.052154
1.317009 0.357812 -2.065062
1.320468 0.340474 -2.074216
1.322699 0.323652 -2.080066
1.323957 0.307526 -2.083106
1.324489 0.292329 -2.083913
1.324532 0.278468 -2.083117
1.324294 0.266311 -2.081369
1.323949 0.256332 -2.079299
1.323621 0.248870 -2.077427
1.323398 0.244284 -2.076158
1.323319 0.242728 -2.075708
VECTORS ControlForce float
0.000000 0.000000 0.000000
-0.000318 0.000193 0.000132
-0.000621 0.000360 0.000251
-0.000895 0.000487 0.000354
-0.001112 0.000561 0.000424
-0.001245 0.000578 0.000469
-0.001270 0.000543 0.000488
-0.001200 0.000471 0.000509
-0.001056 0.000373 0.000533
-0.000862 0.000258 0.000553
-0.000667 0.000126 0.000583
-0.000488 -0.000029 0.000602
-0.000340 -0.000212 0.000610
-0.000240 -0.000434 0.000612
-0.000158 -0.000686 0.000581
-0.000066 -0.000935 0.000505
0.000034 -0.001153 0.000396
0.000124 -0.001313 0.000268
0.000203 -0.001379 0.000129
0.000273 -0.001323 -0.000007
0.000335 -0.001141 -0.000122
0.000334 -0.000888 -0.000201
0.000272 -0.000597 -0.000245
0.000175 -0.000290 -0.000255
0.000069 0.000013 -0.000238
-0.000019 0.000297 -0.000199
-0.000094 0.000533 -0.000150
-0.000121 0.000739 -0.000099
-0.000098 0.000919 -0.000050
-0.000030 0.001079 -0.000003
0.000046 0.001196 0.000039
0.000103 0.001247 0.000082
0.000101 0.001195 0.000123
0.000039 0.001033 0.000163
-0.000079 0.000765 0.000191
-0.000227 0.000424 0.000213
-0.000390 0.000031 0.000218
-0.000530 -0.000362 0.000209
-0.000601 -0.000701 0.000194
-0.000583 -0.000942 0.000175
-0.000462 -0.001055 0.000156
-0.000244 -0.001022 0.000140
0.000008 -0.000874 0.000123
0.000230 -0.000654 0.000110
0.000382 -0.000396 0.000095
0.000445 -0.000125 0.000085
0.000393 0.000123 0.000069
0.000235 0.000335 0.000049
0.000020 0.000512 0.000036
-0.000200 0.000654 0.000032
-0.000387 0.000750 0.000035
-0.000504 0.000798 0.000046
-0.000530 0.000798 0.000061
-0.000475 0.000741 0.000073
-0.000355 0.000625 0.000079
-0.000191 0.000460 0.000078
0.000016 0.000281 0.000067
0.000232 0.000101 0.000042
0.000423 -0.000070 -0.000001
0.000559 -0.000230 -0.000058
0.000619 -0.000381 -0.000120
0.000626 -0.000496 -0.000181
0.000605 -0.000552 -0.000238
0.000540 -0.000564 -0.000289
0.000433 -0.000540 -0.000324
0.000300 -0.000476 -0.000353
0.000138 -0.000398 -0.000351
-0.000016 -0.000301 -0.000330
-0.000143 -0.000184 -0.000312
-0.000233 -0.000055 -0.000297
-0.000281 0.000076 -0.000273
-0.000293 0.000194 -0.000243
-0.000271 0.000295 -0.000200
-0.000216 0.000382 -0.000149
-0.000139 0.000450 -0.000103
-0.000058 0.000484 -0.000063
0.000021 0.000503 -0.000028
0.000089 0.000505 0.000008
0.000143 0.000497 0.000040
0.000185 0.000484 0.000060
0.000214 0.000469 0.000069
0.000233 0.000441 0.000080
0.000249 0.000399 0.000087
0.000270 0.000343 0.000101
0.000305 0.000288 0.000106
0.000356 0.000230 0.000108
0.000424 0.000183 0.000119
0.000503 0.000139 0.000148
0.000585 0.000092 0.000196
0.000654 0.000043 0.000256
0.000690 -0.000015 0.000325
0.000678 -0.000075 0.000390
0.000600 -0.000147 0.000458
0.000451 -0.000216 0.000523
0.000229 -0.000273 0.000562
-0.000049 -0.000320 0.000564
-0.000359 -0.000368 0.000528
-0.000660 -0.000399 0.000446
-0.000916 -0.000405 0.000320
-0.001098 -0.000401 0.000177
-0.001179 -0.000364 0.000005
-0.001135 -0.000278 -0.000181
-0.000979 -0.000174 -0.000348
-0.000736 -0.000065 -0.000468
-0.000437 0.000051 -0.000529
-0.000141 0.000123 -0.000540
0.000122 0.000152 -0.000518
0.000341 0.000158 -0.000477
0.000512 0.000164 -0.000422
0.000621 0.000147 -0.000363
0.000680 0.000126 -0.000306
0.000689 0.000092 -0.000254
0.000666 0.000073 -0.000210
0.000609 0.000065 -0.000173
0.000521 0.000072 -0.000141
0.000406 0.000104 -0.000113
0.000275 0.000162 -0.000090
0.000141 0.000252 -0.000070
0.000007 0.000350 -0.000059
-0.000107 0.000464 -0.000052
-0.000193 0.000583 -0.000045
-0.000250 0.000670 -0.000041
-0.000277 0.000697 -0.000041
-0.000269 0.000650 -0.000042
-0.000231 0.000530 -0.000042
-0.000173 0.000353 -0.000039
-0.000092 0.000173 -0.000025
0.000000 -0.000000 -0.000000
VECTORS ControlTorque float
-0.000002 -0.000003 -0.000000
-0.000002 -0.000004 -0.000000
-0.000002 -0.000004 -0.000000
-0.000001 -0.000003 -0.000000
-0.000001 -0.000003 -0.000000
-0.000001 -0.000003 -0.000000
-0.000000 -0.000004 -0.000001
0.000001 -0.000002 -0.000000
0.000001 -0.000003 -0.000001
0.000001 -0.000003 -0.000001
0.000002 -0.000002 -0.000001
0.000002 -0.000002 -0.000002
0.000002 -0.000003 -0.000002
0.000002 -0.000001 -0.000002
0.000001 -0.000002 -0.000002
0.000001 -0.000001 -0.000002
0.000001 -0.000000 -0.000001
0.000000 0.000000 -0.000001
0.000000 0.000001 -0.000000
-0.000000 0.000001 0.000000
-0.000000 0.000002 0.000001
-0.000000 0.000002 0.000001
-0.000000 0.000002 0.000002
-0.000000 0.000003 0.000002
-0.000000 0.000002 0.000002
-0.000000 0.000003 0.000002
-0.000000 0.000003 0.000002
0.000000 0.000002 0.000002
0.000000 0.000002 0.000002
-0.000000 0.000002 0.000001
0.000000 0.000002 0.000001
-0.000000 0.000001 0.000000
-0.000000 0.000001 0.000000
-0.000000 0.000001 -0.000000
-0.000000 -0.000000 -0.000000
-0.000001 0.000001 -0.000001
-0.000000 -0.000000 -0.000001
-0.000001 0.000001 -0.000001
-0.000001 0.000001 -0.000001
-0.000001 0.000001 -0.000001
-0.000001 0.000002 -0.000001
-0.000001 0.000002 -0.000000
-0.000001 0.000002 -0.000000
-0.000000 0.000003 0.000000
-0.000000 0.000003 0.000000
-0.000000 0.000003 0.000001
-0.000000 0.000002 0.000001
-0.000000 0.000002 0.000001
-0.000000 0.000002 0.000001
-0.000000 0.000002 0.000000
-0.000000 0.000002 0.000000
-0.000000 0.000002 -0.000000
-0.000000 0.000002 -0.000001
-0.000000 0.000001 -0.000001
-0.000000 0.000001 -0.000001
-0.000000 0.000001 -0.000002
-0.000000 0.000001 -0.000002
-0.000000 0.000001 -0.000002
0.000000 0.000001 -0.000002
0.000000 0.000000 -0.000001
0.000000 -0.000000 -0.000001
0.000000 0.000001 -0.000001
0.000000 -0.000001 0.000000
-0.000000 0.000001 -0.000001
0.000000 -0.000003 0.000001
-0.000000 0.000000 0.000000
-0.000000 -0.000001 0.000001
-0.000000 -0.000002 0.000001
-0.000000 -0.000002 0.000001
-0.000001 0.000000 0.000000
0.000000 -0.000002 0.000001
-0.000001 -0.000000 0.000000
-0.000000 -0.000001 0.000001
-0.000000 -0.000001 0.000000
0.000000 -0.000002 0.000001
-0.000000 -0.000000 0.000000
0.000000 -0.000001 0.000000
0.000001 -0.000001 0.000000
0.000001 -0.000001 0.000000
0.000001 -0.000001 0.000000
0.000001 -0.000001 0.000000
0.000002 -0.000002 0.000000
0.000001 -0.000001 0.000000
0.000002 -0.000002 0.000000
0.000002 -0.000002 0.000001
0.000002 -0.000001 0.000000
0.000002 -0.000002 0.000001
0.000002 -0.000002 0.000001
0.000002 -0.000002 0.000001
0.000002 -0.000002 0.000001
0.000002 -0.000003 0.000001
0.000001 -0.000002 0.000001
0.000003 -0.000004 0.000002
0.000001 -0.000003 0.000001
0.000002 -0.000004 0.000002
0.000000 -0.000002 0.000001
0.000002 -0.000004 0.000002
-0.000000 -0.000001 0.000001
0.000002 -0.000004 0.000003
-0.000001 0.000001 0.000000
0.000000 -0.000001 0.000001
-0.000001 0.000001 -0.000000
-0.000001 0.000001 -0.000000
-0.000001 0.000001 -0.000000
-0.000002 0.000002 -0.000001
-0.000002 0.000002 -0.000001
-0.000002 0.000002 -0.000002
-0.000002 0.000002 -0.000002
-0.000002 0.000002 -0.000001
-0.000002 0.000002 -0.000001
-0.000001 0.000002 -0.000001
-0.000001 0.000002 -0.000001
-0.000001 0.000002 -0.000001
-0.000001 0.000002 -0.000000
-0.000001 0.000002 -0.000000
-0.000001 0.000001 -0.000000
-0.000001 0.000001 -0.000000
-0.000001 0.000001 0.000000
-0.000000 0.000001 0.000000
-0.000000 0.000001 -0.000000
-0.000000 0.000001 -0.000000
-0.000000 0.000001 -0.000000
-0.000000 0.000000 -0.000001
-0.000000 0.000000 -0.000001
-0.000000 -0.000000 -0.000001
-0.000001 -0.000000 -0.000001
-0.000001 -0.000000 -0.000001
-0.000001 -0.000000 -0.000001
VECTORS Curvature float
-71.937116 304.780928 -33.101124
-240.499697 981.033932 -102.807747
-557.327615 2135.054716 -221.000996
-884.589226 3057.904834 -316.359525
-1287.943384 3917.700899 -403.540017
-1778.039865 4686.005807 -475.013371
-2394.353208 5411.473446 -529.257215
-3036.498290 5887.661654 -566.112981
-3752.319161 6230.118790 -583.509275
-4583.830652 6561.036837 -584.924826
-5382.738863 6677.363921 -570.573971
-6202.412926 6726.031015 -543.398568
-7105.961118 6796.178560 -507.054804
-7882.205094 6727.809052 -463.478481
-8566.883131 6591.459534 -417.788059
-9202.551006 6469.680141 -371.315466
-9621.783656 6262.961423 -327.992862
-9884.885651 6050.945168 -289.679916
-9887.629409 5791.595807 -256.964007
-9730.439161 5558.310169 -232.478388
-9361.512748 5327.179359 -212.772129
-8723.351647 5058.618435 -200.235036
-8007.275957 4846.343651 -192.280255
-7174.033584 4639.843208 -187.569880
-6289.801079 4448.810441 -185.686477
-5408.251476 4273.773744 -184.791855
-4502.511902 4056.737461 -184.526496
-3667.694485 3842.103225 -184.107127
-2929.455702 3630.245455 -182.913717
-2272.295296 3378.027971 -180.754376
-1755.946524 3146.363543 -177.292183
-1383.425021 2927.847840 -172.557792
-1162.967776 2746.687253 -166.368671
-1057.368039 2525.436463 -158.972341
-1082.900457 2332.543451 -150.037382
-1187.552940 2125.680759 -140.139377
-1336.574964 1871.649042 -129.127326
-1495.886569 1600.196564 -117.501363
-1601.756092 1243.644520 -105.732264
-1643.902632 841.210106 -94.397815
-1553.215730 354.339557 -84.456168
-1340.255398 -170.290970 -76.853626
-1024.657344 -729.727055 -72.654392
-605.861520 -1277.811951 -72.721011
-101.038623 -1798.067087 -77.498888
444.629000 -2282.276776 -87.118957
1000.350366 -2683.067813 -101.144767
1552.340297 -3066.055011 -118.779229
2061.398008 -3410.464876 -139.397480
2496.061678 -3720.919171 -161.883122
2867.622834 -4068.961113 -185.676478
3145.750678 -4442.998688 -210.073290
3322.145103 -4852.867229 -234.499509
3396.703909 -5299.265214 -258.450695
3382.530496 -5785.894339 -281.235071
3286.935391 -6288.152099 -302.201597
3121.710523 -6773.370920 -320.368596
2915.991688 -7232.588914 -334.859758
2686.732079 -7632.489305 -344.810132
2454.751852 -7955.837287 -349.541816
2224.376201 -8129.827361 -349.029753
2050.369710 -8290.641067 -342.435247
1894.402532 -8234.233269 -332.504230
1817.235555 -8181.138286 -316.545520
1762.566222 -7910.480795 -300.342299
1757.988711 -7526.750241 -279.484125
1870.520675 -7398.999657 -259.808225
1952.721227 -6946.308057 -239.891429
2023.377997 -6367.690300 -220.188029
2212.199659 -6098.466895 -202.192693
2349.382932 -5717.966641 -185.189145
2448.011012 -5275.148405 -170.463191
2597.556567 -5048.183811 -156.963419
2692.046690 -4786.438580 -145.468073
2669.332332 -4434.582725 -134.937574
2639.924042 -4168.861951 -127.056047
2602.682648 -3993.884839 -119.263342
2438.511934 -3707.678077 -113.055394
2239.507368 -3451.974551 -107.252730
1971.551626 -3161.374119 -101.449122
1694.265633 -2933.625117 -95.404627
1329.767103 -2620.980340 -87.808353
907.734305 -2276.960918 -79.348703
470.963581 -1984.383429 -68.853014
-28.789460 -1564.957200 -56.942428
-559.371676 -1157.563176 -43.713414
-1126.981647 -730.730235 -29.966487
-1704.112669 -225.441606 -16.531362
-2304.365898 331.974230 -4.157428
-2909.153051 955.781820 6.634881
-3552.260986 1676.979173 15.275693
-4083.476197 2409.754835 23.338283
-4725.704839 3308.954329 28.306492
-5328.052345 4245.749783 36.792069
-5815.355315 5188.990821 43.237834
-6257.173390 6115.398898 55.438500
-6642.279989 7044.336505 66.121652
-6894.462888 7796.822392 83.024845
-7179.958016 8607.395378 93.910915
-7354.570134 9189.893922 108.057593
-7192.001211 9321.205379 110.970160
-7054.571578 9374.173671 108.379317
-6769.561499 9160.655748 98.648636
-6540.310934 8938.751821 85.530603
-6185.765024 8470.032138 68.789002
-5714.410602 7792.915939 53.030200
-5256.843090 7098.026962 37.806202
-4785.147552 6373.786008 23.997024
-4339.746998 5696.758868 11.872962
-3879.623983 5031.279034 0.837387
-3437.371514 4437.482851 -7.951720
-3010.445719 3919.861843 -15.921618
-2567.397845 3445.289375 -22.061552
-2156.753311 3076.682718 -27.104652
-1750.226342 2771.432922 -31.034174
-1352.512899 2524.517072 -33.868782
-971.166606 2328.363741 -35.756064
-610.235904 2163.315550 -36.684627
-281.458778 2021.592207 -36.701868
5.158960 1878.423495 -35.816992
238.076551 1729.953236 -34.023787
403.008837 1559.844106 -31.338017
494.236129 1364.859111 -27.779693
507.534985 1141.051936 -23.399266
448.528980 885.456546 -18.245152
336.351785 614.169437 -12.674945
160.969352 282.690243 -5.885111
52.973122 91.260642 -1.873339
VECTORS LocalRotation float
0.977167 -0.323804 0.117007
0.975749 -0.317969 0.116390
0.972151 -0.303917 0.114930
0.965650 -0.280504 0.112507
0.955794 -0.248857 0.109241
0.941866 -0.209775 0.105250
0.922966 -0.164034 0.100701
0.898514 -0.113161 0.095769
0.867670 -0.058106 0.090546
0.829980 -0.000274 0.085263
0.784908 0.059595 0.080038
0.732333 0.120421 0.074982
0.672011 0.181713 0.070221
0.604361 0.242754 0.065840
0.529760 0.303160 0.061844
0.449355 0.362260 0.058273
0.364142 0.419898 0.055107
0.275817 0.475655 0.052311
0.186304 0.529268 0.049836
0.097334 0.580741 0.047616
0.011064 0.629928 0.045604
-0.070834 0.676961 0.043734
-0.146681 0.721864 0.041955
-0.215426 0.764821 0.040234
-0.276439 0.806007 0.038543
-0.329321 0.845438 0.036868
-0.374109 0.883084 0.035199
-0.411116 0.918862 0.033530
-0.440956 0.952661 0.031869
-0.464507 0.984390 0.030223
-0.482803 1.014024 0.028597
-0.497036 1.041564 0.027011
-0.508577 1.067282 0.025474
-0.518582 1.091039 0.024008
-0.528316 1.113132 0.022603
-0.538537 1.133203 0.021297
-0.550023 1.151393 0.020071
-0.562809 1.167065 0.018958
-0.576877 1.179980 0.017944
-0.591532 1.189394 0.017041
-0.605988 1.194799 0.016232
-0.619098 1.195633 0.015501
-0.629844 1.191543 0.014822
-0.637205 1.182481 0.014165
-0.640410 1.168533 0.013484
-0.638858 1.150098 0.012741
-0.632318 1.127624 0.011888
-0.620738 1.101544 0.010891
-0.604404 1.072271 0.009724
-0.583753 1.039956 0.008359
-0.559445 1.004654 0.006784
-0.532222 0.966119 0.004992
-0.502944 0.924039 0.002980
-0.472527 0.878080 0.000748
-0.441825 0.827877 -0.001696
-0.411643 0.773236 -0.004337
-0.382628 0.714100 -0.007155
-0.355286 0.650674 -0.010122
-0.329914 0.583359 -0.013200
-0.306636 0.512783 -0.016344
-0.285445 0.439934 -0.019508
-0.266056 0.365453 -0.022644
-0.248243 0.290834 -0.025692
-0.231384 0.216271 -0.028640
-0.215268 0.143829 -0.031417
-0.199185 0.073308 -0.034066
-0.182786 0.005849 -0.036503
-0.165608 -0.058604 -0.038748
-0.147550 -0.119072 -0.040838
-0.128222 -0.175958 -0.042765
-0.107709 -0.229096 -0.044507
-0.085837 -0.279215 -0.046129
-0.062996 -0.325947 -0.047611
-0.039149 -0.370285 -0.048975
-0.015019 -0.411786 -0.050237
0.009177 -0.450995 -0.051431
0.032807 -0.487786 -0.052541
0.055576 -0.522570 -0.053590
0.076755 -0.554985 -0.054587
0.095861 -0.584991 -0.055534
0.112523 -0.612694 -0.056429
0.126123 -0.637674 -0.057253
0.136325 -0.660008 -0.058015
0.142543 -0.679226 -0.058684
0.144539 -0.695244 -0.059251
0.141850 -0.707688 -0.059711
0.134232 -0.716219 -0.060044
0.121434 -0.720541 -0.060254
0.103304 -0.720059 -0.060348
0.079722 -0.714234 -0.060337
0.050507 -0.702330 -0.060238
0.016015 -0.683870 -0.060063
-0.024193 -0.657768 -0.059828
-0.069394 -0.623802 -0.059535
-0.119925 -0.581020 -0.059172
-0.174424 -0.529988 -0.058727
-0.233085 -0.470143 -0.058174
-0.294323 -0.403004 -0.057499
-0.358473 -0.328235 -0.056693
-0.423614 -0.248472 -0.055787
-0.489482 -0.164652 -0.054796
-0.554006 -0.079979 -0.053802
-0.616900 0.004347 -0.052860
-0.677330 0.086523 -0.052024
-0.734722 0.165033 -0.051328
-0.788531 0.238568 -0.050777
-0.838208 0.305994 -0.050366
-0.883723 0.367055 -0.050086
-0.925088 0.421772 -0.049923
-0.962274 0.470309 -0.049866
-0.995452 0.513243 -0.049898
-1.024589 0.551009 -0.050006
-1.049859 0.584377 -0.050178
-1.071270 0.613935 -0.050401
-1.088955 0.640408 -0.050664
-1.103006 0.664390 -0.050958
-1.113523 0.686356 -0.051273
-1.120684 0.706693 -0.051601
-1.124721 0.725640 -0.051933
-1.125971 0.743291 -0.052262
-1.124869 0.759640 -0.052578
-1.121968 0.774527 -0.052874
-1.117901 0.787785 -0.053142
-1.113369 0.799121 -0.053373
-1.109037 0.808304 -0.053562
-1.105491 0.815079 -0.053702
-1.103234 0.819149 -0.053786
-1.102267 0.820839 -0.053821
VECTORS q1 float
0.700594 -0.712323 -0.041997
0.700498 -0.712117 -0.046831
0.700106 -0.711407 -0.061249
0.699084 -0.709998 -0.084759
0.696900 -0.707649 -0.116462
0.692930 -0.704044 -0.155465
0.686488 -0.698905 -0.200666
0.676881 -0.692047 -0.250803
0.663592 -0.683710 -0.303621
0.646128 -0.673865 -0.358364
0.624245 -0.662908 -0.413365
0.597915 -0.651319 -0.467205
0.567124 -0.639495 -0.519053
0.531977 -0.627900 -0.568104
0.493128 -0.617207 -0.613091
0.450906 -0.607774 -0.653678
0.406103 -0.600045 -0.689221
0.359522 -0.594305 -0.719406
0.311989 -0.590697 -0.744137
0.264408 -0.589239 -0.763470
0.217235 -0.589788 -0.777791
0.171289 -0.592146 -0.787416
0.126903 -0.596020 -0.792878
0.084227 -0.601100 -0.794723
0.043507 -0.607064 -0.793461
0.004743 -0.613609 -0.789595
-0.031877 -0.620437 -0.783608
-0.066168 -0.627273 -0.775984
-0.098195 -0.633911 -0.767147
-0.127851 -0.640177 -0.757514
-0.155109 -0.645955 -0.747452
-0.180211 -0.651211 -0.737190
-0.203265 -0.655935 -0.726934
-0.224541 -0.660164 -0.716774
-0.243807 -0.663908 -0.706954
-0.261455 -0.667239 -0.697447
-0.276969 -0.670160 -0.688602
-0.290396 -0.672709 -0.680539
-0.301152 -0.674861 -0.673698
-0.308923 -0.676589 -0.668426
-0.313195 -0.677819 -0.665184
-0.313595 -0.678457 -0.664345
-0.309895 -0.678396 -0.666141
-0.301986 -0.677530 -0.670640
-0.290032 -0.675810 -0.677615
-0.274145 -0.673192 -0.686773
-0.254669 -0.669721 -0.697579
-0.231875 -0.665461 -0.709504
-0.205813 -0.660448 -0.722114
-0.176680 -0.654775 -0.734883
-0.144294 -0.648439 -0.747466
-0.108355 -0.641390 -0.759524
-0.068534 -0.633541 -0.770668
-0.024466 -0.624742 -0.780448
0.024119 -0.614798 -0.788316
0.077378 -0.603455 -0.793634
0.135095 -0.590471 -0.795672
0.196804 -0.575583 -0.793708
0.261705 -0.558570 -0.787089
0.328681 -0.539293 -0.775327
0.396352 -0.517752 -0.758181
0.463201 -0.494115 -0.735727
0.528227 -0.468482 -0.708168
0.589534 -0.441586 -0.676352
0.647017 -0.413475 -0.640630
0.698680 -0.385492 -0.602695
0.745485 -0.357393 -0.562603
0.787046 -0.329833 -0.521314
0.822883 -0.303741 -0.480214
0.853660 -0.279216 -0.439662
0.880390 -0.255906 -0.399281
0.902807 -0.234630 -0.360401
0.921898 -0.214880 -0.322383
0.938010 -0.196696 -0.285391
0.951474 -0.180070 -0.249542
0.962461 -0.165178 -0.215372
0.971519 -0.151543 -0.182167
0.978750 -0.139314 -0.150467
0.984378 -0.128427 -0.120443
0.988619 -0.118807 -0.092285
0.991682 -0.110378 -0.066214
0.993792 -0.102954 -0.042172
0.995094 -0.096684 -0.020989
0.995819 -0.091316 -0.002410
0.996131 -0.086903 0.013058
0.996194 -0.083509 0.024960
0.996151 -0.081102 0.033249
0.996102 -0.079879 0.037427
0.996098 -0.080100 0.037060
0.996117 -0.082149 0.031668
0.996032 -0.086551 0.020739
0.995567 -0.093977 0.003784
0.994273 -0.105107 -0.019356
0.991405 -0.121126 -0.049442
0.986079 -0.142536 -0.085626
0.977067 -0.170361 -0.127741
0.963203 -0.204727 -0.174147
0.943066 -0.246125 -0.223715
0.915944 -0.293513 -0.273671
0.880581 -0.347030 -0.322720
0.838056 -0.403597 -0.367113
0.788976 -0.461763 -0.405328
0.735190 -0.519162 -0.435853
0.678383 -0.574243 -0.458302
0.620402 -0.625706 -0.472856
0.563761 -0.672034 -0.480150
0.510009 -0.712820 -0.481434
0.460251 -0.748066 -0.478086
0.415084 -0.778114 -0.471428
0.374622 -0.803533 -0.462594
0.338903 -0.824834 -0.452542
0.307367 -0.842766 -0.441894
0.279700 -0.857823 -0.431170
0.255275 -0.870579 -0.420626
0.233489 -0.881515 -0.410384
0.213853 -0.890988 -0.400508
0.195909 -0.899301 -0.390994
0.179329 -0.906662 -0.381843
0.163881 -0.913217 -0.373066
0.149451 -0.919051 -0.364704
0.136069 -0.924197 -0.356855
0.123801 -0.928675 -0.349622
0.112860 -0.932470 -0.343166
0.103426 -0.935586 -0.337613
0.095777 -0.938004 -0.333128
0.090102 -0.939735 -0.329817
0.086632 -0.940768 -0.327797
0.085457 -0.941112 -0.327116
VECTORS q2 float
0.711201 0.692285 0.122208
0.711626 0.692055 0.121032
0.712853 0.691426 0.117352
0.714756 0.690544 0.110784
0.717111 0.689635 0.100774
0.719524 0.689052 0.086561
0.721394 0.689244 0.067337
0.721886 0.690714 0.042361
0.720086 0.693790 0.011502
0.714667 0.698988 -0.025831
0.704317 0.706489 -0.069360
0.687689 0.716276 -0.118458
0.663316 0.728203 -0.172428
0.629873 0.741833 -0.230097
0.586886 0.756235 -0.289262
0.533780 0.770578 -0.348264
0.471144 0.783727 -0.404716
0.400234 0.794650 -0.456448
0.323050 0.802520 -0.501599
0.242378 0.806836 -0.538766
0.160689 0.807556 -0.567478
0.081311 0.804998 -0.587680
0.006635 0.799833 -0.600186
-0.061613 0.792889 -0.606243
-0.122072 0.785032 -0.607308
-0.174339 0.777004 -0.604872
-0.218264 0.769406 -0.600313
-0.254155 0.762633 -0.594808
-0.282885 0.756852 -0.589195
-0.305346 0.752091 -0.584058
-0.322625 0.748246 -0.579691
-0.336035 0.745128 -0.576077
-0.346813 0.742532 -0.573034
-0.356216 0.740257 -0.570202
-0.365179 0.738146 -0.567261
-0.374690 0.736078 -0.563735
-0.385077 0.733987 -0.559444
-0.396679 0.731830 -0.554140
-0.409137 0.729608 -0.547978
-0.422073 0.727333 -0.541148
-0.434652 0.725066 -0.534188
-0.446001 0.722901 -0.527728
-0.455244 0.720970 -0.522451
-0.461674 0.719425 -0.518926
-0.464581 0.718448 -0.517684
-0.463515 0.718204 -0.518977
-0.458192 0.718819 -0.522838
-0.448517 0.720363 -0.529065
-0.434497 0.722861 -0.537293
-0.416465 0.726232 -0.546940
-0.394797 0.730373 -0.557397
-0.370040 0.735143 -0.568010
-0.342929 0.740373 -0.578141
-0.314276 0.745908 -0.587241
-0.284947 0.751608 -0.594887
-0.255743 0.757373 -0.600818
-0.227436 0.763112 -0.604924
-0.200612 0.768772 -0.607243
-0.175679 0.774319 -0.607920
-0.152856 0.779737 -0.607161
-0.132194 0.785027 -0.605192
-0.113583 0.790211 -0.602217
-0.096670 0.795415 -0.598306
-0.081262 0.800663 -0.593579
-0.066838 0.806207 -0.587846
-0.053339 0.812007 -0.581205
-0.040261 0.818400 -0.573236
-0.027501 0.825463 -0.563786
-0.015131 0.833120 -0.552886
-0.003078 0.841436 -0.540348
0.008757 0.850549 -0.525823
0.020010 0.860062 -0.509797
0.030719 0.870022 -0.492056
0.040695 0.880184 -0.472885
0.049770 0.890290 -0.452667
0.057752 0.899958 -0.432135
0.064703 0.909206 -0.411289
0.070524 0.917709 -0.390944
0.075245 0.925311 -0.371669
0.078943 0.931899 -0.354024
0.081729 0.937388 -0.338561
0.083747 0.941779 -0.325635
0.085142 0.944908 -0.316070
0.086071 0.946804 -0.310086
0.086688 0.947371 -0.308177
0.087129 0.946515 -0.310673
0.087473 0.944082 -0.317895
0.087770 0.939903 -0.329967
0.087995 0.933729 -0.346996
0.088036 0.925247 -0.369010
0.087674 0.914082 -0.395938
0.086564 0.899819 -0.427590
0.084245 0.882228 -0.463224
0.080032 0.860457 -0.503198
0.073262 0.834709 -0.545796
0.063068 0.804528 -0.590556
0.048805 0.770378 -0.635717
0.029678 0.732203 -0.680440
0.005563 0.691175 -0.722666
-0.024173 0.647213 -0.761926
-0.058388 0.602669 -0.795852
-0.096504 0.558370 -0.823960
-0.137189 0.515720 -0.845702
-0.179389 0.475448 -0.861260
-0.222038 0.438119 -0.871063
-0.263619 0.404523 -0.875709
-0.303273 0.374743 -0.876124
-0.340362 0.348684 -0.873255
-0.374484 0.326115 -0.867993
-0.405456 0.306716 -0.861122
-0.433041 0.290266 -0.853359
-0.457371 0.276381 -0.845237
-0.478338 0.264877 -0.837277
-0.496059 0.255491 -0.829849
-0.510646 0.248002 -0.823247
-0.522175 0.242239 -0.817712
-0.530777 0.238020 -0.813402
-0.536598 0.235171 -0.810405
-0.539847 0.233502 -0.808728
-0.540797 0.232810 -0.808293
-0.539800 0.232878 -0.808940
-0.537297 0.233480 -0.810432
-0.533820 0.234391 -0.812464
-0.529933 0.235412 -0.814710
-0.526224 0.236365 -0.816835
-0.523180 0.237128 -0.818568
-0.521207 0.237612 -0.819685
-0.520522 0.237778 -0.820072
VECTORS q3 float
-0.057978 -0.115487 0.991616
-0.053779 -0.118109 0.991543
-0.041136 -0.125821 0.991200
-0.020126 -0.138029 0.990224
0.009003 -0.153746 0.988069
0.046181 -0.171842 0.984042
0.091246 -0.190986 0.977343
0.143918 -0.209725 0.967111
0.202785 -0.226266 0.952723
0.267899 -0.239421 0.933224
0.338017 -0.247843 0.907920
0.411802 -0.250465 0.876177
0.488243 -0.246508 0.837169
0.565916 -0.235427 0.790135
0.642176 -0.217171 0.735151
0.715376 -0.191886 0.671876
0.783010 -0.160366 0.600982
0.842945 -0.123827 0.523555
0.893477 -0.083900 0.441202
0.933457 -0.042595 0.356152
0.962802 -0.001706 0.270202
0.981860 0.036637 0.186036
0.991893 0.070905 0.105456
0.994540 0.100027 0.029746
0.991567 0.123282 -0.039951
0.984674 0.140526 -0.103290
0.975369 0.151898 -0.159945
0.964897 0.157863 -0.209887
0.954114 0.159158 -0.253643
0.943620 0.156631 -0.291631
0.933731 0.151231 -0.324461
0.924448 0.143906 -0.353110
0.915644 0.135632 -0.378418
0.907023 0.127293 -0.401379
0.898444 0.119863 -0.422411
0.889521 0.113935 -0.442459
0.880343 0.110216 -0.461355
0.870814 0.109035 -0.479370
0.861344 0.110611 -0.495834
0.852303 0.114951 -0.510260
0.844386 0.121819 -0.521702
0.838297 0.130806 -0.529290
0.834696 0.141352 -0.532261
0.834063 0.152909 -0.530055
0.836687 0.164662 -0.522342
0.842614 0.176055 -0.508927
0.851589 0.186475 -0.489922
0.863173 0.195547 -0.465505
0.876843 0.203174 -0.435737
0.891819 0.209420 -0.401002
0.907367 0.214668 -0.361391
0.922675 0.219508 -0.316997
0.936858 0.224662 -0.268000
0.949016 0.230909 -0.214591
0.958240 0.238976 -0.157057
0.963643 0.249456 -0.095725
0.964377 0.262686 -0.031202
0.959699 0.278736 0.035828
0.949025 0.297370 0.104514
0.931989 0.318075 0.173851
0.908532 0.340096 0.242703
0.878944 0.362514 0.309904
0.843583 0.384500 0.374871
0.803646 0.404897 0.436133
0.759540 0.423165 0.493994
0.713443 0.438223 0.546772
0.665305 0.449990 0.595717
0.616281 0.458062 0.640607
0.568009 0.462226 0.680964
0.520821 0.462627 0.717441
0.474170 0.459433 0.751056
0.429580 0.453036 0.781165
0.386213 0.443722 0.808672
0.344211 0.431957 0.833626
0.303677 0.418281 0.856050
0.265205 0.403475 0.875713
0.227956 0.387788 0.893116
0.192549 0.372025 0.908032
0.159179 0.356800 0.920519
0.128061 0.342710 0.930672
0.099438 0.330333 0.938612
0.073242 0.320082 0.944554
0.050391 0.312732 0.948504
0.030598 0.308582 0.950706
0.014411 0.308117 0.951239
0.002319 0.311666 0.950189
-0.005608 0.319580 0.947543
-0.008820 0.331966 0.943250
-0.006810 0.348903 0.937134
0.001013 0.370365 0.928886
0.015312 0.396185 0.918043
0.036778 0.426022 0.903965
0.065764 0.458940 0.886030
0.103493 0.494916 0.862756
0.149268 0.531925 0.833532
0.203379 0.568956 0.796822
0.264307 0.603825 0.752022
0.331278 0.635060 0.697820
0.401267 0.660400 0.634710
0.473279 0.678739 0.561534
0.542452 0.688403 0.481505
0.606798 0.689200 0.395979
0.663834 0.681546 0.307929
0.712472 0.666479 0.219523
0.752197 0.645402 0.132879
0.782738 0.620267 0.050894
0.804933 0.592837 -0.025057
0.819953 0.564639 -0.094131
0.829137 0.536832 -0.156026
0.833824 0.510157 -0.210895
0.835237 0.485175 -0.258814
0.834468 0.461907 -0.300507
0.832442 0.440432 -0.336243
0.829916 0.420496 -0.366638
0.827480 0.401780 -0.392236
0.825591 0.384006 -0.413448
0.824558 0.366884 -0.430698
0.824563 0.350226 -0.444341
0.825656 0.333934 -0.454731
0.827770 0.318031 -0.462227
0.830723 0.302702 -0.467194
0.834258 0.288183 -0.470069
0.838033 0.274883 -0.471318
0.841709 0.263174 -0.471451
0.844935 0.253534 -0.470962
0.847446 0.246309 -0.470285
0.849022 0.241861 -0.469750
0.849561 0.240352 -0.469550
