# vtk DataFile Version 2.0
VTK example
ASCII
DATASET UNSTRUCTURED_GRID
POINTS  128  float
-0.000452 -0.000121 -0.000211
-0.000449 -0.000121 -0.000202
-0.000446 -0.000122 -0.000194
-0.000444 -0.000122 -0.000185
-0.000441 -0.000122 -0.000177
-0.000437 -0.000123 -0.000168
-0.000434 -0.000123 -0.000160
-0.000430 -0.000124 -0.000152
-0.000425 -0.000124 -0.000144
-0.000420 -0.000125 -0.000137
-0.000414 -0.000125 -0.000130
-0.000408 -0.000126 -0.000123
-0.000401 -0.000126 -0.000117
-0.000393 -0.000127 -0.000112
-0.000385 -0.000127 -0.000108
-0.000377 -0.000127 -0.000105
-0.000368 -0.000126 -0.000102
-0.000359 -0.000126 -0.000101
-0.000350 -0.000125 -0.000100
-0.000341 -0.000124 -0.000100
-0.000332 -0.000123 -0.000101
-0.000323 -0.000122 -0.000102
-0.000315 -0.000121 -0.000104
-0.000306 -0.000120 -0.000107
-0.000298 -0.000118 -0.000110
-0.000289 -0.000117 -0.000113
-0.000281 -0.000116 -0.000116
-0.000273 -0.000114 -0.000120
-0.000265 -0.000113 -0.000125
-0.000257 -0.000112 -0.000129
-0.000249 -0.000110 -0.000133
-0.000242 -0.000109 -0.000138
-0.000234 -0.000108 -0.000143
-0.000227 -0.000107 -0.000148
-0.000219 -0.000106 -0.000153
-0.000212 -0.000104 -0.000158
-0.000204 -0.000103 -0.000163
-0.000197 -0.000102 -0.000167
-0.000189 -0.000101 -0.000172
-0.000181 -0.000100 -0.000177
-0.000174 -0.000098 -0.000182
-0.000166 -0.000097 -0.000186
-0.000158 -0.000096 -0.000190
-0.000150 -0.000094 -0.000194
-0.000142 -0.000093 -0.000198
-0.000134 -0.000091 -0.000201
-0.000125 -0.000090 -0.000204
-0.000117 -0.000088 -0.000207
-0.000108 -0.000086 -0.000209
-0.000099 -0.000084 -0.000210
-0.000090 -0.000082 -0.000211
-0.000082 -0.000080 -0.000211
-0.000073 -0.000078 -0.000210
-0.000064 -0.000075 -0.000209
-0.000056 -0.000073 -0.000207
-0.000048 -0.000069 -0.000204
-0.000040 -0.000066 -0.000201
-0.000033 -0.000063 -0.000197
-0.000026 -0.000059 -0.000192
-0.000019 -0.000055 -0.000187
-0.000014 -0.000052 -0.000181
-0.000008 -0.000048 -0.000175
-0.000003 -0.000044 -0.000169
0.000002 -0.000039 -0.000162
0.000006 -0.000035 -0.000155
0.000009 -0.000031 -0.000148
0.000013 -0.000027 -0.000141
0.000015 -0.000023 -0.000133
0.000018 -0.000019 -0.000125
0.000020 -0.000015 -0.000117
0.000022 -0.000011 -0.000109
0.000024 -0.000008 -0.000101
0.000025 -0.000004 -0.000093
0.000026 -0.000001 -0.000085
0.000027 0.000003 -0.000077
0.000028 0.000006 -0.000068
0.000029 0.000010 -0.000060
0.000029 0.000013 -0.000052
0.000030 0.000016 -0.000043
0.000030 0.000020 -0.000035
0.000030 0.000023 -0.000026
0.000031 0.000027 -0.000018
0.000031 0.000030 -0.000010
0.000032 0.000034 -0.000001
0.000032 0.000037 0.000007
0.000033 0.000041 0.000015
0.000034 0.000046 0.000023
0.000035 0.000050 0.000031
0.000037 0.000054 0.000038
0.000039 0.000059 0.000046
0.000041 0.000064 0.000053
0.000044 0.000070 0.000060
0.000047 0.000076 0.000066
0.000051 0.000081 0.000072
0.000056 0.000087 0.000077
0.000061 0.000093 0.000081
0.000066 0.000100 0.000085
0.000073 0.000106 0.000088
0.000079 0.000112 0.000090
0.000086 0.000117 0.000091
0.000093 0.000123 0.000092
0.000100 0.000128 0.000092
0.000108 0.000133 0.000091
0.000115 0.000138 0.000090
0.000123 0.000142 0.000088
0.000131 0.000147 0.000085
0.000138 0.000151 0.000083
0.000146 0.000154 0.000080
0.000154 0.000158 0.000076
0.000161 0.000161 0.000072
0.000169 0.000164 0.000068
0.000176 0.000167 0.000064
0.000184 0.000170 0.000060
0.000191 0.000172 0.000055
0.000198 0.000175 0.000050
0.000205 0.000177 0.000045
0.000213 0.000178 0.000040
0.000220 0.000180 0.000035
0.000227 0.000181 0.000030
0.000234 0.000183 0.000024
0.000242 0.000184 0.000019
0.000249 0.000184 0.000014
0.000256 0.000185 0.000008
0.000264 0.000186 0.000003
0.000271 0.000186 -0.000002
0.000278 0.000186 -0.000007
0.000286 0.000187 -0.000013
0.000293 0.000187 -0.000018
CELLS  127 381
2 0 1 
2 1 2 
2 2 3 
2 3 4 
2 4 5 
2 5 6 
2 6 7 
2 7 8 
2 8 9 
2 9 10 
2 10 11 
2 11 12 
2 12 13 
2 13 14 
2 14 15 
2 15 16 
2 16 17 
2 17 18 
2 18 19 
2 19 20 
2 20 21 
2 21 22 
2 22 23 
2 23 24 
2 24 25 
2 25 26 
2 26 27 
2 27 28 
2 28 29 
2 29 30 
2 30 31 
2 31 32 
2 32 33 
2 33 34 
2 34 35 
2 35 36 
2 36 37 
2 37 38 
2 38 39 
2 39 40 
2 40 41 
2 41 42 
2 42 43 
2 43 44 
2 44 45 
2 45 46 
2 46 47 
2 47 48 
2 48 49 
2 49 50 
2 50 51 
2 51 52 
2 52 53 
2 53 54 
2 54 55 
2 55 56 
2 56 57 
2 57 58 
2 58 59 
2 59 60 
2 60 61 
2 61 62 
2 62 63 
2 63 64 
2 64 65 
2 65 66 
2 66 67 
2 67 68 
2 68 69 
2 69 70 
2 70 71 
2 71 72 
2 72 73 
2 73 74 
2 74 75 
2 75 76 
2 76 77 
2 77 78 
2 78 79 
2 79 80 
2 80 81 
2 81 82 
2 82 83 
2 83 84 
2 84 85 
2 85 86 
2 86 87 
2 87 88 
2 88 89 
2 89 90 
2 90 91 
2 91 92 
2 92 93 
2 93 94 
2 94 95 
2 95 96 
2 96 97 
2 97 98 
2 98 99 
2 99 100 
2 100 101 
2 101 102 
2 102 103 
2 103 104 
2 104 105 
2 105 106 
2 106 107 
2 107 108 
2 108 109 
2 109 110 
2 110 111 
2 111 112 
2 112 113 
2 113 114 
2 114 115 
2 115 116 
2 116 117 
2 117 118 
2 118 119 
2 119 120 
2 120 121 
2 121 122 
2 122 123 
2 123 124 
2 124 125 
2 125 126 
2 126 127 
CELL_TYPES  127
3
3
3
3
3
3
3
3
3
3
3
3
3
3
3
3
3
3
3
3
3
3
3
3
3
3
3
3
3
3
3
3
3
3
3
3
3
3
3
3
3
3
3
3
3
3
3
3
3
3
3
3
3
3
3
3
3
3
3
3
3
3
3
3
3
3
3
3
3
3
3
3
3
3
3
3
3
3
3
3
3
3
3
3
3
3
3
3
3
3
3
3
3
3
3
3
3
3
3
3
3
3
3
3
3
3
3
3
3
3
3
3
3
3
3
3
3
3
3
3
3
3
3
3
3
3
3
POINT_DATA  128
VECTORS Position float
-0.000452 -0.000121 -0.000211
-0.000449 -0.000121 -0.000202
-0.000446 -0.000122 -0.000194
-0.000444 -0.000122 -0.000185
-0.000441 -0.000122 -0.000177
-0.000437 -0.000123 -0.000168
-0.000434 -0.000123 -0.000160
-0.000430 -0.000124 -0.000152
-0.000425 -0.000124 -0.000144
-0.000420 -0.000125 -0.000137
-0.000414 -0.000125 -0.000130
-0.000408 -0.000126 -0.000123
-0.000401 -0.000126 -0.000117
-0.000393 -0.000127 -0.000112
-0.000385 -0.000127 -0.000108
-0.000377 -0.000127 -0.000105
-0.000368 -0.000126 -0.000102
-0.000359 -0.000126 -0.000101
-0.000350 -0.000125 -0.000100
-0.000341 -0.000124 -0.000100
-0.000332 -0.000123 -0.000101
-0.000323 -0.000122 -0.000102
-0.000315 -0.000121 -0.000104
-0.000306 -0.000120 -0.000107
-0.000298 -0.000118 -0.000110
-0.000289 -0.000117 -0.000113
-0.000281 -0.000116 -0.000116
-0.000273 -0.000114 -0.000120
-0.000265 -0.000113 -0.000125
-0.000257 -0.000112 -0.000129
-0.000249 -0.000110 -0.000133
-0.000242 -0.000109 -0.000138
-0.000234 -0.000108 -0.000143
-0.000227 -0.000107 -0.000148
-0.000219 -0.000106 -0.000153
-0.000212 -0.000104 -0.000158
-0.000204 -0.000103 -0.000163
-0.000197 -0.000102 -0.000167
-0.000189 -0.000101 -0.000172
-0.000181 -0.000100 -0.000177
-0.000174 -0.000098 -0.000182
-0.000166 -0.000097 -0.000186
-0.000158 -0.000096 -0.000190
-0.000150 -0.000094 -0.000194
-0.000142 -0.000093 -0.000198
-0.000134 -0.000091 -0.000201
-0.000125 -0.000090 -0.000204
-0.000117 -0.000088 -0.000207
-0.000108 -0.000086 -0.000209
-0.000099 -0.000084 -0.000210
-0.000090 -0.000082 -0.000211
-0.000082 -0.000080 -0.000211
-0.000073 -0.000078 -0.000210
-0.000064 -0.000075 -0.000209
-0.000056 -0.000073 -0.000207
-0.000048 -0.000069 -0.000204
-0.000040 -0.000066 -0.000201
-0.000033 -0.000063 -0.000197
-0.000026 -0.000059 -0.000192
-0.000019 -0.000055 -0.000187
-0.000014 -0.000052 -0.000181
-0.000008 -0.000048 -0.000175
-0.000003 -0.000044 -0.000169
0.000002 -0.000039 -0.000162
0.000006 -0.000035 -0.000155
0.000009 -0.000031 -0.000148
0.000013 -0.000027 -0.000141
0.000015 -0.000023 -0.000133
0.000018 -0.000019 -0.000125
0.000020 -0.000015 -0.000117
0.000022 -0.000011 -0.000109
0.000024 -0.000008 -0.000101
0.000025 -0.000004 -0.000093
0.000026 -0.000001 -0.000085
0.000027 0.000003 -0.000077
0.000028 0.000006 -0.000068
0.000029 0.000010 -0.000060
0.000029 0.000013 -0.000052
0.000030 0.000016 -0.000043
0.000030 0.000020 -0.000035
0.000030 0.000023 -0.000026
0.000031 0.000027 -0.000018
0.000031 0.000030 -0.000010
0.000032 0.000034 -0.000001
0.000032 0.000037 0.000007
0.000033 0.000041 0.000015
0.000034 0.000046 0.000023
0.000035 0.000050 0.000031
0.000037 0.000054 0.000038
0.000039 0.000059 0.000046
0.000041 0.000064 0.000053
0.000044 0.000070 0.000060
0.000047 0.000076 0.000066
0.000051 0.000081 0.000072
0.000056 0.000087 0.000077
0.000061 0.000093 0.000081
0.000066 0.000100 0.000085
0.000073 0.000106 0.000088
0.000079 0.000112 0.000090
0.000086 0.000117 0.000091
0.000093 0.000123 0.000092
0.000100 0.000128 0.000092
0.000108 0.000133 0.000091
0.000115 0.000138 0.000090
0.000123 0.000142 0.000088
0.000131 0.000147 0.000085
0.000138 0.000151 0.000083
0.000146 0.000154 0.000080
0.000154 0.000158 0.000076
0.000161 0.000161 0.000072
0.000169 0.000164 0.000068
0.000176 0.000167 0.000064
0.000184 0.000170 0.000060
0.000191 0.000172 0.000055
0.000198 0.000175 0.000050
0.000205 0.000177 0.000045
0.000213 0.000178 0.000040
0.000220 0.000180 0.000035
0.000227 0.000181 0.000030
0.000234 0.000183 0.000024
0.000242 0.000184 0.000019
0.000249 0.000184 0.000014
0.000256 0.000185 0.000008
0.000264 0.000186 0.000003
0.000271 0.000186 -0.000002
0.000278 0.000186 -0.000007
0.000286 0.000187 -0.000013
0.000293 0.000187 -0.000018
VECTORS Rotation float
0.692598 -0.025402 -0.291878
0.692427 -0.026536 -0.295774
0.691890 -0.029827 -0.307615
0.690922 -0.034907 -0.327652
0.689422 -0.041182 -0.356187
0.687265 -0.047964 -0.393873
0.684330 -0.054449 -0.441413
0.680536 -0.059753 -0.499426
0.675952 -0.062878 -0.567168
0.670699 -0.062989 -0.645303
0.665143 -0.059328 -0.732674
0.659817 -0.051407 -0.827622
0.655333 -0.039040 -0.928684
0.652339 -0.022454 -1.033895
0.651403 -0.002526 -1.139836
0.652821 0.019781 -1.244837
0.656624 0.043082 -1.346450
0.662559 0.066009 -1.442945
0.670172 0.087327 -1.533112
0.678884 0.106014 -1.616031
0.688174 0.121511 -1.691847
0.697503 0.133415 -1.760172
0.706490 0.141754 -1.821388
0.714884 0.146816 -1.876062
0.722507 0.149046 -1.924569
0.729300 0.149018 -1.967522
0.735230 0.147336 -2.005254
0.740309 0.144597 -2.038063
0.744604 0.141329 -2.066426
0.748170 0.137999 -2.090577
0.751061 0.134996 -2.110709
0.753340 0.132602 -2.127079
0.755039 0.131033 -2.139721
0.756178 0.130400 -2.148668
0.756738 0.130730 -2.153712
0.756715 0.131951 -2.154856
0.756077 0.133883 -2.151988
0.754787 0.136359 -2.144993
0.752819 0.139140 -2.133916
0.750126 0.142098 -2.118590
0.746680 0.145139 -2.099048
0.742440 0.148303 -2.075178
0.737348 0.151758 -2.046779
0.731288 0.155831 -2.013245
0.724198 0.160871 -1.974571
0.715900 0.167366 -1.930080
0.706259 0.175732 -1.879709
0.695081 0.186366 -1.823311
0.682089 0.199627 -1.760574
0.667124 0.215571 -1.692142
0.649955 0.234188 -1.618360
0.630408 0.255243 -1.539865
0.608418 0.278264 -1.457608
0.584013 0.302627 -1.372568
0.557338 0.327593 -1.285768
0.528621 0.352402 -1.198107
0.498271 0.376247 -1.110655
0.466746 0.398418 -1.024294
0.434554 0.418306 -0.939795
0.402220 0.435416 -0.857820
0.370277 0.449386 -0.778963
0.339244 0.459990 -0.703755
0.309318 0.467209 -0.632069
0.281191 0.471039 -0.564871
0.254648 0.471714 -0.501323
0.230606 0.469529 -0.442995
0.208454 0.464821 -0.388437
0.188405 0.458006 -0.337945
0.170868 0.449672 -0.292299
0.155636 0.440271 -0.251102
0.142247 0.430087 -0.213468
0.131109 0.419861 -0.180336
0.121747 0.409816 -0.150866
0.114087 0.400383 -0.125053
0.108045 0.391975 -0.102885
0.103658 0.385083 -0.084603
0.100611 0.379907 -0.069754
0.098945 0.376867 -0.058553
0.098607 0.376273 -0.051014
0.099568 0.378403 -0.047162
0.101836 0.383513 -0.047053
0.105458 0.391918 -0.050823
0.110592 0.403622 -0.058590
0.117505 0.419086 -0.070902
0.126565 0.438266 -0.088185
0.138246 0.460946 -0.110974
0.153532 0.487587 -0.140861
0.173338 0.517607 -0.178816
0.198947 0.550488 -0.226337
0.231868 0.585394 -0.285070
0.273723 0.621083 -0.356638
0.326033 0.655855 -0.442407
0.389122 0.687220 -0.541935
0.464607 0.713505 -0.657317
0.549365 0.731653 -0.783794
0.641253 0.740042 -0.919046
0.734707 0.737678 -1.056170
0.825984 0.724844 -1.191208
0.909849 0.703151 -1.317600
0.985572 0.674151 -1.435083
1.050074 0.640986 -1.538896
1.104338 0.605660 -1.630098
1.149180 0.570150 -1.709146
1.186239 0.535495 -1.777887
1.217003 0.502256 -1.838076
1.242433 0.471033 -1.890594
1.263626 0.441747 -1.936842
1.281414 0.414127 -1.977925
1.296420 0.387775 -2.014693
1.309096 0.362237 -2.047790
1.319701 0.337248 -2.077447
1.328505 0.312378 -2.104043
1.335621 0.287584 -2.127504
1.341195 0.262737 -2.147869
1.345357 0.237828 -2.165088
1.348231 0.213025 -2.179027
1.349971 0.188520 -2.189622
1.350759 0.164609 -2.196880
1.350800 0.141611 -2.200950
1.350311 0.119872 -2.202143
1.349498 0.099790 -2.200926
1.348544 0.081666 -2.197902
1.347591 0.065867 -2.193760
1.346738 0.052598 -2.189170
1.346043 0.042116 -2.184797
1.345539 0.034516 -2.181189
1.345235 0.029945 -2.178832
1.345134 0.028412 -2.178009
VECTORS ControlForce float
0.000000 0.000000 0.000000
0.000045 0.000323 -0.000027
0.000091 0.000611 -0.000043
0.000128 0.000836 -0.000038
0.000150 0.000986 -0.000029
0.000131 0.001046 0.000005
0.000056 0.001009 0.000071
-0.000077 0.000873 0.000148
-0.000261 0.000636 0.000209
-0.000467 0.000311 0.000240
-0.000654 -0.000078 0.000222
-0.000761 -0.000478 0.000135
-0.000754 -0.000835 -0.000010
-0.000644 -0.001108 -0.000185
-0.000426 -0.001242 -0.000377
-0.000147 -0.001220 -0.000550
0.000140 -0.001051 -0.000678
0.000397 -0.000759 -0.000747
0.000573 -0.000406 -0.000753
0.000654 -0.000044 -0.000708
0.000626 0.000266 -0.000627
0.000516 0.000499 -0.000535
0.000369 0.000651 -0.000446
0.000213 0.000718 -0.000368
0.000075 0.000712 -0.000304
-0.000006 0.000670 -0.000246
-0.000040 0.000607 -0.000196
-0.000054 0.000523 -0.000158
-0.000061 0.000428 -0.000131
-0.000070 0.000326 -0.000115
-0.000088 0.000211 -0.000110
-0.000103 0.000089 -0.000109
-0.000093 -0.000022 -0.000101
-0.000047 -0.000106 -0.000082
0.000020 -0.000158 -0.000063
0.000074 -0.000185 -0.000045
0.000113 -0.000175 -0.000028
0.000112 -0.000138 -0.000005
0.000066 -0.000082 0.000025
-0.000038 -0.000029 0.000061
-0.000196 0.000006 0.000093
-0.000366 0.000039 0.000125
-0.000509 0.000083 0.000162
-0.000588 0.000148 0.000213
-0.000607 0.000217 0.000265
-0.000558 0.000287 0.000315
-0.000427 0.000366 0.000359
-0.000218 0.000448 0.000386
0.000025 0.000503 0.000389
0.000278 0.000519 0.000360
0.000494 0.000474 0.000301
0.000650 0.000373 0.000220
0.000725 0.000224 0.000128
0.000748 0.000069 0.000033
0.000725 -0.000076 -0.000060
0.000654 -0.000206 -0.000142
0.000522 -0.000331 -0.000202
0.000374 -0.000420 -0.000242
0.000221 -0.000468 -0.000264
0.000078 -0.000472 -0.000269
-0.000046 -0.000434 -0.000262
-0.000138 -0.000358 -0.000249
-0.000196 -0.000259 -0.000231
-0.000220 -0.000148 -0.000219
-0.000210 -0.000032 -0.000217
-0.000193 0.000062 -0.000218
-0.000173 0.000130 -0.000206
-0.000145 0.000187 -0.000195
-0.000117 0.000231 -0.000200
-0.000095 0.000253 -0.000204
-0.000074 0.000264 -0.000198
-0.000050 0.000264 -0.000183
-0.000018 0.000272 -0.000162
0.000017 0.000289 -0.000138
0.000045 0.000301 -0.000109
0.000059 0.000301 -0.000081
0.000056 0.000285 -0.000035
0.000045 0.000261 0.000012
0.000035 0.000239 0.000044
0.000039 0.000223 0.000054
0.000069 0.000216 0.000052
0.000132 0.000203 0.000064
0.000231 0.000189 0.000079
0.000357 0.000170 0.000113
0.000492 0.000146 0.000161
0.000611 0.000111 0.000223
0.000681 0.000068 0.000306
0.000678 0.000005 0.000411
0.000588 -0.000066 0.000511
0.000409 -0.000157 0.000599
0.000158 -0.000259 0.000654
-0.000141 -0.000361 0.000654
-0.000455 -0.000451 0.000594
-0.000743 -0.000525 0.000490
-0.000972 -0.000569 0.000338
-0.001103 -0.000569 0.000152
-0.001115 -0.000519 -0.000047
-0.000991 -0.000391 -0.000233
-0.000766 -0.000227 -0.000371
-0.000493 -0.000067 -0.000444
-0.000202 0.000086 -0.000470
0.000091 0.000244 -0.000461
0.000365 0.000391 -0.000421
0.000578 0.000478 -0.000351
0.000713 0.000490 -0.000261
0.000772 0.000436 -0.000172
0.000760 0.000329 -0.000099
0.000696 0.000201 -0.000043
0.000598 0.000089 0.000000
0.000482 0.000010 0.000035
0.000347 -0.000054 0.000056
0.000205 -0.000112 0.000061
0.000068 -0.000160 0.000048
-0.000047 -0.000166 0.000026
-0.000144 -0.000143 -0.000004
-0.000214 -0.000065 -0.000029
-0.000255 0.000068 -0.000046
-0.000268 0.000237 -0.000054
-0.000258 0.000413 -0.000057
-0.000223 0.000579 -0.000054
-0.000175 0.000692 -0.000053
-0.000125 0.000721 -0.000058
-0.000076 0.000687 -0.000063
-0.000030 0.000617 -0.000056
0.000005 0.000521 -0.000040
0.000023 0.000390 -0.000021
0.000018 0.000209 -0.000010
0.000000 -0.000000 -0.000000
VECTORS ControlTorque float
-0.000001 -0.000003 0.000000
-0.000001 -0.000003 0.000000
-0.000001 -0.000003 0.000000
-0.000001 -0.000003 0.000000
-0.000000 -0.000004 -0.000000
-0.000000 -0.000004 -0.000000
0.000000 -0.000005 -0.000000
0.000001 -0.000003 -0.000001
0.000001 -0.000005 -0.000001
0.000001 -0.000004 -0.000001
0.000001 -0.000003 -0.000001
0.000001 -0.000003 -0.000001
0.000001 -0.000002 -0.000001
0.000001 0.000000 -0.000001
0.000000 -0.000000 -0.000001
0.000000 0.000002 -0.000000
-0.000000 0.000002 -0.000000
-0.000000 0.000003 0.000000
-0.000000 0.000003 0.000001
-0.000000 0.000003 0.000001
-0.000000 0.000003 0.000001
-0.000000 0.000003 0.000001
-0.000000 0.000003 0.000001
-0.000000 0.000003 0.000001
-0.000000 0.000002 0.000001
-0.000000 0.000002 0.000001
-0.000000 0.000002 0.000000
-0.000000 0.000002 0.000000
-0.000000 0.000002 0.000000
-0.000000 0.000002 -0.000000
-0.000000 0.000001 -0.000000
-0.000000 0.000002 -0.000000
-0.000000 0.000001 -0.000000
-0.000000 0.000002 -0.000000
-0.000000 0.000002 -0.000000
-0.000000 0.000002 -0.000000
-0.000000 0.000002 -0.000000
-0.000000 0.000002 0.000000
-0.000000 0.000002 0.000000
-0.000000 0.000002 0.000000
-0.000000 0.000002 0.000000
-0.000000 0.000002 0.000000
-0.000001 0.000002 -0.000000
-0.000000 0.000002 -0.000000
-0.000001 0.000003 -0.000001
-0.000001 0.000002 -0.000001
-0.000001 0.000002 -0.000001
-0.000001 0.000003 -0.000001
-0.000001 0.000002 -0.000001
-0.000001 0.000002 -0.000002
-0.000000 0.000002 -0.000002
-0.000000 0.000001 -0.000001
0.000000 0.000001 -0.000001
0.000000 0.000000 -0.000001
0.000000 -0.000000 -0.000001
0.000001 -0.000001 -0.000000
0.000001 -0.000001 -0.000000
0.000001 -0.000001 0.000000
0.000000 -0.000001 0.000000
0.000000 -0.000001 0.000001
0.000000 -0.000002 0.000001
-0.000000 -0.000001 0.000001
0.000000 -0.000002 0.000001
-0.000000 -0.000000 0.000000
0.000000 -0.000003 0.000002
-0.000000 -0.000000 0.000000
-0.000000 -0.000001 0.000001
0.000000 -0.000002 0.000001
0.000000 -0.000002 0.000001
-0.000000 -0.000000 0.000000
0.000001 -0.000002 0.000001
0.000000 -0.000001 0.000000
0.000000 -0.000001 0.000000
0.000000 -0.000001 0.000000
0.000001 -0.000002 0.000001
0.000001 -0.000001 0.000000
0.000001 -0.000001 0.000000
0.000001 -0.000001 0.000000
0.000001 -0.000001 0.000000
0.000001 -0.000001 0.000000
0.000002 -0.000001 0.000000
0.000001 -0.000001 0.000000
0.000002 -0.000002 0.000001
0.000002 -0.000002 0.000001
0.000001 -0.000001 0.000001
0.000002 -0.000002 0.000001
0.000002 -0.000002 0.000001
0.000002 -0.000003 0.000001
0.000002 -0.000003 0.000001
0.000002 -0.000003 0.000001
0.000002 -0.000003 0.000002
0.000000 -0.000001 0.000001
0.000003 -0.000004 0.000002
-0.000000 -0.000000 0.000001
0.000001 -0.000002 0.000002
-0.000001 0.000001 0.000000
0.000000 -0.000001 0.000001
-0.000002 0.000002 -0.000001
0.000001 -0.000001 0.000001
-0.000002 0.000003 -0.000002
-0.000001 0.000002 -0.000001
-0.000002 0.000003 -0.000001
-0.000001 0.000002 -0.000001
-0.000001 0.000002 -0.000001
-0.000001 0.000002 -0.000001
-0.000001 0.000002 -0.000001
-0.000001 0.000001 -0.000001
-0.000001 0.000001 -0.000000
-0.000001 0.000001 -0.000000
-0.000001 0.000001 -0.000000
-0.000000 0.000001 0.000000
-0.000000 0.000001 0.000000
-0.000000 0.000001 0.000000
-0.000000 0.000001 0.000000
-0.000000 0.000001 0.000000
-0.000000 0.000001 0.000000
-0.000000 0.000001 -0.000000
-0.000000 0.000001 -0.000000
-0.000000 0.000001 -0.000000
-0.000001 0.000001 -0.000001
-0.000001 0.000001 -0.000001
-0.000001 0.000000 -0.000001
-0.000001 0.000000 -0.000001
-0.000001 -0.000000 -0.000001
-0.000001 -0.000000 -0.000001
-0.000001 -0.000001 -0.000001
-0.000001 -0.000001 -0.000001
-0.000001 -0.000001 -0.000001
VECTORS Curvature float
-100.081370 234.538839 4.466377
-333.414395 760.744842 14.396949
-768.466661 1678.683459 30.261482
-1209.645457 2464.276977 41.757461
-1744.506906 3267.422836 50.540375
-2385.003205 4080.538425 55.189607
-3179.491418 4958.441525 55.408926
-3990.330292 5695.921437 50.488617
-4867.367705 6375.506445 41.342077
-5848.358739 7073.460220 28.090350
-6713.625685 7531.843178 12.178252
-7504.366111 7851.171052 -5.271063
-8262.828322 8102.331120 -22.944729
-8728.396882 8073.760309 -38.220406
-8943.222654 7852.837873 -52.422685
-8985.486087 7556.942238 -62.645385
-8725.284663 7100.794304 -70.009287
-8286.966369 6611.762956 -74.115795
-7650.044123 6076.025736 -75.012528
-6951.016485 5593.106678 -73.904225
-6202.021520 5148.174674 -70.165634
-5392.649122 4700.933235 -65.520026
-4662.832791 4333.245198 -59.944075
-3983.354805 3988.177032 -54.000611
-3379.621211 3665.612308 -48.064498
-2861.528980 3360.043148 -42.225935
-2391.819232 3023.599105 -36.570835
-1998.325173 2691.912034 -30.996443
-1672.032248 2364.043438 -25.454145
-1380.965895 2009.417500 -19.792105
-1137.191902 1659.989315 -13.868138
-922.603358 1307.526405 -7.569042
-724.023601 948.642321 -0.788353
-515.412024 570.854163 6.648685
-296.275961 184.519975 14.757948
-67.202679 -186.735651 23.717343
191.191950 -562.702035 33.402439
461.985775 -919.951631 43.872367
753.183656 -1269.662677 54.876842
1059.352736 -1625.034062 66.213705
1361.142518 -1972.493479 77.515310
1652.073249 -2331.218013 88.386201
1967.464354 -2774.890469 98.340587
2260.494916 -3260.851710 106.645286
2526.759582 -3803.343571 112.906455
2784.224268 -4441.725664 116.280085
2965.948479 -5076.896232 116.204177
3133.814845 -5810.549123 112.341697
3235.502123 -6541.852419 103.585461
3246.842465 -7203.085279 90.287797
3210.490028 -7851.122360 72.000418
3101.670902 -8395.354508 48.949328
2932.056716 -8808.921355 21.860588
2719.826073 -9078.634851 -8.532382
2489.171824 -9218.581111 -40.870042
2254.238174 -9217.956921 -74.251493
2028.352000 -9071.791210 -107.031275
1833.207021 -8824.518331 -138.229843
1677.895580 -8489.931906 -166.809129
1570.079474 -8096.469707 -192.044838
1500.523547 -7618.368718 -213.565517
1493.275305 -7201.154640 -230.896339
1499.709439 -6694.697679 -244.784209
1555.150079 -6270.151116 -254.781758
1593.531213 -5775.903565 -262.016747
1629.552379 -5265.626000 -266.852472
1720.490335 -4995.580659 -270.042256
1730.065360 -4539.827603 -271.861254
1683.904123 -4032.301072 -273.275575
1691.032119 -3729.866888 -274.756063
1630.279161 -3362.646518 -275.510113
1514.987998 -2951.896779 -276.988136
1420.483100 -2659.169482 -277.900586
1273.941226 -2330.280495 -278.577850
1066.615359 -1955.447188 -278.444605
840.273989 -1609.061459 -277.515917
597.139637 -1294.964182 -275.093234
299.595111 -936.609784 -271.251495
-22.734433 -590.055918 -265.719643
-368.148634 -242.673253 -258.455779
-763.147685 111.112892 -249.648770
-1159.728672 463.075340 -239.268881
-1589.563326 836.585748 -227.880277
-2096.205701 1263.698217 -215.558135
-2523.891560 1669.418118 -202.479456
-3037.042109 2174.860873 -190.100113
-3619.194372 2786.188929 -177.330173
-4135.463899 3420.236947 -165.846344
-4674.668116 4145.450653 -155.418087
-5186.400442 4915.944560 -146.117865
-5716.142768 5773.337374 -138.499019
-6041.725653 6451.631321 -129.779348
-6464.411795 7283.879550 -125.981947
-6799.773554 7988.850191 -117.661504
-6910.285408 8445.989637 -114.673836
-6946.729005 8743.282016 -111.790000
-6857.036900 8864.826194 -111.507007
-6632.659990 8730.499360 -114.284390
-6406.547907 8578.359223 -113.691351
-6115.761093 8256.549765 -117.753614
-5568.162145 7573.316911 -115.915037
-5117.447386 6974.461011 -114.944700
-4628.380568 6305.367998 -111.195456
-4259.510408 5782.706356 -106.721544
-3884.010301 5245.560178 -101.954695
-3506.524311 4717.485256 -95.246681
-3193.041528 4300.184292 -87.566499
-2908.039835 3959.980673 -78.485737
-2658.608211 3718.414303 -67.933052
-2404.060354 3522.655432 -56.166982
-2154.555203 3389.972924 -42.725536
-1900.119617 3297.036479 -28.448289
-1615.905467 3198.959011 -13.057346
-1328.078361 3132.829867 2.735485
-1017.847244 3053.213704 18.415542
-690.454649 2952.083970 33.426675
-357.230667 2826.722191 47.039560
-31.732845 2666.834239 58.615291
266.889017 2480.061091 67.515353
517.017536 2256.297685 73.234114
703.645964 2010.533143 75.396723
810.590656 1741.839411 73.825323
837.445035 1459.650794 68.494321
785.228505 1169.986716 59.691215
660.664557 873.970717 47.643201
483.955285 587.843534 33.641668
229.558324 265.496223 15.775644
75.312859 84.776957 4.938234
VECTORS LocalRotation float
0.851772 -0.257772 0.035006
0.849805 -0.253255 0.035091
0.844836 -0.242255 0.035293
0.835917 -0.223575 0.035617
0.822515 -0.197572 0.036036
0.803757 -0.164194 0.036516
0.778550 -0.123248 0.037017
0.746269 -0.075278 0.037494
0.706026 -0.020434 0.037911
0.657577 0.040372 0.038225
0.600767 0.106423 0.038407
0.536244 0.176233 0.038439
0.464776 0.248545 0.038311
0.388085 0.321557 0.038035
0.307940 0.393788 0.037624
0.226815 0.463515 0.037103
0.146643 0.529867 0.036502
0.069612 0.591957 0.035850
-0.002537 0.649396 0.035175
-0.068754 0.702317 0.034499
-0.128188 0.750853 0.033848
-0.180695 0.795455 0.033234
-0.226281 0.836411 0.032665
-0.265434 0.874093 0.032149
-0.298800 0.908777 0.031687
-0.327013 0.940537 0.031278
-0.350754 0.969385 0.030922
-0.370639 0.995274 0.030616
-0.387240 1.018142 0.030361
-0.401063 1.037943 0.030156
-0.412500 1.054609 0.030003
-0.421839 1.068064 0.029906
-0.429302 1.078289 0.029868
-0.434887 1.085136 0.029895
-0.438578 1.088572 0.029992
-0.440215 1.088562 0.030165
-0.439651 1.085151 0.030425
-0.436702 1.078458 0.030774
-0.431184 1.068515 0.031222
-0.422999 1.055444 0.031769
-0.412055 1.039178 0.032419
-0.398403 1.019678 0.033171
-0.381955 0.996475 0.034019
-0.362869 0.969228 0.034945
-0.341161 0.937196 0.035940
-0.317166 0.899945 0.036976
-0.291139 0.856860 0.038028
-0.263469 0.807472 0.039065
-0.234681 0.751642 0.040041
-0.205306 0.689357 0.040919
-0.176043 0.621134 0.041655
-0.147467 0.547585 0.042202
-0.120154 0.469706 0.042523
-0.094568 0.388728 0.042583
-0.070977 0.305863 0.042359
-0.049511 0.222429 0.041838
-0.030121 0.139622 0.041017
-0.012634 0.058578 0.039907
0.003265 -0.019828 0.038525
0.017971 -0.094923 0.036901
0.031877 -0.166093 0.035064
0.045456 -0.233312 0.033048
0.058971 -0.296060 0.030900
0.072847 -0.354950 0.028631
0.087022 -0.409179 0.026304
0.101746 -0.459620 0.023888
0.116887 -0.505997 0.021462
0.132390 -0.548839 0.019027
0.147896 -0.587771 0.016551
0.163296 -0.623191 0.014050
0.178232 -0.655086 0.011576
0.192571 -0.683875 0.009057
0.205860 -0.709275 0.006545
0.218007 -0.731769 0.004036
0.228542 -0.751058 0.001529
0.237232 -0.767303 -0.001005
0.243710 -0.780392 -0.003495
0.247761 -0.790471 -0.005963
0.249014 -0.797383 -0.008394
0.247241 -0.801161 -0.010772
0.242099 -0.801759 -0.013082
0.233451 -0.799177 -0.015281
0.220915 -0.793250 -0.017411
0.204293 -0.783779 -0.019410
0.183442 -0.770541 -0.021297
0.158025 -0.752970 -0.023091
0.127954 -0.730558 -0.024751
0.092900 -0.702502 -0.026303
0.053052 -0.668284 -0.027756
0.008449 -0.627297 -0.029120
-0.040847 -0.578965 -0.030407
-0.093960 -0.523743 -0.031618
-0.151041 -0.461050 -0.032786
-0.210677 -0.392384 -0.033881
-0.272846 -0.317859 -0.034935
-0.335401 -0.240262 -0.035957
-0.398175 -0.160187 -0.036973
-0.459200 -0.080589 -0.037994
-0.518632 -0.001696 -0.039033
-0.574754 0.073754 -0.040070
-0.627660 0.145433 -0.041128
-0.676056 0.211321 -0.042174
-0.720395 0.271739 -0.043203
-0.760748 0.326622 -0.044192
-0.797474 0.376357 -0.045133
-0.830891 0.421406 -0.046025
-0.861227 0.462239 -0.046853
-0.888880 0.499678 -0.047605
-0.914114 0.534484 -0.048269
-0.937019 0.567245 -0.048831
-0.957689 0.598589 -0.049279
-0.976012 0.628807 -0.049601
-0.991941 0.658237 -0.049789
-1.005284 0.686934 -0.049835
-1.015903 0.714936 -0.049740
-1.023639 0.742130 -0.049505
-1.028381 0.768287 -0.049141
-1.030142 0.793160 -0.048662
-1.029078 0.816463 -0.048091
-1.025530 0.837899 -0.047454
-1.019999 0.857232 -0.046781
-1.013147 0.874212 -0.046106
-1.005676 0.888724 -0.045460
-0.998336 0.900620 -0.044881
-0.991783 0.909883 -0.044394
-0.986612 0.916487 -0.044027
-0.983374 0.920359 -0.043803
-0.981997 0.921942 -0.043709
VECTORS q1 float
0.732373 -0.638332 -0.236983
0.731339 -0.638182 -0.240555
0.728133 -0.637710 -0.251292
0.722503 -0.636860 -0.269071
0.714050 -0.635552 -0.293609
0.702123 -0.633696 -0.324735
0.685875 -0.631217 -0.362132
0.664307 -0.628086 -0.405220
0.636846 -0.624404 -0.452269
0.602331 -0.620301 -0.502418
0.560443 -0.616086 -0.553482
0.511415 -0.612163 -0.603085
0.455777 -0.608959 -0.649181
0.394740 -0.606894 -0.689826
0.330812 -0.606301 -0.723162
0.265755 -0.607311 -0.748697
0.201841 -0.609880 -0.766360
0.140770 -0.613797 -0.776812
0.083660 -0.618754 -0.781118
0.031183 -0.624400 -0.780482
-0.016851 -0.630445 -0.776051
-0.060369 -0.636598 -0.768829
-0.099773 -0.642657 -0.759630
-0.135501 -0.648477 -0.749077
-0.167768 -0.653936 -0.737714
-0.196870 -0.658963 -0.725955
-0.222864 -0.663490 -0.714221
-0.245773 -0.667477 -0.702902
-0.265754 -0.670924 -0.692268
-0.282818 -0.673831 -0.682616
-0.296982 -0.676206 -0.674201
-0.308343 -0.678074 -0.667188
-0.316887 -0.679442 -0.661771
-0.322638 -0.680321 -0.658079
-0.325510 -0.680695 -0.656275
-0.325578 -0.680569 -0.656373
-0.322888 -0.679933 -0.658358
-0.317449 -0.678774 -0.662187
-0.309386 -0.677092 -0.667703
-0.298603 -0.674860 -0.674834
-0.285084 -0.672065 -0.683415
-0.268622 -0.668666 -0.693345
-0.248852 -0.664600 -0.704542
-0.225014 -0.659736 -0.717019
-0.196699 -0.653980 -0.730493
-0.162938 -0.647127 -0.744768
-0.123207 -0.638997 -0.759278
-0.076972 -0.629357 -0.773295
-0.023664 -0.617896 -0.785904
0.036280 -0.604408 -0.795848
0.102417 -0.588632 -0.801887
0.173742 -0.570376 -0.802798
0.248677 -0.549584 -0.797569
0.325401 -0.526320 -0.785558
0.401956 -0.500800 -0.766571
0.476546 -0.473349 -0.740840
0.547414 -0.444478 -0.709068
0.613262 -0.414738 -0.672237
0.673209 -0.384706 -0.631499
0.726784 -0.354936 -0.588053
0.773854 -0.325944 -0.543057
0.814560 -0.298185 -0.497573
0.849521 -0.271785 -0.452159
0.878897 -0.247280 -0.407913
0.903680 -0.224394 -0.364705
0.923886 -0.203832 -0.323864
0.940602 -0.184991 -0.284687
0.954200 -0.167989 -0.247552
0.964937 -0.153134 -0.213183
0.973346 -0.140226 -0.181478
0.979954 -0.128857 -0.151943
0.984898 -0.119379 -0.125394
0.988596 -0.111390 -0.101343
0.991275 -0.104837 -0.079892
0.993142 -0.099657 -0.061128
0.994359 -0.095895 -0.045320
0.995119 -0.093280 -0.032188
0.995531 -0.091852 -0.021942
0.995692 -0.091560 -0.014616
0.995672 -0.092371 -0.010229
0.995507 -0.094275 -0.008795
0.995203 -0.097281 -0.010365
0.994724 -0.101498 -0.014927
0.993989 -0.107090 -0.022768
0.992864 -0.114297 -0.034007
0.991155 -0.123424 -0.048771
0.988508 -0.135108 -0.067807
0.984487 -0.149879 -0.091221
0.978474 -0.168441 -0.119235
0.969668 -0.191534 -0.151854
0.957108 -0.219835 -0.188724
0.939737 -0.253836 -0.229045
0.916804 -0.293263 -0.271047
0.886898 -0.338774 -0.314076
0.850302 -0.388514 -0.355026
0.806774 -0.441735 -0.392410
0.757706 -0.496096 -0.423994
0.703926 -0.550384 -0.448960
0.647951 -0.602170 -0.466424
0.590306 -0.651230 -0.476905
0.534333 -0.695275 -0.480709
0.480936 -0.734296 -0.479071
0.431348 -0.768101 -0.473244
0.385757 -0.797205 -0.464388
0.344051 -0.822213 -0.453426
0.306398 -0.843490 -0.441187
0.272287 -0.861692 -0.428189
0.241141 -0.877403 -0.414746
0.212348 -0.891124 -0.401006
0.185311 -0.903268 -0.386998
0.159682 -0.914076 -0.372782
0.134961 -0.923810 -0.358275
0.111056 -0.932536 -0.343575
0.087787 -0.940340 -0.328714
0.065098 -0.947260 -0.313784
0.043092 -0.953288 -0.298974
0.021888 -0.958430 -0.284487
0.001685 -0.962698 -0.270574
-0.017312 -0.966129 -0.257477
-0.034890 -0.968789 -0.245419
-0.050810 -0.970760 -0.234614
-0.064918 -0.972153 -0.225177
-0.077020 -0.973078 -0.217225
-0.087037 -0.973655 -0.210760
-0.094854 -0.973985 -0.205807
-0.100463 -0.974156 -0.202305
-0.103812 -0.974232 -0.200239
-0.104931 -0.974253 -0.199553
VECTORS q2 float
0.617156 0.769342 -0.165020
0.616638 0.769428 -0.166548
0.614999 0.769699 -0.171289
0.612003 0.770189 -0.179615
0.607243 0.770960 -0.192033
0.600070 0.772095 -0.209248
0.589577 0.773694 -0.231940
0.574585 0.775849 -0.260596
0.554017 0.778570 -0.294778
0.526213 0.781834 -0.334420
0.490003 0.785444 -0.378120
0.444649 0.789061 -0.423876
0.389758 0.792241 -0.469514
0.325821 0.794466 -0.512508
0.255104 0.795231 -0.550026
0.179625 0.794218 -0.580476
0.102548 0.791323 -0.602737
0.026852 0.786704 -0.616747
-0.044903 0.780729 -0.623255
-0.110663 0.773904 -0.623559
-0.169635 0.766712 -0.619174
-0.221041 0.759637 -0.611630
-0.265086 0.753016 -0.602243
-0.302383 0.747045 -0.592020
-0.333584 0.741833 -0.581726
-0.359582 0.737378 -0.571817
-0.381100 0.733641 -0.562613
-0.398809 0.730556 -0.554292
-0.413412 0.728024 -0.546874
-0.425405 0.725967 -0.540372
-0.435186 0.724315 -0.534771
-0.443114 0.723005 -0.530014
-0.449362 0.722002 -0.526106
-0.454036 0.721287 -0.523064
-0.457049 0.720875 -0.521004
-0.458372 0.720774 -0.519980
-0.457836 0.721023 -0.520108
-0.455276 0.721656 -0.521475
-0.450561 0.722711 -0.524102
-0.443498 0.724229 -0.528016
-0.434018 0.726231 -0.533120
-0.422046 0.728733 -0.539282
-0.407537 0.731747 -0.546315
-0.390328 0.735296 -0.554061
-0.370635 0.739360 -0.562118
-0.348420 0.743960 -0.570199
-0.324021 0.749078 -0.577834
-0.297799 0.754703 -0.584584
-0.270093 0.760842 -0.590059
-0.241706 0.767421 -0.593838
-0.213304 0.774379 -0.595683
-0.185623 0.781616 -0.595500
-0.159396 0.788990 -0.593371
-0.135179 0.796346 -0.589542
-0.113327 0.803534 -0.584372
-0.093938 0.810438 -0.578244
-0.076960 0.816966 -0.571528
-0.062143 0.823091 -0.564500
-0.049133 0.828850 -0.557309
-0.037536 0.834335 -0.549978
-0.026985 0.839670 -0.542426
-0.017181 0.844988 -0.534510
-0.007873 0.850456 -0.525987
0.001005 0.856100 -0.516809
0.009565 0.862065 -0.506708
0.017690 0.868174 -0.495944
0.025430 0.874551 -0.484267
0.032695 0.881064 -0.471866
0.039397 0.887475 -0.459169
0.045532 0.893702 -0.446345
0.051111 0.899749 -0.433404
0.056128 0.905308 -0.421030
0.060627 0.910405 -0.409252
0.064652 0.914925 -0.398413
0.068259 0.918767 -0.388854
0.071531 0.921793 -0.381027
0.074482 0.924003 -0.375062
0.077184 0.925274 -0.371362
0.079673 0.925523 -0.370216
0.081962 0.924653 -0.371885
0.084039 0.922551 -0.376612
0.085830 0.919044 -0.384697
0.087319 0.914026 -0.396145
0.088312 0.907162 -0.411409
0.088661 0.898246 -0.430457
0.088169 0.887087 -0.453104
0.086414 0.873074 -0.479869
0.083033 0.855983 -0.510292
0.077523 0.835459 -0.544058
0.069296 0.811189 -0.580664
0.057710 0.782972 -0.619374
0.042123 0.750777 -0.659212
0.022263 0.715224 -0.698540
-0.002791 0.675927 -0.736963
-0.032454 0.634586 -0.772171
-0.066746 0.591747 -0.803356
-0.104463 0.549124 -0.829187
-0.145000 0.507428 -0.849406
-0.186537 0.468261 -0.863676
-0.228866 0.431545 -0.872576
-0.269684 0.398755 -0.876507
-0.308516 0.369731 -0.876422
-0.344609 0.344503 -0.873248
-0.377933 0.322634 -0.867798
-0.408616 0.303671 -0.860707
-0.436508 0.287375 -0.852570
-0.461875 0.273338 -0.843776
-0.484950 0.261238 -0.834613
-0.505922 0.250830 -0.825305
-0.524927 0.241934 -0.816039
-0.541921 0.234469 -0.807060
-0.556982 0.228316 -0.798526
-0.569960 0.223444 -0.790707
-0.580794 0.219779 -0.783821
-0.589387 0.217242 -0.778093
-0.595619 0.215743 -0.773752
-0.599430 0.215154 -0.770969
-0.600830 0.215316 -0.769833
-0.599951 0.216042 -0.770315
-0.597055 0.217134 -0.772255
-0.592547 0.218405 -0.775363
-0.586930 0.219692 -0.779261
-0.580803 0.220877 -0.783505
-0.574738 0.221881 -0.787683
-0.569321 0.222668 -0.791387
-0.565025 0.223224 -0.794304
-0.562282 0.223554 -0.796155
-0.561334 0.223662 -0.796793
VECTORS q3 float
0.287659 -0.025400 0.957396
0.291378 -0.026533 0.956240
0.302652 -0.029823 0.952634
0.321625 -0.034900 0.946224
0.348408 -0.041170 0.936439
0.383326 -0.047946 0.922368
0.426584 -0.054422 0.902809
0.478067 -0.059718 0.876291
0.536184 -0.062836 0.841759
0.600248 -0.062948 0.797333
0.667683 -0.059293 0.742081
0.735351 -0.051384 0.675735
0.800222 -0.039030 0.598432
0.859081 -0.022452 0.511346
0.908562 -0.002526 0.417742
0.947159 0.019779 0.320155
0.974035 0.043069 0.222263
0.989678 0.065961 0.127226
0.995482 0.087216 0.037532
0.993369 0.105815 -0.044966
0.985363 0.121212 -0.119865
0.973394 0.133019 -0.186573
0.959049 0.141280 -0.245490
0.943506 0.146289 -0.297314
0.927672 0.148495 -0.342598
0.912109 0.148467 -0.382118
0.897271 0.146803 -0.416359
0.883486 0.144094 -0.445747
0.870899 0.140859 -0.470844
0.859677 0.137561 -0.491968
0.849950 0.134586 -0.509384
0.841769 0.132214 -0.523397
0.835258 0.130659 -0.534108
0.830516 0.130031 -0.541604
0.827737 0.130358 -0.545763
0.826979 0.131569 -0.546622
0.828329 0.133483 -0.544107
0.831835 0.135936 -0.538118
0.837422 0.138691 -0.528668
0.845071 0.141620 -0.515556
0.854608 0.144630 -0.498725
0.865863 0.147760 -0.477962
0.878628 0.151176 -0.452945
0.892756 0.155201 -0.422965
0.907711 0.160178 -0.387819
0.923068 0.166585 -0.346691
0.937993 0.174829 -0.299340
0.951520 0.185290 -0.245513
0.962543 0.198304 -0.184894
0.969671 0.213906 -0.118247
0.971603 0.232054 -0.046248
0.967139 0.252481 0.029925
0.955381 0.274686 0.108602
0.935864 0.298029 0.187984
0.908619 0.321765 0.266231
0.874116 0.345153 0.341745
0.833316 0.367432 0.413012
0.787431 0.387961 0.478997
0.737819 0.406213 0.539087
0.685840 0.421788 0.593058
0.632789 0.434412 0.640986
0.579825 0.443939 0.683170
0.527497 0.450396 0.720340
0.477010 0.453812 0.752672
0.428101 0.454414 0.781177
0.382260 0.452467 0.805699
0.338559 0.448263 0.827308
0.297378 0.442161 0.846203
0.259509 0.434670 0.862390
0.224776 0.426185 0.876266
0.192557 0.416950 0.888299
0.163782 0.407634 0.898337
0.137849 0.398441 0.906776
0.114863 0.389772 0.913720
0.094914 0.382015 0.919269
0.078314 0.375636 0.923453
0.064728 0.370834 0.926441
0.054413 0.368009 0.928229
0.047425 0.367456 0.928831
0.043810 0.369437 0.928222
0.043619 0.374181 0.926329
0.046950 0.381962 0.922985
0.053852 0.392751 0.918067
0.064712 0.406926 0.911166
0.079747 0.424370 0.901970
0.099188 0.444796 0.890123
0.124035 0.468495 0.874716
0.154565 0.494802 0.855149
0.191258 0.523103 0.830532
0.234399 0.552528 0.799856
0.283926 0.581916 0.762076
0.339294 0.609837 0.716225
0.398716 0.634390 0.662250
0.461957 0.654488 0.598533
0.525293 0.668100 0.526981
0.587078 0.674319 0.447922
0.644181 0.672571 0.364251
0.695315 0.663018 0.277386
0.738488 0.646625 0.191083
0.774054 0.624234 0.105699
0.801099 0.597986 0.025564
0.820682 0.569305 -0.048725
0.833776 0.539758 -0.116094
0.841640 0.510267 -0.176831
0.845377 0.481404 -0.231491
0.845920 0.453807 -0.280139
0.844116 0.427519 -0.323567
0.840639 0.402391 -0.362501
0.836033 0.378130 -0.397576
0.830729 0.354367 -0.429317
0.825120 0.330892 -0.457917
0.819486 0.307323 -0.483731
0.814133 0.283637 -0.506693
0.809303 0.259725 -0.526851
0.805223 0.235592 -0.544161
0.802110 0.211417 -0.558500
0.800128 0.187405 -0.569802
0.799375 0.163867 -0.578055
0.799849 0.141138 -0.583371
0.801441 0.119585 -0.585996
0.803932 0.099624 -0.586318
0.807031 0.081575 -0.584848
0.810392 0.065819 -0.582179
0.813696 0.052574 -0.578909
0.816625 0.042104 -0.575631
0.818935 0.034509 -0.572848
0.820404 0.029941 -0.571001
0.820910 0.028408 -0.570350
