# vtk DataFile Version 2.0
VTK example
ASCII
DATASET UNSTRUCTURED_GRID
POINTS  128  float
-0.000307 -0.000079 -0.000126
-0.000300 -0.000081 -0.000132
-0.000292 -0.000083 -0.000137
-0.000285 -0.000085 -0.000142
-0.000278 -0.000087 -0.000147
-0.000271 -0.000088 -0.000152
-0.000264 -0.000090 -0.000158
-0.000256 -0.000092 -0.000163
-0.000249 -0.000094 -0.000167
-0.000241 -0.000096 -0.000172
-0.000234 -0.000097 -0.000177
-0.000226 -0.000099 -0.000181
-0.000218 -0.000101 -0.000186
-0.000211 -0.000102 -0.000190
-0.000203 -0.000104 -0.000194
-0.000195 -0.000105 -0.000198
-0.000187 -0.000106 -0.000202
-0.000178 -0.000107 -0.000206
-0.000170 -0.000107 -0.000209
-0.000162 -0.000108 -0.000213
-0.000153 -0.000108 -0.000216
-0.000144 -0.000108 -0.000218
-0.000136 -0.000107 -0.000220
-0.000127 -0.000106 -0.000222
-0.000118 -0.000105 -0.000223
-0.000109 -0.000104 -0.000224
-0.000100 -0.000102 -0.000224
-0.000091 -0.000100 -0.000223
-0.000083 -0.000098 -0.000222
-0.000074 -0.000095 -0.000220
-0.000066 -0.000092 -0.000217
-0.000058 -0.000089 -0.000213
-0.000051 -0.000086 -0.000209
-0.000044 -0.000082 -0.000205
-0.000037 -0.000078 -0.000200
-0.000032 -0.000075 -0.000194
-0.000026 -0.000070 -0.000188
-0.000021 -0.000066 -0.000182
-0.000016 -0.000062 -0.000175
-0.000012 -0.000057 -0.000169
-0.000008 -0.000053 -0.000162
-0.000005 -0.000048 -0.000155
-0.000002 -0.000044 -0.000148
0.000001 -0.000039 -0.000141
0.000004 -0.000034 -0.000133
0.000006 -0.000029 -0.000126
0.000008 -0.000025 -0.000119
0.000010 -0.000020 -0.000111
0.000012 -0.000015 -0.000104
0.000013 -0.000011 -0.000096
0.000015 -0.000006 -0.000088
0.000016 -0.000002 -0.000080
0.000017 0.000002 -0.000072
0.000018 0.000006 -0.000064
0.000018 0.000010 -0.000056
0.000019 0.000014 -0.000048
0.000019 0.000018 -0.000040
0.000020 0.000022 -0.000031
0.000020 0.000025 -0.000023
0.000021 0.000029 -0.000015
0.000021 0.000033 -0.000007
0.000022 0.000037 0.000001
0.000022 0.000041 0.000009
0.000023 0.000045 0.000017
0.000024 0.000050 0.000025
0.000026 0.000055 0.000033
0.000027 0.000060 0.000040
0.000029 0.000065 0.000047
0.000032 0.000071 0.000054
0.000035 0.000077 0.000060
0.000038 0.000083 0.000065
0.000042 0.000089 0.000070
0.000046 0.000096 0.000075
0.000051 0.000103 0.000079
0.000056 0.000109 0.000082
0.000062 0.000116 0.000084
0.000068 0.000122 0.000086
0.000074 0.000129 0.000087
0.000081 0.000135 0.000088
0.000088 0.000140 0.000088
0.000095 0.000146 0.000088
0.000103 0.000151 0.000087
0.000111 0.000155 0.000086
0.000118 0.000159 0.000084
0.000126 0.000163 0.000082
0.000134 0.000167 0.000080
0.000142 0.000170 0.000077
0.000151 0.000173 0.000075
0.000159 0.000176 0.000072
0.000167 0.000178 0.000068
0.000175 0.000180 0.000065
0.000183 0.000181 0.000061
0.000191 0.000183 0.000057
0.000199 0.000184 0.000053
0.000207 0.000185 0.000049
0.000215 0.000185 0.000045
0.000223 0.000186 0.000041
0.000232 0.000186 0.000037
0.000240 0.000186 0.000033
0.000248 0.000186 0.000029
0.000256 0.000186 0.000026
0.000265 0.000185 0.000022
0.000273 0.000185 0.000019
0.000282 0.000185 0.000017
0.000290 0.000184 0.000014
0.000299 0.000184 0.000012
0.000308 0.000184 0.000011
0.000317 0.000184 0.000009
0.000326 0.000185 0.000009
0.000335 0.000185 0.000008
0.000344 0.000186 0.000009
0.000353 0.000188 0.000010
0.000362 0.000190 0.000011
0.000371 0.000192 0.000013
0.000379 0.000194 0.000016
0.000387 0.000197 0.000019
0.000395 0.000200 0.000022
0.000402 0.000204 0.000026
0.000409 0.000208 0.000030
0.000415 0.000213 0.000035
0.000421 0.000217 0.000040
0.000426 0.000222 0.000045
0.000431 0.000228 0.000051
0.000436 0.000233 0.000056
0.000440 0.000239 0.000062
0.000444 0.000244 0.000068
0.000448 0.000250 0.000073
0.000452 0.000256 0.000079
CELLS  127 381
2 0 1 
2 1 2 
2 2 3 
2 3 4 
2 4 5 
2 5 6 
2 6 7 
2 7 8 
2 8 9 
2 9 10 
2 10 11 
2 11 12 
2 12 13 
2 13 14 
2 14 15 
2 15 16 
2 16 17 
2 17 18 
2 18 19 
2 19 20 
2 20 21 
2 21 22 
2 22 23 
2 23 24 
2 24 25 
2 25 26 
2 26 27 
2 27 28 
2 28 29 
2 29 30 
2 30 31 
2 31 32 
2 32 33 
2 33 34 
2 34 35 
2 35 36 
2 36 37 
2 37 38 
2 38 39 
2 39 40 
2 40 41 
2 41 42 
2 42 43 
2 43 44 
2 44 45 
2 45 46 
2 46 47 
2 47 48 
2 48 49 
2 49 50 
2 50 51 
2 51 52 
2 52 53 
2 53 54 
2 54 55 
2 55 56 
2 56 57 
2 57 58 
2 58 59 
2 59 60 
2 60 61 
2 61 62 
2 62 63 
2 63 64 
2 64 65 
2 65 66 
2 66 67 
2 67 68 
2 68 69 
2 69 70 
2 70 71 
2 71 72 
2 72 73 
2 73 74 
2 74 75 
2 75 76 
2 76 77 
2 77 78 
2 78 79 
2 79 80 
2 80 81 
2 81 82 
2 82 83 
2 83 84 
2 84 85 
2 85 86 
2 86 87 
2 87 88 
2 88 89 
2 89 90 
2 90 91 
2 91 92 
2 92 93 
2 93 94 
2 94 95 
2 95 96 
2 96 97 
2 97 98 
2 98 99 
2 99 100 
2 100 101 
2 101 102 
2 102 103 
2 103 104 
2 104 105 
2 105 106 
2 106 107 
2 107 108 
2 108 109 
2 109 110 
2 110 111 
2 111 112 
2 112 113 
2 113 114 
2 114 115 
2 115 116 
2 116 117 
2 117 118 
2 118 119 
2 119 120 
2 120 121 
2 121 122 
2 122 123 
2 123 124 
2 124 125 
2 125 126 
2 126 127 
CELL_TYPES  127
3
3
3
3
3
3
3
3
3
3
3
3
3
3
3
3
3
3
3
3
3
3
3
3
3
3
3
3
3
3
3
3
3
3
3
3
3
3
3
3
3
3
3
3
3
3
3
3
3
3
3
3
3
3
3
3
3
3
3
3
3
3
3
3
3
3
3
3
3
3
3
3
3
3
3
3
3
3
3
3
3
3
3
3
3
3
3
3
3
3
3
3
3
3
3
3
3
3
3
3
3
3
3
3
3
3
3
3
3
3
3
3
3
3
3
3
3
3
3
3
3
3
3
3
3
3
3
POINT_DATA  128
VECTORS Position float
-0.000307 -0.000079 -0.000126
-0.000300 -0.000081 -0.000132
-0.000292 -0.000083 -0.000137
-0.000285 -0.000085 -0.000142
-0.000278 -0.000087 -0.000147
-0.000271 -0.000088 -0.000152
-0.000264 -0.000090 -0.000158
-0.000256 -0.000092 -0.000163
-0.000249 -0.000094 -0.000167
-0.000241 -0.000096 -0.000172
-0.000234 -0.000097 -0.000177
-0.000226 -0.000099 -0.000181
-0.000218 -0.000101 -0.000186
-0.000211 -0.000102 -0.000190
-0.000203 -0.000104 -0.000194
-0.000195 -0.000105 -0.000198
-0.000187 -0.000106 -0.000202
-0.000178 -0.000107 -0.000206
-0.000170 -0.000107 -0.000209
-0.000162 -0.000108 -0.000213
-0.000153 -0.000108 -0.000216
-0.000144 -0.000108 -0.000218
-0.000136 -0.000107 -0.000220
-0.000127 -0.000106 -0.000222
-0.000118 -0.000105 -0.000223
-0.000109 -0.000104 -0.000224
-0.000100 -0.000102 -0.000224
-0.000091 -0.000100 -0.000223
-0.000083 -0.000098 -0.000222
-0.000074 -0.000095 -0.000220
-0.000066 -0.000092 -0.000217
-0.000058 -0.000089 -0.000213
-0.000051 -0.000086 -0.000209
-0.000044 -0.000082 -0.000205
-0.000037 -0.000078 -0.000200
-0.000032 -0.000075 -0.000194
-0.000026 -0.000070 -0.000188
-0.000021 -0.000066 -0.000182
-0.000016 -0.000062 -0.000175
-0.000012 -0.000057 -0.000169
-0.000008 -0.000053 -0.000162
-0.000005 -0.000048 -0.000155
-0.000002 -0.000044 -0.000148
0.000001 -0.000039 -0.000141
0.000004 -0.000034 -0.000133
0.000006 -0.000029 -0.000126
0.000008 -0.000025 -0.000119
0.000010 -0.000020 -0.000111
0.000012 -0.000015 -0.000104
0.000013 -0.000011 -0.000096
0.000015 -0.000006 -0.000088
0.000016 -0.000002 -0.000080
0.000017 0.000002 -0.000072
0.000018 0.000006 -0.000064
0.000018 0.000010 -0.000056
0.000019 0.000014 -0.000048
0.000019 0.000018 -0.000040
0.000020 0.000022 -0.000031
0.000020 0.000025 -0.000023
0.000021 0.000029 -0.000015
0.000021 0.000033 -0.000007
0.000022 0.000037 0.000001
0.000022 0.000041 0.000009
0.000023 0.000045 0.000017
0.000024 0.000050 0.000025
0.000026 0.000055 0.000033
0.000027 0.000060 0.000040
0.000029 0.000065 0.000047
0.000032 0.000071 0.000054
0.000035 0.000077 0.000060
0.000038 0.000083 0.000065
0.000042 0.000089 0.000070
0.000046 0.000096 0.000075
0.000051 0.000103 0.000079
0.000056 0.000109 0.000082
0.000062 0.000116 0.000084
0.000068 0.000122 0.000086
0.000074 0.000129 0.000087
0.000081 0.000135 0.000088
0.000088 0.000140 0.000088
0.000095 0.000146 0.000088
0.000103 0.000151 0.000087
0.000111 0.000155 0.000086
0.000118 0.000159 0.000084
0.000126 0.000163 0.000082
0.000134 0.000167 0.000080
0.000142 0.000170 0.000077
0.000151 0.000173 0.000075
0.000159 0.000176 0.000072
0.000167 0.000178 0.000068
0.000175 0.000180 0.000065
0.000183 0.000181 0.000061
0.000191 0.000183 0.000057
0.000199 0.000184 0.000053
0.000207 0.000185 0.000049
0.000215 0.000185 0.000045
0.000223 0.000186 0.000041
0.000232 0.000186 0.000037
0.000240 0.000186 0.000033
0.000248 0.000186 0.000029
0.000256 0.000186 0.000026
0.000265 0.000185 0.000022
0.000273 0.000185 0.000019
0.000282 0.000185 0.000017
0.000290 0.000184 0.000014
0.000299 0.000184 0.000012
0.000308 0.000184 0.000011
0.000317 0.000184 0.000009
0.000326 0.000185 0.000009
0.000335 0.000185 0.000008
0.000344 0.000186 0.000009
0.000353 0.000188 0.000010
0.000362 0.000190 0.000011
0.000371 0.000192 0.000013
0.000379 0.000194 0.000016
0.000387 0.000197 0.000019
0.000395 0.000200 0.000022
0.000402 0.000204 0.000026
0.000409 0.000208 0.000030
0.000415 0.000213 0.000035
0.000421 0.000217 0.000040
0.000426 0.000222 0.000045
0.000431 0.000228 0.000051
0.000436 0.000233 0.000056
0.000440 0.000239 0.000062
0.000444 0.000244 0.000068
0.000448 0.000250 0.000073
0.000452 0.000256 0.000079
VECTORS Rotation float
0.766705 -0.204934 -2.215070
0.766921 -0.204705 -2.213751
0.767548 -0.204058 -2.209854
0.768515 -0.203110 -2.203602
0.769713 -0.202016 -2.195327
0.771045 -0.200897 -2.185298
0.772423 -0.199784 -2.173753
0.773775 -0.198566 -2.160897
0.774966 -0.196982 -2.147146
0.775994 -0.194569 -2.132491
0.776788 -0.190779 -2.117131
0.777295 -0.185014 -2.101168
0.777515 -0.176665 -2.084476
0.777450 -0.165214 -2.066809
0.777034 -0.150437 -2.047973
0.776282 -0.132099 -2.027343
0.775113 -0.110308 -2.004377
0.773414 -0.085303 -1.978440
0.771003 -0.057459 -1.948894
0.767622 -0.027307 -1.915231
0.762994 0.004799 -1.876770
0.756735 0.038169 -1.833327
0.748483 0.072373 -1.784548
0.737864 0.107090 -1.730093
0.724511 0.141924 -1.669927
0.708083 0.176707 -1.603835
0.688309 0.211108 -1.532083
0.665046 0.244776 -1.455216
0.638226 0.277545 -1.373573
0.608044 0.309015 -1.288283
0.574954 0.338806 -1.200823
0.539469 0.366800 -1.112305
0.502432 0.392776 -1.024559
0.464598 0.416802 -0.938816
0.427354 0.438601 -0.857875
0.390943 0.458731 -0.781325
0.356611 0.476906 -0.711462
0.324208 0.493546 -0.647192
0.294267 0.508378 -0.589229
0.266440 0.521440 -0.536391
0.240717 0.532410 -0.488378
0.216866 0.541036 -0.444482
0.194647 0.547089 -0.404032
0.173643 0.550450 -0.366048
0.153883 0.551001 -0.330480
0.135111 0.548773 -0.296698
0.117359 0.543901 -0.264676
0.100626 0.536610 -0.234319
0.084867 0.527156 -0.205453
0.070231 0.515964 -0.178343
0.056764 0.503439 -0.153067
0.044534 0.490060 -0.129795
0.033625 0.476398 -0.108785
0.024095 0.463078 -0.090300
0.015995 0.450783 -0.074630
0.009360 0.440229 -0.062072
0.004245 0.432191 -0.052988
0.000718 0.427434 -0.047751
-0.001118 0.426707 -0.046759
-0.001108 0.430706 -0.050428
0.000980 0.440030 -0.059191
0.005473 0.455115 -0.073500
0.012904 0.476318 -0.094000
0.023821 0.503420 -0.121140
0.039343 0.536522 -0.156185
0.060130 0.574152 -0.199322
0.088201 0.616134 -0.252883
0.125142 0.660664 -0.318141
0.171899 0.704896 -0.395328
0.230013 0.746576 -0.485742
0.301456 0.783541 -0.591438
0.383359 0.811810 -0.708120
0.474740 0.829511 -0.834864
0.570907 0.834804 -0.966281
0.666162 0.827195 -1.096031
0.754230 0.807816 -1.216880
0.833815 0.778067 -1.327943
0.902343 0.740560 -1.425986
0.959997 0.697727 -1.511064
1.007940 0.651740 -1.584336
1.047700 0.604384 -1.647415
1.081111 0.556434 -1.702628
1.108852 0.510045 -1.750130
1.132551 0.464705 -1.792384
1.152830 0.421309 -1.829864
1.170272 0.380502 -1.862977
1.185600 0.341267 -1.893159
1.199092 0.303968 -1.920462
1.211032 0.268428 -1.945173
1.221623 0.234442 -1.967420
1.231013 0.201829 -1.987169
1.239320 0.170440 -2.004252
1.246685 0.140558 -2.018178
1.253141 0.111433 -2.028865
1.258908 0.083870 -2.035517
1.264095 0.057739 -2.037649
1.268956 0.033706 -2.034692
1.273643 0.011937 -2.026188
1.278428 -0.006734 -2.012021
1.283366 -0.022147 -1.991816
1.288678 -0.033275 -1.966334
1.294327 -0.039718 -1.935768
1.300243 -0.041033 -1.900809
1.306240 -0.036965 -1.861814
1.312075 -0.027381 -1.819119
1.317507 -0.012447 -1.773531
1.322239 0.007608 -1.725262
1.325955 0.032445 -1.674404
1.328310 0.061676 -1.620897
1.328914 0.094935 -1.564545
1.327418 0.131652 -1.505518
1.323363 0.171599 -1.443504
1.316471 0.214090 -1.379029
1.306431 0.258716 -1.312293
1.293026 0.304974 -1.243671
1.276246 0.352107 -1.173870
1.256178 0.399357 -1.103519
1.233132 0.445787 -1.033447
1.207580 0.490449 -0.964520
1.180203 0.532398 -0.897739
1.151988 0.570688 -0.834407
1.123966 0.604687 -0.775714
1.097498 0.633769 -0.723242
1.073727 0.657721 -0.678161
1.053947 0.676297 -0.641857
1.039021 0.689558 -0.615135
1.029819 0.697444 -0.598893
1.026689 0.700073 -0.593416
VECTORS ControlForce float
-0.000000 -0.000000 0.000000
0.000198 0.000043 0.000115
0.000344 0.000082 0.000224
0.000400 0.000110 0.000307
0.000361 0.000144 0.000357
0.000261 0.000220 0.000394
0.000130 0.000334 0.000431
-0.000015 0.000447 0.000464
-0.000154 0.000523 0.000482
-0.000262 0.000542 0.000494
-0.000324 0.000491 0.000503
-0.000362 0.000345 0.000502
-0.000374 0.000125 0.000500
-0.000352 -0.000128 0.000504
-0.000294 -0.000371 0.000511
-0.000205 -0.000565 0.000520
-0.000097 -0.000687 0.000527
0.000004 -0.000732 0.000526
0.000090 -0.000698 0.000520
0.000137 -0.000610 0.000506
0.000149 -0.000475 0.000493
0.000126 -0.000317 0.000478
0.000075 -0.000154 0.000465
0.000032 0.000016 0.000461
0.000010 0.000177 0.000464
0.000045 0.000333 0.000470
0.000142 0.000473 0.000466
0.000296 0.000590 0.000436
0.000501 0.000688 0.000371
0.000693 0.000732 0.000267
0.000838 0.000715 0.000129
0.000892 0.000628 -0.000022
0.000837 0.000469 -0.000162
0.000665 0.000244 -0.000271
0.000397 -0.000028 -0.000341
0.000093 -0.000292 -0.000370
-0.000200 -0.000517 -0.000371
-0.000438 -0.000670 -0.000344
-0.000602 -0.000747 -0.000295
-0.000680 -0.000744 -0.000227
-0.000675 -0.000659 -0.000161
-0.000620 -0.000529 -0.000093
-0.000537 -0.000373 -0.000029
-0.000440 -0.000207 0.000031
-0.000344 -0.000061 0.000088
-0.000245 0.000066 0.000129
-0.000146 0.000173 0.000150
-0.000052 0.000260 0.000153
0.000029 0.000321 0.000157
0.000101 0.000377 0.000151
0.000163 0.000435 0.000139
0.000214 0.000497 0.000125
0.000257 0.000551 0.000119
0.000300 0.000607 0.000109
0.000339 0.000650 0.000107
0.000371 0.000683 0.000107
0.000386 0.000689 0.000120
0.000379 0.000679 0.000128
0.000350 0.000641 0.000140
0.000308 0.000562 0.000166
0.000272 0.000451 0.000193
0.000253 0.000307 0.000219
0.000253 0.000136 0.000239
0.000259 -0.000061 0.000248
0.000255 -0.000275 0.000245
0.000227 -0.000491 0.000217
0.000165 -0.000689 0.000178
0.000069 -0.000856 0.000122
-0.000057 -0.000988 0.000037
-0.000196 -0.001063 -0.000070
-0.000317 -0.001037 -0.000191
-0.000407 -0.000899 -0.000318
-0.000461 -0.000670 -0.000421
-0.000486 -0.000380 -0.000485
-0.000483 -0.000059 -0.000518
-0.000467 0.000240 -0.000526
-0.000445 0.000463 -0.000507
-0.000419 0.000593 -0.000477
-0.000365 0.000650 -0.000449
-0.000295 0.000622 -0.000426
-0.000203 0.000543 -0.000400
-0.000106 0.000429 -0.000364
-0.000008 0.000313 -0.000327
0.000077 0.000209 -0.000278
0.000141 0.000124 -0.000226
0.000180 0.000053 -0.000176
0.000182 -0.000024 -0.000117
0.000148 -0.000115 -0.000050
0.000091 -0.000208 0.000020
0.000024 -0.000293 0.000091
-0.000051 -0.000366 0.000157
-0.000143 -0.000440 0.000206
-0.000254 -0.000504 0.000233
-0.000374 -0.000533 0.000250
-0.000488 -0.000500 0.000253
-0.000569 -0.000367 0.000251
-0.000608 -0.000165 0.000240
-0.000595 0.000083 0.000230
-0.000538 0.000318 0.000218
-0.000441 0.000510 0.000215
-0.000316 0.000616 0.000197
-0.000169 0.000637 0.000165
-0.000020 0.000560 0.000123
0.000112 0.000411 0.000089
0.000214 0.000242 0.000076
0.000273 0.000067 0.000074
0.000286 -0.000074 0.000082
0.000263 -0.000148 0.000096
0.000222 -0.000124 0.000117
0.000178 -0.000021 0.000140
0.000150 0.000135 0.000160
0.000163 0.000338 0.000168
0.000224 0.000516 0.000157
0.000328 0.000611 0.000128
0.000471 0.000616 0.000085
0.000642 0.000558 0.000027
0.000819 0.000459 -0.000044
0.000972 0.000339 -0.000124
0.001077 0.000233 -0.000208
0.001113 0.000153 -0.000290
0.001071 0.000071 -0.000349
0.000957 -0.000011 -0.000375
0.000791 -0.000084 -0.000368
0.000603 -0.000145 -0.000325
0.000419 -0.000157 -0.000263
0.000254 -0.000120 -0.000189
0.000117 -0.000065 -0.000099
-0.000000 -0.000000 -0.000000
VECTORS ControlTorque float
0.000000 0.000001 -0.000000
0.000000 0.000001 -0.000000
0.000000 0.000001 -0.000000
0.000000 0.000001 -0.000000
0.000000 0.000001 -0.000000
0.000000 0.000001 -0.000000
0.000000 0.000001 -0.000000
-0.000000 0.000000 -0.000000
-0.000000 0.000000 -0.000000
-0.000000 0.000000 -0.000000
-0.000000 0.000000 -0.000001
-0.000001 0.000000 -0.000001
-0.000001 0.000001 -0.000001
-0.000001 0.000000 -0.000001
-0.000001 0.000001 -0.000001
-0.000001 0.000001 -0.000001
-0.000001 0.000001 -0.000001
-0.000000 0.000002 -0.000001
-0.000000 0.000002 -0.000001
-0.000000 0.000002 -0.000001
-0.000000 0.000002 -0.000000
-0.000000 0.000002 -0.000000
-0.000000 0.000002 -0.000000
-0.000000 0.000002 -0.000000
-0.000000 0.000002 -0.000000
-0.000000 0.000002 -0.000000
-0.000000 0.000001 -0.000000
-0.000000 0.000001 -0.000000
-0.000000 0.000001 -0.000000
0.000000 -0.000000 -0.000000
0.000000 0.000000 -0.000000
0.000001 -0.000001 0.000000
0.000001 -0.000001 -0.000000
0.000001 -0.000003 0.000001
0.000001 -0.000001 -0.000000
0.000001 -0.000004 0.000002
0.000001 -0.000001 0.000000
0.000001 -0.000003 0.000002
0.000000 -0.000001 0.000001
0.000000 -0.000002 0.000001
-0.000000 -0.000001 0.000001
-0.000000 -0.000001 0.000001
-0.000001 -0.000001 0.000001
-0.000001 -0.000001 0.000001
-0.000001 -0.000000 0.000001
-0.000001 -0.000001 0.000001
-0.000001 -0.000000 0.000000
-0.000001 -0.000000 0.000000
-0.000000 -0.000001 0.000000
-0.000000 -0.000000 0.000000
-0.000000 -0.000001 0.000000
0.000000 -0.000001 0.000000
0.000000 -0.000001 0.000000
0.000001 -0.000001 0.000000
0.000001 -0.000001 0.000000
0.000001 -0.000001 0.000000
0.000001 -0.000001 0.000001
0.000002 -0.000001 0.000001
0.000002 -0.000002 0.000001
0.000002 -0.000002 0.000001
0.000002 -0.000002 0.000001
0.000003 -0.000002 0.000001
0.000002 -0.000002 0.000001
0.000003 -0.000003 0.000001
0.000001 -0.000001 0.000001
0.000003 -0.000003 0.000001
0.000002 -0.000002 0.000001
0.000001 -0.000002 0.000001
0.000000 -0.000001 0.000001
0.000002 -0.000003 0.000002
-0.000002 0.000000 0.000001
0.000000 -0.000002 0.000002
-0.000001 -0.000000 0.000001
-0.000001 -0.000000 0.000002
-0.000002 0.000002 0.000000
-0.000000 -0.000000 0.000002
-0.000002 0.000002 0.000000
-0.000001 0.000002 0.000000
-0.000001 0.000002 -0.000000
-0.000001 0.000002 -0.000001
-0.000000 0.000000 0.000000
-0.000002 0.000002 -0.000002
-0.000000 0.000000 -0.000000
-0.000001 0.000001 -0.000001
-0.000001 0.000001 -0.000002
-0.000000 0.000000 -0.000000
-0.000001 0.000001 -0.000001
-0.000000 0.000001 -0.000001
-0.000000 0.000001 -0.000001
-0.000000 0.000001 -0.000001
-0.000000 0.000001 -0.000000
-0.000001 0.000001 -0.000001
0.000000 0.000001 0.000000
-0.000001 0.000002 -0.000001
-0.000000 0.000002 -0.000000
-0.000001 0.000002 -0.000001
-0.000000 0.000002 -0.000000
-0.000001 0.000002 -0.000001
-0.000000 0.000003 -0.000001
-0.000001 0.000002 -0.000002
-0.000001 0.000002 -0.000002
-0.000001 0.000002 -0.000002
-0.000001 0.000002 -0.000002
-0.000001 0.000002 -0.000002
-0.000000 0.000001 -0.000002
-0.000000 0.000001 -0.000002
-0.000000 0.000001 -0.000002
-0.000000 0.000001 -0.000002
-0.000000 0.000001 -0.000002
-0.000000 0.000001 -0.000001
-0.000000 0.000001 -0.000002
0.000000 0.000000 -0.000001
0.000000 0.000001 -0.000001
0.000000 0.000000 -0.000001
0.000000 -0.000000 -0.000001
0.000000 -0.000001 -0.000001
0.000000 -0.000001 -0.000000
0.000000 -0.000001 0.000000
0.000000 -0.000002 0.000001
0.000000 -0.000002 0.000001
0.000000 -0.000002 0.000002
-0.000000 -0.000003 0.000002
-0.000000 -0.000002 0.000002
-0.000000 -0.000003 0.000003
-0.000000 -0.000003 0.000003
-0.000001 -0.000003 0.000003
-0.000001 -0.000003 0.000003
-0.000001 -0.000003 0.000003
VECTORS Curvature float
46.281838 -69.568519 3.267713
148.990068 -220.768617 10.848407
324.649934 -469.561693 25.314360
466.556793 -648.534085 41.478630
601.633934 -798.236079 62.141104
725.273433 -921.772220 87.205894
840.049881 -1042.754072 116.362657
904.183244 -1137.416958 149.004633
923.617407 -1244.028764 183.849721
907.314764 -1399.571746 219.756895
821.172696 -1571.801938 255.472648
690.660481 -1793.644067 290.419466
534.387254 -2095.644364 324.234796
360.679340 -2426.291438 356.952598
199.753696 -2805.653067 389.147767
81.182211 -3253.581287 421.038547
19.940595 -3719.084285 452.916457
31.197931 -4224.330654 484.834675
117.790613 -4720.826582 516.346781
278.945394 -5253.784475 547.395359
502.987187 -5782.126386 576.358380
770.998299 -6251.000333 603.074989
1074.328909 -6754.969216 626.214785
1386.863776 -7236.234018 644.081182
1694.055792 -7717.744553 656.193852
1978.932692 -8208.284323 660.581235
2198.748838 -8596.837534 656.650789
2358.912561 -8957.416935 644.704798
2446.194018 -9271.835024 623.612573
2419.377364 -9390.477344 594.494375
2311.804064 -9429.379311 559.183619
2117.127068 -9326.680316 517.384687
1861.378024 -9156.693030 473.040269
1516.960674 -8664.107224 424.335952
1159.835884 -8144.661207 378.350052
810.845811 -7527.857719 330.149630
488.425661 -6813.164264 287.793746
240.973528 -6196.115740 247.279320
65.908057 -5537.193741 213.623723
-18.468838 -5021.147491 184.899288
-17.395582 -4495.037793 162.706104
59.373585 -4044.961038 146.110359
200.755889 -3721.556018 134.826472
382.861048 -3446.177881 127.709218
591.369902 -3200.225611 124.007841
810.960334 -3026.255874 122.554913
1013.476468 -2838.452381 122.532344
1208.438111 -2703.642875 123.118886
1371.546865 -2570.191444 124.013876
1488.167453 -2414.756051 124.767322
1570.349611 -2265.876638 125.498459
1598.904397 -2093.276873 126.376973
1566.406067 -1891.736139 127.705683
1467.015439 -1657.451106 129.903179
1297.500561 -1388.507080 133.335132
1051.142663 -1078.476776 138.308872
723.116080 -721.695758 144.893696
316.123543 -319.764697 152.965951
-168.090118 127.301091 162.148010
-726.699116 618.872971 171.854198
-1335.963519 1138.750054 181.521968
-2018.015884 1714.043933 190.234712
-2687.391835 2283.421907 198.204150
-3420.146234 2931.722510 203.554605
-4054.740282 3533.710627 209.188578
-4631.937539 4153.107592 210.701613
-5314.647019 4947.327512 211.994620
-5705.799083 5569.969096 212.586088
-5843.001869 6039.259715 209.657549
-6108.713914 6771.133243 201.119253
-6087.022919 7265.141092 192.718768
-5810.581429 7593.441063 170.586212
-5596.689904 8051.560684 141.559911
-5199.043772 8345.953420 100.264192
-4616.084143 8310.481958 46.169505
-4060.239928 8315.844306 -13.361989
-3606.941407 8376.809273 -80.063624
-3078.293155 8129.919974 -146.137660
-2646.328443 7879.399305 -210.566252
-2267.848845 7509.485410 -271.536621
-2012.357096 7288.941541 -325.050726
-1780.209693 6867.722303 -376.392200
-1586.860746 6415.686855 -416.411153
-1490.684892 6178.125548 -453.548871
-1344.392442 5645.996797 -483.938452
-1250.996597 5294.679462 -507.458174
-1188.449772 5066.753947 -528.204575
-1091.697125 4737.763191 -543.565734
-991.442146 4476.474049 -555.441739
-865.269333 4224.610949 -563.862050
-709.346469 4018.322746 -569.066593
-499.668369 3723.139278 -571.649190
-244.651569 3517.076514 -570.830705
61.933351 3297.485780 -568.211756
444.144381 2974.692851 -562.600250
868.691597 2637.016613 -555.010500
1355.071213 2231.551097 -545.703839
1835.603703 1772.815227 -534.891938
2372.588470 1263.939098 -524.123127
2867.768600 709.186408 -512.911086
3244.305151 72.101563 -503.479312
3599.822253 -569.589974 -495.896560
3873.197323 -1227.856305 -491.557072
4170.144640 -1912.188530 -490.771983
4388.676643 -2571.179155 -494.303930
4532.937508 -3175.195581 -501.716255
4692.094715 -3754.745824 -512.783167
4850.783801 -4290.445484 -526.786112
5049.480995 -4814.573813 -542.518041
5225.171262 -5272.616982 -559.929850
5411.874852 -5714.751626 -576.430080
5571.784800 -6119.903332 -593.496167
5636.273439 -6434.823149 -608.258907
5670.733581 -6745.151699 -620.998700
5607.260289 -6976.292216 -630.762751
5446.863593 -7115.006397 -635.469619
5202.883124 -7153.777586 -633.981387
4874.847963 -7061.078759 -623.994940
4491.911772 -6847.198219 -603.909479
4045.471054 -6473.520520 -572.689974
3567.941748 -5973.774689 -529.321662
3058.777985 -5338.375816 -475.043304
2537.738219 -4597.139111 -410.225801
2015.597042 -3771.383034 -337.564775
1495.345895 -2872.017371 -257.631121
1001.266155 -1960.476454 -176.111810
451.141267 -893.308876 -81.106760
144.642494 -286.592521 -24.976233
VECTORS LocalRotation float
-0.048103 0.732795 -0.068273
-0.047217 0.731478 -0.068209
-0.045081 0.728365 -0.068046
-0.041514 0.723324 -0.067745
-0.036668 0.716760 -0.067275
-0.030640 0.708947 -0.066596
-0.023549 0.700048 -0.065674
-0.015696 0.690232 -0.064479
-0.007392 0.679412 -0.062967
0.000886 0.667460 -0.061142
0.008703 0.654022 -0.058993
0.015564 0.638749 -0.056516
0.021117 0.621120 -0.053730
0.025157 0.600710 -0.050655
0.027698 0.576982 -0.047271
0.028970 0.549565 -0.043605
0.029427 0.518001 -0.039649
0.029659 0.482034 -0.035403
0.030333 0.441538 -0.030870
0.032133 0.396302 -0.026046
0.035666 0.346435 -0.020968
0.041435 0.291943 -0.015627
0.049801 0.232981 -0.010054
0.060946 0.169624 -0.004302
0.074907 0.101859 0.001590
0.091512 0.029864 0.007543
0.110391 -0.046080 0.013495
0.131035 -0.125593 0.019390
0.152769 -0.208046 0.025127
0.174798 -0.292539 0.030642
0.196287 -0.378019 0.035882
0.216367 -0.463057 0.040763
0.234398 -0.546826 0.045251
0.249622 -0.627129 0.049295
0.261795 -0.703573 0.052946
0.270667 -0.774129 0.056135
0.276579 -0.839388 0.058947
0.279872 -0.898114 0.061363
0.281266 -0.951399 0.063456
0.281480 -0.999073 0.065255
0.281318 -1.042100 0.066827
0.281508 -1.080794 0.068226
0.282690 -1.116087 0.069503
0.285325 -1.148444 0.070688
0.289742 -1.178582 0.071829
0.296078 -1.206713 0.072943
0.304336 -1.233258 0.074053
0.314415 -1.258399 0.075167
0.326076 -1.282235 0.076284
0.339035 -1.304824 0.077411
0.352895 -1.326036 0.078545
0.367243 -1.345770 0.079686
0.381571 -1.363810 0.080836
0.395304 -1.379877 0.082002
0.407824 -1.393672 0.083194
0.418453 -1.404836 0.084424
0.426486 -1.412986 0.085706
0.431192 -1.417702 0.087055
0.431862 -1.418574 0.088482
0.427811 -1.415196 0.089994
0.418470 -1.407236 0.091594
0.403256 -1.394296 0.093280
0.382009 -1.376245 0.095034
0.354267 -1.352556 0.096859
0.320616 -1.323450 0.098717
0.280933 -1.288335 0.100636
0.235978 -1.247204 0.102546
0.186464 -1.199950 0.104454
0.134012 -1.147224 0.106371
0.079474 -1.088768 0.108246
0.024631 -1.025648 0.110017
-0.029612 -0.957905 0.111673
-0.081251 -0.887082 0.113086
-0.129922 -0.813158 0.114176
-0.174097 -0.738191 0.114836
-0.213638 -0.662419 0.114985
-0.248195 -0.587183 0.114564
-0.278390 -0.512629 0.113542
-0.304308 -0.440148 0.111927
-0.326604 -0.370327 0.109740
-0.346058 -0.303065 0.107028
-0.363114 -0.239399 0.103874
-0.378468 -0.178829 0.100259
-0.392346 -0.122034 0.096335
-0.405142 -0.068670 0.092104
-0.417004 -0.018664 0.087573
-0.428025 0.028145 0.082894
-0.438332 0.072466 0.078050
-0.447754 0.114141 0.073079
-0.456152 0.153498 0.068016
-0.463272 0.190769 0.062893
-0.468733 0.225738 0.057741
-0.472130 0.258785 0.052526
-0.472952 0.289423 0.047405
-0.470657 0.317864 0.042277
-0.464731 0.343197 0.037232
-0.454618 0.365338 0.032226
-0.440184 0.383453 0.027338
-0.421003 0.397294 0.022511
-0.397517 0.406137 0.017863
-0.369841 0.409675 0.013261
-0.338843 0.407422 0.008735
-0.304844 0.399244 0.004242
-0.268325 0.384987 -0.000218
-0.229727 0.364768 -0.004660
-0.189386 0.338785 -0.009164
-0.147615 0.307406 -0.013758
-0.104363 0.270942 -0.018470
-0.059484 0.229668 -0.023317
-0.012998 0.184030 -0.028305
0.035233 0.134211 -0.033457
0.084868 0.080731 -0.038744
0.135645 0.023852 -0.044188
0.186891 -0.035882 -0.049760
0.237942 -0.097994 -0.055426
0.287999 -0.161804 -0.061160
0.336204 -0.226390 -0.066906
0.381833 -0.290751 -0.072602
0.424242 -0.353723 -0.078161
0.462880 -0.414009 -0.083486
0.497376 -0.470406 -0.088479
0.527364 -0.521597 -0.093024
0.552732 -0.566634 -0.097037
0.573330 -0.604490 -0.100420
0.589241 -0.634597 -0.103117
0.600520 -0.656429 -0.105077
0.607111 -0.669379 -0.106244
0.609802 -0.674710 -0.106723
VECTORS q1 float
-0.545446 -0.679249 -0.491029
-0.544609 -0.679433 -0.491703
-0.542149 -0.679966 -0.493680
-0.538249 -0.680781 -0.496816
-0.533168 -0.681777 -0.500911
-0.527115 -0.682869 -0.505805
-0.520231 -0.683992 -0.511385
-0.512555 -0.685108 -0.517604
-0.504165 -0.686161 -0.524405
-0.494761 -0.687209 -0.531935
-0.484109 -0.688274 -0.540294
-0.471875 -0.689384 -0.549621
-0.457568 -0.690591 -0.560103
-0.440654 -0.691913 -0.571910
-0.420806 -0.693248 -0.585089
-0.397390 -0.694527 -0.599761
-0.370020 -0.695544 -0.615877
-0.338312 -0.696042 -0.633302
-0.301953 -0.695705 -0.651781
-0.260818 -0.694167 -0.670899
-0.214551 -0.691080 -0.690200
-0.163395 -0.686051 -0.708968
-0.107341 -0.678746 -0.726486
-0.046374 -0.668855 -0.741945
0.019178 -0.656106 -0.754425
0.089175 -0.640251 -0.762972
0.162901 -0.621129 -0.766591
0.239295 -0.598701 -0.764392
0.317450 -0.572972 -0.755598
0.395651 -0.544205 -0.739798
0.471961 -0.512882 -0.717081
0.544934 -0.479510 -0.687834
0.612773 -0.444888 -0.653134
0.674485 -0.409704 -0.614177
0.728370 -0.375234 -0.573303
0.775241 -0.341665 -0.531287
0.814389 -0.310147 -0.490489
0.847214 -0.280541 -0.451138
0.874089 -0.253359 -0.414460
0.896254 -0.228307 -0.380268
0.914412 -0.205401 -0.348799
0.929337 -0.184439 -0.319868
0.941676 -0.165189 -0.293189
0.952054 -0.147251 -0.268161
0.960749 -0.130592 -0.244758
0.968135 -0.114921 -0.222505
0.974389 -0.100193 -0.201316
0.979676 -0.086337 -0.181053
0.984145 -0.073258 -0.161530
0.987855 -0.061038 -0.142889
0.990889 -0.049694 -0.125174
0.993317 -0.039280 -0.108525
0.995201 -0.029875 -0.093184
0.996607 -0.021556 -0.079433
0.997608 -0.014397 -0.067602
0.998278 -0.008467 -0.058048
0.998682 -0.003855 -0.051187
0.998874 -0.000654 -0.047435
0.998885 0.001018 -0.047204
0.998705 0.001007 -0.050869
0.998273 -0.000886 -0.058739
0.997462 -0.004915 -0.071034
0.996058 -0.011468 -0.087963
0.993778 -0.020864 -0.109403
0.990191 -0.033806 -0.135570
0.984892 -0.050458 -0.165655
0.977168 -0.071889 -0.199939
0.966349 -0.098553 -0.237607
0.951953 -0.130288 -0.277148
0.933325 -0.167349 -0.317644
0.909544 -0.210337 -0.358451
0.880956 -0.257408 -0.397062
0.846950 -0.308655 -0.432906
0.807768 -0.362780 -0.464653
0.763939 -0.418333 -0.491320
0.716817 -0.473201 -0.512108
0.666120 -0.527437 -0.527346
0.613387 -0.579240 -0.536878
0.559610 -0.627749 -0.541080
0.505726 -0.672384 -0.540501
0.452583 -0.712818 -0.535779
0.400220 -0.749353 -0.527535
0.350537 -0.781250 -0.516500
0.302622 -0.809473 -0.503164
0.257295 -0.833998 -0.488105
0.215192 -0.854995 -0.471885
0.175144 -0.873282 -0.454647
0.137566 -0.888997 -0.436761
0.102299 -0.902461 -0.418447
0.069174 -0.913951 -0.399886
0.038058 -0.923689 -0.381248
0.008863 -0.931862 -0.362705
-0.018039 -0.938585 -0.344575
-0.043373 -0.944078 -0.326856
-0.066250 -0.948411 -0.310046
-0.086758 -0.951746 -0.294368
-0.104237 -0.954249 -0.280257
-0.118527 -0.956106 -0.267979
-0.128915 -0.957542 -0.257864
-0.135242 -0.958740 -0.250054
-0.136752 -0.959936 -0.244584
-0.133110 -0.961266 -0.241347
-0.124004 -0.962812 -0.240033
-0.109197 -0.964549 -0.240252
-0.088536 -0.966355 -0.241492
-0.062259 -0.968018 -0.243032
-0.030562 -0.969240 -0.244212
0.006233 -0.969665 -0.244357
0.047733 -0.968898 -0.242812
0.093528 -0.966517 -0.238951
0.142851 -0.962131 -0.232158
0.195310 -0.955304 -0.221918
0.249807 -0.945738 -0.207790
0.305542 -0.933134 -0.189485
0.361556 -0.917293 -0.166886
0.416595 -0.898223 -0.140157
0.469499 -0.876088 -0.109727
0.519058 -0.851321 -0.076360
0.564266 -0.824571 -0.041079
0.604353 -0.796700 -0.005110
0.638778 -0.768800 0.030156
0.667490 -0.741911 0.063446
0.690551 -0.717219 0.093465
0.708441 -0.695617 0.119280
0.721578 -0.678026 0.140023
0.730549 -0.664986 0.155219
0.735708 -0.657037 0.164426
0.737402 -0.654351 0.167522
VECTORS q2 float
-0.299506 0.705130 -0.642720
-0.298905 0.705017 -0.643123
-0.297103 0.704685 -0.644321
-0.294128 0.704165 -0.646251
-0.290034 0.703507 -0.648813
-0.284859 0.702759 -0.651909
-0.278675 0.701976 -0.655416
-0.271630 0.701223 -0.659169
-0.264073 0.700628 -0.662861
-0.256270 0.700258 -0.666307
-0.248658 0.700230 -0.669214
-0.241668 0.700648 -0.671334
-0.235628 0.701567 -0.672520
-0.230755 0.703000 -0.672714
-0.227107 0.704944 -0.671920
-0.224517 0.707307 -0.670305
-0.222640 0.710000 -0.668080
-0.220983 0.712928 -0.665507
-0.218968 0.716028 -0.662840
-0.215990 0.719296 -0.660274
-0.211479 0.722762 -0.657945
-0.204972 0.726552 -0.655827
-0.196136 0.730804 -0.653801
-0.184791 0.735668 -0.651647
-0.170993 0.741294 -0.649033
-0.154942 0.747781 -0.645613
-0.137127 0.755175 -0.641020
-0.118256 0.763433 -0.634969
-0.099054 0.772418 -0.627342
-0.080466 0.781890 -0.618202
-0.063419 0.791510 -0.607857
-0.048567 0.800908 -0.596814
-0.036480 0.809675 -0.585743
-0.027333 0.817465 -0.575330
-0.021275 0.823925 -0.566300
-0.017763 0.828966 -0.559017
-0.016453 0.832525 -0.553743
-0.016627 0.834779 -0.550334
-0.017746 0.835986 -0.548464
-0.019259 0.836506 -0.547619
-0.020772 0.836744 -0.547199
-0.022005 0.837098 -0.546611
-0.022798 0.837915 -0.545325
-0.023081 0.839472 -0.542912
-0.022897 0.841933 -0.539096
-0.022305 0.845390 -0.533684
-0.021427 0.849810 -0.526653
-0.020385 0.855099 -0.518064
-0.019281 0.861131 -0.508017
-0.018248 0.867673 -0.496800
-0.017369 0.874518 -0.484682
-0.016715 0.881430 -0.472019
-0.016341 0.888150 -0.459263
-0.016276 0.894422 -0.446927
-0.016530 0.899991 -0.435594
-0.017092 0.904614 -0.425888
-0.017945 0.908042 -0.418494
-0.019070 0.910032 -0.414099
-0.020462 0.910333 -0.413370
-0.022152 0.908671 -0.416926
-0.024220 0.904739 -0.425278
-0.026821 0.898197 -0.438774
-0.030186 0.888615 -0.457659
-0.034637 0.875689 -0.481631
-0.040594 0.858827 -0.510655
-0.048443 0.838136 -0.543306
-0.058738 0.812946 -0.579369
-0.071894 0.783411 -0.617332
-0.087996 0.750453 -0.655040
-0.107093 0.714687 -0.691197
-0.129295 0.676473 -0.725029
-0.153525 0.638233 -0.754379
-0.179408 0.600563 -0.779190
-0.205964 0.564859 -0.799070
-0.232176 0.532212 -0.814153
-0.256805 0.503658 -0.824852
-0.279806 0.478686 -0.832207
-0.300537 0.457449 -0.836910
-0.318915 0.439493 -0.839726
-0.335090 0.424231 -0.841275
-0.349355 0.411068 -0.842006
-0.362267 0.399393 -0.842168
-0.373782 0.388964 -0.842018
-0.384537 0.379351 -0.841561
-0.394583 0.370408 -0.840893
-0.403912 0.362015 -0.840119
-0.412870 0.354073 -0.839149
-0.421321 0.346553 -0.838087
-0.429184 0.339446 -0.837005
-0.436300 0.332762 -0.836009
-0.442424 0.326517 -0.835253
-0.447240 0.320724 -0.834933
-0.450307 0.315326 -0.835340
-0.451245 0.310403 -0.836677
-0.449531 0.305777 -0.839299
-0.444633 0.301412 -0.843476
-0.436167 0.297109 -0.849403
-0.423678 0.292778 -0.857192
-0.407170 0.288215 -0.866686
-0.386196 0.283420 -0.877796
-0.361526 0.278237 -0.889878
-0.333244 0.272745 -0.902529
-0.301895 0.267040 -0.915177
-0.267688 0.261303 -0.927396
-0.230809 0.255749 -0.938786
-0.191869 0.250571 -0.948894
-0.150974 0.245999 -0.957440
-0.108159 0.242275 -0.964160
-0.063396 0.239661 -0.968785
-0.016636 0.238452 -0.971012
0.031743 0.238897 -0.970526
0.081599 0.241319 -0.967009
0.131990 0.245849 -0.960280
0.182124 0.252600 -0.950276
0.231035 0.261559 -0.937129
0.277600 0.272499 -0.921240
0.320922 0.285103 -0.903175
0.360248 0.298908 -0.883671
0.395115 0.313402 -0.863518
0.425313 0.328040 -0.843504
0.450805 0.342227 -0.824412
0.471815 0.355487 -0.806858
0.488607 0.367304 -0.791424
0.501609 0.377374 -0.778445
0.511194 0.385381 -0.768220
0.517759 0.391214 -0.760840
0.521566 0.394721 -0.756415
0.522816 0.395900 -0.754935
VECTORS q3 float
0.782806 -0.203503 -0.588049
0.783618 -0.203279 -0.587044
0.786005 -0.202645 -0.584064
0.789796 -0.201716 -0.579252
0.794740 -0.200645 -0.572826
0.800628 -0.199548 -0.564956
0.807279 -0.198457 -0.555801
0.814558 -0.197263 -0.545511
0.822243 -0.195710 -0.534429
0.830384 -0.193344 -0.522572
0.838933 -0.189624 -0.510132
0.847898 -0.183960 -0.497221
0.857386 -0.175748 -0.483737
0.867511 -0.164464 -0.469442
0.878262 -0.149871 -0.454086
0.889760 -0.131716 -0.437010
0.901952 -0.110085 -0.417570
0.914719 -0.085200 -0.395005
0.927835 -0.057427 -0.368544
0.940916 -0.027304 -0.337538
0.953543 0.004799 -0.301218
0.965033 0.038160 -0.259337
0.974684 0.072310 -0.211572
0.981683 0.106886 -0.157715
0.985086 0.141448 -0.097973
0.983891 0.175789 -0.032518
0.977067 0.209543 0.037845
0.963719 0.242339 0.111885
0.943087 0.273995 0.188449
0.914869 0.304121 0.265566
0.879336 0.332362 0.341035
0.837071 0.358630 0.413154
0.789416 0.382754 0.479918
0.737783 0.404838 0.540169
0.684853 0.424673 0.592139
0.631415 0.442810 0.636580
0.580086 0.459032 0.672896
0.530992 0.473752 0.702572
0.485441 0.486761 0.726230
0.443122 0.498129 0.745325
0.404251 0.507611 0.760862
0.368577 0.515024 0.773887
0.335749 0.520203 0.785278
0.305058 0.523071 0.795824
0.276472 0.523540 0.805897
0.249435 0.521641 0.815888
0.223847 0.517478 0.825899
0.199547 0.511226 0.835960
0.176314 0.503077 0.846065
0.154305 0.493373 0.856022
0.133553 0.482441 0.865687
0.114198 0.470679 0.874883
0.096482 0.458582 0.883399
0.080680 0.446704 0.891037
0.067112 0.435670 0.897601
0.056117 0.426147 0.902912
0.048093 0.418861 0.906776
0.043438 0.414537 0.908995
0.042551 0.413875 0.909339
0.045803 0.417512 0.907516
0.053521 0.425966 0.903155
0.065959 0.439566 0.895785
0.083413 0.458510 0.884766
0.105852 0.482424 0.869518
0.133694 0.511150 0.849030
0.166256 0.543123 0.823029
0.204190 0.577884 0.790162
0.246984 0.613641 0.749963
0.293331 0.647955 0.702931
0.342687 0.679130 0.649113
0.394983 0.705792 0.588087
0.447601 0.725534 0.522737
0.500489 0.737602 0.453272
0.552349 0.741165 0.381555
0.602073 0.736036 0.309451
0.648247 0.722780 0.239510
0.691370 0.701904 0.171282
0.730366 0.674701 0.106510
0.764938 0.642477 0.045746
0.794957 0.606570 -0.010764
0.820438 0.568255 -0.062984
0.841776 0.528161 -0.111620
0.858726 0.488217 -0.155671
0.872096 0.448159 -0.196472
0.882102 0.408955 -0.233778
0.889127 0.371387 -0.267440
0.893791 0.334682 -0.298538
0.896418 0.299309 -0.326879
0.897405 0.265216 -0.352597
0.897138 0.232301 -0.375738
0.895998 0.200461 -0.396236
0.894370 0.169616 -0.413923
0.892691 0.140096 -0.428340
0.891345 0.111203 -0.439474
0.890805 0.083771 -0.446598
0.891501 0.057707 -0.449328
0.893808 0.033699 -0.447181
0.898025 0.011937 -0.439783
0.904209 -0.006734 -0.427037
0.912449 -0.022145 -0.408591
0.922279 -0.033269 -0.385091
0.933397 -0.039708 -0.356642
0.945242 -0.041021 -0.323782
0.957298 -0.036956 -0.286732
0.968963 -0.027378 -0.245686
0.979444 -0.012447 -0.201333
0.988065 0.007608 -0.153848
0.994114 0.032439 -0.103368
0.996846 0.061636 -0.049984
0.995478 0.094792 0.006223
0.989235 0.131272 0.064667
0.977341 0.170758 0.125084
0.959258 0.212458 0.186243
0.934599 0.255840 0.247126
0.903272 0.300268 0.306495
0.865671 0.344877 0.362868
0.822545 0.388826 0.415011
0.775113 0.431168 0.461837
0.724906 0.471022 0.502643
0.673696 0.507601 0.537099
0.623488 0.540211 0.565186
0.576062 0.568504 0.587329
0.533294 0.592186 0.604080
0.496486 0.611315 0.616276
0.466911 0.625910 0.624685
0.445224 0.636197 0.630103
0.432090 0.642260 0.633087
0.427671 0.644273 0.634042
