# vtk DataFile Version 2.0
VTK example
ASCII
DATASET UNSTRUCTURED_GRID
POINTS  128  float
-0.000324 -0.000082 -0.000114
-0.000317 -0.000083 -0.000119
-0.000311 -0.000084 -0.000125
-0.000304 -0.000085 -0.000131
-0.000297 -0.000087 -0.000137
-0.000290 -0.000088 -0.000142
-0.000283 -0.000089 -0.000148
-0.000275 -0.000090 -0.000153
-0.000268 -0.000091 -0.000158
-0.000261 -0.000093 -0.000164
-0.000253 -0.000094 -0.000169
-0.000246 -0.000095 -0.000174
-0.000238 -0.000097 -0.000178
-0.000231 -0.000098 -0.000183
-0.000223 -0.000099 -0.000188
-0.000215 -0.000100 -0.000192
-0.000207 -0.000101 -0.000196
-0.000199 -0.000102 -0.000201
-0.000191 -0.000103 -0.000205
-0.000183 -0.000103 -0.000208
-0.000175 -0.000104 -0.000212
-0.000166 -0.000104 -0.000215
-0.000158 -0.000104 -0.000218
-0.000149 -0.000104 -0.000220
-0.000140 -0.000104 -0.000222
-0.000131 -0.000103 -0.000224
-0.000122 -0.000102 -0.000225
-0.000113 -0.000101 -0.000226
-0.000104 -0.000100 -0.000225
-0.000095 -0.000099 -0.000225
-0.000087 -0.000097 -0.000223
-0.000078 -0.000095 -0.000221
-0.000070 -0.000092 -0.000218
-0.000062 -0.000090 -0.000215
-0.000054 -0.000087 -0.000210
-0.000047 -0.000084 -0.000206
-0.000041 -0.000080 -0.000201
-0.000035 -0.000077 -0.000195
-0.000029 -0.000073 -0.000189
-0.000024 -0.000069 -0.000183
-0.000019 -0.000065 -0.000177
-0.000014 -0.000060 -0.000170
-0.000010 -0.000056 -0.000163
-0.000007 -0.000051 -0.000156
-0.000003 -0.000047 -0.000150
0.000000 -0.000042 -0.000143
0.000003 -0.000037 -0.000135
0.000006 -0.000032 -0.000128
0.000008 -0.000027 -0.000121
0.000010 -0.000022 -0.000114
0.000012 -0.000017 -0.000106
0.000014 -0.000013 -0.000099
0.000015 -0.000008 -0.000091
0.000017 -0.000004 -0.000083
0.000018 0.000001 -0.000076
0.000019 0.000005 -0.000068
0.000020 0.000009 -0.000060
0.000020 0.000013 -0.000051
0.000021 0.000017 -0.000043
0.000021 0.000021 -0.000035
0.000021 0.000024 -0.000027
0.000022 0.000028 -0.000018
0.000022 0.000032 -0.000010
0.000022 0.000036 -0.000002
0.000022 0.000040 0.000006
0.000023 0.000044 0.000014
0.000024 0.000048 0.000022
0.000024 0.000053 0.000030
0.000025 0.000058 0.000037
0.000027 0.000064 0.000044
0.000029 0.000069 0.000051
0.000031 0.000075 0.000058
0.000034 0.000081 0.000064
0.000037 0.000088 0.000069
0.000041 0.000094 0.000074
0.000045 0.000101 0.000078
0.000050 0.000108 0.000082
0.000055 0.000114 0.000085
0.000061 0.000120 0.000087
0.000068 0.000127 0.000089
0.000075 0.000132 0.000090
0.000082 0.000138 0.000091
0.000089 0.000143 0.000091
0.000097 0.000148 0.000090
0.000105 0.000152 0.000089
0.000113 0.000157 0.000088
0.000121 0.000160 0.000086
0.000129 0.000164 0.000084
0.000137 0.000167 0.000082
0.000145 0.000170 0.000079
0.000153 0.000172 0.000076
0.000161 0.000175 0.000073
0.000170 0.000177 0.000069
0.000178 0.000179 0.000066
0.000186 0.000180 0.000062
0.000194 0.000182 0.000058
0.000202 0.000183 0.000055
0.000210 0.000184 0.000051
0.000218 0.000185 0.000047
0.000226 0.000185 0.000043
0.000234 0.000186 0.000038
0.000242 0.000186 0.000034
0.000251 0.000186 0.000031
0.000259 0.000186 0.000027
0.000267 0.000185 0.000023
0.000275 0.000185 0.000020
0.000284 0.000185 0.000017
0.000292 0.000185 0.000014
0.000301 0.000185 0.000011
0.000310 0.000185 0.000009
0.000319 0.000185 0.000008
0.000328 0.000185 0.000007
0.000337 0.000186 0.000007
0.000346 0.000187 0.000007
0.000355 0.000189 0.000008
0.000364 0.000190 0.000010
0.000372 0.000192 0.000012
0.000380 0.000195 0.000015
0.000388 0.000198 0.000019
0.000396 0.000201 0.000023
0.000403 0.000204 0.000027
0.000410 0.000208 0.000032
0.000416 0.000212 0.000036
0.000423 0.000216 0.000041
0.000429 0.000220 0.000047
0.000435 0.000224 0.000052
0.000441 0.000228 0.000057
0.000447 0.000233 0.000063
CELLS  127 381
2 0 1 
2 1 2 
2 2 3 
2 3 4 
2 4 5 
2 5 6 
2 6 7 
2 7 8 
2 8 9 
2 9 10 
2 10 11 
2 11 12 
2 12 13 
2 13 14 
2 14 15 
2 15 16 
2 16 17 
2 17 18 
2 18 19 
2 19 20 
2 20 21 
2 21 22 
2 22 23 
2 23 24 
2 24 25 
2 25 26 
2 26 27 
2 27 28 
2 28 29 
2 29 30 
2 30 31 
2 31 32 
2 32 33 
2 33 34 
2 34 35 
2 35 36 
2 36 37 
2 37 38 
2 38 39 
2 39 40 
2 40 41 
2 41 42 
2 42 43 
2 43 44 
2 44 45 
2 45 46 
2 46 47 
2 47 48 
2 48 49 
2 49 50 
2 50 51 
2 51 52 
2 52 53 
2 53 54 
2 54 55 
2 55 56 
2 56 57 
2 57 58 
2 58 59 
2 59 60 
2 60 61 
2 61 62 
2 62 63 
2 63 64 
2 64 65 
2 65 66 
2 66 67 
2 67 68 
2 68 69 
2 69 70 
2 70 71 
2 71 72 
2 72 73 
2 73 74 
2 74 75 
2 75 76 
2 76 77 
2 77 78 
2 78 79 
2 79 80 
2 80 81 
2 81 82 
2 82 83 
2 83 84 
2 84 85 
2 85 86 
2 86 87 
2 87 88 
2 88 89 
2 89 90 
2 90 91 
2 91 92 
2 92 93 
2 93 94 
2 94 95 
2 95 96 
2 96 97 
2 97 98 
2 98 99 
2 99 100 
2 100 101 
2 101 102 
2 102 103 
2 103 104 
2 104 105 
2 105 106 
2 106 107 
2 107 108 
2 108 109 
2 109 110 
2 110 111 
2 111 112 
2 112 113 
2 113 114 
2 114 115 
2 115 116 
2 116 117 
2 117 118 
2 118 119 
2 119 120 
2 120 121 
2 121 122 
2 122 123 
2 123 124 
2 124 125 
2 125 126 
2 126 127 
CELL_TYPES  127
3
3
3
3
3
3
3
3
3
3
3
3
3
3
3
3
3
3
3
3
3
3
3
3
3
3
3
3
3
3
3
3
3
3
3
3
3
3
3
3
3
3
3
3
3
3
3
3
3
3
3
3
3
3
3
3
3
3
3
3
3
3
3
3
3
3
3
3
3
3
3
3
3
3
3
3
3
3
3
3
3
3
3
3
3
3
3
3
3
3
3
3
3
3
3
3
3
3
3
3
3
3
3
3
3
3
3
3
3
3
3
3
3
3
3
3
3
3
3
3
3
3
3
3
3
3
3
POINT_DATA  128
VECTORS Position float
-0.000324 -0.000082 -0.000114
-0.000317 -0.000083 -0.000119
-0.000311 -0.000084 -0.000125
-0.000304 -0.000085 -0.000131
-0.000297 -0.000087 -0.000137
-0.000290 -0.000088 -0.000142
-0.000283 -0.000089 -0.000148
-0.000275 -0.000090 -0.000153
-0.000268 -0.000091 -0.000158
-0.000261 -0.000093 -0.000164
-0.000253 -0.000094 -0.000169
-0.000246 -0.000095 -0.000174
-0.000238 -0.000097 -0.000178
-0.000231 -0.000098 -0.000183
-0.000223 -0.000099 -0.000188
-0.000215 -0.000100 -0.000192
-0.000207 -0.000101 -0.000196
-0.000199 -0.000102 -0.000201
-0.000191 -0.000103 -0.000205
-0.000183 -0.000103 -0.000208
-0.000175 -0.000104 -0.000212
-0.000166 -0.000104 -0.000215
-0.000158 -0.000104 -0.000218
-0.000149 -0.000104 -0.000220
-0.000140 -0.000104 -0.000222
-0.000131 -0.000103 -0.000224
-0.000122 -0.000102 -0.000225
-0.000113 -0.000101 -0.000226
-0.000104 -0.000100 -0.000225
-0.000095 -0.000099 -0.000225
-0.000087 -0.000097 -0.000223
-0.000078 -0.000095 -0.000221
-0.000070 -0.000092 -0.000218
-0.000062 -0.000090 -0.000215
-0.000054 -0.000087 -0.000210
-0.000047 -0.000084 -0.000206
-0.000041 -0.000080 -0.000201
-0.000035 -0.000077 -0.000195
-0.000029 -0.000073 -0.000189
-0.000024 -0.000069 -0.000183
-0.000019 -0.000065 -0.000177
-0.000014 -0.000060 -0.000170
-0.000010 -0.000056 -0.000163
-0.000007 -0.000051 -0.000156
-0.000003 -0.000047 -0.000150
0.000000 -0.000042 -0.000143
0.000003 -0.000037 -0.000135
0.000006 -0.000032 -0.000128
0.000008 -0.000027 -0.000121
0.000010 -0.000022 -0.000114
0.000012 -0.000017 -0.000106
0.000014 -0.000013 -0.000099
0.000015 -0.000008 -0.000091
0.000017 -0.000004 -0.000083
0.000018 0.000001 -0.000076
0.000019 0.000005 -0.000068
0.000020 0.000009 -0.000060
0.000020 0.000013 -0.000051
0.000021 0.000017 -0.000043
0.000021 0.000021 -0.000035
0.000021 0.000024 -0.000027
0.000022 0.000028 -0.000018
0.000022 0.000032 -0.000010
0.000022 0.000036 -0.000002
0.000022 0.000040 0.000006
0.000023 0.000044 0.000014
0.000024 0.000048 0.000022
0.000024 0.000053 0.000030
0.000025 0.000058 0.000037
0.000027 0.000064 0.000044
0.000029 0.000069 0.000051
0.000031 0.000075 0.000058
0.000034 0.000081 0.000064
0.000037 0.000088 0.000069
0.000041 0.000094 0.000074
0.000045 0.000101 0.000078
0.000050 0.000108 0.000082
0.000055 0.000114 0.000085
0.000061 0.000120 0.000087
0.000068 0.000127 0.000089
0.000075 0.000132 0.000090
0.000082 0.000138 0.000091
0.000089 0.000143 0.000091
0.000097 0.000148 0.000090
0.000105 0.000152 0.000089
0.000113 0.000157 0.000088
0.000121 0.000160 0.000086
0.000129 0.000164 0.000084
0.000137 0.000167 0.000082
0.000145 0.000170 0.000079
0.000153 0.000172 0.000076
0.000161 0.000175 0.000073
0.000170 0.000177 0.000069
0.000178 0.000179 0.000066
0.000186 0.000180 0.000062
0.000194 0.000182 0.000058
0.000202 0.000183 0.000055
0.000210 0.000184 0.000051
0.000218 0.000185 0.000047
0.000226 0.000185 0.000043
0.000234 0.000186 0.000038
0.000242 0.000186 0.000034
0.000251 0.000186 0.000031
0.000259 0.000186 0.000027
0.000267 0.000185 0.000023
0.000275 0.000185 0.000020
0.000284 0.000185 0.000017
0.000292 0.000185 0.000014
0.000301 0.000185 0.000011
0.000310 0.000185 0.000009
0.000319 0.000185 0.000008
0.000328 0.000185 0.000007
0.000337 0.000186 0.000007
0.000346 0.000187 0.000007
0.000355 0.000189 0.000008
0.000364 0.000190 0.000010
0.000372 0.000192 0.000012
0.000380 0.000195 0.000015
0.000388 0.000198 0.000019
0.000396 0.000201 0.000023
0.000403 0.000204 0.000027
0.000410 0.000208 0.000032
0.000416 0.000212 0.000036
0.000423 0.000216 0.000041
0.000429 0.000220 0.000047
0.000435 0.000224 0.000052
0.000441 0.000228 0.000057
0.000447 0.000233 0.000063
VECTORS Rotation float
0.757324 -0.116906 -2.269227
0.757384 -0.117438 -2.267757
0.757563 -0.119010 -2.263419
0.757848 -0.121521 -2.256474
0.758206 -0.124797 -2.247329
0.758618 -0.128629 -2.236360
0.759060 -0.132746 -2.223942
0.759512 -0.136820 -2.210403
0.759888 -0.140396 -2.196241
0.760204 -0.143102 -2.181438
0.760413 -0.144492 -2.166131
0.760476 -0.144156 -2.150327
0.760387 -0.141744 -2.133825
0.760134 -0.136982 -2.116385
0.759631 -0.129760 -2.097935
0.758863 -0.119998 -2.078090
0.757747 -0.107802 -2.056632
0.756198 -0.093350 -2.033251
0.754121 -0.076885 -2.007566
0.751386 -0.058726 -1.979187
0.747889 -0.039057 -1.947464
0.743424 -0.018236 -1.912050
0.737806 0.003579 -1.872369
0.730825 0.026345 -1.827805
0.722218 0.050015 -1.777981
0.711727 0.074735 -1.722398
0.699058 0.100555 -1.660996
0.683943 0.127499 -1.594005
0.666151 0.155689 -1.521515
0.645534 0.184982 -1.444340
0.622081 0.215109 -1.363603
0.595862 0.245904 -1.280086
0.567158 0.276918 -1.195265
0.536294 0.307865 -1.110130
0.504140 0.337880 -1.027406
0.470964 0.367207 -0.946819
0.437926 0.394989 -0.871158
0.405239 0.421604 -0.799814
0.373757 0.446577 -0.734254
0.343573 0.470119 -0.673815
0.315038 0.491931 -0.618714
0.288217 0.511812 -0.568535
0.263057 0.529479 -0.522715
0.239204 0.544740 -0.480166
0.216691 0.557022 -0.440728
0.195186 0.566031 -0.403516
0.174636 0.571384 -0.368269
0.154941 0.572870 -0.334632
0.135941 0.570434 -0.302152
0.117724 0.564200 -0.270871
0.100280 0.554451 -0.240642
0.083660 0.541645 -0.211455
0.067968 0.526426 -0.183442
0.053307 0.509564 -0.156787
0.039782 0.491936 -0.131737
0.027472 0.474466 -0.108558
0.016462 0.458161 -0.087616
0.006810 0.444001 -0.069271
-0.001435 0.432926 -0.053899
-0.008218 0.425795 -0.041885
-0.013456 0.423369 -0.033634
-0.017012 0.426270 -0.029572
-0.018665 0.434989 -0.030140
-0.018104 0.449713 -0.035855
-0.014780 0.470735 -0.047437
-0.008199 0.497378 -0.065357
0.002784 0.529873 -0.091002
0.019317 0.567367 -0.125494
0.042496 0.608152 -0.169616
0.074099 0.651003 -0.225121
0.116755 0.694832 -0.294892
0.171010 0.736047 -0.378490
0.239178 0.772758 -0.478449
0.321157 0.801768 -0.594126
0.414766 0.820110 -0.722717
0.514313 0.825595 -0.857411
0.616215 0.817555 -0.994881
0.713217 0.796630 -1.126796
0.800860 0.764859 -1.248170
0.876949 0.725021 -1.356414
0.941259 0.680054 -1.451033
0.995348 0.632015 -1.533896
1.039643 0.584241 -1.604506
1.076730 0.537134 -1.666330
1.107662 0.492261 -1.720109
1.133494 0.450694 -1.766610
1.155614 0.411573 -1.808039
1.174572 0.375267 -1.844655
1.190955 0.341472 -1.877089
1.205220 0.309777 -1.905844
1.217720 0.279747 -1.931300
1.228728 0.250974 -1.953737
1.238470 0.223454 -1.973106
1.247107 0.196235 -1.990027
1.254829 0.169801 -2.004177
1.261743 0.143739 -2.015775
1.268011 0.118385 -2.024651
1.273704 0.093553 -2.030829
1.278994 0.069799 -2.034083
1.283882 0.046907 -2.034267
1.288622 0.025972 -2.031064
1.293281 0.007348 -2.024045
1.297994 -0.008240 -2.012704
1.302831 -0.020214 -1.996320
1.307843 -0.027942 -1.974089
1.313068 -0.030743 -1.945541
1.318401 -0.028147 -1.910114
1.323606 -0.019843 -1.867485
1.328303 -0.005714 -1.817615
1.331976 0.014147 -1.760749
1.334055 0.039277 -1.697838
1.333916 0.069190 -1.629553
1.331095 0.102867 -1.557573
1.325242 0.139374 -1.483194
1.316228 0.177698 -1.407821
1.304215 0.216727 -1.333089
1.289570 0.255545 -1.260367
1.272873 0.293327 -1.190976
1.254809 0.329447 -1.125960
1.236108 0.363410 -1.066140
1.217551 0.394737 -1.012263
1.199794 0.423112 -0.964687
1.183546 0.448061 -0.923910
1.169321 0.469273 -0.890056
1.157689 0.486262 -0.863487
1.149016 0.498739 -0.844277
1.143699 0.506317 -0.832729
1.141897 0.508872 -0.828855
VECTORS ControlForce float
-0.000000 -0.000000 0.000000
0.000098 0.000188 0.000062
0.000162 0.000341 0.000118
0.000187 0.000456 0.000162
0.000169 0.000528 0.000185
0.000118 0.000563 0.000201
0.000037 0.000553 0.000215
-0.000064 0.000503 0.000229
-0.000164 0.000426 0.000238
-0.000236 0.000337 0.000250
-0.000279 0.000230 0.000258
-0.000274 0.000123 0.000262
-0.000235 0.000015 0.000265
-0.000180 -0.000097 0.000265
-0.000104 -0.000190 0.000270
-0.000036 -0.000273 0.000276
-0.000013 -0.000366 0.000276
-0.000034 -0.000456 0.000273
-0.000071 -0.000507 0.000277
-0.000115 -0.000508 0.000290
-0.000182 -0.000480 0.000307
-0.000257 -0.000414 0.000327
-0.000321 -0.000304 0.000352
-0.000345 -0.000149 0.000387
-0.000332 0.000022 0.000425
-0.000267 0.000195 0.000465
-0.000129 0.000370 0.000495
0.000076 0.000532 0.000498
0.000302 0.000645 0.000466
0.000528 0.000699 0.000395
0.000719 0.000683 0.000288
0.000849 0.000606 0.000161
0.000908 0.000488 0.000030
0.000870 0.000332 -0.000090
0.000736 0.000151 -0.000188
0.000528 -0.000032 -0.000254
0.000279 -0.000202 -0.000294
0.000005 -0.000362 -0.000297
-0.000258 -0.000507 -0.000267
-0.000461 -0.000619 -0.000220
-0.000582 -0.000692 -0.000173
-0.000636 -0.000736 -0.000126
-0.000635 -0.000744 -0.000081
-0.000599 -0.000704 -0.000035
-0.000545 -0.000609 0.000008
-0.000492 -0.000473 0.000058
-0.000433 -0.000293 0.000099
-0.000375 -0.000100 0.000142
-0.000308 0.000098 0.000179
-0.000230 0.000287 0.000209
-0.000140 0.000458 0.000229
-0.000041 0.000608 0.000238
0.000059 0.000713 0.000251
0.000157 0.000785 0.000257
0.000248 0.000835 0.000245
0.000321 0.000851 0.000225
0.000369 0.000827 0.000207
0.000392 0.000769 0.000192
0.000399 0.000692 0.000171
0.000395 0.000602 0.000147
0.000390 0.000492 0.000128
0.000388 0.000370 0.000110
0.000394 0.000229 0.000101
0.000408 0.000081 0.000085
0.000429 -0.000066 0.000060
0.000451 -0.000217 0.000030
0.000467 -0.000352 0.000004
0.000464 -0.000476 -0.000013
0.000431 -0.000586 -0.000036
0.000356 -0.000672 -0.000059
0.000232 -0.000725 -0.000072
0.000052 -0.000745 -0.000084
-0.000169 -0.000717 -0.000094
-0.000399 -0.000610 -0.000116
-0.000609 -0.000428 -0.000157
-0.000780 -0.000204 -0.000214
-0.000887 0.000016 -0.000268
-0.000908 0.000235 -0.000325
-0.000849 0.000402 -0.000380
-0.000709 0.000515 -0.000429
-0.000510 0.000557 -0.000456
-0.000292 0.000519 -0.000454
-0.000065 0.000434 -0.000434
0.000142 0.000324 -0.000392
0.000310 0.000201 -0.000339
0.000429 0.000077 -0.000287
0.000503 -0.000014 -0.000221
0.000543 -0.000052 -0.000141
0.000532 -0.000070 -0.000059
0.000475 -0.000085 0.000016
0.000391 -0.000092 0.000080
0.000300 -0.000082 0.000131
0.000211 -0.000061 0.000168
0.000121 -0.000053 0.000203
0.000025 -0.000062 0.000227
-0.000075 -0.000077 0.000241
-0.000181 -0.000085 0.000247
-0.000294 -0.000089 0.000251
-0.000422 -0.000119 0.000252
-0.000552 -0.000184 0.000257
-0.000673 -0.000282 0.000252
-0.000764 -0.000401 0.000235
-0.000800 -0.000497 0.000221
-0.000770 -0.000545 0.000226
-0.000672 -0.000529 0.000256
-0.000512 -0.000441 0.000295
-0.000299 -0.000271 0.000332
-0.000054 -0.000026 0.000354
0.000189 0.000248 0.000349
0.000410 0.000518 0.000310
0.000589 0.000738 0.000234
0.000724 0.000918 0.000127
0.000800 0.001007 -0.000005
0.000821 0.001018 -0.000148
0.000788 0.000929 -0.000280
0.000723 0.000779 -0.000389
0.000642 0.000560 -0.000460
0.000571 0.000313 -0.000491
0.000531 0.000095 -0.000494
0.000517 -0.000093 -0.000472
0.000523 -0.000247 -0.000432
0.000537 -0.000355 -0.000383
0.000542 -0.000391 -0.000336
0.000516 -0.000375 -0.000284
0.000444 -0.000315 -0.000227
0.000325 -0.000223 -0.000161
0.000171 -0.000109 -0.000087
-0.000000 -0.000000 -0.000000
VECTORS ControlTorque float
0.000000 0.000001 0.000000
0.000000 0.000001 0.000000
0.000000 0.000001 0.000000
0.000000 0.000001 0.000000
0.000000 0.000001 0.000000
0.000000 0.000001 0.000000
0.000000 0.000001 0.000000
-0.000000 0.000000 -0.000000
-0.000000 0.000000 -0.000000
-0.000000 0.000000 -0.000000
-0.000000 0.000000 -0.000001
-0.000000 0.000000 -0.000001
-0.000001 0.000000 -0.000001
-0.000001 0.000000 -0.000001
-0.000001 0.000001 -0.000001
-0.000000 0.000001 -0.000001
-0.000000 0.000001 -0.000001
-0.000000 0.000001 -0.000001
-0.000000 0.000001 -0.000001
-0.000000 0.000002 -0.000001
-0.000000 0.000001 -0.000000
-0.000000 0.000002 -0.000000
-0.000000 0.000002 -0.000000
-0.000000 0.000002 -0.000000
-0.000000 0.000002 -0.000001
-0.000000 0.000002 -0.000001
-0.000000 0.000002 -0.000001
-0.000000 0.000002 -0.000001
-0.000000 0.000002 -0.000001
0.000000 0.000001 -0.000001
0.000000 0.000001 -0.000001
0.000000 -0.000000 -0.000001
0.000000 0.000000 -0.000001
0.000001 -0.000003 0.000000
0.000001 -0.000000 -0.000001
0.000001 -0.000004 0.000001
0.000001 -0.000001 -0.000000
0.000001 -0.000003 0.000001
0.000001 -0.000002 0.000000
0.000001 -0.000002 0.000001
0.000000 -0.000002 0.000001
0.000000 -0.000002 0.000001
-0.000000 -0.000001 0.000001
-0.000000 -0.000001 0.000001
-0.000001 -0.000001 0.000001
-0.000001 -0.000001 0.000001
-0.000001 -0.000001 0.000001
-0.000001 -0.000000 0.000001
-0.000001 -0.000000 0.000001
-0.000001 -0.000000 0.000000
-0.000001 -0.000000 0.000000
-0.000001 -0.000000 0.000000
-0.000001 -0.000000 0.000000
-0.000000 -0.000000 0.000000
0.000000 -0.000000 0.000000
0.000001 -0.000001 0.000000
0.000001 -0.000001 0.000000
0.000001 -0.000001 0.000000
0.000002 -0.000001 0.000000
0.000002 -0.000001 0.000000
0.000002 -0.000001 0.000001
0.000003 -0.000002 0.000001
0.000002 -0.000002 0.000001
0.000003 -0.000002 0.000001
0.000002 -0.000002 0.000001
0.000003 -0.000002 0.000001
0.000003 -0.000002 0.000001
0.000002 -0.000002 0.000001
0.000001 -0.000002 0.000001
0.000003 -0.000004 0.000002
-0.000001 -0.000001 0.000001
0.000001 -0.000003 0.000002
0.000000 -0.000002 0.000002
0.000000 -0.000002 0.000002
-0.000002 0.000001 0.000001
0.000000 -0.000002 0.000003
-0.000001 0.000001 0.000001
-0.000001 0.000001 0.000001
-0.000001 0.000001 0.000000
-0.000001 0.000002 -0.000001
-0.000000 0.000000 0.000000
-0.000002 0.000003 -0.000002
-0.000000 0.000001 -0.000000
-0.000001 0.000002 -0.000002
-0.000001 0.000002 -0.000002
-0.000000 0.000000 -0.000001
-0.000001 0.000001 -0.000002
-0.000001 0.000001 -0.000001
-0.000001 0.000001 -0.000001
-0.000001 0.000001 -0.000001
-0.000000 0.000001 -0.000000
-0.000001 0.000001 -0.000001
0.000000 0.000000 0.000000
-0.000001 0.000001 -0.000001
-0.000000 0.000001 0.000000
-0.000000 0.000001 -0.000001
-0.000000 0.000001 0.000000
-0.000001 0.000001 -0.000001
0.000000 0.000001 0.000000
-0.000001 0.000001 -0.000001
-0.000000 0.000002 -0.000001
-0.000001 0.000002 -0.000001
-0.000001 0.000002 -0.000001
-0.000001 0.000003 -0.000002
-0.000001 0.000003 -0.000002
-0.000001 0.000003 -0.000002
-0.000001 0.000003 -0.000002
-0.000001 0.000003 -0.000002
-0.000001 0.000003 -0.000002
-0.000000 0.000002 -0.000002
-0.000000 0.000003 -0.000002
-0.000000 0.000001 -0.000002
-0.000000 0.000001 -0.000001
-0.000000 0.000000 -0.000001
0.000000 -0.000001 -0.000001
0.000000 -0.000001 -0.000000
0.000000 -0.000002 0.000000
0.000000 -0.000002 0.000000
0.000001 -0.000002 0.000001
0.000001 -0.000003 0.000001
0.000000 -0.000003 0.000001
0.000000 -0.000003 0.000002
0.000000 -0.000002 0.000002
-0.000000 -0.000003 0.000002
-0.000000 -0.000002 0.000002
-0.000000 -0.000003 0.000002
-0.000000 -0.000002 0.000002
-0.000000 -0.000003 0.000003
VECTORS Curvature float
88.464079 -44.286702 7.178884
282.188438 -141.105376 22.647998
605.107051 -302.398339 49.318373
845.207514 -423.450988 72.412662
1047.719874 -530.835393 95.826361
1203.379786 -625.924331 118.543158
1323.081836 -723.778009 140.794163
1359.736860 -806.719160 162.954439
1344.220247 -901.787283 185.136486
1309.155440 -1035.531183 207.912917
1216.264332 -1184.554444 231.484275
1104.699690 -1371.601492 256.346267
994.676019 -1616.966280 282.814658
872.348241 -1875.928120 311.261254
758.596800 -2159.116998 342.077398
674.107200 -2478.671420 375.502245
615.429068 -2796.081708 411.685133
600.889546 -3134.528592 450.727564
633.348692 -3468.840256 492.467994
725.583328 -3844.114182 536.748169
872.829329 -4241.422184 582.614468
1062.609322 -4630.458330 629.534123
1300.886772 -5089.441063 676.204504
1563.300708 -5580.106607 720.693844
1836.608301 -6121.602147 761.350191
2102.765939 -6719.345918 795.465466
2314.450643 -7277.717861 820.783297
2473.856136 -7849.509165 835.808680
2563.909302 -8410.964131 838.175265
2538.982688 -8816.073119 827.353102
2432.602023 -9162.260727 804.601344
2237.992592 -9375.737727 769.448798
1979.816602 -9528.288602 726.618402
1624.491340 -9322.269412 674.005693
1242.815649 -9063.975244 621.792502
849.292889 -8637.611696 562.859858
452.065290 -8043.809917 509.053772
100.518141 -7482.514424 453.368680
-209.286938 -6801.373901 403.545097
-451.093734 -6223.835206 355.885321
-611.573574 -5579.498964 313.571876
-681.868133 -4989.327192 275.708884
-672.266873 -4530.932048 243.507172
-572.544530 -4121.383067 216.082536
-384.593506 -3748.462229 194.671312
-130.834245 -3472.665072 178.112814
179.268942 -3201.560734 166.568921
524.901358 -3019.229561 159.167900
880.049977 -2872.375407 155.250355
1217.914422 -2738.354988 153.982771
1527.892044 -2649.436731 154.619500
1781.690703 -2569.139391 156.620228
1960.316556 -2486.400471 159.586211
2050.611457 -2390.184539 163.397620
2047.746689 -2273.452665 168.016864
1942.890524 -2122.150954 173.560090
1731.046629 -1923.708508 179.927899
1420.778386 -1678.415635 186.933124
1017.993022 -1381.435650 194.096810
531.105832 -1031.099669 200.710904
-23.021725 -626.809322 205.900201
-642.318290 -171.334820 208.721871
-1277.734247 325.205870 208.408730
-1971.083349 893.017098 204.157967
-2609.354999 1474.159752 196.199942
-3225.862655 2106.420487 183.522936
-3927.576459 2866.559341 167.262765
-4438.406214 3582.276018 148.432298
-4765.761413 4234.221190 126.505595
-5230.545376 5133.433092 100.154788
-5471.257761 5908.363087 76.781862
-5514.607461 6608.727587 46.611239
-5616.763385 7452.888135 17.401081
-5541.790722 8183.683264 -15.765784
-5228.598057 8565.988871 -54.239334
-4903.456378 8966.083126 -100.501438
-4630.033268 9362.838921 -152.948997
-4192.117448 9355.032569 -210.423044
-3797.023909 9255.413193 -268.524332
-3399.667935 8931.672778 -324.787935
-3120.937589 8707.721720 -372.947564
-2828.219915 8178.172969 -420.209707
-2561.617560 7560.124086 -453.676292
-2429.262305 7159.004824 -485.259523
-2201.258417 6398.459329 -509.541922
-2049.108846 5840.857089 -526.356167
-1940.307890 5429.994761 -541.373826
-1774.710935 4929.253257 -551.289113
-1616.090058 4535.458453 -558.697342
-1443.202550 4192.503357 -563.796449
-1268.342340 3940.016205 -567.025643
-1057.100423 3645.856588 -569.219164
-859.240676 3487.109133 -569.232955
-658.767030 3361.558642 -569.159080
-429.680463 3187.904027 -567.066725
-204.922196 3044.738799 -564.356331
39.070187 2890.846267 -560.138268
283.635220 2708.218745 -554.981781
559.938533 2533.380337 -548.541611
847.242077 2309.371090 -541.033690
1142.951343 1945.660741 -532.476630
1481.992606 1551.984923 -522.882096
1861.298532 1060.828247 -512.539962
2338.618426 500.557374 -501.550001
2860.921844 -154.972778 -489.959933
3410.191921 -880.952961 -477.984158
4017.216987 -1653.995460 -465.284298
4640.152531 -2446.020423 -451.631734
5282.566483 -3247.335409 -436.410272
5844.894475 -3986.484754 -419.785985
6343.393853 -4672.358623 -400.360996
6720.723242 -5258.724640 -379.644207
6897.563005 -5686.702759 -356.159256
6961.296870 -6024.061808 -330.910606
6843.043828 -6214.321595 -304.554646
6557.648160 -6263.793107 -276.956843
6138.488360 -6192.313574 -249.155938
5603.975911 -6000.667912 -221.321507
5008.077604 -5722.378169 -194.073860
4360.943454 -5341.704019 -168.001577
3713.036006 -4892.894274 -142.921509
3076.620006 -4364.828112 -119.598076
2473.763067 -3771.037563 -97.314765
1913.707395 -3114.545754 -76.568156
1389.854896 -2391.478521 -56.440757
916.406507 -1645.170886 -37.727325
409.326246 -753.481600 -17.201838
130.344943 -242.489479 -5.050271
VECTORS LocalRotation float
-0.071344 0.703576 -0.092351
-0.069661 0.702734 -0.092216
-0.065660 0.700734 -0.091891
-0.059121 0.697462 -0.091343
-0.050534 0.693132 -0.090579
-0.040308 0.687878 -0.089606
-0.028863 0.681764 -0.088431
-0.016784 0.674873 -0.087063
-0.004499 0.667111 -0.085482
0.007497 0.658352 -0.083705
0.018918 0.648311 -0.081718
0.029451 0.636711 -0.079504
0.038967 0.623165 -0.077060
0.047394 0.607400 -0.074378
0.054790 0.589100 -0.071415
0.061273 0.568114 -0.068168
0.067111 0.544237 -0.064605
0.072618 0.517383 -0.060700
0.078206 0.487489 -0.056430
0.084369 0.454324 -0.051762
0.091591 0.417788 -0.046704
0.100356 0.377612 -0.041215
0.111071 0.333547 -0.035296
0.124041 0.285232 -0.028970
0.139448 0.232205 -0.022254
0.157256 0.174156 -0.015216
0.177218 0.110902 -0.007912
0.198907 0.042383 -0.000409
0.221693 -0.031165 0.007163
0.244796 -0.109160 0.014703
0.267377 -0.190818 0.022116
0.288553 -0.274867 0.029252
0.307669 -0.360543 0.036033
0.323910 -0.445487 0.042344
0.336951 -0.529105 0.048237
0.346369 -0.608795 0.053570
0.352291 -0.684704 0.058448
0.354785 -0.754792 0.062793
0.354291 -0.819660 0.066684
0.351309 -0.878473 0.070113
0.346505 -0.931841 0.073140
0.340644 -0.979727 0.075810
0.334491 -1.022990 0.078170
0.328871 -1.062048 0.080244
0.324531 -1.097734 0.082107
0.322203 -1.130359 0.083791
0.322422 -1.160569 0.085351
0.325616 -1.188788 0.086829
0.331966 -1.215417 0.088250
0.341473 -1.240841 0.089651
0.353917 -1.265258 0.091050
0.368899 -1.288883 0.092459
0.385838 -1.311768 0.093890
0.403996 -1.333844 0.095352
0.422557 -1.354965 0.096853
0.440616 -1.374857 0.098399
0.457250 -1.393175 0.099999
0.471523 -1.409487 0.101661
0.482567 -1.423344 0.103386
0.489580 -1.434266 0.105174
0.491881 -1.441775 0.107015
0.488864 -1.445395 0.108896
0.480193 -1.444700 0.110779
0.465437 -1.439167 0.112653
0.444816 -1.428510 0.114456
0.418159 -1.412153 0.116190
0.385828 -1.389677 0.117776
0.348240 -1.360703 0.119194
0.306438 -1.325202 0.120443
0.260822 -1.282456 0.121477
0.212697 -1.232802 0.122273
0.162611 -1.175734 0.122836
0.112221 -1.112079 0.123125
0.061915 -1.041585 0.123133
0.013440 -0.966199 0.122818
-0.032735 -0.886299 0.122112
-0.075704 -0.803688 0.120970
-0.115550 -0.719147 0.119329
-0.151721 -0.634890 0.117160
-0.184373 -0.552373 0.114469
-0.214010 -0.472198 0.111297
-0.240765 -0.396259 0.107730
-0.265342 -0.324494 0.103745
-0.287849 -0.258114 0.099511
-0.308748 -0.196928 0.095021
-0.328175 -0.140986 0.090287
-0.346197 -0.090068 0.085463
-0.362991 -0.043240 0.080524
-0.378327 -0.000432 0.075503
-0.392165 0.039046 0.070426
-0.404425 0.075818 0.065313
-0.414930 0.110084 0.060180
-0.423676 0.142641 0.054984
-0.430501 0.173433 0.049866
-0.435437 0.203132 0.044714
-0.438302 0.231268 0.039606
-0.439056 0.258260 0.034492
-0.437596 0.283590 0.029448
-0.433751 0.307480 0.024418
-0.427445 0.329185 0.019535
-0.418433 0.348452 0.014674
-0.406544 0.364293 0.009894
-0.391334 0.376180 0.005183
-0.372265 0.383269 0.000579
-0.348816 0.384828 -0.003892
-0.320460 0.380144 -0.008269
-0.286829 0.368665 -0.012540
-0.247590 0.350082 -0.016696
-0.202609 0.324274 -0.020722
-0.152265 0.291546 -0.024596
-0.097000 0.252284 -0.028314
-0.037964 0.207406 -0.031839
0.023733 0.157819 -0.035173
0.086544 0.104743 -0.038287
0.149031 0.049344 -0.041163
0.209714 -0.007161 -0.043796
0.267182 -0.063542 -0.046178
0.320348 -0.118748 -0.048308
0.368396 -0.171826 -0.050189
0.410797 -0.221899 -0.051827
0.447380 -0.268271 -0.053236
0.478105 -0.310165 -0.054424
0.503265 -0.347045 -0.055407
0.523112 -0.378192 -0.056194
0.538083 -0.403145 -0.056797
0.548502 -0.421381 -0.057222
0.554518 -0.432266 -0.057471
0.556956 -0.436766 -0.057572
VECTORS q1 float
-0.528632 -0.682290 -0.505003
-0.528146 -0.682290 -0.505512
-0.526706 -0.682293 -0.507008
-0.524394 -0.682291 -0.509402
-0.521327 -0.682273 -0.512565
-0.517585 -0.682236 -0.516392
-0.513211 -0.682185 -0.520805
-0.508192 -0.682133 -0.525771
-0.502552 -0.682063 -0.531255
-0.496047 -0.682026 -0.537381
-0.488485 -0.682039 -0.544248
-0.479613 -0.682117 -0.551985
-0.469073 -0.682290 -0.560759
-0.456514 -0.682564 -0.570703
-0.441778 -0.682864 -0.581832
-0.424514 -0.683149 -0.594218
-0.404575 -0.683297 -0.607803
-0.381790 -0.683173 -0.622503
-0.355975 -0.682626 -0.638204
-0.326974 -0.681476 -0.654736
-0.294355 -0.679574 -0.671963
-0.257998 -0.676700 -0.689575
-0.217482 -0.672662 -0.707268
-0.172270 -0.667252 -0.724636
-0.122007 -0.660224 -0.741093
-0.066151 -0.651319 -0.755915
-0.004614 -0.640247 -0.768156
0.062334 -0.626725 -0.776743
0.134436 -0.610490 -0.780531
0.210514 -0.591361 -0.778445
0.288903 -0.569298 -0.769698
0.368124 -0.544340 -0.753776
0.445984 -0.516770 -0.730786
0.520826 -0.486930 -0.701170
0.589778 -0.455742 -0.666679
0.652862 -0.423496 -0.628030
0.708018 -0.391410 -0.587800
0.756113 -0.359716 -0.546714
0.796737 -0.329309 -0.506721
0.830990 -0.300309 -0.468263
0.859415 -0.273111 -0.432222
0.882882 -0.247820 -0.398879
0.902229 -0.224427 -0.368260
0.918378 -0.202637 -0.339882
0.931778 -0.182498 -0.313821
0.943064 -0.163700 -0.289540
0.952588 -0.146151 -0.266862
0.960689 -0.129684 -0.245478
0.967668 -0.114065 -0.224963
0.973674 -0.099249 -0.205202
0.978867 -0.085114 -0.185941
0.983349 -0.071601 -0.167028
0.987176 -0.058720 -0.148443
0.990389 -0.046513 -0.130252
0.993019 -0.035056 -0.112629
0.995098 -0.024434 -0.095828
0.996666 -0.014764 -0.080239
0.997781 -0.006150 -0.066296
0.998514 0.001302 -0.054474
0.998947 0.007484 -0.045263
0.999158 0.012268 -0.039149
0.999210 0.015489 -0.036594
0.999135 0.016926 -0.037991
0.998911 0.016303 -0.043706
0.998448 0.013172 -0.054109
0.997576 0.007206 -0.069212
0.995986 -0.002402 -0.089475
0.993250 -0.016289 -0.114842
0.988857 -0.034867 -0.144727
0.982107 -0.058890 -0.178882
0.971996 -0.089483 -0.217294
0.957887 -0.126124 -0.257963
0.938584 -0.169620 -0.300482
0.913248 -0.219525 -0.343201
0.881317 -0.274886 -0.384342
0.843124 -0.333592 -0.421731
0.798029 -0.395322 -0.454830
0.747304 -0.457413 -0.481986
0.692189 -0.517990 -0.502554
0.634203 -0.575429 -0.516398
0.574991 -0.628484 -0.523825
0.515366 -0.676896 -0.525556
0.458232 -0.719207 -0.522268
0.403198 -0.756431 -0.515018
0.351670 -0.788431 -0.504683
0.304661 -0.815439 -0.492179
0.261012 -0.838630 -0.478093
0.221148 -0.858326 -0.463001
0.184733 -0.875101 -0.447293
0.151323 -0.889465 -0.431223
0.120451 -0.901837 -0.414948
0.091678 -0.912549 -0.398559
0.065011 -0.921784 -0.382214
0.039374 -0.929873 -0.365768
0.015281 -0.936827 -0.349460
-0.007752 -0.942798 -0.333275
-0.029409 -0.947829 -0.317421
-0.049933 -0.952010 -0.301965
-0.068808 -0.955395 -0.287204
-0.086285 -0.958067 -0.273245
-0.101336 -0.960128 -0.260547
-0.113614 -0.961713 -0.249399
-0.122400 -0.962987 -0.240155
-0.127049 -0.964115 -0.233112
-0.126824 -0.965250 -0.228493
-0.120957 -0.966515 -0.226316
-0.108817 -0.967933 -0.226415
-0.089932 -0.969413 -0.228366
-0.064046 -0.970727 -0.231491
-0.031168 -0.971520 -0.234897
0.008148 -0.971358 -0.237482
0.053308 -0.969749 -0.238212
0.102881 -0.966274 -0.236073
0.155508 -0.960597 -0.230372
0.209661 -0.952533 -0.220734
0.263638 -0.942110 -0.207181
0.316013 -0.929517 -0.190088
0.365532 -0.915117 -0.170138
0.411298 -0.899374 -0.148191
0.452706 -0.882827 -0.125195
0.489319 -0.866101 -0.102159
0.521036 -0.849780 -0.079975
0.547702 -0.834549 -0.059578
0.569436 -0.820979 -0.041683
0.586201 -0.809715 -0.027034
0.598148 -0.801224 -0.016124
0.605251 -0.795979 -0.009438
0.607621 -0.794195 -0.007174
VECTORS q2 float
-0.376825 0.721717 -0.580627
-0.375709 0.721631 -0.581456
-0.372405 0.721374 -0.583896
-0.367088 0.720961 -0.587760
-0.360043 0.720424 -0.592755
-0.351562 0.719792 -0.598585
-0.341976 0.719101 -0.604936
-0.331635 0.718395 -0.611495
-0.321049 0.717781 -0.617834
-0.310433 0.717288 -0.623802
-0.300126 0.717001 -0.629153
-0.290377 0.716993 -0.633720
-0.281302 0.717303 -0.637453
-0.272948 0.717955 -0.640344
-0.265349 0.718994 -0.642368
-0.258362 0.720401 -0.643639
-0.251816 0.722170 -0.644251
-0.245442 0.724283 -0.644339
-0.238888 0.726720 -0.644058
-0.231742 0.729484 -0.643544
-0.223535 0.732567 -0.642944
-0.213858 0.736033 -0.642277
-0.202326 0.739941 -0.641523
-0.188637 0.744366 -0.640574
-0.172692 0.749403 -0.639197
-0.154529 0.755122 -0.637112
-0.134493 0.761582 -0.633960
-0.113191 0.768796 -0.629397
-0.091320 0.776697 -0.623219
-0.069869 0.785151 -0.615350
-0.049882 0.793938 -0.605949
-0.032162 0.802767 -0.595425
-0.017477 0.811299 -0.584370
-0.006187 0.819192 -0.573486
0.001318 0.826084 -0.563546
0.005471 0.831723 -0.555164
0.006453 0.835900 -0.548844
0.004986 0.838534 -0.544826
0.001639 0.839663 -0.543105
-0.002903 0.839412 -0.543488
-0.008049 0.838043 -0.545545
-0.013279 0.835896 -0.548727
-0.018171 0.833380 -0.552401
-0.022416 0.830910 -0.555955
-0.025797 0.828983 -0.558679
-0.028205 0.828009 -0.560005
-0.029625 0.828359 -0.559413
-0.030126 0.830282 -0.556529
-0.029824 0.833902 -0.551107
-0.028921 0.839168 -0.543103
-0.027615 0.845918 -0.532597
-0.026124 0.853865 -0.519839
-0.024666 0.862612 -0.505264
-0.023430 0.871717 -0.489448
-0.022567 0.880723 -0.473094
-0.022174 0.889201 -0.456979
-0.022300 0.896746 -0.441984
-0.022937 0.903019 -0.428988
-0.024034 0.907741 -0.418841
-0.025506 0.910680 -0.412325
-0.027262 0.911627 -0.410112
-0.029228 0.910383 -0.412734
-0.031352 0.906717 -0.420574
-0.033672 0.900425 -0.433707
-0.036267 0.891138 -0.452281
-0.039342 0.878807 -0.475553
-0.043159 0.862868 -0.503583
-0.048089 0.843162 -0.535505
-0.054485 0.819964 -0.569816
-0.062736 0.793294 -0.605598
-0.073353 0.762932 -0.642304
-0.086329 0.730318 -0.677631
-0.101961 0.695606 -0.711151
-0.120115 0.659880 -0.741708
-0.140403 0.624303 -0.768462
-0.161917 0.590392 -0.790709
-0.184526 0.558199 -0.808928
-0.207256 0.528717 -0.823106
-0.229495 0.502215 -0.833734
-0.250821 0.478656 -0.841414
-0.271015 0.457792 -0.846745
-0.290335 0.439091 -0.850238
-0.308285 0.422510 -0.852318
-0.325516 0.407431 -0.853252
-0.341883 0.393710 -0.853293
-0.357202 0.381209 -0.852694
-0.371901 0.369674 -0.851488
-0.385678 0.359081 -0.849890
-0.398418 0.349366 -0.848061
-0.410004 0.340472 -0.846153
-0.420325 0.332344 -0.844319
-0.429273 0.324927 -0.842702
-0.436645 0.318132 -0.841507
-0.442565 0.311962 -0.840724
-0.446808 0.306267 -0.840573
-0.449371 0.301021 -0.841102
-0.450141 0.296093 -0.842438
-0.449031 0.291461 -0.844643
-0.445948 0.286979 -0.847805
-0.440650 0.282682 -0.852008
-0.433100 0.278351 -0.857289
-0.422944 0.273960 -0.863750
-0.409843 0.269422 -0.871459
-0.393191 0.264715 -0.880526
-0.372280 0.259832 -0.891008
-0.346655 0.254764 -0.902732
-0.315671 0.249625 -0.915445
-0.278826 0.244632 -0.928661
-0.235842 0.240120 -0.941659
-0.186740 0.236533 -0.953509
-0.132301 0.234355 -0.963107
-0.073279 0.234110 -0.969445
-0.011532 0.236158 -0.971646
0.051224 0.240736 -0.969238
0.113101 0.247862 -0.962171
0.172103 0.257273 -0.950890
0.226668 0.268522 -0.936225
0.275598 0.280998 -0.919286
0.318254 0.294043 -0.901251
0.354473 0.307022 -0.883225
0.384401 0.319341 -0.866174
0.408570 0.330579 -0.850757
0.427526 0.340366 -0.837480
0.441991 0.348533 -0.826540
0.452524 0.354923 -0.818078
0.459685 0.359516 -0.812058
0.463809 0.362260 -0.808486
0.465162 0.363177 -0.807296
VECTORS q3 float
0.760625 -0.116640 -0.638627
0.761515 -0.117168 -0.637469
0.764131 -0.118729 -0.634041
0.768282 -0.121222 -0.628528
0.773684 -0.124473 -0.621224
0.780071 -0.128275 -0.612401
0.787189 -0.132357 -0.602341
0.794833 -0.136393 -0.591302
0.802726 -0.139935 -0.579697
0.810906 -0.142614 -0.567532
0.819333 -0.143989 -0.554942
0.828041 -0.143657 -0.541951
0.837162 -0.141270 -0.528397
0.846815 -0.136554 -0.514061
0.856984 -0.129396 -0.498833
0.867777 -0.119711 -0.482320
0.879152 -0.107594 -0.464237
0.891064 -0.093214 -0.444203
0.903446 -0.076809 -0.421765
0.916179 -0.058692 -0.396448
0.929186 -0.039047 -0.367543
0.942179 -0.018235 -0.334613
0.954864 0.003579 -0.297020
0.966819 0.026342 -0.254100
0.977390 0.049995 -0.205448
0.985771 0.074665 -0.150600
0.990904 0.100386 -0.089623
0.991616 0.127153 -0.023018
0.986705 0.155061 0.048666
0.975091 0.183929 0.123968
0.956058 0.213454 0.200973
0.929220 0.243434 0.278010
0.894870 0.273392 0.352794
0.853641 0.303025 0.423644
0.807564 0.331488 0.487807
0.757457 0.359010 0.545317
0.706165 0.384798 0.594358
0.654422 0.409225 0.635820
0.604324 0.431881 0.669531
0.556280 0.452992 0.696671
0.511215 0.472328 0.718029
0.469407 0.489757 0.734707
0.430874 0.505084 0.747822
0.395068 0.518196 0.758547
0.362110 0.528660 0.767720
0.331415 0.536286 0.776248
0.302816 0.540796 0.784756
0.275988 0.542046 0.793736
0.250459 0.539998 0.803538
0.226102 0.534740 0.814206
0.202622 0.526476 0.825692
0.179840 0.515546 0.837777
0.157718 0.502446 0.850102
0.136308 0.487796 0.862250
0.115780 0.472333 0.873783
0.096376 0.456864 0.884300
0.078479 0.442299 0.893427
0.062505 0.429556 0.900874
0.048903 0.419528 0.906424
0.038134 0.413045 0.909912
0.030659 0.410834 0.911194
0.026921 0.413478 0.910116
0.027329 0.421401 0.906463
0.032283 0.434707 0.899993
0.042261 0.453542 0.890233
0.057397 0.477123 0.876960
0.078415 0.505424 0.859301
0.105554 0.537413 0.836687
0.138538 0.571352 0.808928
0.177569 0.605984 0.775404
0.223256 0.640256 0.735002
0.273860 0.671363 0.688674
0.329643 0.698113 0.635590
0.389295 0.718587 0.576266
0.451185 0.731221 0.511614
0.512761 0.734951 0.443760
0.573672 0.729476 0.372512
0.631334 0.715004 0.300311
0.684256 0.692435 0.228751
0.731351 0.663151 0.159236
0.771969 0.628835 0.092898
0.806290 0.590772 0.029766
0.833657 0.551567 -0.028113
0.855261 0.511676 -0.081955
0.871461 0.472620 -0.131095
0.882943 0.435590 -0.175137
0.890821 0.400052 -0.215397
0.895738 0.366521 -0.251627
0.898408 0.334875 -0.284117
0.899443 0.304846 -0.313163
0.899343 0.276112 -0.339033
0.898510 0.248348 -0.361944
0.897282 0.221599 -0.381810
0.895872 0.194978 -0.399246
0.894499 0.168986 -0.413902
0.893312 0.143244 -0.425999
0.892473 0.118109 -0.435365
0.892120 0.093416 -0.442036
0.892410 0.069742 -0.445802
0.893523 0.046889 -0.446563
0.895631 0.025969 -0.444038
0.899005 0.007348 -0.437877
0.903907 -0.008240 -0.427650
0.910637 -0.020213 -0.412713
0.919415 -0.027938 -0.392296
0.930161 -0.030738 -0.365862
0.942608 -0.028144 -0.332712
0.956122 -0.019842 -0.292298
0.969679 -0.005714 -0.244317
0.981915 0.014146 -0.188794
0.991176 0.039267 -0.126602
0.995886 0.069135 -0.058582
0.994627 0.102686 0.013153
0.986506 0.138924 0.086642
0.971211 0.176765 0.159700
0.949145 0.215034 0.229966
0.921280 0.252772 0.295548
0.889063 0.289139 0.354918
0.854136 0.323520 0.407169
0.818172 0.355463 0.451929
0.782817 0.384565 0.489190
0.749394 0.410600 0.519438
0.719196 0.433219 0.543211
0.693100 0.452238 0.561332
0.672005 0.467324 0.574471
0.656436 0.478319 0.583355
0.646956 0.484960 0.588440
0.643756 0.487192 0.590103
