# vtk DataFile Version 2.0
VTK example
ASCII
DATASET UNSTRUCTURED_GRID
POINTS  128  float
-0.000313 -0.000077 -0.000127
-0.000305 -0.000079 -0.000132
-0.000298 -0.000082 -0.000137
-0.000291 -0.000083 -0.000142
-0.000283 -0.000085 -0.000146
-0.000276 -0.000087 -0.000151
-0.000269 -0.000089 -0.000156
-0.000261 -0.000091 -0.000161
-0.000254 -0.000093 -0.000166
-0.000246 -0.000095 -0.000171
-0.000239 -0.000097 -0.000175
-0.000231 -0.000099 -0.000180
-0.000224 -0.000100 -0.000185
-0.000216 -0.000102 -0.000189
-0.000208 -0.000103 -0.000193
-0.000200 -0.000105 -0.000198
-0.000192 -0.000106 -0.000202
-0.000184 -0.000107 -0.000206
-0.000176 -0.000108 -0.000209
-0.000167 -0.000108 -0.000213
-0.000159 -0.000108 -0.000216
-0.000150 -0.000108 -0.000219
-0.000142 -0.000108 -0.000221
-0.000133 -0.000107 -0.000223
-0.000124 -0.000107 -0.000225
-0.000115 -0.000105 -0.000226
-0.000106 -0.000104 -0.000226
-0.000097 -0.000102 -0.000226
-0.000089 -0.000100 -0.000224
-0.000080 -0.000098 -0.000222
-0.000072 -0.000095 -0.000220
-0.000064 -0.000092 -0.000217
-0.000056 -0.000089 -0.000213
-0.000049 -0.000086 -0.000208
-0.000042 -0.000082 -0.000203
-0.000036 -0.000078 -0.000198
-0.000031 -0.000074 -0.000192
-0.000025 -0.000070 -0.000186
-0.000020 -0.000066 -0.000180
-0.000016 -0.000061 -0.000173
-0.000012 -0.000057 -0.000167
-0.000008 -0.000052 -0.000160
-0.000004 -0.000047 -0.000153
-0.000001 -0.000043 -0.000146
0.000002 -0.000038 -0.000139
0.000004 -0.000033 -0.000132
0.000007 -0.000028 -0.000124
0.000009 -0.000024 -0.000117
0.000011 -0.000019 -0.000109
0.000013 -0.000014 -0.000102
0.000014 -0.000010 -0.000094
0.000016 -0.000005 -0.000086
0.000017 -0.000001 -0.000079
0.000018 0.000003 -0.000071
0.000019 0.000007 -0.000063
0.000020 0.000011 -0.000054
0.000021 0.000015 -0.000046
0.000021 0.000019 -0.000038
0.000022 0.000022 -0.000030
0.000022 0.000026 -0.000022
0.000023 0.000030 -0.000013
0.000023 0.000034 -0.000005
0.000023 0.000038 0.000003
0.000024 0.000042 0.000011
0.000024 0.000046 0.000019
0.000024 0.000051 0.000027
0.000025 0.000055 0.000035
0.000026 0.000060 0.000042
0.000027 0.000066 0.000049
0.000029 0.000071 0.000056
0.000031 0.000077 0.000063
0.000033 0.000084 0.000069
0.000037 0.000090 0.000074
0.000040 0.000097 0.000079
0.000045 0.000103 0.000083
0.000050 0.000110 0.000087
0.000055 0.000116 0.000090
0.000061 0.000123 0.000092
0.000068 0.000129 0.000094
0.000075 0.000135 0.000094
0.000082 0.000140 0.000095
0.000089 0.000145 0.000094
0.000097 0.000150 0.000093
0.000105 0.000154 0.000092
0.000113 0.000158 0.000090
0.000121 0.000162 0.000088
0.000129 0.000165 0.000085
0.000137 0.000168 0.000082
0.000145 0.000171 0.000079
0.000153 0.000173 0.000076
0.000161 0.000175 0.000073
0.000169 0.000177 0.000069
0.000178 0.000178 0.000065
0.000186 0.000180 0.000061
0.000194 0.000181 0.000057
0.000202 0.000182 0.000053
0.000210 0.000182 0.000049
0.000218 0.000183 0.000045
0.000226 0.000183 0.000041
0.000234 0.000183 0.000038
0.000243 0.000183 0.000034
0.000251 0.000183 0.000030
0.000259 0.000182 0.000027
0.000268 0.000182 0.000024
0.000276 0.000182 0.000021
0.000285 0.000182 0.000018
0.000294 0.000182 0.000016
0.000303 0.000182 0.000014
0.000312 0.000182 0.000012
0.000320 0.000183 0.000011
0.000330 0.000184 0.000011
0.000338 0.000185 0.000011
0.000347 0.000186 0.000011
0.000356 0.000188 0.000012
0.000365 0.000190 0.000014
0.000373 0.000192 0.000016
0.000382 0.000195 0.000019
0.000389 0.000198 0.000022
0.000397 0.000201 0.000026
0.000404 0.000204 0.000030
0.000411 0.000208 0.000035
0.000418 0.000212 0.000039
0.000424 0.000216 0.000044
0.000430 0.000221 0.000049
0.000436 0.000226 0.000055
0.000442 0.000230 0.000060
0.000447 0.000235 0.000065
0.000453 0.000240 0.000070
CELLS  127 381
2 0 1 
2 1 2 
2 2 3 
2 3 4 
2 4 5 
2 5 6 
2 6 7 
2 7 8 
2 8 9 
2 9 10 
2 10 11 
2 11 12 
2 12 13 
2 13 14 
2 14 15 
2 15 16 
2 16 17 
2 17 18 
2 18 19 
2 19 20 
2 20 21 
2 21 22 
2 22 23 
2 23 24 
2 24 25 
2 25 26 
2 26 27 
2 27 28 
2 28 29 
2 29 30 
2 30 31 
2 31 32 
2 32 33 
2 33 34 
2 34 35 
2 35 36 
2 36 37 
2 37 38 
2 38 39 
2 39 40 
2 40 41 
2 41 42 
2 42 43 
2 43 44 
2 44 45 
2 45 46 
2 46 47 
2 47 48 
2 48 49 
2 49 50 
2 50 51 
2 51 52 
2 52 53 
2 53 54 
2 54 55 
2 55 56 
2 56 57 
2 57 58 
2 58 59 
2 59 60 
2 60 61 
2 61 62 
2 62 63 
2 63 64 
2 64 65 
2 65 66 
2 66 67 
2 67 68 
2 68 69 
2 69 70 
2 70 71 
2 71 72 
2 72 73 
2 73 74 
2 74 75 
2 75 76 
2 76 77 
2 77 78 
2 78 79 
2 79 80 
2 80 81 
2 81 82 
2 82 83 
2 83 84 
2 84 85 
2 85 86 
2 86 87 
2 87 88 
2 88 89 
2 89 90 
2 90 91 
2 91 92 
2 92 93 
2 93 94 
2 94 95 
2 95 96 
2 96 97 
2 97 98 
2 98 99 
2 99 100 
2 100 101 
2 101 102 
2 102 103 
2 103 104 
2 104 105 
2 105 106 
2 106 107 
2 107 108 
2 108 109 
2 109 110 
2 110 111 
2 111 112 
2 112 113 
2 113 114 
2 114 115 
2 115 116 
2 116 117 
2 117 118 
2 118 119 
2 119 120 
2 120 121 
2 121 122 
2 122 123 
2 123 124 
2 124 125 
2 125 126 
2 126 127 
CELL_TYPES  127
3
3
3
3
3
3
3
3
3
3
3
3
3
3
3
3
3
3
3
3
3
3
3
3
3
3
3
3
3
3
3
3
3
3
3
3
3
3
3
3
3
3
3
3
3
3
3
3
3
3
3
3
3
3
3
3
3
3
3
3
3
3
3
3
3
3
3
3
3
3
3
3
3
3
3
3
3
3
3
3
3
3
3
3
3
3
3
3
3
3
3
3
3
3
3
3
3
3
3
3
3
3
3
3
3
3
3
3
3
3
3
3
3
3
3
3
3
3
3
3
3
3
3
3
3
3
3
POINT_DATA  128
VECTORS Position float
-0.000313 -0.000077 -0.000127
-0.000305 -0.000079 -0.000132
-0.000298 -0.000082 -0.000137
-0.000291 -0.000083 -0.000142
-0.000283 -0.000085 -0.000146
-0.000276 -0.000087 -0.000151
-0.000269 -0.000089 -0.000156
-0.000261 -0.000091 -0.000161
-0.000254 -0.000093 -0.000166
-0.000246 -0.000095 -0.000171
-0.000239 -0.000097 -0.000175
-0.000231 -0.000099 -0.000180
-0.000224 -0.000100 -0.000185
-0.000216 -0.000102 -0.000189
-0.000208 -0.000103 -0.000193
-0.000200 -0.000105 -0.000198
-0.000192 -0.000106 -0.000202
-0.000184 -0.000107 -0.000206
-0.000176 -0.000108 -0.000209
-0.000167 -0.000108 -0.000213
-0.000159 -0.000108 -0.000216
-0.000150 -0.000108 -0.000219
-0.000142 -0.000108 -0.000221
-0.000133 -0.000107 -0.000223
-0.000124 -0.000107 -0.000225
-0.000115 -0.000105 -0.000226
-0.000106 -0.000104 -0.000226
-0.000097 -0.000102 -0.000226
-0.000089 -0.000100 -0.000224
-0.000080 -0.000098 -0.000222
-0.000072 -0.000095 -0.000220
-0.000064 -0.000092 -0.000217
-0.000056 -0.000089 -0.000213
-0.000049 -0.000086 -0.000208
-0.000042 -0.000082 -0.000203
-0.000036 -0.000078 -0.000198
-0.000031 -0.000074 -0.000192
-0.000025 -0.000070 -0.000186
-0.000020 -0.000066 -0.000180
-0.000016 -0.000061 -0.000173
-0.000012 -0.000057 -0.000167
-0.000008 -0.000052 -0.000160
-0.000004 -0.000047 -0.000153
-0.000001 -0.000043 -0.000146
0.000002 -0.000038 -0.000139
0.000004 -0.000033 -0.000132
0.000007 -0.000028 -0.000124
0.000009 -0.000024 -0.000117
0.000011 -0.000019 -0.000109
0.000013 -0.000014 -0.000102
0.000014 -0.000010 -0.000094
0.000016 -0.000005 -0.000086
0.000017 -0.000001 -0.000079
0.000018 0.000003 -0.000071
0.000019 0.000007 -0.000063
0.000020 0.000011 -0.000054
0.000021 0.000015 -0.000046
0.000021 0.000019 -0.000038
0.000022 0.000022 -0.000030
0.000022 0.000026 -0.000022
0.000023 0.000030 -0.000013
0.000023 0.000034 -0.000005
0.000023 0.000038 0.000003
0.000024 0.000042 0.000011
0.000024 0.000046 0.000019
0.000024 0.000051 0.000027
0.000025 0.000055 0.000035
0.000026 0.000060 0.000042
0.000027 0.000066 0.000049
0.000029 0.000071 0.000056
0.000031 0.000077 0.000063
0.000033 0.000084 0.000069
0.000037 0.000090 0.000074
0.000040 0.000097 0.000079
0.000045 0.000103 0.000083
0.000050 0.000110 0.000087
0.000055 0.000116 0.000090
0.000061 0.000123 0.000092
0.000068 0.000129 0.000094
0.000075 0.000135 0.000094
0.000082 0.000140 0.000095
0.000089 0.000145 0.000094
0.000097 0.000150 0.000093
0.000105 0.000154 0.000092
0.000113 0.000158 0.000090
0.000121 0.000162 0.000088
0.000129 0.000165 0.000085
0.000137 0.000168 0.000082
0.000145 0.000171 0.000079
0.000153 0.000173 0.000076
0.000161 0.000175 0.000073
0.000169 0.000177 0.000069
0.000178 0.000178 0.000065
0.000186 0.000180 0.000061
0.000194 0.000181 0.000057
0.000202 0.000182 0.000053
0.000210 0.000182 0.000049
0.000218 0.000183 0.000045
0.000226 0.000183 0.000041
0.000234 0.000183 0.000038
0.000243 0.000183 0.000034
0.000251 0.000183 0.000030
0.000259 0.000182 0.000027
0.000268 0.000182 0.000024
0.000276 0.000182 0.000021
0.000285 0.000182 0.000018
0.000294 0.000182 0.000016
0.000303 0.000182 0.000014
0.000312 0.000182 0.000012
0.000320 0.000183 0.000011
0.000330 0.000184 0.000011
0.000338 0.000185 0.000011
0.000347 0.000186 0.000011
0.000356 0.000188 0.000012
0.000365 0.000190 0.000014
0.000373 0.000192 0.000016
0.000382 0.000195 0.000019
0.000389 0.000198 0.000022
0.000397 0.000201 0.000026
0.000404 0.000204 0.000030
0.000411 0.000208 0.000035
0.000418 0.000212 0.000039
0.000424 0.000216 0.000044
0.000430 0.000221 0.000049
0.000436 0.000226 0.000055
0.000442 0.000230 0.000060
0.000447 0.000235 0.000065
0.000453 0.000240 0.000070
VECTORS Rotation float
0.774129 -0.225728 -2.162554
0.774078 -0.225246 -2.162284
0.773935 -0.223853 -2.161438
0.773711 -0.221723 -2.159942
0.773415 -0.219101 -2.157712
0.773062 -0.216201 -2.154646
0.772668 -0.213166 -2.150650
0.772246 -0.210004 -2.145635
0.771763 -0.206612 -2.139613
0.771260 -0.202621 -2.132424
0.770730 -0.197589 -2.123991
0.770168 -0.191000 -2.114186
0.769596 -0.182289 -2.102764
0.769021 -0.170962 -2.089445
0.768366 -0.156796 -2.074067
0.767615 -0.139546 -2.056182
0.766661 -0.119290 -2.035428
0.765379 -0.096224 -2.011314
0.763591 -0.070665 -1.983272
0.761051 -0.043056 -1.950760
0.757493 -0.013654 -1.913004
0.752527 0.017000 -1.869681
0.745763 0.048625 -1.820319
0.736782 0.081049 -1.764527
0.725159 0.114016 -1.702339
0.710507 0.147458 -1.633731
0.692529 0.181110 -1.559295
0.671085 0.214638 -1.479986
0.646162 0.247855 -1.396569
0.618022 0.280317 -1.310574
0.587175 0.311583 -1.223721
0.554170 0.341478 -1.137161
0.519792 0.369708 -1.052528
0.484686 0.396272 -0.970675
0.449994 0.420756 -0.893820
0.415815 0.443677 -0.821095
0.383141 0.464614 -0.754266
0.351746 0.484004 -0.691996
0.322075 0.501530 -0.634837
0.293826 0.517279 -0.581655
0.267082 0.530933 -0.532338
0.241780 0.542230 -0.486476
0.217886 0.550889 -0.443766
0.195197 0.556716 -0.403589
0.173964 0.559437 -0.366282
0.154092 0.558962 -0.331492
0.135720 0.555303 -0.299376
0.118865 0.548631 -0.269880
0.103412 0.539218 -0.242723
0.089354 0.527561 -0.217893
0.076529 0.514180 -0.195080
0.064768 0.499678 -0.173979
0.053917 0.484748 -0.154330
0.043830 0.470104 -0.135884
0.034382 0.456465 -0.118459
0.025482 0.444510 -0.101936
0.017090 0.434916 -0.086358
0.009212 0.428297 -0.071885
0.001908 0.425217 -0.058837
-0.004692 0.426180 -0.047706
-0.010376 0.431628 -0.039160
-0.014832 0.441923 -0.034033
-0.017610 0.457426 -0.033283
-0.018119 0.478163 -0.038049
-0.015444 0.504492 -0.049705
-0.008693 0.535626 -0.069404
0.003875 0.571915 -0.099268
0.024032 0.612417 -0.141079
0.053406 0.655172 -0.196055
0.094377 0.698578 -0.266337
0.150175 0.740935 -0.355125
0.220567 0.777988 -0.460769
0.306962 0.807177 -0.584580
0.406763 0.825097 -0.723101
0.514596 0.829315 -0.870124
0.622045 0.819174 -1.015987
0.724907 0.795379 -1.156841
0.816975 0.760389 -1.285503
0.896049 0.717301 -1.399423
0.962124 0.669258 -1.498371
1.016456 0.619018 -1.583470
1.061237 0.568107 -1.657295
1.097337 0.519321 -1.719790
1.127098 0.472422 -1.774125
1.151520 0.428432 -1.820905
1.171547 0.387947 -1.860697
1.188315 0.349779 -1.895298
1.202352 0.314043 -1.924885
1.214197 0.280307 -1.949983
1.224283 0.248139 -1.971028
1.232960 0.217183 -1.988366
1.240514 0.187194 -2.002278
1.247224 0.158410 -2.012846
1.253216 0.130140 -2.020513
1.258755 0.103232 -2.025218
1.263939 0.077633 -2.027084
1.268958 0.054048 -2.026059
1.273867 0.032656 -2.022010
1.278840 0.014238 -2.014787
1.283843 -0.001139 -2.003927
1.289094 -0.012609 -1.989414
1.294585 -0.019964 -1.970822
1.300336 -0.022956 -1.947973
1.306255 -0.021511 -1.920522
1.312192 -0.015615 -1.888205
1.317992 -0.005425 -1.851289
1.323385 0.008883 -1.809786
1.328047 0.027075 -1.763800
1.331608 0.048887 -1.713469
1.333655 0.074054 -1.658915
1.333825 0.102121 -1.600668
1.331685 0.132859 -1.538823
1.326998 0.165662 -1.474333
1.319544 0.200143 -1.407838
1.309247 0.235883 -1.340188
1.296270 0.272339 -1.272596
1.280924 0.309053 -1.206209
1.263724 0.345507 -1.142275
1.245297 0.381208 -1.081889
1.226341 0.415626 -1.025988
1.207632 0.448121 -0.975448
1.189832 0.478134 -0.930760
1.173671 0.504917 -0.892519
1.159655 0.527923 -0.860910
1.148322 0.546467 -0.836260
1.139958 0.560134 -0.818558
1.134876 0.568448 -0.807976
1.133160 0.571254 -0.804437
VECTORS ControlForce float
-0.000000 0.000000 0.000000
0.000047 -0.000136 0.000068
0.000092 -0.000228 0.000145
0.000124 -0.000250 0.000220
0.000111 -0.000217 0.000274
0.000049 -0.000131 0.000312
-0.000046 -0.000004 0.000347
-0.000162 0.000129 0.000379
-0.000286 0.000230 0.000396
-0.000386 0.000281 0.000405
-0.000442 0.000271 0.000409
-0.000433 0.000213 0.000414
-0.000373 0.000108 0.000422
-0.000295 -0.000053 0.000428
-0.000208 -0.000232 0.000431
-0.000135 -0.000412 0.000430
-0.000098 -0.000576 0.000422
-0.000083 -0.000680 0.000415
-0.000081 -0.000701 0.000414
-0.000096 -0.000645 0.000417
-0.000102 -0.000508 0.000432
-0.000106 -0.000325 0.000447
-0.000082 -0.000100 0.000462
-0.000008 0.000148 0.000474
0.000096 0.000377 0.000471
0.000235 0.000563 0.000451
0.000418 0.000706 0.000402
0.000626 0.000794 0.000316
0.000796 0.000800 0.000195
0.000879 0.000718 0.000049
0.000872 0.000578 -0.000104
0.000766 0.000396 -0.000239
0.000573 0.000193 -0.000336
0.000325 -0.000014 -0.000385
0.000065 -0.000204 -0.000397
-0.000161 -0.000356 -0.000375
-0.000339 -0.000476 -0.000331
-0.000449 -0.000562 -0.000265
-0.000476 -0.000601 -0.000194
-0.000443 -0.000607 -0.000118
-0.000371 -0.000588 -0.000044
-0.000279 -0.000531 0.000009
-0.000203 -0.000451 0.000052
-0.000155 -0.000345 0.000090
-0.000146 -0.000225 0.000127
-0.000160 -0.000074 0.000152
-0.000189 0.000094 0.000162
-0.000231 0.000245 0.000176
-0.000270 0.000372 0.000193
-0.000297 0.000467 0.000214
-0.000297 0.000547 0.000219
-0.000267 0.000609 0.000209
-0.000215 0.000634 0.000201
-0.000138 0.000632 0.000188
-0.000036 0.000609 0.000172
0.000090 0.000576 0.000157
0.000235 0.000529 0.000149
0.000390 0.000476 0.000149
0.000541 0.000417 0.000156
0.000677 0.000361 0.000158
0.000789 0.000299 0.000159
0.000870 0.000239 0.000149
0.000914 0.000173 0.000137
0.000915 0.000084 0.000137
0.000871 -0.000013 0.000136
0.000778 -0.000122 0.000130
0.000637 -0.000248 0.000141
0.000448 -0.000391 0.000158
0.000215 -0.000539 0.000155
-0.000037 -0.000642 0.000111
-0.000288 -0.000688 0.000047
-0.000529 -0.000677 -0.000039
-0.000725 -0.000583 -0.000137
-0.000864 -0.000420 -0.000234
-0.000939 -0.000223 -0.000325
-0.000946 -0.000017 -0.000408
-0.000896 0.000151 -0.000466
-0.000795 0.000277 -0.000506
-0.000648 0.000354 -0.000533
-0.000473 0.000366 -0.000546
-0.000274 0.000324 -0.000539
-0.000061 0.000257 -0.000507
0.000149 0.000176 -0.000461
0.000321 0.000076 -0.000398
0.000447 -0.000011 -0.000330
0.000522 -0.000066 -0.000265
0.000545 -0.000074 -0.000187
0.000515 -0.000050 -0.000100
0.000426 -0.000028 -0.000017
0.000305 0.000002 0.000061
0.000172 0.000048 0.000132
0.000035 0.000093 0.000188
-0.000101 0.000128 0.000229
-0.000228 0.000139 0.000265
-0.000350 0.000110 0.000285
-0.000453 0.000054 0.000289
-0.000521 -0.000005 0.000282
-0.000549 -0.000077 0.000272
-0.000525 -0.000139 0.000270
-0.000449 -0.000181 0.000286
-0.000339 -0.000215 0.000298
-0.000206 -0.000211 0.000305
-0.000076 -0.000180 0.000308
0.000033 -0.000130 0.000317
0.000106 -0.000088 0.000335
0.000148 -0.000047 0.000354
0.000162 -0.000009 0.000369
0.000157 0.000026 0.000380
0.000140 0.000059 0.000389
0.000126 0.000122 0.000398
0.000127 0.000246 0.000403
0.000139 0.000397 0.000398
0.000162 0.000549 0.000375
0.000195 0.000660 0.000337
0.000246 0.000734 0.000286
0.000305 0.000708 0.000230
0.000371 0.000575 0.000179
0.000439 0.000348 0.000142
0.000505 0.000086 0.000114
0.000559 -0.000173 0.000094
0.000584 -0.000396 0.000078
0.000571 -0.000545 0.000062
0.000512 -0.000632 0.000054
0.000418 -0.000656 0.000054
0.000308 -0.000582 0.000048
0.000198 -0.000423 0.000033
0.000095 -0.000221 0.000015
-0.000000 -0.000000 -0.000000
VECTORS ControlTorque float
-0.000000 0.000000 -0.000000
-0.000000 0.000000 -0.000000
-0.000000 0.000000 -0.000000
-0.000000 0.000000 -0.000000
-0.000000 0.000000 -0.000000
-0.000000 0.000000 -0.000000
-0.000000 0.000000 -0.000000
-0.000000 0.000000 -0.000000
-0.000000 0.000001 -0.000000
-0.000000 0.000000 -0.000000
-0.000000 0.000001 -0.000001
-0.000000 0.000001 -0.000001
-0.000001 0.000001 -0.000001
-0.000000 0.000001 -0.000001
-0.000001 0.000001 -0.000001
-0.000000 0.000001 -0.000001
-0.000000 0.000001 -0.000001
-0.000000 0.000002 -0.000001
-0.000000 0.000002 -0.000001
-0.000000 0.000002 -0.000001
-0.000000 0.000002 -0.000000
-0.000000 0.000002 -0.000000
-0.000000 0.000003 -0.000000
-0.000000 0.000002 -0.000000
-0.000000 0.000003 -0.000001
-0.000000 0.000002 -0.000001
-0.000000 0.000001 -0.000000
-0.000000 0.000001 -0.000001
0.000000 0.000000 -0.000001
0.000000 -0.000001 -0.000000
0.000000 -0.000000 -0.000000
0.000001 -0.000002 0.000000
0.000001 -0.000001 -0.000000
0.000001 -0.000003 0.000001
0.000001 -0.000001 -0.000000
0.000001 -0.000004 0.000002
0.000001 -0.000001 0.000000
0.000001 -0.000003 0.000001
0.000000 -0.000001 0.000001
0.000000 -0.000002 0.000001
-0.000000 -0.000001 0.000001
-0.000000 -0.000001 0.000001
-0.000001 -0.000001 0.000001
-0.000001 -0.000001 0.000001
-0.000001 -0.000001 0.000001
-0.000001 -0.000001 0.000001
-0.000001 -0.000001 0.000001
-0.000001 -0.000001 0.000001
-0.000001 -0.000001 0.000001
-0.000001 -0.000000 0.000000
-0.000000 -0.000000 0.000000
-0.000000 -0.000000 0.000000
0.000000 -0.000000 0.000000
0.000000 -0.000000 0.000000
0.000001 -0.000000 -0.000000
0.000001 -0.000000 0.000000
0.000001 -0.000000 0.000000
0.000002 -0.000000 0.000000
0.000002 -0.000001 0.000000
0.000002 -0.000001 0.000000
0.000002 -0.000001 0.000000
0.000002 -0.000002 0.000001
0.000002 -0.000002 0.000001
0.000003 -0.000002 0.000001
0.000001 -0.000002 0.000001
0.000003 -0.000003 0.000002
0.000002 -0.000003 0.000002
0.000001 -0.000003 0.000002
0.000001 -0.000002 0.000002
0.000003 -0.000004 0.000003
-0.000001 -0.000001 0.000001
0.000001 -0.000003 0.000003
-0.000000 -0.000001 0.000002
0.000000 -0.000001 0.000002
-0.000002 0.000001 0.000000
0.000000 -0.000001 0.000002
-0.000001 0.000001 0.000000
-0.000001 0.000001 -0.000000
-0.000001 0.000002 -0.000001
-0.000001 0.000002 -0.000001
-0.000000 0.000001 -0.000000
-0.000002 0.000003 -0.000003
-0.000000 0.000001 -0.000001
-0.000001 0.000002 -0.000002
-0.000002 0.000002 -0.000002
-0.000000 0.000001 -0.000000
-0.000001 0.000002 -0.000001
-0.000001 0.000001 -0.000001
-0.000001 0.000001 -0.000001
-0.000001 0.000001 -0.000000
-0.000000 0.000001 -0.000000
-0.000001 0.000001 -0.000001
0.000000 0.000001 0.000000
-0.000001 0.000001 -0.000001
-0.000000 0.000001 -0.000000
-0.000001 0.000001 -0.000001
-0.000000 0.000001 -0.000001
-0.000001 0.000001 -0.000001
-0.000000 0.000002 -0.000001
-0.000001 0.000001 -0.000002
-0.000001 0.000002 -0.000001
-0.000001 0.000002 -0.000002
-0.000001 0.000002 -0.000002
-0.000001 0.000002 -0.000002
-0.000000 0.000002 -0.000002
-0.000000 0.000002 -0.000002
-0.000000 0.000002 -0.000001
-0.000000 0.000002 -0.000001
-0.000000 0.000002 -0.000001
-0.000000 0.000001 -0.000001
-0.000000 0.000002 -0.000001
-0.000000 0.000001 -0.000001
-0.000000 0.000001 -0.000001
0.000000 0.000000 -0.000001
0.000000 -0.000001 -0.000001
0.000000 -0.000001 -0.000000
0.000000 -0.000002 -0.000000
0.000001 -0.000002 0.000000
0.000001 -0.000002 0.000000
0.000001 -0.000002 0.000001
0.000001 -0.000002 0.000001
0.000000 -0.000003 0.000002
0.000000 -0.000002 0.000002
-0.000000 -0.000002 0.000002
-0.000000 -0.000002 0.000002
-0.000001 -0.000002 0.000003
-0.000001 -0.000002 0.000002
-0.000001 -0.000002 0.000003
VECTORS Curvature float
-10.859191 -33.382467 7.114859
-31.452148 -107.070511 22.642575
-56.031323 -231.650891 49.627108
-51.630546 -328.578109 73.717586
-22.369018 -417.259304 99.014511
28.845196 -499.215802 124.589988
95.138580 -589.178476 150.579278
159.010359 -676.098471 177.024480
209.181736 -786.766580 203.750635
237.684391 -948.538562 230.673521
232.289275 -1145.168528 257.461761
198.100214 -1398.701371 284.078939
142.600699 -1731.831115 310.405482
73.805797 -2095.491012 336.456602
9.353890 -2499.989979 362.585454
-30.274678 -2958.154838 388.914302
-26.655143 -3425.667664 415.716321
37.801159 -3927.828548 443.193526
172.247266 -4427.796330 471.197877
382.067209 -4976.608922 499.955982
657.625542 -5541.517436 528.294410
977.928467 -6072.272419 556.259064
1332.716884 -6657.227438 582.758023
1686.766756 -7231.978159 606.182382
2017.484002 -7806.710760 625.934742
2300.777812 -8375.893653 639.800824
2486.172432 -8813.641095 646.690311
2582.535436 -9185.527944 646.309132
2581.511423 -9468.956372 636.760491
2451.471674 -9516.951655 618.453792
2241.859123 -9461.582581 592.721890
1961.791277 -9260.845340 558.842961
1644.490660 -9006.190585 520.737198
1275.966549 -8466.150026 476.509621
921.285907 -7939.852852 433.837693
596.835833 -7358.836303 387.580907
309.542920 -6716.727447 346.362846
92.304564 -6189.005153 305.744390
-60.376619 -5627.068556 271.048218
-138.222579 -5196.600431 240.022649
-141.123956 -4731.352641 214.529957
-74.444041 -4308.084867 193.743110
56.117133 -3978.802641 177.847183
236.880609 -3660.402071 166.034079
459.705678 -3338.711336 158.302061
709.169793 -3069.317580 153.843963
957.058736 -2776.508330 152.349574
1204.837091 -2541.829606 153.157208
1421.801883 -2329.338615 155.942948
1586.636616 -2130.517066 159.990903
1707.496122 -1981.629183 164.910840
1762.502197 -1861.272977 170.241582
1744.181372 -1766.833276 175.627052
1649.946036 -1692.540710 180.933434
1482.783797 -1632.428713 186.201699
1242.688206 -1571.911618 191.766532
931.318051 -1493.335521 198.094808
557.813158 -1384.361437 205.840067
128.068633 -1226.109262 215.645348
-352.607199 -1000.835108 228.026182
-866.422398 -691.339529 243.269506
-1430.813898 -288.241496 261.125860
-1986.612572 210.305177 281.098014
-2599.058146 839.261733 301.448756
-3147.955156 1537.196406 321.390673
-3675.189445 2340.032210 337.069777
-4314.067313 3320.176721 347.200555
-4751.936624 4267.466085 349.394457
-5007.119723 5128.714421 340.115502
-5408.246814 6258.814384 315.822407
-5581.428188 7185.397417 283.247373
-5549.466586 7954.682630 230.927203
-5585.537054 8826.798415 169.313672
-5453.916869 9491.534647 96.290878
-5110.921162 9709.459310 13.592028
-4773.502158 9908.012784 -70.527362
-4511.513510 10091.662032 -153.567181
-4102.397325 9833.460525 -227.094537
-3743.632043 9500.353716 -289.021566
-3380.447453 8969.293520 -339.262717
-3123.953764 8570.457250 -375.536791
-2829.998105 7911.807521 -408.056049
-2537.910008 7204.217115 -427.071292
-2350.377722 6743.191972 -445.879118
-2047.511454 5977.122337 -460.382552
-1797.191566 5432.639467 -471.185704
-1572.740079 5049.812877 -483.178214
-1294.130156 4601.523544 -493.404709
-1023.147654 4261.823884 -503.677965
-746.930343 3968.499979 -513.684561
-473.328190 3750.164585 -523.314095
-201.156670 3473.895566 -532.707409
63.357569 3300.593317 -540.706842
310.175987 3128.782358 -548.196112
550.434894 2873.129124 -553.859278
774.602620 2610.817148 -558.301054
1005.937658 2292.587183 -561.376322
1226.420208 1921.994255 -563.451284
1494.934496 1509.648431 -565.379150
1775.363214 1047.181276 -567.269976
2036.116395 491.502662 -570.328457
2348.710181 -69.284619 -574.574991
2675.664034 -653.658583 -580.259529
3082.783123 -1257.252865 -586.784482
3482.373255 -1847.026176 -593.534863
3853.484917 -2397.342890 -599.247900
4243.544441 -2927.360576 -602.790314
4621.503042 -3420.861144 -602.925701
5012.279569 -3900.961902 -598.363052
5346.674983 -4320.003775 -588.919896
5658.807617 -4715.551589 -572.997850
5909.022390 -5066.652960 -552.269655
6027.323745 -5328.347830 -525.663546
6083.552204 -5573.188506 -494.820929
6003.033154 -5743.842368 -461.102005
5781.677528 -5835.371783 -425.381371
5433.247685 -5848.613251 -389.430710
4964.564872 -5764.062920 -354.099321
4421.195578 -5594.078438 -320.216845
3817.130428 -5306.882829 -288.140249
3205.315765 -4925.943004 -257.019123
2605.880905 -4435.612037 -226.525930
2045.328003 -3852.710474 -194.804067
1539.231475 -3187.676962 -161.366226
1086.991253 -2446.238995 -124.560906
699.470305 -1680.056968 -86.230061
307.546891 -768.364335 -40.070354
97.117743 -247.084488 -12.310732
VECTORS LocalRotation float
0.027165 0.684085 -0.080775
0.026973 0.683447 -0.080640
0.026579 0.681920 -0.080314
0.026094 0.679394 -0.079758
0.025758 0.676010 -0.078974
0.025787 0.671847 -0.077958
0.026349 0.666917 -0.076712
0.027493 0.661220 -0.075237
0.029166 0.654574 -0.073507
0.031186 0.646728 -0.071543
0.033312 0.637259 -0.069335
0.035265 0.625715 -0.066878
0.036809 0.611525 -0.064183
0.037786 0.594251 -0.061263
0.038163 0.573409 -0.058093
0.038068 0.548712 -0.054693
0.037811 0.519813 -0.051050
0.037861 0.486517 -0.047161
0.038812 0.448690 -0.043021
0.041326 0.406040 -0.038617
0.046024 0.358513 -0.033971
0.053431 0.305919 -0.029059
0.063906 0.248211 -0.023896
0.077579 0.185316 -0.018512
0.094365 0.117167 -0.012928
0.113886 0.044012 -0.007207
0.135519 -0.033669 -0.001393
0.158478 -0.115197 0.004464
0.181835 -0.199574 0.010267
0.204622 -0.285531 0.015950
0.225939 -0.371732 0.021451
0.244998 -0.456618 0.026673
0.261342 -0.539406 0.031565
0.274502 -0.618140 0.036059
0.284495 -0.692752 0.040199
0.291330 -0.761625 0.043897
0.295454 -0.825676 0.047237
0.297268 -0.883934 0.050181
0.297413 -0.937595 0.052800
0.296516 -0.986467 0.055108
0.295253 -1.031356 0.057163
0.294277 -1.072313 0.059013
0.294193 -1.109970 0.060701
0.295516 -1.144455 0.062254
0.298675 -1.176193 0.063724
0.303956 -1.205144 0.065135
0.311497 -1.231604 0.066521
0.321304 -1.255729 0.067907
0.333176 -1.277746 0.069304
0.346809 -1.297956 0.070735
0.361737 -1.316591 0.072208
0.377446 -1.333989 0.073725
0.393320 -1.350412 0.075291
0.408685 -1.366073 0.076905
0.422873 -1.381131 0.078567
0.435207 -1.395632 0.080278
0.445050 -1.409510 0.082043
0.451794 -1.422542 0.083872
0.454899 -1.434363 0.085781
0.453883 -1.444445 0.087790
0.448362 -1.452109 0.089924
0.437942 -1.456552 0.092212
0.422510 -1.456904 0.094660
0.401681 -1.452137 0.097306
0.375809 -1.441438 0.100110
0.344639 -1.423726 0.103118
0.308531 -1.398144 0.106211
0.267797 -1.364053 0.109341
0.223475 -1.321378 0.112472
0.175947 -1.269415 0.115466
0.126528 -1.208957 0.118159
0.075780 -1.139931 0.120504
0.025373 -1.063964 0.122316
-0.024396 -0.981379 0.123513
-0.071946 -0.894960 0.124008
-0.116992 -0.805557 0.123748
-0.158841 -0.715415 0.122738
-0.197747 -0.625422 0.121019
-0.233269 -0.537889 0.118682
-0.265592 -0.454090 0.115831
-0.295156 -0.374368 0.112583
-0.321932 -0.300244 0.109059
-0.346409 -0.231317 0.105250
-0.368454 -0.168418 0.101314
-0.388302 -0.111009 0.097224
-0.405875 -0.058859 0.092966
-0.421099 -0.011503 0.088654
-0.434058 0.032125 0.084240
-0.444539 0.072213 0.079730
-0.452546 0.109440 0.075128
-0.458063 0.144341 0.070439
-0.461110 0.176973 0.065669
-0.461739 0.207894 0.060770
-0.460059 0.236800 0.055874
-0.456157 0.264016 0.050877
-0.450175 0.288772 0.045856
-0.442078 0.311071 0.040764
-0.431979 0.330137 0.035676
-0.419576 0.345778 0.030531
-0.404919 0.357237 0.025454
-0.387660 0.364205 0.020303
-0.367801 0.366117 0.015118
-0.344942 0.362828 0.009864
-0.318797 0.354152 0.004565
-0.289190 0.340152 -0.000758
-0.256020 0.320961 -0.006151
-0.219356 0.296850 -0.011594
-0.179176 0.268077 -0.017059
-0.135505 0.234887 -0.022504
-0.088638 0.197692 -0.027876
-0.038736 0.156723 -0.033145
0.013538 0.112518 -0.038230
0.067615 0.065424 -0.043113
0.122504 0.016016 -0.047738
0.177216 -0.035212 -0.052065
0.230581 -0.087647 -0.056080
0.281344 -0.140533 -0.059768
0.328422 -0.193112 -0.063134
0.370918 -0.244537 -0.066187
0.408202 -0.293872 -0.068940
0.440020 -0.340236 -0.071411
0.466318 -0.382600 -0.073599
0.487401 -0.420171 -0.075509
0.503616 -0.452019 -0.077120
0.515518 -0.477551 -0.078416
0.523589 -0.496192 -0.079368
0.528159 -0.507303 -0.079941
0.529987 -0.511891 -0.080178
VECTORS q1 float
-0.528721 -0.681359 -0.506166
-0.528325 -0.681399 -0.506526
-0.527145 -0.681515 -0.507598
-0.525235 -0.681688 -0.509342
-0.522685 -0.681882 -0.511700
-0.519554 -0.682073 -0.514626
-0.515862 -0.682248 -0.518096
-0.511554 -0.682417 -0.522130
-0.506571 -0.682567 -0.526771
-0.500590 -0.682779 -0.532186
-0.493290 -0.683104 -0.538548
-0.484268 -0.683594 -0.546062
-0.473001 -0.684316 -0.554962
-0.458965 -0.685294 -0.565441
-0.441857 -0.686436 -0.577553
-0.421148 -0.687671 -0.591392
-0.396537 -0.688805 -0.606883
-0.367699 -0.689605 -0.623893
-0.334308 -0.689794 -0.642201
-0.296132 -0.689044 -0.661456
-0.252648 -0.687038 -0.681284
-0.203838 -0.683387 -0.701022
-0.149436 -0.677730 -0.719965
-0.089208 -0.669702 -0.737252
-0.023355 -0.658948 -0.751826
0.047962 -0.645140 -0.762557
0.123849 -0.628043 -0.768260
0.202922 -0.607567 -0.767909
0.283881 -0.583726 -0.760707
0.364609 -0.556808 -0.746341
0.442891 -0.527335 -0.725097
0.517204 -0.495853 -0.697589
0.585858 -0.463139 -0.665036
0.648113 -0.429824 -0.628650
0.702558 -0.397023 -0.590580
0.750261 -0.364827 -0.551371
0.790636 -0.334207 -0.513030
0.825128 -0.304963 -0.475564
0.854017 -0.277554 -0.440021
0.878431 -0.251725 -0.406194
0.898899 -0.227585 -0.374414
0.916039 -0.205087 -0.344692
0.930368 -0.184186 -0.317001
0.942442 -0.164671 -0.291009
0.952472 -0.146702 -0.266975
0.960844 -0.130124 -0.244636
0.967771 -0.114973 -0.224052
0.973491 -0.101181 -0.205129
0.978241 -0.088580 -0.187613
0.982171 -0.077102 -0.171449
0.985450 -0.066568 -0.156389
0.988207 -0.056809 -0.142197
0.990539 -0.047683 -0.128680
0.992519 -0.039062 -0.115672
0.994196 -0.030856 -0.103066
0.995601 -0.023003 -0.090828
0.996749 -0.015498 -0.079065
0.997650 -0.008379 -0.068004
0.998314 -0.001738 -0.058017
0.998759 0.004272 -0.049625
0.999010 0.009424 -0.043485
0.999095 0.013406 -0.040362
0.999032 0.015799 -0.041044
0.998795 0.016086 -0.046365
0.998275 0.013519 -0.057134
0.997247 0.007475 -0.073772
0.995277 -0.003259 -0.097017
0.991721 -0.019663 -0.126895
0.985780 -0.042328 -0.162622
0.976400 -0.072163 -0.203558
0.962163 -0.110389 -0.249111
0.942286 -0.155845 -0.296327
0.915411 -0.208959 -0.344033
0.880903 -0.268435 -0.389811
0.838691 -0.332411 -0.431393
0.789962 -0.397881 -0.466531
0.734617 -0.464155 -0.494872
0.674798 -0.528267 -0.515346
0.612319 -0.588446 -0.528012
0.549025 -0.643431 -0.533449
0.486633 -0.692483 -0.532593
0.425788 -0.735836 -0.526545
0.369118 -0.772656 -0.516483
0.315830 -0.804245 -0.503429
0.266893 -0.830830 -0.488353
0.222874 -0.852885 -0.472138
0.182338 -0.871565 -0.455112
0.145416 -0.887264 -0.437741
0.111610 -0.900515 -0.420256
0.080419 -0.911754 -0.402786
0.051416 -0.921310 -0.385414
0.024277 -0.929426 -0.368210
-0.000834 -0.936235 -0.351374
-0.024721 -0.941960 -0.334813
-0.046637 -0.946642 -0.318895
-0.066726 -0.950416 -0.303738
-0.084386 -0.953397 -0.289676
-0.099488 -0.955730 -0.276917
-0.111321 -0.957585 -0.265778
-0.119784 -0.959110 -0.256437
-0.124069 -0.960507 -0.249064
-0.123896 -0.961904 -0.243703
-0.118965 -0.963394 -0.240249
-0.109093 -0.964989 -0.238526
-0.094157 -0.966630 -0.238246
-0.074288 -0.968201 -0.238891
-0.049604 -0.969511 -0.239974
-0.020316 -0.970325 -0.240950
0.013307 -0.970370 -0.241258
0.050962 -0.969349 -0.240343
0.092039 -0.966989 -0.237614
0.136205 -0.962987 -0.232604
0.182534 -0.957142 -0.224855
0.230351 -0.949267 -0.214082
0.278880 -0.939241 -0.200132
0.327132 -0.927078 -0.183058
0.374226 -0.912879 -0.163116
0.419243 -0.896891 -0.140793
0.461398 -0.879476 -0.116760
0.500032 -0.861124 -0.091837
0.534547 -0.842480 -0.066987
0.564652 -0.824202 -0.043128
0.590029 -0.807102 -0.021260
0.610691 -0.791866 -0.002162
0.626573 -0.779248 0.013390
0.637841 -0.769765 0.024910
0.644513 -0.763926 0.031941
0.646734 -0.761943 0.034314
VECTORS q2 float
-0.257146 0.696891 -0.669492
-0.257217 0.697003 -0.669348
-0.257382 0.697322 -0.668951
-0.257498 0.697811 -0.668397
-0.257376 0.698423 -0.667804
-0.256835 0.699112 -0.667292
-0.255738 0.699844 -0.666945
-0.254033 0.700607 -0.666796
-0.251771 0.701440 -0.666779
-0.249090 0.702364 -0.666812
-0.246205 0.703444 -0.666746
-0.243353 0.704741 -0.666423
-0.240750 0.706293 -0.665725
-0.238554 0.708116 -0.664578
-0.236815 0.710226 -0.662946
-0.235455 0.712574 -0.660908
-0.234232 0.715112 -0.658597
-0.232752 0.717784 -0.656211
-0.230490 0.720555 -0.653969
-0.226849 0.723440 -0.652053
-0.221224 0.726493 -0.650590
-0.213114 0.729858 -0.649530
-0.202156 0.733702 -0.648702
-0.188197 0.738203 -0.647794
-0.171404 0.743535 -0.646357
-0.152173 0.749805 -0.643923
-0.131275 0.757046 -0.640038
-0.109726 0.765177 -0.634401
-0.088526 0.774002 -0.626964
-0.068811 0.783214 -0.617933
-0.051554 0.792423 -0.607789
-0.037295 0.801240 -0.597180
-0.026380 0.809279 -0.586831
-0.018719 0.816253 -0.577391
-0.014205 0.821913 -0.569437
-0.012153 0.826217 -0.563221
-0.012135 0.829175 -0.558857
-0.013450 0.830944 -0.556193
-0.015592 0.831761 -0.554915
-0.018058 0.831918 -0.554605
-0.020482 0.831761 -0.554756
-0.022588 0.831645 -0.554848
-0.024196 0.831914 -0.554377
-0.025197 0.832872 -0.552892
-0.025596 0.834762 -0.550016
-0.025418 0.837761 -0.545445
-0.024769 0.841927 -0.539023
-0.023772 0.847219 -0.530712
-0.022549 0.853526 -0.520562
-0.021268 0.860590 -0.508854
-0.020054 0.868148 -0.495900
-0.019022 0.875897 -0.482124
-0.018275 0.883506 -0.468062
-0.017893 0.890665 -0.454308
-0.017926 0.897086 -0.441492
-0.018398 0.902529 -0.430237
-0.019310 0.906773 -0.421176
-0.020641 0.909636 -0.414894
-0.022352 0.910948 -0.411916
-0.024400 0.910542 -0.412697
-0.026745 0.908237 -0.417600
-0.029374 0.903832 -0.426879
-0.032294 0.897053 -0.440741
-0.035606 0.887696 -0.459051
-0.039437 0.875316 -0.481941
-0.044064 0.859917 -0.508529
-0.049783 0.840860 -0.538959
-0.057016 0.818024 -0.572351
-0.066165 0.791812 -0.607170
-0.077604 0.762350 -0.642496
-0.091778 0.729533 -0.677760
-0.108542 0.695070 -0.710702
-0.128001 0.659215 -0.740980
-0.149808 0.623125 -0.767641
-0.173394 0.587913 -0.790122
-0.197722 0.554924 -0.808063
-0.222710 0.524003 -0.822083
-0.247453 0.495916 -0.832367
-0.271468 0.470763 -0.839457
-0.294438 0.448436 -0.843926
-0.316177 0.428712 -0.846309
-0.336885 0.411171 -0.847023
-0.355900 0.395851 -0.846544
-0.373696 0.382263 -0.845119
-0.389937 0.370305 -0.843103
-0.404290 0.359840 -0.840872
-0.417022 0.350624 -0.838543
-0.427821 0.342549 -0.836438
-0.436594 0.335465 -0.834775
-0.443292 0.329218 -0.833731
-0.447900 0.323661 -0.833444
-0.450436 0.318644 -0.834011
-0.450928 0.313975 -0.835514
-0.449467 0.309628 -0.837920
-0.446171 0.305368 -0.841238
-0.441066 0.301155 -0.845439
-0.434244 0.296842 -0.850481
-0.425573 0.292429 -0.856372
-0.415070 0.287798 -0.863070
-0.402260 0.283032 -0.870678
-0.387273 0.277969 -0.879064
-0.369666 0.272658 -0.888259
-0.349207 0.267105 -0.898170
-0.325437 0.261406 -0.908712
-0.297934 0.255700 -0.919702
-0.266726 0.250116 -0.930752
-0.231626 0.244886 -0.941478
-0.192570 0.240284 -0.951410
-0.149601 0.236631 -0.960013
-0.102855 0.234282 -0.966712
-0.052954 0.233536 -0.970905
-0.000300 0.234752 -0.972055
0.053845 0.238086 -0.969750
0.108371 0.243654 -0.963788
0.161966 0.251417 -0.954231
0.213097 0.261099 -0.941497
0.260466 0.272288 -0.926292
0.302975 0.284406 -0.909571
0.339966 0.296827 -0.892366
0.371206 0.308935 -0.875651
0.396788 0.320159 -0.860266
0.417187 0.330119 -0.846745
0.432941 0.338506 -0.835450
0.444744 0.345245 -0.826443
0.453181 0.350306 -0.819703
0.458820 0.353812 -0.815047
0.462029 0.355842 -0.812346
0.463073 0.356511 -0.811458
VECTORS q3 float
0.808906 -0.223816 -0.543670
0.809143 -0.223346 -0.543511
0.809860 -0.221988 -0.542999
0.811063 -0.219911 -0.542049
0.812747 -0.217352 -0.540556
0.814923 -0.214521 -0.538407
0.817609 -0.211555 -0.535500
0.820841 -0.208464 -0.531754
0.824620 -0.205145 -0.527179
0.829074 -0.201237 -0.521670
0.834295 -0.196306 -0.515185
0.840395 -0.189841 -0.507638
0.847532 -0.181281 -0.498826
0.855829 -0.170130 -0.488480
0.865264 -0.156154 -0.476376
0.875897 -0.139094 -0.462014
0.887634 -0.119007 -0.444909
0.900347 -0.096076 -0.424435
0.913845 -0.070606 -0.399878
0.927818 -0.043043 -0.370543
0.941928 -0.013654 -0.335536
0.955527 0.016999 -0.294412
0.967885 0.048606 -0.246649
0.978072 0.080960 -0.191889
0.984924 0.113770 -0.130312
0.987189 0.146925 -0.062211
0.983579 0.180121 0.011313
0.973028 0.212993 0.088605
0.954764 0.245325 0.168050
0.928615 0.276660 0.247253
0.895092 0.306566 0.323771
0.855049 0.334880 0.395912
0.809984 0.361343 0.461905
0.761314 0.385982 0.520979
0.711485 0.408451 0.571801
0.661030 0.429263 0.615445
0.612166 0.448078 0.651520
0.564785 0.465327 0.681534
0.520012 0.480767 0.706010
0.477528 0.494517 0.726237
0.437677 0.506338 0.743007
0.400453 0.516048 0.757187
0.365827 0.523445 0.769530
0.333419 0.528401 0.780784
0.303549 0.530709 0.791332
0.275922 0.530306 0.801650
0.250609 0.527200 0.811945
0.227487 0.521520 0.822354
0.206244 0.513465 0.832957
0.186781 0.503428 0.843607
0.168780 0.491821 0.854181
0.151939 0.479143 0.864486
0.136008 0.465986 0.874276
0.120771 0.452979 0.883303
0.106082 0.440777 0.891326
0.091871 0.430015 0.898135
0.078222 0.421334 0.903526
0.065335 0.415322 0.907325
0.053567 0.412518 0.909373
0.043422 0.413395 0.909516
0.035559 0.418350 0.907590
0.030758 0.427678 0.903408
0.029856 0.441640 0.896695
0.033774 0.460149 0.887199
0.043495 0.483363 0.874339
0.059636 0.510379 0.857879
0.083334 0.541243 0.836726
0.115057 0.574847 0.810131
0.154466 0.609296 0.777752
0.201547 0.643130 0.738758
0.256552 0.674978 0.691799
0.316727 0.701848 0.638039
0.381626 0.722338 0.576706
0.448963 0.734614 0.508699
0.516267 0.737469 0.435440
0.580402 0.730582 0.359699
0.640889 0.714129 0.281569
0.695281 0.689203 0.203921
0.742544 0.657353 0.128513
0.782226 0.620404 0.056752
0.814383 0.580236 -0.010322
0.839770 0.538037 -0.072820
0.858538 0.496291 -0.128872
0.872125 0.455044 -0.179813
0.881316 0.415445 -0.225139
0.887061 0.378289 -0.264614
0.890419 0.342690 -0.299530
0.892089 0.308906 -0.329778
0.892709 0.276650 -0.355718
0.892762 0.245600 -0.377698
0.892604 0.215480 -0.396014
0.892479 0.186102 -0.410911
0.892560 0.157748 -0.422436
0.892955 0.129773 -0.431035
0.893732 0.103049 -0.436606
0.894991 0.077555 -0.439291
0.896834 0.054022 -0.439056
0.899439 0.032650 -0.435826
0.902953 0.014238 -0.429503
0.907656 -0.001139 -0.419714
0.913579 -0.012609 -0.406466
0.920868 -0.019963 -0.389364
0.929463 -0.022954 -0.368200
0.939249 -0.021509 -0.342561
0.949931 -0.015615 -0.312068
0.960905 -0.005425 -0.276825
0.971539 0.008883 -0.236712
0.981073 0.027071 -0.191737
0.988657 0.048867 -0.142019
0.993390 0.073986 -0.087763
0.994346 0.101944 -0.029712
0.990681 0.132468 0.031686
0.981724 0.164905 0.094996
0.967054 0.198810 0.158999
0.946569 0.233702 0.222240
0.920638 0.268985 0.282972
0.890007 0.304156 0.339671
0.855828 0.338674 0.390971
0.819472 0.372042 0.435948
0.782416 0.403763 0.474132
0.746203 0.433273 0.505426
0.712126 0.460123 0.530249
0.681490 0.483735 0.549156
0.655179 0.503740 0.563016
0.634061 0.519672 0.572633
0.618581 0.531300 0.578859
0.609206 0.538325 0.582300
0.606051 0.540687 0.583403
