# vtk DataFile Version 2.0
VTK example
ASCII
DATASET UNSTRUCTURED_GRID
POINTS  128  float
-0.000443 -0.000123 -0.000188
-0.000439 -0.000122 -0.000181
-0.000434 -0.000122 -0.000173
-0.000429 -0.000122 -0.000165
-0.000424 -0.000122 -0.000158
-0.000418 -0.000122 -0.000151
-0.000412 -0.000122 -0.000144
-0.000406 -0.000122 -0.000137
-0.000399 -0.000122 -0.000131
-0.000392 -0.000122 -0.000126
-0.000385 -0.000122 -0.000121
-0.000377 -0.000122 -0.000116
-0.000368 -0.000122 -0.000113
-0.000360 -0.000122 -0.000110
-0.000351 -0.000122 -0.000107
-0.000342 -0.000121 -0.000106
-0.000333 -0.000121 -0.000106
-0.000324 -0.000120 -0.000106
-0.000315 -0.000120 -0.000107
-0.000306 -0.000119 -0.000109
-0.000297 -0.000118 -0.000111
-0.000289 -0.000118 -0.000114
-0.000281 -0.000117 -0.000117
-0.000272 -0.000116 -0.000121
-0.000264 -0.000115 -0.000125
-0.000257 -0.000114 -0.000130
-0.000249 -0.000113 -0.000134
-0.000241 -0.000112 -0.000139
-0.000234 -0.000111 -0.000144
-0.000226 -0.000110 -0.000149
-0.000218 -0.000109 -0.000154
-0.000211 -0.000108 -0.000158
-0.000203 -0.000107 -0.000163
-0.000195 -0.000106 -0.000168
-0.000187 -0.000105 -0.000172
-0.000180 -0.000103 -0.000176
-0.000172 -0.000102 -0.000180
-0.000164 -0.000100 -0.000184
-0.000155 -0.000098 -0.000187
-0.000147 -0.000096 -0.000191
-0.000139 -0.000095 -0.000193
-0.000130 -0.000092 -0.000196
-0.000122 -0.000090 -0.000199
-0.000113 -0.000088 -0.000201
-0.000105 -0.000085 -0.000202
-0.000096 -0.000083 -0.000204
-0.000088 -0.000080 -0.000204
-0.000079 -0.000077 -0.000205
-0.000070 -0.000074 -0.000204
-0.000062 -0.000071 -0.000203
-0.000054 -0.000068 -0.000202
-0.000046 -0.000065 -0.000199
-0.000038 -0.000061 -0.000196
-0.000030 -0.000058 -0.000193
-0.000023 -0.000054 -0.000188
-0.000017 -0.000050 -0.000183
-0.000011 -0.000047 -0.000177
-0.000006 -0.000043 -0.000171
-0.000001 -0.000039 -0.000164
0.000003 -0.000035 -0.000157
0.000007 -0.000032 -0.000150
0.000010 -0.000028 -0.000142
0.000012 -0.000025 -0.000134
0.000015 -0.000021 -0.000126
0.000016 -0.000018 -0.000118
0.000018 -0.000014 -0.000110
0.000019 -0.000011 -0.000101
0.000020 -0.000007 -0.000093
0.000020 -0.000004 -0.000085
0.000021 -0.000001 -0.000076
0.000021 0.000003 -0.000068
0.000022 0.000006 -0.000059
0.000022 0.000010 -0.000051
0.000022 0.000013 -0.000043
0.000023 0.000017 -0.000034
0.000023 0.000020 -0.000026
0.000024 0.000024 -0.000018
0.000024 0.000028 -0.000010
0.000025 0.000032 -0.000002
0.000026 0.000036 0.000006
0.000027 0.000041 0.000014
0.000029 0.000045 0.000022
0.000030 0.000050 0.000029
0.000032 0.000055 0.000037
0.000035 0.000060 0.000044
0.000038 0.000065 0.000051
0.000041 0.000071 0.000057
0.000045 0.000077 0.000063
0.000049 0.000082 0.000068
0.000054 0.000088 0.000073
0.000059 0.000094 0.000077
0.000065 0.000100 0.000081
0.000071 0.000106 0.000084
0.000077 0.000112 0.000086
0.000084 0.000118 0.000088
0.000091 0.000123 0.000089
0.000099 0.000128 0.000089
0.000106 0.000133 0.000089
0.000114 0.000138 0.000088
0.000122 0.000142 0.000087
0.000130 0.000146 0.000085
0.000137 0.000150 0.000082
0.000145 0.000154 0.000079
0.000153 0.000157 0.000076
0.000161 0.000160 0.000073
0.000169 0.000163 0.000069
0.000176 0.000166 0.000065
0.000184 0.000168 0.000061
0.000192 0.000170 0.000056
0.000199 0.000172 0.000052
0.000207 0.000174 0.000047
0.000214 0.000176 0.000043
0.000222 0.000178 0.000038
0.000230 0.000180 0.000034
0.000237 0.000181 0.000029
0.000245 0.000183 0.000025
0.000253 0.000184 0.000020
0.000261 0.000185 0.000016
0.000269 0.000186 0.000012
0.000277 0.000188 0.000009
0.000285 0.000189 0.000005
0.000294 0.000190 0.000002
0.000302 0.000190 -0.000001
0.000311 0.000191 -0.000003
0.000320 0.000192 -0.000006
0.000329 0.000193 -0.000008
0.000337 0.000193 -0.000010
0.000346 0.000194 -0.000012
CELLS  127 381
2 0 1 
2 1 2 
2 2 3 
2 3 4 
2 4 5 
2 5 6 
2 6 7 
2 7 8 
2 8 9 
2 9 10 
2 10 11 
2 11 12 
2 12 13 
2 13 14 
2 14 15 
2 15 16 
2 16 17 
2 17 18 
2 18 19 
2 19 20 
2 20 21 
2 21 22 
2 22 23 
2 23 24 
2 24 25 
2 25 26 
2 26 27 
2 27 28 
2 28 29 
2 29 30 
2 30 31 
2 31 32 
2 32 33 
2 33 34 
2 34 35 
2 35 36 
2 36 37 
2 37 38 
2 38 39 
2 39 40 
2 40 41 
2 41 42 
2 42 43 
2 43 44 
2 44 45 
2 45 46 
2 46 47 
2 47 48 
2 48 49 
2 49 50 
2 50 51 
2 51 52 
2 52 53 
2 53 54 
2 54 55 
2 55 56 
2 56 57 
2 57 58 
2 58 59 
2 59 60 
2 60 61 
2 61 62 
2 62 63 
2 63 64 
2 64 65 
2 65 66 
2 66 67 
2 67 68 
2 68 69 
2 69 70 
2 70 71 
2 71 72 
2 72 73 
2 73 74 
2 74 75 
2 75 76 
2 76 77 
2 77 78 
2 78 79 
2 79 80 
2 80 81 
2 81 82 
2 82 83 
2 83 84 
2 84 85 
2 85 86 
2 86 87 
2 87 88 
2 88 89 
2 89 90 
2 90 91 
2 91 92 
2 92 93 
2 93 94 
2 94 95 
2 95 96 
2 96 97 
2 97 98 
2 98 99 
2 99 100 
2 100 101 
2 101 102 
2 102 103 
2 103 104 
2 104 105 
2 105 106 
2 106 107 
2 107 108 
2 108 109 
2 109 110 
2 110 111 
2 111 112 
2 112 113 
2 113 114 
2 114 115 
2 115 116 
2 116 117 
2 117 118 
2 118 119 
2 119 120 
2 120 121 
2 121 122 
2 122 123 
2 123 124 
2 124 125 
2 125 126 
2 126 127 
CELL_TYPES  127
3
3
3
3
3
3
3
3
3
3
3
3
3
3
3
3
3
3
3
3
3
3
3
3
3
3
3
3
3
3
3
3
3
3
3
3
3
3
3
3
3
3
3
3
3
3
3
3
3
3
3
3
3
3
3
3
3
3
3
3
3
3
3
3
3
3
3
3
3
3
3
3
3
3
3
3
3
3
3
3
3
3
3
3
3
3
3
3
3
3
3
3
3
3
3
3
3
3
3
3
3
3
3
3
3
3
3
3
3
3
3
3
3
3
3
3
3
3
3
3
3
3
3
3
3
3
3
POINT_DATA  128
VECTORS Position float
-0.000443 -0.000123 -0.000188
-0.000439 -0.000122 -0.000181
-0.000434 -0.000122 -0.000173
-0.000429 -0.000122 -0.000165
-0.000424 -0.000122 -0.000158
-0.000418 -0.000122 -0.000151
-0.000412 -0.000122 -0.000144
-0.000406 -0.000122 -0.000137
-0.000399 -0.000122 -0.000131
-0.000392 -0.000122 -0.000126
-0.000385 -0.000122 -0.000121
-0.000377 -0.000122 -0.000116
-0.000368 -0.000122 -0.000113
-0.000360 -0.000122 -0.000110
-0.000351 -0.000122 -0.000107
-0.000342 -0.000121 -0.000106
-0.000333 -0.000121 -0.000106
-0.000324 -0.000120 -0.000106
-0.000315 -0.000120 -0.000107
-0.000306 -0.000119 -0.000109
-0.000297 -0.000118 -0.000111
-0.000289 -0.000118 -0.000114
-0.000281 -0.000117 -0.000117
-0.000272 -0.000116 -0.000121
-0.000264 -0.000115 -0.000125
-0.000257 -0.000114 -0.000130
-0.000249 -0.000113 -0.000134
-0.000241 -0.000112 -0.000139
-0.000234 -0.000111 -0.000144
-0.000226 -0.000110 -0.000149
-0.000218 -0.000109 -0.000154
-0.000211 -0.000108 -0.000158
-0.000203 -0.000107 -0.000163
-0.000195 -0.000106 -0.000168
-0.000187 -0.000105 -0.000172
-0.000180 -0.000103 -0.000176
-0.000172 -0.000102 -0.000180
-0.000164 -0.000100 -0.000184
-0.000155 -0.000098 -0.000187
-0.000147 -0.000096 -0.000191
-0.000139 -0.000095 -0.000193
-0.000130 -0.000092 -0.000196
-0.000122 -0.000090 -0.000199
-0.000113 -0.000088 -0.000201
-0.000105 -0.000085 -0.000202
-0.000096 -0.000083 -0.000204
-0.000088 -0.000080 -0.000204
-0.000079 -0.000077 -0.000205
-0.000070 -0.000074 -0.000204
-0.000062 -0.000071 -0.000203
-0.000054 -0.000068 -0.000202
-0.000046 -0.000065 -0.000199
-0.000038 -0.000061 -0.000196
-0.000030 -0.000058 -0.000193
-0.000023 -0.000054 -0.000188
-0.000017 -0.000050 -0.000183
-0.000011 -0.000047 -0.000177
-0.000006 -0.000043 -0.000171
-0.000001 -0.000039 -0.000164
0.000003 -0.000035 -0.000157
0.000007 -0.000032 -0.000150
0.000010 -0.000028 -0.000142
0.000012 -0.000025 -0.000134
0.000015 -0.000021 -0.000126
0.000016 -0.000018 -0.000118
0.000018 -0.000014 -0.000110
0.000019 -0.000011 -0.000101
0.000020 -0.000007 -0.000093
0.000020 -0.000004 -0.000085
0.000021 -0.000001 -0.000076
0.000021 0.000003 -0.000068
0.000022 0.000006 -0.000059
0.000022 0.000010 -0.000051
0.000022 0.000013 -0.000043
0.000023 0.000017 -0.000034
0.000023 0.000020 -0.000026
0.000024 0.000024 -0.000018
0.000024 0.000028 -0.000010
0.000025 0.000032 -0.000002
0.000026 0.000036 0.000006
0.000027 0.000041 0.000014
0.000029 0.000045 0.000022
0.000030 0.000050 0.000029
0.000032 0.000055 0.000037
0.000035 0.000060 0.000044
0.000038 0.000065 0.000051
0.000041 0.000071 0.000057
0.000045 0.000077 0.000063
0.000049 0.000082 0.000068
0.000054 0.000088 0.000073
0.000059 0.000094 0.000077
0.000065 0.000100 0.000081
0.000071 0.000106 0.000084
0.000077 0.000112 0.000086
0.000084 0.000118 0.000088
0.000091 0.000123 0.000089
0.000099 0.000128 0.000089
0.000106 0.000133 0.000089
0.000114 0.000138 0.000088
0.000122 0.000142 0.000087
0.000130 0.000146 0.000085
0.000137 0.000150 0.000082
0.000145 0.000154 0.000079
0.000153 0.000157 0.000076
0.000161 0.000160 0.000073
0.000169 0.000163 0.000069
0.000176 0.000166 0.000065
0.000184 0.000168 0.000061
0.000192 0.000170 0.000056
0.000199 0.000172 0.000052
0.000207 0.000174 0.000047
0.000214 0.000176 0.000043
0.000222 0.000178 0.000038
0.000230 0.000180 0.000034
0.000237 0.000181 0.000029
0.000245 0.000183 0.000025
0.000253 0.000184 0.000020
0.000261 0.000185 0.000016
0.000269 0.000186 0.000012
0.000277 0.000188 0.000009
0.000285 0.000189 0.000005
0.000294 0.000190 0.000002
0.000302 0.000190 -0.000001
0.000311 0.000191 -0.000003
0.000320 0.000192 -0.000006
0.000329 0.000193 -0.000008
0.000337 0.000193 -0.000010
0.000346 0.000194 -0.000012
VECTORS Rotation float
0.648625 0.028451 -0.545690
0.648736 0.027216 -0.551384
0.649043 0.023660 -0.568386
0.649468 0.018272 -0.596190
0.649912 0.011802 -0.633911
0.650302 0.005081 -0.680847
0.650606 -0.001022 -0.736256
0.650855 -0.005700 -0.799411
0.651169 -0.008221 -0.868451
0.651708 -0.008177 -0.943484
0.652692 -0.005369 -1.023351
0.654360 0.000129 -1.107020
0.656920 0.008033 -1.194061
0.660544 0.017863 -1.283822
0.665341 0.028868 -1.374406
0.671302 0.040384 -1.465186
0.678310 0.051646 -1.554500
0.686142 0.062022 -1.640883
0.694497 0.071054 -1.722926
0.703039 0.078481 -1.799177
0.711467 0.084312 -1.868989
0.719501 0.088674 -1.931186
0.726950 0.091872 -1.985366
0.733697 0.094286 -2.031406
0.739673 0.096312 -2.069161
0.744854 0.098335 -2.098825
0.749231 0.100683 -2.120521
0.752808 0.103617 -2.134505
0.755584 0.107346 -2.141258
0.757567 0.111997 -2.141308
0.758771 0.117640 -2.135341
0.759196 0.124347 -2.124104
0.758870 0.132113 -2.108434
0.757801 0.140954 -2.089058
0.756089 0.150673 -2.067039
0.753673 0.161369 -2.042611
0.750685 0.172712 -2.016789
0.747015 0.184805 -1.989391
0.742707 0.197373 -1.960862
0.737593 0.210471 -1.930700
0.731576 0.223932 -1.898740
0.724467 0.237691 -1.864472
0.716022 0.251702 -1.827266
0.705843 0.266089 -1.786003
0.693704 0.280698 -1.740350
0.679138 0.295664 -1.689182
0.661859 0.310911 -1.632123
0.641541 0.326409 -1.568704
0.617786 0.342143 -1.498249
0.590542 0.357804 -1.421133
0.559703 0.373094 -1.337419
0.525376 0.387553 -1.247603
0.487964 0.400592 -1.152735
0.448103 0.411598 -1.054165
0.406687 0.420016 -0.953589
0.364734 0.425459 -0.852793
0.323442 0.427766 -0.753882
0.283912 0.427077 -0.658745
0.247080 0.423812 -0.569036
0.213632 0.418602 -0.486054
0.183982 0.412196 -0.410708
0.158285 0.405349 -0.343502
0.136277 0.398668 -0.284060
0.117959 0.392725 -0.232715
0.102704 0.387783 -0.188256
0.090609 0.384161 -0.151164
0.080962 0.381865 -0.119932
0.073584 0.380933 -0.094258
0.068462 0.381368 -0.074122
0.065362 0.383152 -0.058985
0.064005 0.386332 -0.048250
0.064487 0.390852 -0.041931
0.066619 0.396868 -0.039619
0.070371 0.404469 -0.041115
0.075736 0.413770 -0.046261
0.082757 0.424782 -0.054886
0.091530 0.437928 -0.067243
0.102226 0.453199 -0.083407
0.115136 0.470719 -0.103775
0.130685 0.490564 -0.128962
0.149440 0.512722 -0.159772
0.172281 0.537317 -0.197580
0.199661 0.563402 -0.242482
0.232968 0.591036 -0.296614
0.272848 0.619034 -0.360307
0.319584 0.645975 -0.433355
0.374607 0.671177 -0.517787
0.437400 0.692805 -0.612337
0.507287 0.709378 -0.715952
0.582857 0.719589 -0.826814
0.661984 0.722466 -0.942365
0.742073 0.717527 -1.059587
0.819602 0.705035 -1.174042
0.894030 0.685264 -1.285896
0.961982 0.659658 -1.390424
1.023281 0.629196 -1.487700
1.076919 0.595601 -1.575946
1.123624 0.559769 -1.656146
1.163320 0.523346 -1.727482
1.197387 0.486447 -1.792030
1.225708 0.450889 -1.848480
1.249264 0.416968 -1.897961
1.268656 0.385283 -1.940766
1.284602 0.355902 -1.977672
1.297692 0.328816 -2.009324
1.308346 0.304279 -2.035923
1.317017 0.282154 -2.058023
1.324079 0.262264 -2.076106
1.329822 0.244385 -2.090557
1.334458 0.228260 -2.101607
1.338117 0.213733 -2.109208
1.340874 0.200503 -2.113198
1.342776 0.188428 -2.113205
1.343850 0.177255 -2.108825
1.344125 0.166744 -2.099656
1.343660 0.156698 -2.085431
1.342534 0.146923 -2.066055
1.340865 0.137286 -2.041719
1.338800 0.127706 -2.012924
1.336506 0.118185 -1.980520
1.334166 0.108834 -1.945783
1.331931 0.099817 -1.910168
1.329948 0.091427 -1.875544
1.328290 0.083948 -1.843672
1.327016 0.077732 -1.816546
1.326119 0.073043 -1.795727
1.325600 0.070146 -1.782717
1.325428 0.069161 -1.778268
VECTORS ControlForce float
0.000000 0.000000 0.000000
-0.000641 -0.000002 0.000287
-0.001197 -0.000024 0.000549
-0.001618 -0.000081 0.000763
-0.001858 -0.000161 0.000904
-0.001919 -0.000268 0.000992
-0.001825 -0.000391 0.001046
-0.001628 -0.000524 0.001082
-0.001381 -0.000665 0.001103
-0.001129 -0.000803 0.001107
-0.000924 -0.000953 0.001098
-0.000792 -0.001113 0.001069
-0.000736 -0.001269 0.001014
-0.000757 -0.001411 0.000932
-0.000806 -0.001495 0.000815
-0.000857 -0.001492 0.000673
-0.000898 -0.001399 0.000523
-0.000892 -0.001206 0.000379
-0.000827 -0.000935 0.000260
-0.000726 -0.000639 0.000175
-0.000596 -0.000355 0.000128
-0.000468 -0.000121 0.000107
-0.000352 0.000049 0.000101
-0.000250 0.000158 0.000104
-0.000147 0.000228 0.000116
-0.000036 0.000277 0.000136
0.000089 0.000325 0.000161
0.000221 0.000383 0.000186
0.000354 0.000453 0.000206
0.000470 0.000521 0.000213
0.000560 0.000568 0.000205
0.000609 0.000573 0.000185
0.000617 0.000536 0.000162
0.000591 0.000466 0.000145
0.000528 0.000368 0.000127
0.000414 0.000241 0.000108
0.000253 0.000091 0.000085
0.000074 -0.000058 0.000073
-0.000093 -0.000182 0.000075
-0.000248 -0.000279 0.000093
-0.000372 -0.000334 0.000125
-0.000482 -0.000362 0.000161
-0.000574 -0.000356 0.000203
-0.000618 -0.000296 0.000262
-0.000616 -0.000193 0.000326
-0.000573 -0.000069 0.000391
-0.000480 0.000064 0.000448
-0.000354 0.000172 0.000490
-0.000189 0.000253 0.000516
0.000028 0.000314 0.000515
0.000256 0.000333 0.000485
0.000467 0.000308 0.000430
0.000650 0.000259 0.000351
0.000787 0.000207 0.000250
0.000837 0.000152 0.000144
0.000809 0.000118 0.000036
0.000717 0.000111 -0.000068
0.000569 0.000121 -0.000164
0.000371 0.000117 -0.000235
0.000142 0.000084 -0.000271
-0.000079 0.000027 -0.000278
-0.000269 -0.000047 -0.000259
-0.000397 -0.000115 -0.000235
-0.000461 -0.000167 -0.000222
-0.000467 -0.000200 -0.000216
-0.000432 -0.000213 -0.000228
-0.000378 -0.000200 -0.000248
-0.000325 -0.000165 -0.000274
-0.000284 -0.000118 -0.000312
-0.000261 -0.000060 -0.000356
-0.000251 -0.000010 -0.000376
-0.000243 0.000036 -0.000386
-0.000223 0.000085 -0.000387
-0.000180 0.000128 -0.000364
-0.000107 0.000158 -0.000318
-0.000003 0.000177 -0.000262
0.000124 0.000192 -0.000192
0.000256 0.000193 -0.000113
0.000372 0.000181 -0.000036
0.000445 0.000147 0.000039
0.000454 0.000080 0.000123
0.000396 -0.000003 0.000203
0.000276 -0.000102 0.000267
0.000116 -0.000202 0.000314
-0.000061 -0.000291 0.000331
-0.000230 -0.000354 0.000311
-0.000372 -0.000392 0.000281
-0.000487 -0.000412 0.000249
-0.000567 -0.000409 0.000209
-0.000618 -0.000405 0.000169
-0.000625 -0.000371 0.000119
-0.000590 -0.000311 0.000064
-0.000524 -0.000239 0.000014
-0.000454 -0.000190 -0.000014
-0.000392 -0.000163 -0.000032
-0.000329 -0.000131 -0.000047
-0.000280 -0.000113 -0.000062
-0.000226 -0.000087 -0.000072
-0.000165 -0.000058 -0.000073
-0.000103 -0.000047 -0.000057
-0.000035 -0.000039 -0.000045
0.000049 -0.000003 -0.000037
0.000142 0.000066 -0.000026
0.000223 0.000137 -0.000003
0.000286 0.000203 0.000042
0.000325 0.000242 0.000097
0.000335 0.000233 0.000149
0.000311 0.000149 0.000188
0.000260 -0.000006 0.000212
0.000199 -0.000197 0.000224
0.000153 -0.000354 0.000241
0.000127 -0.000455 0.000263
0.000120 -0.000478 0.000290
0.000124 -0.000426 0.000316
0.000136 -0.000284 0.000345
0.000143 -0.000081 0.000368
0.000153 0.000188 0.000386
0.000162 0.000499 0.000392
0.000170 0.000838 0.000382
0.000173 0.001159 0.000350
0.000167 0.001415 0.000293
0.000163 0.001594 0.000223
0.000163 0.001672 0.000150
0.000160 0.001605 0.000084
0.000145 0.001385 0.000034
0.000112 0.001017 0.000005
0.000059 0.000530 -0.000006
-0.000000 -0.000000 -0.000000
VECTORS ControlTorque float
-0.000001 -0.000005 0.000001
-0.000001 -0.000005 0.000001
-0.000001 -0.000005 0.000001
-0.000000 -0.000004 0.000000
-0.000000 -0.000004 0.000000
0.000000 -0.000003 -0.000000
0.000000 -0.000004 -0.000000
0.000001 -0.000002 -0.000001
0.000001 -0.000003 -0.000001
0.000001 -0.000002 -0.000001
0.000001 -0.000001 -0.000001
0.000001 -0.000001 -0.000001
0.000000 -0.000002 -0.000001
0.000000 0.000000 -0.000001
0.000000 -0.000000 -0.000000
-0.000000 0.000001 -0.000000
-0.000000 0.000001 0.000000
-0.000000 0.000002 0.000000
-0.000000 0.000003 0.000000
-0.000000 0.000002 0.000000
-0.000000 0.000003 0.000001
-0.000000 0.000003 0.000000
-0.000000 0.000003 0.000000
-0.000000 0.000003 0.000000
-0.000000 0.000003 0.000000
-0.000000 0.000003 0.000000
-0.000000 0.000003 -0.000000
-0.000000 0.000003 -0.000000
-0.000000 0.000003 -0.000000
-0.000000 0.000002 -0.000000
-0.000000 0.000002 -0.000000
-0.000000 0.000002 -0.000000
-0.000001 0.000002 -0.000000
-0.000000 0.000001 -0.000000
-0.000001 0.000001 -0.000000
-0.000000 0.000000 -0.000000
-0.000000 0.000001 -0.000000
-0.000000 0.000000 -0.000000
-0.000000 0.000001 -0.000000
-0.000000 0.000001 -0.000000
-0.000000 0.000001 -0.000000
-0.000000 0.000001 -0.000000
-0.000001 0.000002 -0.000000
-0.000000 0.000001 -0.000000
-0.000001 0.000002 -0.000000
-0.000001 0.000002 -0.000000
-0.000001 0.000002 -0.000000
-0.000001 0.000003 -0.000001
-0.000001 0.000002 -0.000001
-0.000001 0.000002 -0.000001
-0.000001 0.000002 -0.000001
-0.000000 0.000001 -0.000001
-0.000000 0.000001 -0.000001
0.000000 0.000000 -0.000000
0.000000 -0.000000 -0.000000
0.000001 -0.000001 0.000000
0.000001 -0.000001 0.000000
0.000001 -0.000002 0.000001
0.000001 -0.000002 0.000001
0.000001 -0.000002 0.000001
0.000001 -0.000003 0.000001
0.000001 -0.000002 0.000001
0.000001 -0.000003 0.000001
0.000001 -0.000002 0.000001
0.000001 -0.000003 0.000001
0.000001 -0.000002 0.000001
0.000001 -0.000002 0.000001
0.000001 -0.000002 0.000001
0.000001 -0.000002 0.000001
0.000001 -0.000001 0.000001
0.000001 -0.000002 0.000001
0.000001 -0.000001 0.000001
0.000001 -0.000001 0.000001
0.000001 -0.000001 0.000001
0.000001 -0.000001 0.000000
0.000001 -0.000001 0.000001
0.000001 -0.000001 0.000001
0.000001 -0.000001 0.000001
0.000001 -0.000001 0.000001
0.000001 -0.000001 0.000001
0.000002 -0.000002 0.000001
0.000001 -0.000001 0.000001
0.000002 -0.000003 0.000001
0.000001 -0.000002 0.000001
0.000000 -0.000001 0.000001
0.000002 -0.000003 0.000002
0.000001 -0.000001 0.000001
0.000001 -0.000002 0.000001
0.000000 -0.000001 0.000001
0.000000 -0.000001 0.000001
0.000000 -0.000001 0.000001
-0.000001 0.000001 -0.000000
0.000001 -0.000002 0.000001
-0.000001 0.000002 -0.000001
0.000000 -0.000000 0.000000
-0.000001 0.000002 -0.000001
-0.000000 0.000000 -0.000000
-0.000002 0.000003 -0.000001
0.000000 -0.000000 0.000000
-0.000002 0.000003 -0.000002
-0.000001 0.000001 -0.000001
-0.000001 0.000002 -0.000001
-0.000001 0.000002 -0.000001
-0.000001 0.000001 -0.000001
-0.000001 0.000002 -0.000001
-0.000001 0.000002 -0.000001
-0.000001 0.000001 -0.000001
-0.000001 0.000001 -0.000001
-0.000001 0.000001 -0.000000
-0.000001 0.000001 -0.000000
-0.000001 0.000001 -0.000000
-0.000001 0.000002 -0.000000
-0.000000 0.000002 -0.000000
-0.000000 0.000002 -0.000000
-0.000000 0.000002 0.000000
-0.000000 0.000002 0.000000
-0.000000 0.000002 0.000000
-0.000000 0.000002 0.000000
-0.000000 0.000002 0.000000
-0.000000 0.000001 -0.000000
-0.000000 0.000000 -0.000000
-0.000000 -0.000000 -0.000000
-0.000000 -0.000001 -0.000000
-0.000000 -0.000002 -0.000001
-0.000000 -0.000002 -0.000001
-0.000000 -0.000003 -0.000001
-0.000000 -0.000003 -0.000001
0.000000 -0.000004 -0.000001
VECTORS Curvature float
-154.235491 335.350336 3.124049
-502.652437 1075.066969 9.810745
-1118.086064 2324.776708 17.875258
-1662.376034 3295.396076 17.775903
-2237.862824 4170.686143 9.396134
-2841.006666 4926.706609 -8.556843
-3513.334867 5626.862431 -35.257324
-4111.295720 6073.498428 -69.716163
-4699.859279 6400.869568 -108.784392
-5341.630655 6744.121869 -150.304689
-5854.447601 6897.447945 -190.930109
-6314.061246 7008.367054 -228.481536
-6777.178457 7161.642402 -260.921571
-7048.250008 7173.378862 -286.304913
-7170.009231 7104.133778 -305.168322
-7203.191136 7021.824516 -316.528041
-7031.086487 6804.701799 -321.547646
-6736.533507 6522.488439 -320.985963
-6283.564882 6121.108234 -315.936318
-5767.797458 5673.791896 -307.989791
-5186.370367 5156.881966 -297.971234
-4522.706108 4537.751146 -287.424360
-3889.016878 3915.669501 -277.010597
-3259.547211 3258.879175 -267.276134
-2656.157721 2587.932012 -258.358144
-2090.498663 1917.216321 -249.954986
-1541.724060 1234.571356 -241.612305
-1038.705789 574.588717 -232.843605
-584.950551 -52.861615 -223.283845
-179.620166 -633.670692 -212.864623
164.784356 -1162.384960 -201.748815
443.176389 -1624.140176 -190.343793
668.386549 -2046.434694 -179.034026
816.886207 -2352.209770 -168.330579
927.653745 -2632.594315 -157.849019
991.120301 -2838.252661 -148.125271
1026.822552 -2996.249674 -137.922690
1062.917334 -3156.832912 -127.658571
1098.450140 -3289.777506 -116.012578
1169.265991 -3478.311546 -103.209190
1257.423180 -3653.233180 -88.406864
1378.445987 -3860.197604 -71.547078
1564.053044 -4187.057242 -52.233560
1779.466172 -4557.875113 -31.336269
2020.501175 -4978.796690 -8.295893
2295.728822 -5506.913178 15.337110
2542.994615 -6016.914456 39.056080
2807.535658 -6642.058134 61.722954
3037.483081 -7275.895082 81.155550
3206.226850 -7854.144217 96.732624
3346.360501 -8447.238914 106.578003
3425.618871 -8954.547281 109.636869
3443.533044 -9339.773160 105.386607
3404.416258 -9575.172356 93.708881
3321.178560 -9660.196879 75.290912
3194.599387 -9571.803716 51.197887
3024.934318 -9296.719782 23.128092
2824.401332 -8876.817221 -7.285048
2592.561632 -8327.455505 -38.404190
2334.080924 -7683.843308 -68.926526
2043.486290 -6939.761619 -97.928522
1761.059084 -6238.427547 -125.045753
1458.955430 -5474.492864 -149.787206
1176.520316 -4787.523098 -172.763727
898.567843 -4088.665607 -193.817117
633.323399 -3406.944953 -213.881119
417.649645 -2918.868267 -232.895458
198.686397 -2342.926970 -251.367302
1.177633 -1783.209602 -269.724391
-188.502320 -1337.129570 -287.949663
-367.690930 -897.258305 -306.332618
-547.106206 -466.109711 -324.537840
-746.767812 -90.921357 -342.745548
-962.317595 278.164348 -360.430393
-1163.426930 607.301141 -377.436438
-1408.246351 937.920254 -393.397102
-1701.649686 1281.639349 -407.584878
-1982.867287 1612.567470 -419.438832
-2305.739365 1981.759383 -428.465223
-2631.460361 2368.979162 -433.825232
-3063.744752 2885.017323 -435.897473
-3431.069099 3369.013165 -432.110041
-3806.042882 3903.413768 -425.865051
-4297.920087 4590.110373 -413.971740
-4559.140574 5058.036995 -397.902715
-4903.959981 5647.687541 -381.473761
-5292.518042 6293.468944 -361.097446
-5504.542244 6744.446411 -342.496852
-5694.045763 7162.830260 -325.703518
-5804.715749 7473.608821 -312.894437
-5895.674405 7751.138476 -304.624860
-5779.940728 7727.839205 -302.514437
-5749.028121 7822.611837 -302.353790
-5681.529591 7819.831410 -308.275314
-5449.027616 7596.860750 -312.284034
-5223.211921 7348.333123 -319.065079
-4948.507846 7034.144737 -321.034010
-4634.667192 6640.609573 -324.226068
-4361.405286 6313.987748 -320.197824
-4074.270572 5949.892345 -318.496184
-3635.160504 5376.714348 -310.375052
-3264.851834 4905.539682 -302.127843
-2863.366743 4400.668014 -291.522217
-2523.254815 3999.663275 -280.498539
-2165.791020 3578.356355 -269.628490
-1801.574978 3147.214900 -258.668963
-1474.141857 2773.848191 -248.448276
-1167.402470 2435.658899 -239.066180
-878.682117 2145.929718 -230.704052
-582.219390 1875.329818 -223.477849
-261.001256 1632.522437 -217.333071
99.598755 1410.310716 -212.343607
511.959827 1191.653034 -208.386891
979.446978 998.322940 -205.359271
1491.982330 817.184938 -202.978628
2031.867278 650.529588 -200.863288
2574.470579 500.774717 -198.412526
3082.155013 367.369817 -194.914178
3525.770227 252.511726 -189.550606
3845.895196 155.686785 -181.444886
4023.292858 77.679568 -170.039629
4008.798773 18.096173 -154.741339
3794.460220 -23.878004 -135.708718
3367.672731 -47.967965 -113.045223
2731.653255 -54.908187 -87.276393
1952.798575 -47.194699 -60.101756
913.770638 -24.147623 -27.755003
297.555124 -8.197315 -8.841336
VECTORS LocalRotation float
0.752265 -0.192989 0.097662
0.749284 -0.186589 0.097720
0.741975 -0.171257 0.097845
0.729439 -0.145918 0.098006
0.711745 -0.112046 0.098129
0.688674 -0.070721 0.098133
0.659889 -0.022914 0.097935
0.625560 0.029765 0.097462
0.585529 0.086440 0.096651
0.540128 0.145872 0.095480
0.489495 0.207565 0.093936
0.434274 0.270670 0.092033
0.374935 0.334899 0.089815
0.312533 0.399601 0.087345
0.248050 0.464353 0.084662
0.183013 0.528271 0.081849
0.118578 0.590860 0.078961
0.056238 0.651205 0.076051
-0.002705 0.708445 0.073168
-0.057360 0.761936 0.070338
-0.106858 0.810876 0.067600
-0.150825 0.854778 0.064949
-0.188959 0.893101 0.062390
-0.221330 0.925590 0.059926
-0.248138 0.952085 0.057544
-0.269595 0.972451 0.055246
-0.286010 0.986694 0.053024
-0.297698 0.994889 0.050875
-0.305042 0.997249 0.048812
-0.308504 0.994140 0.046838
-0.308571 0.985983 0.044954
-0.305814 0.973349 0.043177
-0.300777 0.956713 0.041503
-0.294084 0.936892 0.039937
-0.286150 0.914222 0.038454
-0.277512 0.889593 0.037077
-0.268329 0.863043 0.035775
-0.258896 0.835267 0.034576
-0.249080 0.805991 0.033469
-0.238841 0.775431 0.032480
-0.227869 0.743186 0.031613
-0.215926 0.709143 0.030888
-0.202554 0.672575 0.030326
-0.187461 0.633098 0.029949
-0.170230 0.589854 0.029769
-0.150729 0.542480 0.029801
-0.128828 0.490319 0.030047
-0.104556 0.432895 0.030504
-0.078138 0.369988 0.031150
-0.049845 0.301427 0.031956
-0.020150 0.227552 0.032877
0.010507 0.148773 0.033856
0.041602 0.065960 0.034830
0.072603 -0.019669 0.035731
0.103062 -0.106783 0.036496
0.132549 -0.193817 0.037069
0.160708 -0.279244 0.037405
0.187197 -0.361544 0.037477
0.211727 -0.439451 0.037270
0.234033 -0.511942 0.036784
0.253858 -0.578170 0.036028
0.271115 -0.637944 0.035017
0.285655 -0.690835 0.033776
0.297626 -0.737448 0.032311
0.306968 -0.777407 0.030661
0.313966 -0.811649 0.028798
0.318716 -0.840239 0.026779
0.321485 -0.863880 0.024603
0.322393 -0.882620 0.022236
0.321538 -0.896859 0.019692
0.319037 -0.906907 0.017019
0.314866 -0.913122 0.014143
0.309009 -0.915644 0.011122
0.301304 -0.914800 0.007952
0.291736 -0.910815 0.004631
0.280016 -0.903772 0.001118
0.266000 -0.893769 -0.002492
0.249358 -0.880697 -0.006227
0.229942 -0.864424 -0.010066
0.207541 -0.844684 -0.013978
0.181655 -0.820803 -0.017931
0.152447 -0.792678 -0.021835
0.119446 -0.759516 -0.025747
0.082900 -0.721213 -0.029535
0.042926 -0.677669 -0.033199
-0.000326 -0.628737 -0.036761
-0.046390 -0.574791 -0.040116
-0.095198 -0.515854 -0.043296
-0.145848 -0.452953 -0.046319
-0.197859 -0.386749 -0.049207
-0.250763 -0.317910 -0.051999
-0.303503 -0.247989 -0.054742
-0.356125 -0.177012 -0.057503
-0.407517 -0.106684 -0.060248
-0.457989 -0.036776 -0.063062
-0.506166 0.030691 -0.065912
-0.552423 0.096097 -0.068823
-0.595776 0.157959 -0.071742
-0.636779 0.217005 -0.074679
-0.674586 0.271969 -0.077542
-0.709495 0.323257 -0.080389
-0.740746 0.369826 -0.083163
-0.768627 0.412166 -0.085864
-0.793083 0.450305 -0.088461
-0.814230 0.484480 -0.090942
-0.832169 0.514891 -0.093331
-0.847002 0.541702 -0.095627
-0.858974 0.565314 -0.097837
-0.868249 0.586083 -0.099966
-0.874859 0.604276 -0.102021
-0.878682 0.620181 -0.104020
-0.879412 0.633932 -0.105962
-0.876641 0.645720 -0.107868
-0.869882 0.655645 -0.109743
-0.858694 0.663863 -0.111591
-0.842737 0.670510 -0.113420
-0.821887 0.675721 -0.115227
-0.796276 0.679652 -0.117008
-0.766357 0.682458 -0.118749
-0.732995 0.684306 -0.120428
-0.697340 0.685363 -0.122021
-0.660993 0.685796 -0.123490
-0.625621 0.685770 -0.124807
-0.593223 0.685445 -0.125932
-0.565581 0.684979 -0.126840
-0.544418 0.684518 -0.127506
-0.531410 0.684194 -0.127904
-0.525937 0.684048 -0.128070
VECTORS q1 float
0.690098 -0.603847 -0.398917
0.687368 -0.603956 -0.403438
0.679101 -0.604255 -0.416771
0.665214 -0.604662 -0.438034
0.645691 -0.605074 -0.465798
0.620383 -0.605419 -0.498591
0.589201 -0.605669 -0.534797
0.552136 -0.605857 -0.572785
0.510017 -0.606096 -0.610352
0.462655 -0.606525 -0.646589
0.410734 -0.607319 -0.680045
0.354997 -0.608652 -0.709592
0.295883 -0.610661 -0.734538
0.234025 -0.613449 -0.754263
0.170986 -0.617071 -0.768107
0.107513 -0.621499 -0.776003
0.045076 -0.626642 -0.778003
-0.015009 -0.632339 -0.774547
-0.071531 -0.638384 -0.766387
-0.123344 -0.644549 -0.754548
-0.169961 -0.650626 -0.740135
-0.210621 -0.656420 -0.724398
-0.245165 -0.661791 -0.708468
-0.273656 -0.666646 -0.693323
-0.296152 -0.670922 -0.679821
-0.312924 -0.674589 -0.668586
-0.324175 -0.677627 -0.660100
-0.330161 -0.680024 -0.654646
-0.331231 -0.681767 -0.652288
-0.327725 -0.682851 -0.652925
-0.320040 -0.683274 -0.656286
-0.308561 -0.683024 -0.662019
-0.293738 -0.682105 -0.669664
-0.275932 -0.680509 -0.678799
-0.255832 -0.678308 -0.688802
-0.233478 -0.675431 -0.699486
-0.209653 -0.671991 -0.710263
-0.184167 -0.667882 -0.721121
-0.157453 -0.663154 -0.731734
-0.129149 -0.657668 -0.742155
-0.099236 -0.651364 -0.752248
-0.067406 -0.644103 -0.761963
-0.033244 -0.635706 -0.771215
0.004116 -0.625847 -0.779935
0.044845 -0.614365 -0.787746
0.089835 -0.600868 -0.794284
0.139317 -0.585118 -0.798892
0.193559 -0.566833 -0.800771
0.252911 -0.545658 -0.798932
0.316678 -0.521547 -0.792277
0.384255 -0.494409 -0.779685
0.454494 -0.464342 -0.760146
0.525686 -0.431711 -0.732993
0.595899 -0.397073 -0.698024
0.663096 -0.361187 -0.655627
0.725484 -0.324901 -0.606723
0.781482 -0.289194 -0.552859
0.830127 -0.254954 -0.495870
0.871031 -0.222936 -0.437727
0.904341 -0.193705 -0.380323
0.930627 -0.167623 -0.325324
0.950744 -0.144852 -0.274050
0.965806 -0.125201 -0.227033
0.976669 -0.108726 -0.185193
0.984411 -0.094911 -0.148077
0.989648 -0.083890 -0.116446
0.993171 -0.075048 -0.089332
0.995439 -0.068248 -0.066652
0.996804 -0.063494 -0.048489
0.997569 -0.060579 -0.034449
0.997953 -0.059248 -0.024060
0.998073 -0.059582 -0.017303
0.998018 -0.061395 -0.013809
0.997819 -0.064639 -0.013355
0.997473 -0.069278 -0.015723
0.996946 -0.075316 -0.020655
0.996168 -0.082776 -0.028239
0.995044 -0.091746 -0.038350
0.993432 -0.102388 -0.051082
0.991135 -0.114945 -0.066624
0.987880 -0.129740 -0.085214
0.983253 -0.147273 -0.107354
0.976894 -0.167682 -0.132517
0.968097 -0.191703 -0.161362
0.956299 -0.219472 -0.193197
0.941025 -0.250870 -0.227014
0.921292 -0.286538 -0.262902
0.896772 -0.325932 -0.299281
0.867144 -0.368615 -0.334939
0.832322 -0.413952 -0.368624
0.792501 -0.461121 -0.399137
0.748153 -0.509183 -0.425440
0.700598 -0.556626 -0.446463
0.649526 -0.603608 -0.462356
0.597174 -0.648224 -0.472429
0.543943 -0.690315 -0.477066
0.491519 -0.728889 -0.476581
0.440175 -0.764058 -0.471658
0.391400 -0.795234 -0.463043
0.344617 -0.823082 -0.451414
0.301635 -0.846998 -0.437734
0.262298 -0.867464 -0.422735
0.226925 -0.884715 -0.407167
0.195255 -0.899207 -0.391539
0.167006 -0.911349 -0.376234
0.142235 -0.921393 -0.361668
0.120604 -0.929695 -0.348026
0.101774 -0.936560 -0.335406
0.085408 -0.942251 -0.323834
0.071189 -0.946984 -0.313293
0.058956 -0.950911 -0.303796
0.048446 -0.954178 -0.295293
0.039590 -0.956874 -0.287793
0.032233 -0.959091 -0.281256
0.026242 -0.960905 -0.275631
0.021513 -0.962378 -0.270862
0.017920 -0.963567 -0.266867
0.015343 -0.964521 -0.263560
0.013655 -0.965284 -0.260845
0.012717 -0.965894 -0.258625
0.012393 -0.966382 -0.256813
0.012536 -0.966771 -0.255337
0.013009 -0.967080 -0.254140
0.013667 -0.967321 -0.253188
0.014372 -0.967502 -0.252454
0.014992 -0.967628 -0.251933
0.015412 -0.967704 -0.251618
0.015561 -0.967729 -0.251513
VECTORS q2 float
0.504593 0.796593 -0.332906
0.503281 0.796553 -0.334980
0.499246 0.796440 -0.341229
0.492259 0.796273 -0.351612
0.481988 0.796081 -0.365981
0.467895 0.795891 -0.384229
0.449340 0.795716 -0.406115
0.425618 0.795553 -0.431212
0.396548 0.795349 -0.458443
0.361288 0.795022 -0.487248
0.319761 0.794440 -0.516351
0.272176 0.793438 -0.544405
0.218746 0.791851 -0.570194
0.160137 0.789533 -0.592448
0.098188 0.786378 -0.609892
0.034132 0.782374 -0.621873
-0.029965 0.777596 -0.628050
-0.092205 0.772209 -0.628643
-0.150908 0.766437 -0.624341
-0.204634 0.760533 -0.616210
-0.252799 0.754715 -0.605391
-0.294721 0.749180 -0.593186
-0.330439 0.744054 -0.580684
-0.360278 0.739405 -0.568753
-0.384581 0.735266 -0.558105
-0.403877 0.731635 -0.549175
-0.418584 0.728505 -0.542281
-0.429116 0.725858 -0.537577
-0.435935 0.723681 -0.535020
-0.439445 0.721958 -0.534476
-0.440074 0.720667 -0.535700
-0.438269 0.719789 -0.538353
-0.434482 0.719291 -0.542075
-0.429124 0.719145 -0.546518
-0.422692 0.719282 -0.551330
-0.415383 0.719707 -0.556308
-0.407615 0.720343 -0.561209
-0.399365 0.721226 -0.565986
-0.390757 0.722339 -0.570557
-0.381560 0.723758 -0.574966
-0.371612 0.725543 -0.579217
-0.360619 0.727798 -0.583321
-0.348250 0.730651 -0.587258
-0.334038 0.734281 -0.590974
-0.317838 0.738791 -0.594278
-0.299323 0.744351 -0.596948
-0.278543 0.751030 -0.598638
-0.255639 0.758872 -0.598967
-0.230788 0.767914 -0.597532
-0.204630 0.778033 -0.593962
-0.177721 0.789114 -0.587975
-0.150742 0.800974 -0.579411
-0.124447 0.813360 -0.568295
-0.099506 0.825999 -0.554819
-0.076477 0.838608 -0.539340
-0.055727 0.850933 -0.522310
-0.037511 0.862714 -0.504299
-0.021896 0.873743 -0.485895
-0.008820 0.883846 -0.467696
0.001888 0.892888 -0.450274
0.010479 0.900780 -0.434149
0.017269 0.907477 -0.419747
0.022627 0.913035 -0.407254
0.026867 0.917449 -0.396944
0.030318 0.920872 -0.388686
0.033247 0.923310 -0.382614
0.035853 0.924932 -0.378439
0.038294 0.925806 -0.376054
0.040723 0.925982 -0.375365
0.043210 0.925510 -0.376249
0.045751 0.924401 -0.378669
0.048448 0.922663 -0.382552
0.051241 0.920230 -0.388009
0.054118 0.917036 -0.395115
0.057043 0.912987 -0.403981
0.060007 0.908010 -0.414628
0.062821 0.901842 -0.427476
0.065407 0.894357 -0.442546
0.067594 0.885342 -0.460001
0.069159 0.874546 -0.479986
0.069815 0.861700 -0.502592
0.069111 0.846367 -0.528097
0.066846 0.828648 -0.555765
0.062318 0.807932 -0.585972
0.055167 0.784311 -0.617910
0.045149 0.758081 -0.650596
0.031471 0.728784 -0.684020
0.014073 0.697018 -0.716916
-0.007147 0.663212 -0.748397
-0.032116 0.627904 -0.777628
-0.060564 0.591721 -0.803865
-0.092050 0.555333 -0.826518
-0.125521 0.519794 -0.845020
-0.161262 0.484895 -0.859576
-0.197635 0.451913 -0.869894
-0.234427 0.420879 -0.876302
-0.270472 0.392419 -0.879120
-0.305638 0.366421 -0.878818
-0.338903 0.343251 -0.875970
-0.370691 0.322476 -0.870975
-0.399731 0.304472 -0.864588
-0.426087 0.288944 -0.857299
-0.449472 0.275750 -0.849669
-0.469980 0.264612 -0.842080
-0.487728 0.255272 -0.834840
-0.502651 0.247530 -0.828294
-0.514950 0.241136 -0.822606
-0.524825 0.235871 -0.817877
-0.532439 0.231557 -0.814180
-0.537853 0.228071 -0.811602
-0.540945 0.225339 -0.810309
-0.541485 0.223337 -0.810503
-0.539104 0.222048 -0.812442
-0.533373 0.221477 -0.816371
-0.523847 0.221618 -0.822478
-0.510165 0.222429 -0.830817
-0.492078 0.223848 -0.841280
-0.469564 0.225766 -0.853545
-0.442868 0.228048 -0.867100
-0.412580 0.230534 -0.881267
-0.379748 0.233041 -0.895256
-0.345675 0.235423 -0.908342
-0.312166 0.237530 -0.919854
-0.281006 0.239291 -0.929395
-0.254270 0.240644 -0.936716
-0.233629 0.241597 -0.941832
-0.220680 0.242150 -0.944809
-0.216243 0.242333 -0.945787
VECTORS q3 float
0.518798 0.028447 0.854423
0.523673 0.027212 0.851485
0.538122 0.023658 0.842535
0.561400 0.018271 0.827343
0.592259 0.011802 0.805661
0.629443 0.005081 0.777030
0.671518 -0.001022 0.740988
0.716934 -0.005700 0.697117
0.763304 -0.008220 0.645988
0.809581 -0.008177 0.586952
0.853845 -0.005369 0.520500
0.894370 0.000129 0.447329
0.929841 0.008033 0.367875
0.958952 0.017862 0.283007
0.980369 0.028864 0.195049
0.993618 0.040373 0.105329
0.998534 0.051623 0.016274
0.995627 0.061982 -0.069895
0.985956 0.070994 -0.151161
0.971036 0.078400 -0.225704
0.952474 0.084212 -0.292750
0.932083 0.088558 -0.351253
0.911430 0.091743 -0.401097
0.891803 0.094147 -0.442520
0.874295 0.096163 -0.475775
0.859629 0.098176 -0.501397
0.848350 0.100513 -0.519806
0.840745 0.103432 -0.531459
0.836807 0.107140 -0.536912
0.836352 0.111763 -0.536679
0.838993 0.117369 -0.531333
0.844222 0.124027 -0.521447
0.851436 0.131729 -0.507646
0.860066 0.140488 -0.490458
0.869415 0.150103 -0.470731
0.879173 0.160669 -0.448598
0.888760 0.171855 -0.424936
0.898103 0.183755 -0.399555
0.906927 0.196094 -0.372867
0.915277 0.208921 -0.344412
0.923069 0.222065 -0.314055
0.930274 0.235459 -0.281334
0.936812 0.249053 -0.245674
0.942551 0.262960 -0.206034
0.947084 0.277026 -0.162138
0.949913 0.291375 -0.112985
0.950265 0.305927 -0.058349
0.947198 0.320644 0.001982
0.939560 0.335507 0.068283
0.926197 0.350218 0.139662
0.905960 0.364498 0.215354
0.877902 0.377924 0.294042
0.841526 0.389964 0.373847
0.796871 0.400074 0.452700
0.744617 0.407775 0.528456
0.685980 0.412739 0.599232
0.622799 0.414839 0.663347
0.557144 0.414213 0.719735
0.491149 0.411238 0.767890
0.426807 0.406483 0.807841
0.365818 0.400622 0.840047
0.309495 0.394340 0.865280
0.258277 0.388191 0.884647
0.213063 0.382708 0.898965
0.173251 0.378137 0.909394
0.139613 0.374782 0.916541
0.111027 0.372652 0.921305
0.087372 0.371787 0.924197
0.068734 0.372191 0.925608
0.054676 0.373846 0.925878
0.044677 0.376793 0.925219
0.038758 0.380976 0.923772
0.036530 0.386532 0.921552
0.037787 0.393531 0.918535
0.042342 0.402064 0.914632
0.049983 0.412122 0.909757
0.060852 0.424063 0.903586
0.074900 0.437844 0.895925
0.092323 0.453527 0.886448
0.113438 0.471123 0.874743
0.138635 0.490551 0.860314
0.168636 0.511833 0.842371
0.203002 0.534065 0.820710
0.242702 0.557222 0.794103
0.287140 0.580248 0.762143
0.335310 0.601978 0.724700
0.387597 0.621908 0.680440
0.442270 0.638698 0.629653
0.498006 0.651362 0.572466
0.553361 0.659076 0.509324
0.606857 0.661237 0.441011
0.657110 0.657524 0.368604
0.702429 0.648060 0.294298
0.743042 0.632877 0.217612
0.777382 0.612847 0.141759
0.805711 0.588495 0.067106
0.827801 0.561006 -0.004263
0.844293 0.530991 -0.072235
0.855541 0.499781 -0.135159
0.862454 0.467488 -0.193979
0.865582 0.435766 -0.246732
0.865823 0.404990 -0.293826
0.863991 0.375821 -0.335080
0.860810 0.348436 -0.370942
0.856873 0.322923 -0.401858
0.852708 0.299605 -0.427932
0.848694 0.278425 -0.449664
0.845104 0.259268 -0.467525
0.842149 0.241959 -0.481914
0.840028 0.226283 -0.493102
0.838989 0.212110 -0.501105
0.839313 0.199162 -0.505853
0.841308 0.187315 -0.507064
0.845266 0.176328 -0.504415
0.851408 0.165972 -0.497551
0.859807 0.156058 -0.486186
0.870367 0.146395 -0.470138
0.882765 0.136855 -0.449440
0.896483 0.127359 -0.424379
0.910833 0.117911 -0.395577
0.925007 0.108619 -0.364093
0.938270 0.099651 -0.331237
0.949938 0.091300 -0.298800
0.959609 0.083849 -0.268552
0.967026 0.077654 -0.242549
0.972210 0.072979 -0.222444
0.975225 0.070089 -0.209821
0.976215 0.069106 -0.205494
