# vtk DataFile Version 2.0
VTK example
ASCII
DATASET UNSTRUCTURED_GRID
POINTS  128  float
-0.000459 -0.000111 -0.000237
-0.000459 -0.000111 -0.000228
-0.000458 -0.000111 -0.000219
-0.000458 -0.000111 -0.000210
-0.000457 -0.000111 -0.000201
-0.000455 -0.000111 -0.000192
-0.000454 -0.000112 -0.000183
-0.000452 -0.000113 -0.000175
-0.000449 -0.000115 -0.000166
-0.000446 -0.000116 -0.000158
-0.000442 -0.000118 -0.000150
-0.000437 -0.000119 -0.000142
-0.000432 -0.000121 -0.000135
-0.000426 -0.000123 -0.000128
-0.000420 -0.000125 -0.000122
-0.000413 -0.000126 -0.000116
-0.000406 -0.000127 -0.000111
-0.000398 -0.000128 -0.000107
-0.000389 -0.000129 -0.000104
-0.000381 -0.000129 -0.000101
-0.000372 -0.000129 -0.000099
-0.000363 -0.000128 -0.000098
-0.000354 -0.000128 -0.000097
-0.000345 -0.000127 -0.000097
-0.000336 -0.000125 -0.000098
-0.000327 -0.000124 -0.000100
-0.000318 -0.000122 -0.000101
-0.000310 -0.000121 -0.000104
-0.000301 -0.000119 -0.000106
-0.000293 -0.000118 -0.000109
-0.000284 -0.000116 -0.000113
-0.000276 -0.000115 -0.000116
-0.000268 -0.000114 -0.000120
-0.000260 -0.000113 -0.000124
-0.000252 -0.000111 -0.000129
-0.000244 -0.000110 -0.000133
-0.000237 -0.000109 -0.000138
-0.000229 -0.000108 -0.000142
-0.000222 -0.000107 -0.000147
-0.000214 -0.000106 -0.000152
-0.000207 -0.000104 -0.000157
-0.000199 -0.000103 -0.000163
-0.000192 -0.000102 -0.000168
-0.000185 -0.000100 -0.000172
-0.000177 -0.000098 -0.000177
-0.000169 -0.000097 -0.000182
-0.000162 -0.000095 -0.000186
-0.000154 -0.000093 -0.000190
-0.000146 -0.000091 -0.000194
-0.000137 -0.000089 -0.000197
-0.000129 -0.000088 -0.000200
-0.000120 -0.000086 -0.000202
-0.000112 -0.000084 -0.000204
-0.000103 -0.000082 -0.000205
-0.000094 -0.000080 -0.000206
-0.000085 -0.000078 -0.000206
-0.000077 -0.000075 -0.000205
-0.000068 -0.000073 -0.000204
-0.000060 -0.000070 -0.000202
-0.000051 -0.000067 -0.000199
-0.000043 -0.000064 -0.000196
-0.000036 -0.000061 -0.000193
-0.000029 -0.000057 -0.000189
-0.000022 -0.000053 -0.000184
-0.000015 -0.000049 -0.000179
-0.000009 -0.000045 -0.000174
-0.000004 -0.000041 -0.000168
0.000001 -0.000037 -0.000162
0.000005 -0.000032 -0.000155
0.000009 -0.000028 -0.000148
0.000013 -0.000024 -0.000141
0.000016 -0.000020 -0.000134
0.000019 -0.000016 -0.000126
0.000022 -0.000012 -0.000118
0.000024 -0.000008 -0.000110
0.000025 -0.000005 -0.000102
0.000027 -0.000001 -0.000094
0.000028 0.000002 -0.000085
0.000029 0.000005 -0.000077
0.000030 0.000008 -0.000068
0.000031 0.000011 -0.000060
0.000032 0.000014 -0.000051
0.000032 0.000016 -0.000043
0.000033 0.000019 -0.000034
0.000033 0.000022 -0.000025
0.000034 0.000025 -0.000017
0.000034 0.000028 -0.000008
0.000035 0.000031 0.000000
0.000035 0.000035 0.000008
0.000036 0.000038 0.000017
0.000036 0.000042 0.000025
0.000037 0.000047 0.000033
0.000039 0.000051 0.000041
0.000040 0.000056 0.000048
0.000042 0.000061 0.000055
0.000044 0.000066 0.000062
0.000047 0.000072 0.000068
0.000051 0.000078 0.000074
0.000055 0.000084 0.000080
0.000060 0.000090 0.000084
0.000065 0.000096 0.000088
0.000071 0.000102 0.000091
0.000078 0.000108 0.000093
0.000085 0.000114 0.000095
0.000092 0.000120 0.000095
0.000099 0.000125 0.000095
0.000107 0.000130 0.000094
0.000114 0.000135 0.000093
0.000122 0.000139 0.000091
0.000130 0.000143 0.000088
0.000137 0.000147 0.000085
0.000145 0.000151 0.000082
0.000152 0.000155 0.000078
0.000159 0.000159 0.000074
0.000167 0.000162 0.000070
0.000174 0.000165 0.000066
0.000181 0.000168 0.000062
0.000189 0.000171 0.000057
0.000196 0.000174 0.000053
0.000203 0.000176 0.000048
0.000211 0.000179 0.000043
0.000218 0.000181 0.000039
0.000225 0.000183 0.000034
0.000233 0.000185 0.000029
0.000240 0.000187 0.000024
0.000248 0.000189 0.000019
0.000255 0.000190 0.000014
0.000263 0.000192 0.000009
CELLS  127 381
2 0 1 
2 1 2 
2 2 3 
2 3 4 
2 4 5 
2 5 6 
2 6 7 
2 7 8 
2 8 9 
2 9 10 
2 10 11 
2 11 12 
2 12 13 
2 13 14 
2 14 15 
2 15 16 
2 16 17 
2 17 18 
2 18 19 
2 19 20 
2 20 21 
2 21 22 
2 22 23 
2 23 24 
2 24 25 
2 25 26 
2 26 27 
2 27 28 
2 28 29 
2 29 30 
2 30 31 
2 31 32 
2 32 33 
2 33 34 
2 34 35 
2 35 36 
2 36 37 
2 37 38 
2 38 39 
2 39 40 
2 40 41 
2 41 42 
2 42 43 
2 43 44 
2 44 45 
2 45 46 
2 46 47 
2 47 48 
2 48 49 
2 49 50 
2 50 51 
2 51 52 
2 52 53 
2 53 54 
2 54 55 
2 55 56 
2 56 57 
2 57 58 
2 58 59 
2 59 60 
2 60 61 
2 61 62 
2 62 63 
2 63 64 
2 64 65 
2 65 66 
2 66 67 
2 67 68 
2 68 69 
2 69 70 
2 70 71 
2 71 72 
2 72 73 
2 73 74 
2 74 75 
2 75 76 
2 76 77 
2 77 78 
2 78 79 
2 79 80 
2 80 81 
2 81 82 
2 82 83 
2 83 84 
2 84 85 
2 85 86 
2 86 87 
2 87 88 
2 88 89 
2 89 90 
2 90 91 
2 91 92 
2 92 93 
2 93 94 
2 94 95 
2 95 96 
2 96 97 
2 97 98 
2 98 99 
2 99 100 
2 100 101 
2 101 102 
2 102 103 
2 103 104 
2 104 105 
2 105 106 
2 106 107 
2 107 108 
2 108 109 
2 109 110 
2 110 111 
2 111 112 
2 112 113 
2 113 114 
2 114 115 
2 115 116 
2 116 117 
2 117 118 
2 118 119 
2 119 120 
2 120 121 
2 121 122 
2 122 123 
2 123 124 
2 124 125 
2 125 126 
2 126 127 
CELL_TYPES  127
3
3
3
3
3
3
3
3
3
3
3
3
3
3
3
3
3
3
3
3
3
3
3
3
3
3
3
3
3
3
3
3
3
3
3
3
3
3
3
3
3
3
3
3
3
3
3
3
3
3
3
3
3
3
3
3
3
3
3
3
3
3
3
3
3
3
3
3
3
3
3
3
3
3
3
3
3
3
3
3
3
3
3
3
3
3
3
3
3
3
3
3
3
3
3
3
3
3
3
3
3
3
3
3
3
3
3
3
3
3
3
3
3
3
3
3
3
3
3
3
3
3
3
3
3
3
3
POINT_DATA  128
VECTORS Position float
-0.000459 -0.000111 -0.000237
-0.000459 -0.000111 -0.000228
-0.000458 -0.000111 -0.000219
-0.000458 -0.000111 -0.000210
-0.000457 -0.000111 -0.000201
-0.000455 -0.000111 -0.000192
-0.000454 -0.000112 -0.000183
-0.000452 -0.000113 -0.000175
-0.000449 -0.000115 -0.000166
-0.000446 -0.000116 -0.000158
-0.000442 -0.000118 -0.000150
-0.000437 -0.000119 -0.000142
-0.000432 -0.000121 -0.000135
-0.000426 -0.000123 -0.000128
-0.000420 -0.000125 -0.000122
-0.000413 -0.000126 -0.000116
-0.000406 -0.000127 -0.000111
-0.000398 -0.000128 -0.000107
-0.000389 -0.000129 -0.000104
-0.000381 -0.000129 -0.000101
-0.000372 -0.000129 -0.000099
-0.000363 -0.000128 -0.000098
-0.000354 -0.000128 -0.000097
-0.000345 -0.000127 -0.000097
-0.000336 -0.000125 -0.000098
-0.000327 -0.000124 -0.000100
-0.000318 -0.000122 -0.000101
-0.000310 -0.000121 -0.000104
-0.000301 -0.000119 -0.000106
-0.000293 -0.000118 -0.000109
-0.000284 -0.000116 -0.000113
-0.000276 -0.000115 -0.000116
-0.000268 -0.000114 -0.000120
-0.000260 -0.000113 -0.000124
-0.000252 -0.000111 -0.000129
-0.000244 -0.000110 -0.000133
-0.000237 -0.000109 -0.000138
-0.000229 -0.000108 -0.000142
-0.000222 -0.000107 -0.000147
-0.000214 -0.000106 -0.000152
-0.000207 -0.000104 -0.000157
-0.000199 -0.000103 -0.000163
-0.000192 -0.000102 -0.000168
-0.000185 -0.000100 -0.000172
-0.000177 -0.000098 -0.000177
-0.000169 -0.000097 -0.000182
-0.000162 -0.000095 -0.000186
-0.000154 -0.000093 -0.000190
-0.000146 -0.000091 -0.000194
-0.000137 -0.000089 -0.000197
-0.000129 -0.000088 -0.000200
-0.000120 -0.000086 -0.000202
-0.000112 -0.000084 -0.000204
-0.000103 -0.000082 -0.000205
-0.000094 -0.000080 -0.000206
-0.000085 -0.000078 -0.000206
-0.000077 -0.000075 -0.000205
-0.000068 -0.000073 -0.000204
-0.000060 -0.000070 -0.000202
-0.000051 -0.000067 -0.000199
-0.000043 -0.000064 -0.000196
-0.000036 -0.000061 -0.000193
-0.000029 -0.000057 -0.000189
-0.000022 -0.000053 -0.000184
-0.000015 -0.000049 -0.000179
-0.000009 -0.000045 -0.000174
-0.000004 -0.000041 -0.000168
0.000001 -0.000037 -0.000162
0.000005 -0.000032 -0.000155
0.000009 -0.000028 -0.000148
0.000013 -0.000024 -0.000141
0.000016 -0.000020 -0.000134
0.000019 -0.000016 -0.000126
0.000022 -0.000012 -0.000118
0.000024 -0.000008 -0.000110
0.000025 -0.000005 -0.000102
0.000027 -0.000001 -0.000094
0.000028 0.000002 -0.000085
0.000029 0.000005 -0.000077
0.000030 0.000008 -0.000068
0.000031 0.000011 -0.000060
0.000032 0.000014 -0.000051
0.000032 0.000016 -0.000043
0.000033 0.000019 -0.000034
0.000033 0.000022 -0.000025
0.000034 0.000025 -0.000017
0.000034 0.000028 -0.000008
0.000035 0.000031 0.000000
0.000035 0.000035 0.000008
0.000036 0.000038 0.000017
0.000036 0.000042 0.000025
0.000037 0.000047 0.000033
0.000039 0.000051 0.000041
0.000040 0.000056 0.000048
0.000042 0.000061 0.000055
0.000044 0.000066 0.000062
0.000047 0.000072 0.000068
0.000051 0.000078 0.000074
0.000055 0.000084 0.000080
0.000060 0.000090 0.000084
0.000065 0.000096 0.000088
0.000071 0.000102 0.000091
0.000078 0.000108 0.000093
0.000085 0.000114 0.000095
0.000092 0.000120 0.000095
0.000099 0.000125 0.000095
0.000107 0.000130 0.000094
0.000114 0.000135 0.000093
0.000122 0.000139 0.000091
0.000130 0.000143 0.000088
0.000137 0.000147 0.000085
0.000145 0.000151 0.000082
0.000152 0.000155 0.000078
0.000159 0.000159 0.000074
0.000167 0.000162 0.000070
0.000174 0.000165 0.000066
0.000181 0.000168 0.000062
0.000189 0.000171 0.000057
0.000196 0.000174 0.000053
0.000203 0.000176 0.000048
0.000211 0.000179 0.000043
0.000218 0.000181 0.000039
0.000225 0.000183 0.000034
0.000233 0.000185 0.000029
0.000240 0.000187 0.000024
0.000248 0.000189 0.000019
0.000255 0.000190 0.000014
0.000263 0.000192 0.000009
VECTORS Rotation float
0.766709 0.015603 -0.053189
0.766830 0.011743 -0.057482
0.767097 0.000370 -0.070453
0.767232 -0.017702 -0.092139
0.766814 -0.041106 -0.122490
0.765309 -0.068301 -0.161712
0.762132 -0.097448 -0.209986
0.756728 -0.126525 -0.267393
0.748860 -0.152950 -0.332735
0.738290 -0.175069 -0.406321
0.725278 -0.190995 -0.486913
0.710432 -0.199339 -0.573054
0.694505 -0.199298 -0.663719
0.678457 -0.190549 -0.757648
0.663533 -0.173460 -0.852480
0.650559 -0.148747 -0.947547
0.640347 -0.117757 -1.041526
0.633392 -0.082129 -1.133652
0.629922 -0.043712 -1.223407
0.629929 -0.004538 -1.310198
0.633164 0.033702 -1.394122
0.639218 0.069064 -1.474293
0.647510 0.100173 -1.550348
0.657383 0.126054 -1.621958
0.668130 0.146044 -1.688495
0.679115 0.160012 -1.749734
0.689760 0.168123 -1.805251
0.699630 0.170903 -1.854825
0.708503 0.169175 -1.898826
0.716283 0.163939 -1.937604
0.723009 0.156342 -1.971770
0.728834 0.147530 -2.002319
0.733917 0.138691 -2.030030
0.738433 0.130867 -2.055751
0.742485 0.125099 -2.079579
0.746209 0.121968 -2.102135
0.749619 0.121936 -2.122731
0.752738 0.125066 -2.141157
0.755471 0.131058 -2.156236
0.757683 0.139427 -2.167046
0.759152 0.149345 -2.172372
0.759620 0.159911 -2.171235
0.758837 0.170217 -2.162958
0.756583 0.179574 -2.147131
0.752790 0.187302 -2.123997
0.747431 0.193161 -2.093769
0.740642 0.197121 -2.057210
0.732596 0.199482 -2.015028
0.723426 0.200817 -1.967632
0.713358 0.201868 -1.915890
0.702485 0.203506 -1.860165
0.690850 0.206625 -1.800816
0.678458 0.212054 -1.738294
0.665242 0.220483 -1.673012
0.651089 0.232394 -1.605417
0.635818 0.248031 -1.535855
0.619263 0.267322 -1.464790
0.601218 0.289929 -1.392505
0.581471 0.315240 -1.319174
0.559830 0.342409 -1.244880
0.536161 0.370388 -1.169705
0.510439 0.397996 -1.093804
0.482509 0.424211 -1.016849
0.452915 0.447630 -0.939908
0.421483 0.467581 -0.862262
0.389606 0.482803 -0.786312
0.356972 0.493122 -0.710813
0.324454 0.498094 -0.636881
0.293399 0.497619 -0.566516
0.264243 0.491994 -0.500005
0.236913 0.481543 -0.436753
0.212738 0.467254 -0.379115
0.191362 0.449729 -0.326287
0.172969 0.429987 -0.278713
0.157537 0.409110 -0.236583
0.145076 0.388442 -0.200329
0.134899 0.368499 -0.168820
0.126850 0.350463 -0.142127
0.120577 0.335140 -0.119815
0.115751 0.323177 -0.101405
0.112092 0.315061 -0.086422
0.109313 0.311040 -0.074260
0.107362 0.311393 -0.064839
0.106033 0.316195 -0.057656
0.105332 0.325412 -0.052705
0.105336 0.338848 -0.050153
0.106179 0.356737 -0.050338
0.108210 0.378762 -0.053994
0.111967 0.404770 -0.062169
0.118235 0.434559 -0.076233
0.128090 0.467835 -0.097832
0.142913 0.504149 -0.128833
0.164156 0.542384 -0.170792
0.194265 0.582496 -0.226802
0.234526 0.622135 -0.297403
0.287145 0.659979 -0.384829
0.352529 0.693358 -0.488503
0.431300 0.720235 -0.608841
0.520563 0.737971 -0.741615
0.618780 0.745148 -0.885601
0.718317 0.740854 -1.031108
0.814872 0.725897 -1.173599
0.903790 0.702231 -1.307565
0.983037 0.672238 -1.430718
1.051879 0.638347 -1.542059
1.109867 0.603226 -1.640313
1.158029 0.568712 -1.726214
1.197603 0.536062 -1.800723
1.229863 0.505957 -1.864909
1.256012 0.478576 -1.919881
1.276961 0.453920 -1.966357
1.293698 0.431493 -2.005482
1.306859 0.410925 -2.037860
1.317101 0.391606 -2.064359
1.324957 0.372959 -2.085755
1.330848 0.354542 -2.102699
1.335154 0.335992 -2.115861
1.338201 0.317130 -2.125871
1.340276 0.297933 -2.133354
1.341628 0.278569 -2.138887
1.342459 0.259417 -2.142974
1.342937 0.240930 -2.146059
1.343189 0.223767 -2.148471
1.343308 0.208515 -2.150436
1.343354 0.195877 -2.152038
1.343368 0.186366 -2.153273
1.343367 0.180496 -2.154061
1.343366 0.178501 -2.154336
VECTORS ControlForce float
0.000000 0.000000 0.000000
-0.000333 0.000410 0.000122
-0.000661 0.000769 0.000241
-0.000975 0.001037 0.000341
-0.001249 0.001191 0.000404
-0.001448 0.001217 0.000432
-0.001549 0.001122 0.000444
-0.001546 0.000927 0.000441
-0.001439 0.000659 0.000413
-0.001249 0.000356 0.000372
-0.001002 0.000048 0.000328
-0.000714 -0.000238 0.000281
-0.000421 -0.000490 0.000247
-0.000121 -0.000691 0.000212
0.000175 -0.000842 0.000170
0.000429 -0.000956 0.000133
0.000602 -0.001051 0.000104
0.000687 -0.001121 0.000073
0.000708 -0.001138 0.000031
0.000656 -0.001100 -0.000016
0.000535 -0.001009 -0.000062
0.000394 -0.000839 -0.000107
0.000251 -0.000601 -0.000141
0.000106 -0.000326 -0.000155
-0.000019 -0.000029 -0.000149
-0.000103 0.000280 -0.000122
-0.000142 0.000587 -0.000078
-0.000131 0.000882 -0.000025
-0.000089 0.001139 0.000035
-0.000062 0.001313 0.000089
-0.000066 0.001380 0.000134
-0.000113 0.001313 0.000170
-0.000178 0.001119 0.000207
-0.000260 0.000800 0.000241
-0.000345 0.000376 0.000260
-0.000421 -0.000105 0.000262
-0.000463 -0.000589 0.000241
-0.000435 -0.000983 0.000214
-0.000336 -0.001239 0.000185
-0.000177 -0.001311 0.000164
0.000018 -0.001189 0.000152
0.000203 -0.000900 0.000143
0.000340 -0.000501 0.000136
0.000386 -0.000080 0.000129
0.000322 0.000289 0.000112
0.000168 0.000566 0.000088
-0.000037 0.000746 0.000062
-0.000254 0.000838 0.000035
-0.000428 0.000871 0.000017
-0.000518 0.000873 0.000008
-0.000537 0.000835 0.000001
-0.000465 0.000779 -0.000001
-0.000323 0.000696 -0.000003
-0.000158 0.000564 -0.000011
-0.000004 0.000377 -0.000025
0.000121 0.000149 -0.000042
0.000202 -0.000104 -0.000060
0.000237 -0.000359 -0.000076
0.000260 -0.000570 -0.000091
0.000272 -0.000725 -0.000108
0.000273 -0.000817 -0.000126
0.000272 -0.000837 -0.000149
0.000256 -0.000801 -0.000169
0.000209 -0.000731 -0.000183
0.000148 -0.000624 -0.000190
0.000076 -0.000491 -0.000192
0.000011 -0.000337 -0.000176
-0.000029 -0.000167 -0.000150
-0.000039 0.000015 -0.000139
-0.000024 0.000209 -0.000151
-0.000004 0.000393 -0.000170
-0.000004 0.000543 -0.000190
-0.000041 0.000636 -0.000184
-0.000102 0.000688 -0.000157
-0.000175 0.000706 -0.000123
-0.000245 0.000695 -0.000098
-0.000306 0.000642 -0.000058
-0.000349 0.000549 -0.000012
-0.000371 0.000429 0.000023
-0.000374 0.000290 0.000049
-0.000349 0.000157 0.000075
-0.000289 0.000050 0.000103
-0.000179 -0.000012 0.000111
-0.000014 -0.000039 0.000119
0.000204 -0.000049 0.000129
0.000464 -0.000037 0.000120
0.000730 -0.000010 0.000110
0.000965 0.000010 0.000122
0.001132 0.000014 0.000155
0.001204 0.000009 0.000196
0.001165 -0.000009 0.000251
0.001013 -0.000028 0.000306
0.000758 -0.000040 0.000353
0.000432 -0.000035 0.000391
0.000058 -0.000031 0.000409
-0.000326 -0.000040 0.000400
-0.000686 -0.000062 0.000349
-0.000973 -0.000077 0.000252
-0.001163 -0.000087 0.000123
-0.001245 -0.000102 -0.000016
-0.001213 -0.000111 -0.000170
-0.001072 -0.000120 -0.000327
-0.000833 -0.000122 -0.000467
-0.000530 -0.000121 -0.000569
-0.000214 -0.000136 -0.000620
0.000083 -0.000157 -0.000638
0.000344 -0.000158 -0.000633
0.000558 -0.000126 -0.000615
0.000721 -0.000057 -0.000583
0.000826 0.000028 -0.000542
0.000868 0.000107 -0.000499
0.000856 0.000182 -0.000453
0.000796 0.000247 -0.000410
0.000684 0.000287 -0.000377
0.000541 0.000329 -0.000345
0.000379 0.000389 -0.000311
0.000199 0.000451 -0.000281
0.000003 0.000494 -0.000260
-0.000198 0.000502 -0.000253
-0.000379 0.000492 -0.000249
-0.000521 0.000462 -0.000245
-0.000620 0.000390 -0.000243
-0.000668 0.000277 -0.000244
-0.000652 0.000152 -0.000235
-0.000563 0.000055 -0.000207
-0.000415 -0.000007 -0.000158
-0.000221 -0.000026 -0.000089
0.000000 -0.000000 -0.000000
VECTORS ControlTorque float
-0.000003 -0.000003 0.000000
-0.000003 -0.000004 0.000000
-0.000003 -0.000004 0.000000
-0.000002 -0.000003 0.000000
-0.000002 -0.000004 0.000000
-0.000001 -0.000004 -0.000000
-0.000000 -0.000004 -0.000000
0.000001 -0.000002 -0.000001
0.000001 -0.000004 -0.000001
0.000002 -0.000003 -0.000001
0.000002 -0.000002 -0.000002
0.000002 -0.000002 -0.000002
0.000002 -0.000002 -0.000002
0.000002 0.000000 -0.000002
0.000002 -0.000001 -0.000002
0.000001 0.000000 -0.000002
0.000001 0.000000 -0.000001
0.000000 0.000001 -0.000001
0.000000 0.000001 -0.000000
-0.000000 0.000001 0.000000
-0.000000 0.000002 0.000001
-0.000000 0.000002 0.000002
-0.000000 0.000002 0.000002
-0.000000 0.000002 0.000002
-0.000000 0.000002 0.000002
-0.000000 0.000002 0.000002
0.000000 0.000003 0.000002
0.000000 0.000002 0.000002
0.000000 0.000002 0.000001
-0.000000 0.000002 0.000001
-0.000000 0.000001 0.000000
-0.000000 0.000001 0.000000
-0.000000 0.000000 -0.000000
-0.000001 0.000001 -0.000001
-0.000001 0.000000 -0.000001
-0.000001 0.000001 -0.000001
-0.000001 0.000001 -0.000001
-0.000001 0.000002 -0.000001
-0.000001 0.000002 -0.000001
-0.000001 0.000002 -0.000000
-0.000000 0.000003 0.000000
-0.000000 0.000003 0.000000
-0.000000 0.000003 0.000001
-0.000000 0.000003 0.000001
-0.000000 0.000003 0.000001
-0.000000 0.000002 0.000001
-0.000000 0.000002 0.000001
-0.000000 0.000002 0.000000
-0.000000 0.000002 0.000000
-0.000000 0.000002 -0.000000
-0.000001 0.000001 -0.000001
-0.000000 0.000001 -0.000001
-0.000000 0.000001 -0.000002
-0.000000 0.000001 -0.000002
-0.000000 0.000001 -0.000002
0.000000 0.000000 -0.000002
0.000000 0.000000 -0.000002
0.000000 0.000000 -0.000002
0.000000 -0.000000 -0.000001
0.000000 -0.000000 -0.000001
0.000000 -0.000001 -0.000000
0.000000 0.000000 -0.000000
0.000000 -0.000001 0.000001
-0.000000 0.000001 -0.000000
-0.000000 -0.000002 0.000002
-0.000001 0.000000 0.000000
-0.000001 -0.000001 0.000001
-0.000001 -0.000002 0.000002
-0.000001 -0.000002 0.000001
-0.000001 0.000000 0.000001
-0.000000 -0.000003 0.000002
-0.000001 -0.000001 0.000001
-0.000000 -0.000002 0.000001
-0.000000 -0.000001 0.000001
0.000001 -0.000002 0.000001
0.000000 -0.000001 0.000000
0.000001 -0.000002 0.000000
0.000001 -0.000001 0.000000
0.000001 -0.000001 0.000000
0.000002 -0.000001 0.000000
0.000002 -0.000001 0.000000
0.000002 -0.000001 0.000000
0.000002 -0.000001 0.000000
0.000002 -0.000001 0.000000
0.000002 -0.000001 0.000000
0.000002 -0.000001 0.000000
0.000002 -0.000001 0.000000
0.000002 -0.000002 0.000000
0.000002 -0.000002 0.000001
0.000002 -0.000002 0.000001
0.000002 -0.000003 0.000001
0.000001 -0.000002 0.000001
0.000003 -0.000004 0.000002
0.000000 -0.000003 0.000002
0.000002 -0.000004 0.000003
0.000000 -0.000002 0.000002
0.000002 -0.000004 0.000003
-0.000000 -0.000000 0.000001
0.000002 -0.000004 0.000003
-0.000001 0.000001 -0.000000
0.000000 -0.000000 0.000000
-0.000001 0.000001 -0.000001
-0.000001 0.000001 -0.000001
-0.000001 0.000001 -0.000001
-0.000002 0.000002 -0.000002
-0.000002 0.000002 -0.000002
-0.000002 0.000002 -0.000002
-0.000002 0.000002 -0.000002
-0.000002 0.000002 -0.000001
-0.000002 0.000002 -0.000001
-0.000001 0.000002 -0.000001
-0.000001 0.000002 -0.000001
-0.000001 0.000002 -0.000000
-0.000001 0.000002 0.000000
-0.000001 0.000002 0.000000
-0.000000 0.000001 0.000000
-0.000000 0.000001 0.000000
-0.000000 0.000001 0.000000
-0.000000 0.000001 0.000000
-0.000000 0.000001 -0.000000
-0.000000 0.000000 -0.000000
-0.000000 0.000000 -0.000000
-0.000000 0.000000 -0.000001
-0.000001 0.000000 -0.000001
-0.000001 0.000000 -0.000001
-0.000001 0.000000 -0.000001
-0.000001 0.000000 -0.000001
-0.000001 0.000000 -0.000001
VECTORS Curvature float
-10.231135 365.399922 -4.142549
-45.099955 1176.528840 -11.457073
-144.842157 2562.219932 -26.115980
-325.341592 3672.965501 -40.684669
-625.119536 4708.684048 -57.643217
-1062.835425 5631.230818 -76.979321
-1671.151605 6491.591070 -98.305506
-2367.452859 7032.688082 -123.627052
-3171.909637 7382.594646 -148.336534
-4095.574532 7677.859546 -174.889058
-4990.030712 7674.071270 -199.650615
-5877.396385 7548.517413 -221.307402
-6804.996213 7406.956546 -238.892008
-7564.298808 7092.208522 -250.432991
-8192.621104 6704.940060 -256.949657
-8743.895371 6358.754227 -257.225644
-9075.373275 5972.352968 -253.062325
-9261.256022 5638.877436 -245.535036
-9216.255864 5322.115999 -235.351303
-9040.332041 5086.183725 -225.580739
-8684.257993 4896.851322 -214.422067
-8087.099934 4700.599513 -205.207340
-7418.221298 4567.738427 -196.799642
-6635.884298 4440.253559 -188.953840
-5799.158250 4320.602886 -181.965884
-4958.743514 4205.487658 -174.814482
-4095.369446 4037.381099 -167.641067
-3305.423944 3862.002948 -160.163932
-2623.367585 3682.863303 -152.345483
-2044.208878 3456.543904 -144.414465
-1625.285936 3240.318987 -136.437635
-1363.604647 3018.060293 -128.798258
-1259.399485 2803.635370 -121.500203
-1252.889383 2513.971394 -114.859090
-1351.778273 2212.139350 -108.519183
-1480.229672 1868.654458 -102.760898
-1589.759979 1450.738833 -97.251120
-1643.553151 1008.225578 -91.796009
-1568.670440 491.433015 -86.293448
-1371.680360 -47.992337 -80.322967
-1000.026019 -615.612233 -73.827660
-499.309542 -1163.046972 -66.667204
105.860576 -1708.172557 -58.895424
763.679109 -2197.713284 -50.957185
1436.435355 -2632.007189 -43.142664
2079.907725 -3039.596166 -36.308262
2626.837258 -3375.720433 -31.098524
3108.670048 -3741.365538 -28.353021
3475.558175 -4110.694868 -28.892344
3702.777283 -4478.948048 -33.333298
3837.180350 -4913.103307 -42.226331
3850.695716 -5374.999620 -55.881946
3749.277155 -5852.316600 -74.318201
3545.661664 -6326.460805 -97.298918
3263.719789 -6790.377310 -124.071457
2921.778351 -7213.686546 -153.771651
2542.945647 -7567.359683 -184.883112
2167.006615 -7859.839387 -215.919811
1821.452863 -8077.664654 -245.222104
1533.080680 -8223.897409 -271.187009
1312.392633 -8241.415940 -292.815645
1193.897433 -8275.269421 -308.058595
1146.933020 -8126.248569 -318.871188
1206.435173 -8010.052865 -321.425257
1314.567830 -7709.914454 -321.089852
1487.857137 -7321.336726 -313.256740
1765.679634 -7195.848740 -303.661772
2012.121715 -6756.480959 -290.813834
2219.377117 -6184.242375 -275.926173
2525.834080 -5886.877690 -261.103941
2735.914952 -5448.832193 -244.750974
2858.738746 -4907.475633 -229.865157
2998.120591 -4530.656723 -214.202749
3030.360050 -4081.855268 -199.124038
2897.615285 -3547.655886 -183.410836
2723.810275 -3081.280904 -169.088331
2516.290028 -2703.992316 -154.031715
2159.738473 -2277.874278 -140.542998
1759.747317 -1918.158556 -128.325342
1302.164936 -1589.594187 -118.060237
831.076473 -1340.127514 -110.066193
329.299274 -1101.153227 -104.138961
-189.568253 -887.932751 -100.018562
-711.108633 -723.849135 -96.795721
-1194.270560 -522.438041 -93.620773
-1698.131465 -311.421052 -89.491456
-2224.509656 -52.219865 -83.785928
-2704.297938 297.542765 -76.135930
-3193.906886 754.741297 -66.759127
-3669.373330 1333.025208 -56.277909
-4174.601676 2068.601696 -46.336806
-4548.683674 2849.408384 -36.829144
-5038.278629 3841.292068 -33.294305
-5494.585139 4875.352110 -30.380849
-5836.504752 5895.656590 -36.220383
-6158.544693 6865.732930 -43.545032
-6443.432075 7792.394849 -58.136590
-6631.941492 8485.828997 -72.011780
-6877.428580 9192.894507 -89.593591
-7051.298866 9632.393434 -103.413532
-6925.892972 9571.502966 -116.215521
-6846.179288 9430.406683 -123.723310
-6635.035562 9020.022711 -123.906023
-6481.807449 8612.395832 -116.421301
-6196.135011 7983.732162 -104.232988
-5773.609922 7182.643365 -86.230520
-5334.091082 6395.903411 -66.548938
-4846.949892 5615.323309 -46.949412
-4355.589678 4912.055816 -29.182163
-3827.016479 4257.965414 -14.791043
-3304.395250 3705.103834 -3.343485
-2797.834753 3257.092489 4.256835
-2288.888666 2882.912028 9.322286
-1831.754900 2629.862801 12.195633
-1405.988459 2454.753247 13.824283
-1019.925873 2345.234652 15.111250
-682.719045 2286.935049 16.696988
-398.233153 2254.564726 19.054836
-172.154977 2233.886860 22.265904
-4.487361 2191.858398 26.047808
106.667919 2119.717485 29.810397
164.861226 1993.459034 32.678261
179.651465 1807.622975 33.764590
162.718631 1555.287558 32.304732
127.218374 1233.949749 27.801766
85.591030 869.297658 20.748576
38.071606 403.617978 10.025240
11.950001 130.916734 3.243825
VECTORS LocalRotation float
0.847582 -0.385774 0.077659
0.847331 -0.378776 0.077588
0.846474 -0.361916 0.077418
0.844354 -0.333804 0.077117
0.840042 -0.295779 0.076671
0.832375 -0.248810 0.076060
0.819990 -0.193894 0.075266
0.801807 -0.133003 0.074266
0.776640 -0.067510 0.073031
0.743781 0.000583 0.071569
0.702693 0.070010 0.069876
0.653375 0.139091 0.067965
0.595890 0.206880 0.065879
0.531033 0.272323 0.063671
0.459572 0.334896 0.061370
0.382936 0.394008 0.059043
0.302273 0.449828 0.056733
0.219245 0.502403 0.054475
0.135595 0.552025 0.052298
0.052800 0.599228 0.050208
-0.027292 0.644337 0.048220
-0.103241 0.687800 0.046320
-0.173534 0.729817 0.044497
-0.237175 0.770608 0.042750
-0.293525 0.810309 0.041069
-0.342158 0.848852 0.039457
-0.383074 0.886102 0.037909
-0.416596 0.921883 0.036424
-0.443413 0.956009 0.035011
-0.464545 0.988332 0.033667
-0.481212 1.018750 0.032391
-0.494763 1.047124 0.031189
-0.506651 1.073509 0.030054
-0.517972 1.097471 0.028989
-0.529817 1.118965 0.027973
-0.542567 1.137336 0.027022
-0.556537 1.152441 0.026112
-0.571132 1.163541 0.025259
-0.585720 1.170352 0.024450
-0.598997 1.172354 0.023698
-0.609720 1.169353 0.023001
-0.616514 1.161294 0.022364
-0.618302 1.148247 0.021794
-0.614376 1.130615 0.021298
-0.604400 1.108715 0.020871
-0.588513 1.083090 0.020512
-0.567209 1.054053 0.020207
-0.541191 1.021768 0.019937
-0.511432 0.986278 0.019678
-0.478903 0.947354 0.019397
-0.444734 0.904791 0.019054
-0.409930 0.858216 0.018610
-0.375527 0.807393 0.018021
-0.342502 0.752259 0.017244
-0.311664 0.692855 0.016241
-0.283671 0.629480 0.014984
-0.258930 0.562559 0.013450
-0.237601 0.492696 0.011635
-0.219540 0.420525 0.009547
-0.204352 0.346720 0.007209
-0.191465 0.272151 0.004655
-0.180097 0.197234 0.001929
-0.169527 0.123172 -0.000902
-0.158837 0.049877 -0.003810
-0.147488 -0.020892 -0.006702
-0.134686 -0.089559 -0.009600
-0.119981 -0.155171 -0.012389
-0.103008 -0.217859 -0.015060
-0.083789 -0.276632 -0.017633
-0.062136 -0.331715 -0.020084
-0.038474 -0.382690 -0.022359
-0.012967 -0.429906 -0.024523
0.013546 -0.472632 -0.026533
0.040724 -0.511459 -0.028396
0.067404 -0.545798 -0.030118
0.093023 -0.576008 -0.031724
0.116641 -0.602083 -0.033181
0.137761 -0.624584 -0.034511
0.155506 -0.643582 -0.035729
0.169398 -0.659497 -0.036846
0.179094 -0.672813 -0.037883
0.184313 -0.683792 -0.038847
0.184950 -0.692862 -0.039778
0.180888 -0.700130 -0.040665
0.172289 -0.705755 -0.041525
0.159069 -0.709566 -0.042362
0.141347 -0.711209 -0.043144
0.119067 -0.710100 -0.043867
0.092390 -0.705341 -0.044514
0.061346 -0.695897 -0.045070
0.025879 -0.680517 -0.045534
-0.013525 -0.658301 -0.045910
-0.057283 -0.627763 -0.046230
-0.104639 -0.588573 -0.046516
-0.156020 -0.539731 -0.046818
-0.210169 -0.482123 -0.047178
-0.267478 -0.415463 -0.047641
-0.326629 -0.341823 -0.048229
-0.388204 -0.261245 -0.048966
-0.450629 -0.176875 -0.049831
-0.513919 -0.089917 -0.050825
-0.576294 -0.003856 -0.051912
-0.637628 0.080086 -0.053039
-0.697181 0.160141 -0.054130
-0.754356 0.234986 -0.055125
-0.808479 0.303563 -0.055986
-0.858775 0.365047 -0.056678
-0.904920 0.419488 -0.057192
-0.946636 0.467209 -0.057538
-0.983657 0.508697 -0.057736
-1.015993 0.544804 -0.057819
-1.043568 0.576266 -0.057815
-1.066613 0.604082 -0.057753
-1.085289 0.629068 -0.057656
-1.099945 0.652084 -0.057538
-1.110930 0.673820 -0.057407
-1.118637 0.694787 -0.057263
-1.123532 0.715349 -0.057101
-1.126114 0.735671 -0.056914
-1.126913 0.755701 -0.056695
-1.126451 0.775237 -0.056442
-1.125222 0.793850 -0.056159
-1.123660 0.811080 -0.055858
-1.122111 0.826292 -0.055559
-1.120797 0.838933 -0.055287
-1.119836 0.848435 -0.055067
-1.119275 0.854211 -0.054928
-1.119049 0.856626 -0.054868
VECTORS q1 float
0.719755 -0.693684 -0.027479
0.719392 -0.693808 -0.033237
0.718160 -0.694048 -0.050423
0.715651 -0.694037 -0.078466
0.711246 -0.693258 -0.116288
0.704147 -0.691144 -0.162777
0.693473 -0.687190 -0.216485
0.678358 -0.681058 -0.275665
0.658413 -0.672856 -0.337279
0.633071 -0.662736 -0.400002
0.602426 -0.651281 -0.461428
0.566955 -0.639247 -0.519543
0.527191 -0.627337 -0.573165
0.483890 -0.616233 -0.621376
0.438445 -0.606662 -0.663120
0.391579 -0.598944 -0.698521
0.344286 -0.593336 -0.727612
0.297244 -0.589887 -0.750786
0.250900 -0.588519 -0.768567
0.205623 -0.589081 -0.781475
0.161315 -0.591363 -0.790106
0.118307 -0.595146 -0.794861
0.076619 -0.600178 -0.796188
0.036239 -0.606199 -0.794487
-0.002646 -0.612924 -0.790137
-0.040017 -0.620081 -0.783517
-0.075637 -0.627380 -0.775031
-0.109267 -0.634554 -0.765116
-0.140926 -0.641409 -0.754145
-0.170472 -0.647782 -0.742508
-0.197815 -0.653574 -0.730555
-0.223072 -0.658765 -0.718517
-0.246145 -0.663352 -0.706666
-0.267032 -0.667374 -0.695202
-0.285226 -0.670837 -0.684561
-0.300838 -0.673817 -0.674883
-0.313216 -0.676301 -0.666718
-0.322277 -0.678300 -0.660338
-0.327561 -0.679752 -0.656232
-0.328893 -0.680571 -0.654715
-0.326112 -0.680644 -0.656029
-0.319210 -0.679860 -0.660224
-0.308307 -0.678134 -0.667144
-0.293483 -0.675402 -0.676535
-0.275120 -0.671720 -0.687823
-0.253274 -0.667115 -0.700578
-0.228179 -0.661695 -0.714209
-0.199837 -0.655539 -0.728241
-0.167920 -0.648654 -0.742328
-0.132333 -0.641089 -0.755972
-0.092634 -0.632783 -0.768768
-0.048436 -0.623639 -0.780211
0.000445 -0.613535 -0.789667
0.054008 -0.602307 -0.796435
0.111962 -0.589761 -0.799779
0.173802 -0.575663 -0.799002
0.238621 -0.559819 -0.793513
0.305396 -0.542039 -0.782897
0.372988 -0.522188 -0.766942
0.440215 -0.500214 -0.745652
0.505874 -0.476198 -0.719254
0.568803 -0.450374 -0.688205
0.628415 -0.422876 -0.652894
0.683332 -0.394476 -0.614366
0.733790 -0.365200 -0.572871
0.778322 -0.336409 -0.530137
0.817983 -0.307806 -0.485961
0.852581 -0.280056 -0.441218
0.881808 -0.254133 -0.397279
0.906270 -0.230201 -0.354517
0.926800 -0.208013 -0.312686
0.943247 -0.188505 -0.273405
0.956450 -0.171284 -0.236358
0.966802 -0.156441 -0.202037
0.974733 -0.143939 -0.170810
0.980602 -0.133798 -0.143242
0.984968 -0.125462 -0.118736
0.988116 -0.118820 -0.097514
0.990351 -0.113593 -0.079382
0.991919 -0.109514 -0.064064
0.993007 -0.106352 -0.051240
0.993769 -0.103861 -0.040452
0.994280 -0.102002 -0.031659
0.994628 -0.100588 -0.024445
0.994848 -0.099620 -0.018823
0.994959 -0.099163 -0.014949
0.994971 -0.099307 -0.013070
0.994857 -0.100345 -0.013775
0.994552 -0.102704 -0.017824
0.993917 -0.106996 -0.026110
0.992692 -0.114014 -0.039546
0.990442 -0.124707 -0.058936
0.986540 -0.139966 -0.084551
0.979942 -0.161211 -0.117156
0.969612 -0.188842 -0.155536
0.954098 -0.223742 -0.199090
0.932294 -0.265550 -0.245583
0.902885 -0.314229 -0.293357
0.865737 -0.367971 -0.339260
0.820032 -0.426324 -0.381832
0.767944 -0.485621 -0.417653
0.710762 -0.544203 -0.445713
0.650977 -0.599788 -0.465278
0.590577 -0.651127 -0.476710
0.531463 -0.697361 -0.480868
0.475976 -0.737568 -0.478999
0.425276 -0.771829 -0.472673
0.379989 -0.800550 -0.463388
0.340207 -0.824365 -0.452417
0.305578 -0.844035 -0.440712
0.275690 -0.860215 -0.428981
0.249658 -0.873692 -0.417532
0.226854 -0.885005 -0.406575
0.206455 -0.894712 -0.396064
0.187723 -0.903254 -0.385866
0.170095 -0.910938 -0.375846
0.153092 -0.917994 -0.365856
0.136407 -0.924549 -0.355813
0.119878 -0.930658 -0.345695
0.103507 -0.936313 -0.335564
0.087497 -0.941452 -0.325595
0.072130 -0.946015 -0.315994
0.057881 -0.949920 -0.307084
0.045204 -0.953133 -0.299154
0.034671 -0.955616 -0.292567
0.026719 -0.957379 -0.287595
0.021799 -0.958422 -0.284520
0.020125 -0.958769 -0.283473
VECTORS q2 float
0.692190 0.720110 -0.048104
0.692224 0.720064 -0.048304
0.692308 0.719928 -0.049124
0.692373 0.719722 -0.051180
0.692261 0.719517 -0.055405
0.691646 0.719487 -0.062964
0.689969 0.719934 -0.075092
0.686390 0.721274 -0.092909
0.679914 0.723915 -0.116897
0.669142 0.728315 -0.147666
0.652719 0.734708 -0.184831
0.629371 0.743069 -0.227467
0.597852 0.753161 -0.274447
0.557250 0.764451 -0.324172
0.507712 0.775999 -0.374238
0.449250 0.786958 -0.422932
0.382986 0.796335 -0.468158
0.310481 0.803308 -0.508230
0.233752 0.807302 -0.541871
0.155327 0.808061 -0.568252
0.077254 0.805701 -0.587262
0.002355 0.800649 -0.599129
-0.067413 0.793590 -0.604707
-0.130639 0.785313 -0.605159
-0.186193 0.776625 -0.601819
-0.233792 0.768189 -0.596009
-0.273381 0.760522 -0.588956
-0.305353 0.753934 -0.581672
-0.330672 0.748496 -0.574812
-0.350386 0.744139 -0.568760
-0.365740 0.740673 -0.563593
-0.378157 0.737848 -0.559086
-0.388909 0.735426 -0.554885
-0.399168 0.733200 -0.550529
-0.409636 0.731033 -0.545701
-0.420989 0.728813 -0.540000
-0.433071 0.726514 -0.533504
-0.445749 0.724119 -0.526269
-0.458145 0.721706 -0.518887
-0.469451 0.719381 -0.511964
-0.478528 0.717345 -0.506385
-0.484350 0.715847 -0.502959
-0.486046 0.715150 -0.502314
-0.482982 0.715493 -0.504776
-0.474837 0.717020 -0.510306
-0.461483 0.719797 -0.518579
-0.443200 0.723743 -0.528932
-0.420450 0.728698 -0.540575
-0.393740 0.734479 -0.552729
-0.364039 0.740814 -0.564509
-0.332208 0.747489 -0.575237
-0.299230 0.754311 -0.584360
-0.266195 0.761103 -0.591492
-0.234151 0.767721 -0.596471
-0.204061 0.774042 -0.599349
-0.176657 0.779964 -0.600374
-0.152477 0.785384 -0.599936
-0.131700 0.790230 -0.598491
-0.114181 0.794476 -0.596465
-0.099498 0.798156 -0.594178
-0.087043 0.801379 -0.591790
-0.076119 0.804333 -0.589283
-0.065996 0.807317 -0.586416
-0.056155 0.810584 -0.582923
-0.046074 0.814538 -0.578277
-0.035629 0.819322 -0.572226
-0.024570 0.825329 -0.564117
-0.012998 0.832659 -0.553633
-0.001209 0.841171 -0.540768
0.010590 0.850800 -0.525383
0.022233 0.861525 -0.507228
0.033197 0.872682 -0.487160
0.043364 0.884126 -0.465232
0.052492 0.895408 -0.442142
0.060435 0.906114 -0.418694
0.067101 0.915778 -0.396041
0.072605 0.924394 -0.374465
0.076993 0.931667 -0.355060
0.080395 0.937508 -0.338550
0.082965 0.941886 -0.325527
0.084861 0.944811 -0.316436
0.086224 0.946333 -0.311478
0.087193 0.946427 -0.310923
0.087841 0.945088 -0.314791
0.088243 0.942268 -0.323024
0.088438 0.937911 -0.335414
0.088373 0.931764 -0.352145
0.088003 0.923688 -0.372901
0.087203 0.913437 -0.397527
0.085777 0.900723 -0.425841
0.083443 0.885235 -0.457599
0.079817 0.866659 -0.492474
0.074491 0.844967 -0.529606
0.066729 0.819384 -0.569348
0.056081 0.790390 -0.610032
0.041767 0.757660 -0.651312
0.023390 0.721806 -0.691700
0.000263 0.682817 -0.730589
-0.027508 0.641836 -0.766348
-0.060622 0.598711 -0.798667
-0.097745 0.555569 -0.825705
-0.138421 0.513034 -0.847134
-0.181392 0.472269 -0.862589
-0.225735 0.433856 -0.872246
-0.270443 0.398280 -0.876489
-0.313927 0.366281 -0.875950
-0.355225 0.338003 -0.871533
-0.393535 0.313448 -0.864222
-0.428297 0.292475 -0.854997
-0.459213 0.274827 -0.844745
-0.486002 0.260296 -0.834295
-0.508834 0.248491 -0.824221
-0.527724 0.239165 -0.815051
-0.542962 0.231983 -0.807079
-0.554868 0.226640 -0.800472
-0.563749 0.222872 -0.795308
-0.569966 0.220413 -0.791553
-0.573904 0.219010 -0.789094
-0.575977 0.218418 -0.787746
-0.576612 0.218410 -0.787284
-0.576226 0.218785 -0.787462
-0.575217 0.219368 -0.788038
-0.573941 0.220022 -0.788786
-0.572672 0.220646 -0.789533
-0.571601 0.221174 -0.790161
-0.570817 0.221569 -0.790617
-0.570354 0.221811 -0.790883
-0.570202 0.221892 -0.790970
VECTORS q3 float
0.053157 0.015603 0.998464
0.057447 0.011742 0.998280
0.070395 0.000370 0.997519
0.091995 -0.017701 0.995602
0.122081 -0.041095 0.991669
0.160633 -0.068248 0.984652
0.207457 -0.097293 0.973394
0.262106 -0.126188 0.956753
0.322816 -0.152354 0.934119
0.389191 -0.174176 0.904540
0.459391 -0.189836 0.867711
0.531464 -0.198021 0.823610
0.603856 -0.197981 0.772115
0.674776 -0.189398 0.713306
0.741616 -0.172591 0.648242
0.803020 -0.148199 0.577232
0.857198 -0.117485 0.501407
0.902911 -0.082036 0.421927
0.939366 -0.043698 0.340119
0.966226 -0.004538 0.257656
0.983875 0.033695 0.175657
0.992974 0.069009 0.096124
0.994779 0.100005 0.020344
0.990768 0.125721 -0.050734
0.982510 0.145526 -0.116177
0.971463 0.159330 -0.175711
0.958928 0.167332 -0.229037
0.945949 0.170073 -0.276143
0.933164 0.168369 -0.317579
0.920961 0.163206 -0.353829
0.909452 0.155706 -0.385555
0.898463 0.146996 -0.413711
0.887785 0.138247 -0.439005
0.877131 0.130493 -0.462182
0.866513 0.124773 -0.483308
0.855725 0.121666 -0.502924
0.845189 0.121634 -0.520442
0.835132 0.124741 -0.535718
0.826321 0.130683 -0.547828
0.819418 0.138975 -0.556094
0.815268 0.148790 -0.559642
0.814561 0.159230 -0.557796
0.817745 0.169396 -0.550090
0.824983 0.178611 -0.536192
0.835966 0.186209 -0.516224
0.850226 0.191962 -0.490169
0.866896 0.195846 -0.458406
0.885035 0.198162 -0.421242
0.903754 0.199470 -0.378735
0.921935 0.200500 -0.331415
0.938646 0.202105 -0.279458
0.952951 0.205158 -0.223147
0.963919 0.210469 -0.162981
0.970699 0.218701 -0.099568
0.972535 0.230308 -0.033683
0.968806 0.245496 0.033865
0.959068 0.264150 0.102050
0.943074 0.285884 0.169946
0.920784 0.310045 0.236706
0.892362 0.335757 0.301590
0.858205 0.361977 0.363947
0.818944 0.387572 0.423225
0.775074 0.411601 0.479422
0.727945 0.432830 0.531746
0.677813 0.450728 0.580874
0.626854 0.464264 0.625710
0.574717 0.473379 0.667543
0.522433 0.477752 0.706270
0.471606 0.477334 0.741444
0.422566 0.472384 0.773493
0.374897 0.463147 0.803086
0.330427 0.450436 0.829413
0.288657 0.434722 0.853050
0.250075 0.416859 0.873894
0.215040 0.397793 0.891919
0.184167 0.378747 0.906991
0.156740 0.360215 0.919607
0.133039 0.343333 0.929744
0.112879 0.328901 0.937594
0.095991 0.317581 0.943360
0.082066 0.309875 0.947229
0.070631 0.306049 0.949392
0.061677 0.306385 0.949908
0.054767 0.310953 0.948846
0.049916 0.319699 0.946203
0.047281 0.332401 0.941952
0.047149 0.349219 0.935854
0.050143 0.369771 0.927769
0.057109 0.393807 0.917417
0.069081 0.421011 0.904421
0.087181 0.450955 0.888279
0.112493 0.483063 0.868329
0.145570 0.516179 0.844019
0.187781 0.550110 0.813706
0.238134 0.582772 0.776962
0.296568 0.613100 0.732226
0.360944 0.639124 0.679147
0.429882 0.659561 0.616588
0.499744 0.672788 0.545539
0.569098 0.678080 0.465118
0.633015 0.674919 0.379179
0.689679 0.663807 0.289316
0.737107 0.645923 0.198639
0.774766 0.622738 0.109243
0.802750 0.595869 0.023075
0.821521 0.567302 -0.057202
0.832440 0.538547 -0.130428
0.837101 0.510754 -0.195937
0.837151 0.484645 -0.253571
0.834114 0.460516 -0.303610
0.829336 0.438492 -0.346305
0.823869 0.418228 -0.382526
0.818562 0.399457 -0.412783
0.813983 0.381673 -0.437901
0.810482 0.364372 -0.458641
0.808242 0.347161 -0.475631
0.807280 0.329706 -0.489482
0.807482 0.311840 -0.500727
0.808628 0.293545 -0.509855
0.810435 0.274980 -0.517283
0.812593 0.256517 -0.523347
0.814815 0.238606 -0.528341
0.816849 0.221904 -0.532463
0.818537 0.207007 -0.535859
0.819799 0.194627 -0.538563
0.820642 0.185289 -0.540568
0.821109 0.179518 -0.541805
0.821258 0.177555 -0.542227
