# vtk DataFile Version 2.0
VTK example
ASCII
DATASET UNSTRUCTURED_GRID
POINTS  128  float
-0.000418 -0.000124 -0.000151
-0.000411 -0.000123 -0.000146
-0.000403 -0.000122 -0.000141
-0.000395 -0.000121 -0.000136
-0.000388 -0.000121 -0.000131
-0.000380 -0.000120 -0.000127
-0.000371 -0.000119 -0.000124
-0.000363 -0.000119 -0.000121
-0.000354 -0.000118 -0.000118
-0.000345 -0.000117 -0.000116
-0.000336 -0.000117 -0.000115
-0.000327 -0.000116 -0.000114
-0.000318 -0.000116 -0.000114
-0.000309 -0.000115 -0.000115
-0.000300 -0.000115 -0.000116
-0.000292 -0.000114 -0.000118
-0.000283 -0.000113 -0.000121
-0.000274 -0.000113 -0.000123
-0.000266 -0.000112 -0.000127
-0.000258 -0.000111 -0.000131
-0.000250 -0.000111 -0.000135
-0.000242 -0.000110 -0.000139
-0.000234 -0.000109 -0.000143
-0.000226 -0.000108 -0.000148
-0.000218 -0.000107 -0.000153
-0.000211 -0.000107 -0.000157
-0.000203 -0.000106 -0.000162
-0.000195 -0.000105 -0.000167
-0.000188 -0.000104 -0.000171
-0.000180 -0.000102 -0.000176
-0.000172 -0.000101 -0.000180
-0.000164 -0.000100 -0.000184
-0.000155 -0.000098 -0.000187
-0.000147 -0.000097 -0.000190
-0.000139 -0.000095 -0.000193
-0.000130 -0.000093 -0.000196
-0.000122 -0.000091 -0.000198
-0.000113 -0.000089 -0.000199
-0.000104 -0.000087 -0.000200
-0.000096 -0.000084 -0.000201
-0.000087 -0.000081 -0.000201
-0.000078 -0.000078 -0.000201
-0.000070 -0.000075 -0.000200
-0.000062 -0.000072 -0.000199
-0.000054 -0.000068 -0.000197
-0.000046 -0.000064 -0.000195
-0.000038 -0.000061 -0.000192
-0.000031 -0.000056 -0.000188
-0.000024 -0.000052 -0.000185
-0.000017 -0.000048 -0.000180
-0.000011 -0.000044 -0.000175
-0.000005 -0.000039 -0.000170
0.000000 -0.000035 -0.000164
0.000005 -0.000031 -0.000157
0.000009 -0.000027 -0.000150
0.000013 -0.000023 -0.000143
0.000016 -0.000019 -0.000135
0.000018 -0.000015 -0.000128
0.000021 -0.000012 -0.000119
0.000022 -0.000008 -0.000111
0.000024 -0.000005 -0.000103
0.000025 -0.000002 -0.000094
0.000026 0.000001 -0.000086
0.000026 0.000004 -0.000077
0.000026 0.000006 -0.000069
0.000026 0.000009 -0.000060
0.000026 0.000012 -0.000051
0.000026 0.000015 -0.000043
0.000026 0.000018 -0.000034
0.000025 0.000021 -0.000026
0.000025 0.000024 -0.000017
0.000025 0.000028 -0.000009
0.000025 0.000032 -0.000001
0.000025 0.000036 0.000007
0.000026 0.000040 0.000015
0.000027 0.000045 0.000023
0.000028 0.000050 0.000030
0.000030 0.000055 0.000038
0.000032 0.000060 0.000045
0.000035 0.000066 0.000051
0.000038 0.000072 0.000057
0.000042 0.000078 0.000063
0.000046 0.000084 0.000068
0.000051 0.000090 0.000072
0.000056 0.000096 0.000076
0.000062 0.000102 0.000080
0.000068 0.000109 0.000082
0.000075 0.000114 0.000084
0.000082 0.000120 0.000086
0.000089 0.000126 0.000087
0.000096 0.000131 0.000087
0.000104 0.000136 0.000087
0.000111 0.000141 0.000086
0.000119 0.000145 0.000085
0.000127 0.000149 0.000083
0.000135 0.000153 0.000081
0.000143 0.000156 0.000079
0.000151 0.000160 0.000076
0.000159 0.000162 0.000073
0.000167 0.000165 0.000069
0.000175 0.000167 0.000066
0.000183 0.000169 0.000062
0.000191 0.000171 0.000058
0.000199 0.000173 0.000054
0.000207 0.000175 0.000050
0.000215 0.000176 0.000046
0.000223 0.000177 0.000042
0.000231 0.000178 0.000038
0.000239 0.000179 0.000034
0.000247 0.000180 0.000030
0.000255 0.000181 0.000026
0.000263 0.000182 0.000022
0.000272 0.000183 0.000019
0.000280 0.000184 0.000016
0.000289 0.000184 0.000013
0.000297 0.000185 0.000010
0.000306 0.000186 0.000008
0.000315 0.000187 0.000006
0.000324 0.000187 0.000004
0.000333 0.000188 0.000003
0.000342 0.000189 0.000001
0.000350 0.000190 0.000001
0.000359 0.000191 -0.000000
0.000368 0.000193 -0.000001
0.000377 0.000194 -0.000001
0.000386 0.000195 -0.000001
0.000395 0.000196 -0.000001
0.000404 0.000198 -0.000001
CELLS  127 381
2 0 1 
2 1 2 
2 2 3 
2 3 4 
2 4 5 
2 5 6 
2 6 7 
2 7 8 
2 8 9 
2 9 10 
2 10 11 
2 11 12 
2 12 13 
2 13 14 
2 14 15 
2 15 16 
2 16 17 
2 17 18 
2 18 19 
2 19 20 
2 20 21 
2 21 22 
2 22 23 
2 23 24 
2 24 25 
2 25 26 
2 26 27 
2 27 28 
2 28 29 
2 29 30 
2 30 31 
2 31 32 
2 32 33 
2 33 34 
2 34 35 
2 35 36 
2 36 37 
2 37 38 
2 38 39 
2 39 40 
2 40 41 
2 41 42 
2 42 43 
2 43 44 
2 44 45 
2 45 46 
2 46 47 
2 47 48 
2 48 49 
2 49 50 
2 50 51 
2 51 52 
2 52 53 
2 53 54 
2 54 55 
2 55 56 
2 56 57 
2 57 58 
2 58 59 
2 59 60 
2 60 61 
2 61 62 
2 62 63 
2 63 64 
2 64 65 
2 65 66 
2 66 67 
2 67 68 
2 68 69 
2 69 70 
2 70 71 
2 71 72 
2 72 73 
2 73 74 
2 74 75 
2 75 76 
2 76 77 
2 77 78 
2 78 79 
2 79 80 
2 80 81 
2 81 82 
2 82 83 
2 83 84 
2 84 85 
2 85 86 
2 86 87 
2 87 88 
2 88 89 
2 89 90 
2 90 91 
2 91 92 
2 92 93 
2 93 94 
2 94 95 
2 95 96 
2 96 97 
2 97 98 
2 98 99 
2 99 100 
2 100 101 
2 101 102 
2 102 103 
2 103 104 
2 104 105 
2 105 106 
2 106 107 
2 107 108 
2 108 109 
2 109 110 
2 110 111 
2 111 112 
2 112 113 
2 113 114 
2 114 115 
2 115 116 
2 116 117 
2 117 118 
2 118 119 
2 119 120 
2 120 121 
2 121 122 
2 122 123 
2 123 124 
2 124 125 
2 125 126 
2 126 127 
CELL_TYPES  127
3
3
3
3
3
3
3
3
3
3
3
3
3
3
3
3
3
3
3
3
3
3
3
3
3
3
3
3
3
3
3
3
3
3
3
3
3
3
3
3
3
3
3
3
3
3
3
3
3
3
3
3
3
3
3
3
3
3
3
3
3
3
3
3
3
3
3
3
3
3
3
3
3
3
3
3
3
3
3
3
3
3
3
3
3
3
3
3
3
3
3
3
3
3
3
3
3
3
3
3
3
3
3
3
3
3
3
3
3
3
3
3
3
3
3
3
3
3
3
3
3
3
3
3
3
3
3
POINT_DATA  128
VECTORS Position float
-0.000418 -0.000124 -0.000151
-0.000411 -0.000123 -0.000146
-0.000403 -0.000122 -0.000141
-0.000395 -0.000121 -0.000136
-0.000388 -0.000121 -0.000131
-0.000380 -0.000120 -0.000127
-0.000371 -0.000119 -0.000124
-0.000363 -0.000119 -0.000121
-0.000354 -0.000118 -0.000118
-0.000345 -0.000117 -0.000116
-0.000336 -0.000117 -0.000115
-0.000327 -0.000116 -0.000114
-0.000318 -0.000116 -0.000114
-0.000309 -0.000115 -0.000115
-0.000300 -0.000115 -0.000116
-0.000292 -0.000114 -0.000118
-0.000283 -0.000113 -0.000121
-0.000274 -0.000113 -0.000123
-0.000266 -0.000112 -0.000127
-0.000258 -0.000111 -0.000131
-0.000250 -0.000111 -0.000135
-0.000242 -0.000110 -0.000139
-0.000234 -0.000109 -0.000143
-0.000226 -0.000108 -0.000148
-0.000218 -0.000107 -0.000153
-0.000211 -0.000107 -0.000157
-0.000203 -0.000106 -0.000162
-0.000195 -0.000105 -0.000167
-0.000188 -0.000104 -0.000171
-0.000180 -0.000102 -0.000176
-0.000172 -0.000101 -0.000180
-0.000164 -0.000100 -0.000184
-0.000155 -0.000098 -0.000187
-0.000147 -0.000097 -0.000190
-0.000139 -0.000095 -0.000193
-0.000130 -0.000093 -0.000196
-0.000122 -0.000091 -0.000198
-0.000113 -0.000089 -0.000199
-0.000104 -0.000087 -0.000200
-0.000096 -0.000084 -0.000201
-0.000087 -0.000081 -0.000201
-0.000078 -0.000078 -0.000201
-0.000070 -0.000075 -0.000200
-0.000062 -0.000072 -0.000199
-0.000054 -0.000068 -0.000197
-0.000046 -0.000064 -0.000195
-0.000038 -0.000061 -0.000192
-0.000031 -0.000056 -0.000188
-0.000024 -0.000052 -0.000185
-0.000017 -0.000048 -0.000180
-0.000011 -0.000044 -0.000175
-0.000005 -0.000039 -0.000170
0.000000 -0.000035 -0.000164
0.000005 -0.000031 -0.000157
0.000009 -0.000027 -0.000150
0.000013 -0.000023 -0.000143
0.000016 -0.000019 -0.000135
0.000018 -0.000015 -0.000128
0.000021 -0.000012 -0.000119
0.000022 -0.000008 -0.000111
0.000024 -0.000005 -0.000103
0.000025 -0.000002 -0.000094
0.000026 0.000001 -0.000086
0.000026 0.000004 -0.000077
0.000026 0.000006 -0.000069
0.000026 0.000009 -0.000060
0.000026 0.000012 -0.000051
0.000026 0.000015 -0.000043
0.000026 0.000018 -0.000034
0.000025 0.000021 -0.000026
0.000025 0.000024 -0.000017
0.000025 0.000028 -0.000009
0.000025 0.000032 -0.000001
0.000025 0.000036 0.000007
0.000026 0.000040 0.000015
0.000027 0.000045 0.000023
0.000028 0.000050 0.000030
0.000030 0.000055 0.000038
0.000032 0.000060 0.000045
0.000035 0.000066 0.000051
0.000038 0.000072 0.000057
0.000042 0.000078 0.000063
0.000046 0.000084 0.000068
0.000051 0.000090 0.000072
0.000056 0.000096 0.000076
0.000062 0.000102 0.000080
0.000068 0.000109 0.000082
0.000075 0.000114 0.000084
0.000082 0.000120 0.000086
0.000089 0.000126 0.000087
0.000096 0.000131 0.000087
0.000104 0.000136 0.000087
0.000111 0.000141 0.000086
0.000119 0.000145 0.000085
0.000127 0.000149 0.000083
0.000135 0.000153 0.000081
0.000143 0.000156 0.000079
0.000151 0.000160 0.000076
0.000159 0.000162 0.000073
0.000167 0.000165 0.000069
0.000175 0.000167 0.000066
0.000183 0.000169 0.000062
0.000191 0.000171 0.000058
0.000199 0.000173 0.000054
0.000207 0.000175 0.000050
0.000215 0.000176 0.000046
0.000223 0.000177 0.000042
0.000231 0.000178 0.000038
0.000239 0.000179 0.000034
0.000247 0.000180 0.000030
0.000255 0.000181 0.000026
0.000263 0.000182 0.000022
0.000272 0.000183 0.000019
0.000280 0.000184 0.000016
0.000289 0.000184 0.000013
0.000297 0.000185 0.000010
0.000306 0.000186 0.000008
0.000315 0.000187 0.000006
0.000324 0.000187 0.000004
0.000333 0.000188 0.000003
0.000342 0.000189 0.000001
0.000350 0.000190 0.000001
0.000359 0.000191 -0.000000
0.000368 0.000193 -0.000001
0.000377 0.000194 -0.000001
0.000386 0.000195 -0.000001
0.000395 0.000196 -0.000001
0.000404 0.000198 -0.000001
VECTORS Rotation float
0.598954 0.097400 -0.975217
0.599829 0.096497 -0.981768
0.602387 0.093864 -1.001222
0.606427 0.089761 -1.032685
0.611660 0.084607 -1.074675
0.617779 0.078867 -1.125813
0.624488 0.073057 -1.184626
0.631534 0.067688 -1.249675
0.638704 0.063310 -1.318414
0.645920 0.060211 -1.390374
0.653126 0.058604 -1.463894
0.660314 0.058511 -1.537537
0.667510 0.059783 -1.610511
0.674730 0.062143 -1.681945
0.681955 0.065204 -1.750156
0.689162 0.068602 -1.814661
0.696287 0.071989 -1.874402
0.703252 0.075130 -1.928642
0.709978 0.077921 -1.976811
0.716391 0.080397 -2.018393
0.722433 0.082725 -2.053344
0.728064 0.085122 -2.081326
0.733254 0.087854 -2.102345
0.737968 0.091179 -2.116477
0.742176 0.095297 -2.123762
0.745821 0.100370 -2.124314
0.748845 0.106484 -2.118248
0.751184 0.113672 -2.105774
0.752732 0.121993 -2.087117
0.753408 0.131459 -2.062680
0.753137 0.142088 -2.032982
0.751783 0.153985 -1.998404
0.749265 0.167197 -1.959572
0.745437 0.181854 -1.916889
0.740388 0.197788 -1.871632
0.733808 0.215341 -1.823521
0.725895 0.234160 -1.774062
0.716295 0.254569 -1.722695
0.705105 0.276199 -1.670352
0.691995 0.299150 -1.616476
0.676912 0.323024 -1.561356
0.659671 0.347473 -1.504805
0.640050 0.372055 -1.446481
0.617535 0.396477 -1.385262
0.592055 0.419851 -1.321161
0.563100 0.441669 -1.253005
0.530616 0.461051 -1.180653
0.494611 0.477225 -1.103916
0.455152 0.489531 -1.022513
0.413051 0.497247 -0.937581
0.369144 0.499959 -0.850039
0.324570 0.497495 -0.761302
0.280674 0.490009 -0.673199
0.238719 0.477999 -0.587509
0.199765 0.462269 -0.505848
0.164506 0.443807 -0.429380
0.133361 0.423747 -0.359037
0.106378 0.403195 -0.295214
0.083354 0.383173 -0.237942
0.063936 0.364570 -0.186991
0.047709 0.348141 -0.142003
0.034270 0.334508 -0.102610
0.023175 0.324081 -0.068222
0.014253 0.317364 -0.038959
0.007167 0.314587 -0.014317
0.002010 0.316049 0.005063
-0.001399 0.321944 0.019484
-0.002940 0.332349 0.028550
-0.002363 0.347046 0.031789
0.000583 0.365953 0.028907
0.006260 0.389222 0.019439
0.015100 0.415869 0.003251
0.027752 0.446025 -0.020419
0.044903 0.479111 -0.052060
0.067330 0.514449 -0.092202
0.095619 0.550819 -0.140843
0.131161 0.588206 -0.199767
0.174486 0.625053 -0.268835
0.226217 0.660108 -0.348360
0.286637 0.691956 -0.438308
0.355448 0.719066 -0.538045
0.432403 0.740161 -0.647428
0.513836 0.753466 -0.761397
0.598810 0.758514 -0.879624
0.683326 0.754930 -0.997229
0.763563 0.743341 -1.109570
0.839031 0.724434 -1.216859
0.907477 0.699591 -1.316196
0.968440 0.670139 -1.407055
1.022131 0.637271 -1.489681
1.069117 0.601976 -1.564712
1.110091 0.565022 -1.632918
1.145393 0.527478 -1.694254
1.176317 0.488906 -1.750795
1.202776 0.450681 -1.801552
1.225502 0.412788 -1.847450
1.244727 0.376163 -1.888091
1.260998 0.340826 -1.924072
1.274580 0.307672 -1.954997
1.285973 0.276271 -1.981676
1.295407 0.247743 -2.003473
1.303248 0.221935 -2.020768
1.309792 0.198976 -2.033642
1.315280 0.178626 -2.042325
1.319898 0.160634 -2.046942
1.323826 0.144955 -2.047510
1.327179 0.131328 -2.044077
1.330037 0.119519 -2.036682
1.332454 0.109340 -2.025370
1.334452 0.100664 -2.010212
1.336070 0.093501 -1.991429
1.337283 0.087864 -1.969149
1.338109 0.083889 -1.943802
1.338516 0.081679 -1.915707
1.338467 0.081313 -1.885256
1.337945 0.082801 -1.853005
1.336926 0.086056 -1.819507
1.335412 0.090880 -1.785421
1.333428 0.096978 -1.751425
1.331034 0.103983 -1.718246
1.328337 0.111466 -1.686717
1.325469 0.119020 -1.657546
1.322610 0.126211 -1.631558
1.319928 0.132691 -1.609310
1.317618 0.138103 -1.591446
1.315829 0.142199 -1.578323
1.314706 0.144734 -1.570359
1.314321 0.145597 -1.567675
VECTORS ControlForce float
0.000000 0.000000 0.000000
-0.000575 -0.000126 0.000074
-0.001066 -0.000241 0.000133
-0.001418 -0.000334 0.000155
-0.001606 -0.000395 0.000133
-0.001612 -0.000411 0.000078
-0.001476 -0.000402 0.000017
-0.001273 -0.000410 -0.000031
-0.001058 -0.000458 -0.000065
-0.000854 -0.000537 -0.000089
-0.000677 -0.000632 -0.000107
-0.000559 -0.000742 -0.000127
-0.000472 -0.000822 -0.000147
-0.000409 -0.000847 -0.000165
-0.000380 -0.000818 -0.000185
-0.000357 -0.000716 -0.000198
-0.000344 -0.000561 -0.000202
-0.000329 -0.000375 -0.000194
-0.000298 -0.000183 -0.000172
-0.000258 -0.000021 -0.000141
-0.000218 0.000084 -0.000107
-0.000169 0.000138 -0.000073
-0.000106 0.000156 -0.000034
-0.000043 0.000146 0.000007
0.000015 0.000129 0.000049
0.000086 0.000140 0.000096
0.000162 0.000189 0.000138
0.000228 0.000262 0.000161
0.000282 0.000350 0.000163
0.000324 0.000434 0.000144
0.000346 0.000492 0.000107
0.000373 0.000537 0.000070
0.000396 0.000560 0.000040
0.000409 0.000556 0.000016
0.000378 0.000498 -0.000013
0.000317 0.000394 -0.000037
0.000261 0.000272 -0.000055
0.000195 0.000129 -0.000063
0.000146 -0.000011 -0.000060
0.000109 -0.000141 -0.000044
0.000042 -0.000287 -0.000021
-0.000052 -0.000434 0.000010
-0.000151 -0.000555 0.000053
-0.000223 -0.000621 0.000112
-0.000237 -0.000608 0.000177
-0.000177 -0.000513 0.000238
-0.000075 -0.000377 0.000289
0.000061 -0.000211 0.000323
0.000239 -0.000013 0.000327
0.000414 0.000179 0.000301
0.000553 0.000339 0.000250
0.000647 0.000465 0.000177
0.000679 0.000555 0.000089
0.000634 0.000599 0.000001
0.000518 0.000599 -0.000074
0.000353 0.000568 -0.000132
0.000158 0.000507 -0.000157
-0.000023 0.000441 -0.000161
-0.000162 0.000372 -0.000137
-0.000234 0.000306 -0.000087
-0.000224 0.000256 -0.000033
-0.000143 0.000226 0.000003
-0.000021 0.000198 0.000028
0.000108 0.000163 0.000037
0.000216 0.000112 0.000039
0.000285 0.000048 0.000020
0.000306 -0.000030 0.000007
0.000285 -0.000108 -0.000013
0.000237 -0.000178 -0.000053
0.000179 -0.000229 -0.000104
0.000127 -0.000259 -0.000134
0.000081 -0.000270 -0.000145
0.000040 -0.000265 -0.000123
-0.000008 -0.000244 -0.000080
-0.000070 -0.000227 -0.000027
-0.000149 -0.000224 0.000021
-0.000237 -0.000231 0.000057
-0.000332 -0.000267 0.000084
-0.000430 -0.000343 0.000099
-0.000520 -0.000431 0.000090
-0.000588 -0.000493 0.000053
-0.000627 -0.000506 -0.000005
-0.000629 -0.000461 -0.000080
-0.000596 -0.000376 -0.000146
-0.000521 -0.000250 -0.000203
-0.000398 -0.000084 -0.000247
-0.000252 0.000071 -0.000250
-0.000104 0.000200 -0.000216
0.000010 0.000262 -0.000153
0.000073 0.000253 -0.000075
0.000075 0.000174 0.000001
0.000028 0.000062 0.000062
-0.000042 -0.000032 0.000103
-0.000126 -0.000104 0.000136
-0.000218 -0.000164 0.000152
-0.000286 -0.000192 0.000151
-0.000312 -0.000185 0.000137
-0.000286 -0.000147 0.000123
-0.000214 -0.000093 0.000118
-0.000118 -0.000051 0.000128
-0.000004 -0.000006 0.000139
0.000102 0.000017 0.000140
0.000181 0.000005 0.000127
0.000228 -0.000029 0.000116
0.000252 -0.000047 0.000119
0.000245 -0.000059 0.000122
0.000213 -0.000041 0.000122
0.000155 0.000002 0.000115
0.000084 0.000075 0.000105
0.000012 0.000161 0.000093
-0.000043 0.000242 0.000077
-0.000066 0.000304 0.000059
-0.000043 0.000363 0.000041
0.000023 0.000417 0.000023
0.000124 0.000463 0.000006
0.000241 0.000499 -0.000012
0.000357 0.000519 -0.000032
0.000458 0.000548 -0.000053
0.000533 0.000584 -0.000074
0.000569 0.000598 -0.000096
0.000566 0.000580 -0.000116
0.000527 0.000514 -0.000130
0.000470 0.000427 -0.000134
0.000404 0.000346 -0.000125
0.000325 0.000257 -0.000105
0.000230 0.000166 -0.000076
0.000119 0.000076 -0.000041
-0.000000 -0.000000 -0.000000
VECTORS ControlTorque float
0.000000 -0.000005 0.000001
0.000000 -0.000005 0.000001
0.000000 -0.000005 0.000001
0.000000 -0.000004 0.000001
0.000000 -0.000004 0.000000
0.000000 -0.000003 0.000000
0.000000 -0.000003 -0.000000
0.000000 -0.000001 -0.000001
0.000000 -0.000002 -0.000001
0.000000 -0.000001 -0.000001
0.000000 0.000000 -0.000001
0.000000 0.000000 -0.000001
-0.000000 0.000000 -0.000001
-0.000000 0.000002 -0.000000
-0.000000 0.000001 -0.000000
-0.000000 0.000002 -0.000000
-0.000000 0.000002 0.000000
-0.000000 0.000002 0.000000
-0.000000 0.000003 0.000000
-0.000000 0.000003 0.000000
-0.000000 0.000003 0.000000
-0.000000 0.000003 -0.000000
-0.000000 0.000003 -0.000000
-0.000000 0.000003 -0.000000
-0.000000 0.000003 -0.000000
-0.000000 0.000003 -0.000000
-0.000000 0.000003 -0.000000
-0.000000 0.000003 -0.000000
-0.000000 0.000002 -0.000000
-0.000000 0.000002 -0.000000
-0.000001 0.000002 -0.000000
-0.000000 0.000002 -0.000000
-0.000001 0.000002 -0.000001
-0.000000 0.000000 -0.000000
-0.000001 0.000002 -0.000001
-0.000000 -0.000001 -0.000000
-0.000001 0.000001 -0.000001
-0.000000 -0.000000 -0.000000
-0.000000 0.000001 -0.000001
-0.000000 -0.000000 -0.000001
-0.000000 0.000000 -0.000001
-0.000000 -0.000000 -0.000000
-0.000000 0.000001 -0.000001
-0.000000 0.000000 0.000000
-0.000001 0.000001 -0.000000
-0.000001 0.000001 0.000000
-0.000001 0.000001 0.000000
-0.000001 0.000001 0.000000
-0.000001 0.000001 0.000000
-0.000001 0.000001 0.000000
-0.000001 0.000000 0.000000
-0.000000 -0.000000 0.000000
-0.000000 -0.000000 0.000001
0.000000 -0.000001 0.000001
0.000000 -0.000001 0.000001
0.000001 -0.000002 0.000001
0.000001 -0.000002 0.000001
0.000001 -0.000002 0.000001
0.000001 -0.000002 0.000001
0.000001 -0.000002 0.000001
0.000002 -0.000002 0.000001
0.000001 -0.000001 0.000000
0.000002 -0.000002 0.000001
0.000002 -0.000001 0.000000
0.000002 -0.000002 0.000001
0.000002 -0.000002 0.000001
0.000002 -0.000002 0.000001
0.000002 -0.000002 0.000001
0.000001 -0.000002 0.000001
0.000002 -0.000002 0.000001
0.000001 -0.000002 0.000001
0.000002 -0.000002 0.000001
0.000001 -0.000002 0.000001
0.000002 -0.000003 0.000001
0.000000 -0.000001 0.000001
0.000002 -0.000003 0.000002
0.000001 -0.000002 0.000001
0.000001 -0.000002 0.000001
0.000001 -0.000002 0.000001
0.000000 -0.000001 0.000001
0.000001 -0.000002 0.000002
-0.000001 0.000001 -0.000000
0.000001 -0.000002 0.000001
-0.000001 0.000000 0.000000
-0.000002 0.000002 -0.000001
0.000000 -0.000001 0.000001
-0.000001 0.000001 -0.000000
-0.000001 0.000001 -0.000000
-0.000001 0.000001 -0.000000
-0.000001 0.000001 -0.000000
-0.000000 0.000001 -0.000000
-0.000001 0.000002 -0.000001
0.000000 -0.000000 0.000001
-0.000001 0.000002 -0.000001
-0.000000 0.000000 0.000000
-0.000001 0.000002 -0.000001
-0.000000 0.000001 -0.000000
-0.000001 0.000002 -0.000001
-0.000000 0.000001 0.000000
-0.000001 0.000002 -0.000001
-0.000001 0.000001 -0.000001
-0.000001 0.000002 -0.000001
-0.000001 0.000002 -0.000001
-0.000001 0.000002 -0.000001
-0.000001 0.000002 -0.000001
-0.000001 0.000002 -0.000001
-0.000001 0.000002 -0.000001
-0.000000 0.000002 -0.000000
-0.000000 0.000002 -0.000000
-0.000000 0.000001 -0.000001
-0.000000 0.000002 -0.000000
-0.000000 0.000001 -0.000001
-0.000000 0.000001 -0.000001
-0.000000 0.000001 -0.000001
-0.000000 0.000001 -0.000001
-0.000000 0.000001 -0.000001
-0.000000 0.000000 -0.000001
-0.000000 -0.000000 -0.000001
-0.000000 -0.000000 -0.000000
-0.000000 -0.000001 -0.000000
0.000000 -0.000001 -0.000000
0.000000 -0.000001 0.000000
0.000000 -0.000001 0.000000
0.000000 -0.000002 0.000000
0.000000 -0.000002 0.000001
0.000000 -0.000002 0.000001
0.000000 -0.000002 0.000001
0.000000 -0.000002 0.000001
VECTORS Curvature float
-185.530324 374.622610 -15.535929
-598.008209 1198.649900 -48.291664
-1307.554975 2582.088828 -104.319491
-1888.577204 3634.844986 -150.578968
-2449.846235 4554.791457 -194.174304
-2980.322656 5309.755931 -231.631985
-3518.753880 5961.283907 -262.268518
-3930.416933 6300.774982 -285.954853
-4285.141598 6469.097336 -302.102987
-4649.995079 6606.715591 -312.276431
-4863.925826 6508.607895 -317.205467
-5004.363037 6331.757570 -318.708024
-5117.009637 6156.410603 -318.530072
-5064.334088 5839.217007 -318.073806
-4892.495064 5449.293192 -318.779324
-4663.127462 5060.119413 -321.159775
-4311.074454 4589.254381 -325.620664
-3906.228882 4098.205285 -331.975281
-3438.527688 3556.877982 -339.831408
-2966.241330 3007.204166 -348.700086
-2489.763376 2435.355289 -358.015928
-1997.848490 1822.570451 -367.416540
-1538.461260 1213.797805 -376.565313
-1092.787147 595.519859 -385.221846
-662.498408 -25.744341 -393.201648
-246.406070 -645.161595 -400.319683
158.155749 -1248.718674 -406.400927
543.780434 -1836.251198 -411.162290
905.418125 -2405.585267 -414.322134
1221.721665 -2918.765895 -415.505870
1500.104127 -3413.109946 -414.118065
1725.457081 -3866.684451 -409.913634
1915.617150 -4329.975274 -401.954084
2002.568984 -4651.383243 -390.683977
2055.332967 -4995.154788 -373.884888
2041.465976 -5263.571091 -353.755119
1972.021377 -5479.178152 -327.040861
1892.011109 -5715.120444 -296.656385
1775.648706 -5882.425070 -259.989372
1681.450203 -6105.975796 -219.487572
1575.599341 -6235.022455 -174.236647
1497.540168 -6340.828132 -125.573167
1488.963920 -6549.367087 -73.785659
1531.110764 -6740.339412 -22.168776
1633.557411 -6917.217664 29.844747
1812.889758 -7171.910559 78.464116
2020.841943 -7336.726739 122.947696
2291.256685 -7584.971302 161.424806
2572.311362 -7793.667490 191.905229
2830.417118 -7899.851637 214.378321
3077.751399 -7992.401013 228.140364
3272.283058 -7983.540416 233.599226
3398.456244 -7861.476674 231.307414
3447.134644 -7626.090465 222.107765
3421.894367 -7299.115201 206.819259
3318.618608 -6885.804185 186.650370
3137.278612 -6395.803286 162.447659
2895.329688 -5874.685530 135.330874
2599.119996 -5339.924942 106.230005
2258.163865 -4812.589549 75.955920
1870.799048 -4278.027692 45.108701
1468.374826 -3803.742148 14.046818
1029.570984 -3301.496278 -16.720521
567.851221 -2827.987941 -47.301690
94.880519 -2314.181266 -77.678928
-398.221730 -1759.128087 -107.794093
-909.355458 -1250.601321 -137.840921
-1399.588119 -644.042080 -167.895846
-1832.207090 -21.794675 -198.247545
-2343.203272 634.827113 -229.187825
-2774.107336 1287.095666 -260.249157
-3147.985258 1946.539597 -292.033581
-3586.243715 2655.881275 -323.575915
-3981.261086 3373.516598 -354.542618
-4234.633067 3970.794322 -382.704401
-4533.337579 4626.182235 -410.307730
-4886.298133 5327.690156 -430.881623
-5083.905360 5861.837709 -446.401720
-5282.743652 6380.774101 -454.613136
-5388.693035 6770.481031 -455.193806
-5579.003491 7275.481107 -450.691528
-5569.155366 7495.236527 -439.008813
-5467.253504 7621.627689 -428.719897
-5479.278904 7887.443181 -416.211284
-5161.016207 7675.039310 -407.357494
-4929.336382 7591.774370 -398.388509
-4768.620072 7574.343173 -392.418761
-4474.753523 7326.268407 -386.927842
-4229.700626 7110.268500 -382.453674
-3992.950414 6866.371964 -379.145452
-3806.581151 6676.424201 -376.841075
-3547.467593 6328.878975 -378.048594
-3378.725749 6148.894312 -377.704259
-3214.133184 5966.341878 -383.759449
-2964.283413 5652.687807 -387.774902
-2723.557286 5358.182324 -395.429579
-2448.859130 5024.529444 -401.240697
-2151.479874 4644.709059 -408.666036
-1859.297004 4305.134173 -413.139926
-1557.578671 3943.756494 -418.663668
-1190.196785 3442.825831 -421.436168
-853.289393 3021.191646 -423.993554
-505.731794 2589.301672 -425.427885
-164.866129 2232.105101 -426.249586
187.787180 1875.248858 -426.109440
546.936633 1525.311478 -424.492551
913.224310 1215.490630 -420.766002
1282.827553 929.638925 -414.056506
1660.874251 667.009002 -403.585514
2018.570750 413.089439 -388.615505
2365.716929 162.303984 -369.013146
2682.632194 -89.178455 -344.691379
2941.512234 -345.128750 -316.336505
3176.420626 -604.229598 -284.707421
3353.952166 -857.823392 -250.947913
3469.987007 -1094.770191 -216.248293
3525.372695 -1303.227766 -181.733713
3510.032869 -1468.175813 -148.466384
3432.251303 -1582.888850 -117.359509
3272.541958 -1631.232772 -89.211740
3046.082826 -1616.983001 -64.608156
2745.242826 -1533.790584 -44.077868
2384.125937 -1389.648973 -27.800139
1971.799130 -1189.446274 -15.854434
1512.679629 -937.788213 -7.850938
1038.516261 -657.046716 -3.227554
474.794769 -304.019333 -0.943723
152.669306 -98.377407 -0.114645
VECTORS LocalRotation float
0.541447 -0.089301 0.124321
0.537891 -0.082161 0.124032
0.529298 -0.065112 0.123343
0.514887 -0.037082 0.122194
0.495205 0.000072 0.120630
0.470538 0.044882 0.118696
0.441098 0.095938 0.116459
0.407559 0.151147 0.113990
0.370233 0.209164 0.111318
0.329835 0.268284 0.108541
0.286810 0.327596 0.105694
0.242026 0.385867 0.102808
0.196149 0.442472 0.099920
0.150195 0.496615 0.097046
0.105039 0.547811 0.094158
0.061801 0.595365 0.091262
0.021177 0.639045 0.088335
-0.016031 0.678382 0.085357
-0.049282 0.713037 0.082316
-0.078328 0.742806 0.079193
-0.102982 0.767399 0.076000
-0.123304 0.786681 0.072715
-0.139336 0.800446 0.069342
-0.151251 0.808640 0.065892
-0.159205 0.811222 0.062365
-0.163314 0.808189 0.058777
-0.163713 0.799630 0.055132
-0.160533 0.785657 0.051429
-0.153978 0.766470 0.047695
-0.144348 0.742364 0.043938
-0.131985 0.713605 0.040170
-0.117361 0.680599 0.036434
-0.100859 0.643451 0.032754
-0.083203 0.602979 0.029182
-0.064748 0.559108 0.025705
-0.046305 0.512924 0.022429
-0.028041 0.464039 0.019332
-0.010599 0.413507 0.016516
0.006057 0.360839 0.013988
0.021667 0.306707 0.011823
0.036394 0.250908 0.010043
0.050318 0.193928 0.008685
0.063889 0.135352 0.007779
0.077523 0.075359 0.007345
0.091873 0.013429 0.007380
0.107444 -0.050225 0.007870
0.124796 -0.115896 0.008781
0.144357 -0.183584 0.010071
0.166340 -0.253093 0.011668
0.190822 -0.324208 0.013509
0.217597 -0.396228 0.015515
0.246344 -0.468553 0.017605
0.276540 -0.540279 0.019710
0.307531 -0.610392 0.021762
0.338639 -0.677986 0.023705
0.369143 -0.742179 0.025485
0.398373 -0.802312 0.027066
0.425691 -0.857879 0.028414
0.450572 -0.908663 0.029508
0.472564 -0.954628 0.030333
0.491263 -0.995798 0.030881
0.506409 -1.032456 0.031150
0.517689 -1.064540 0.031138
0.524945 -1.092382 0.030847
0.527928 -1.115531 0.030284
0.526542 -1.134139 0.029437
0.520633 -1.147742 0.028327
0.510259 -1.156255 0.026953
0.495581 -1.159279 0.025290
0.476527 -1.156481 0.023340
0.453515 -1.147839 0.021139
0.426516 -1.133096 0.018621
0.396031 -1.112261 0.015834
0.361914 -1.085079 0.012777
0.324936 -1.052024 0.009459
0.284978 -1.012845 0.005845
0.242522 -0.967981 0.002053
0.197491 -0.917443 -0.001909
0.150556 -0.862015 -0.005988
0.102139 -0.802346 -0.010116
0.052288 -0.738505 -0.014234
0.002153 -0.672077 -0.018235
-0.048172 -0.603146 -0.022192
-0.097538 -0.533205 -0.026002
-0.145559 -0.462969 -0.029719
-0.191679 -0.393190 -0.033402
-0.235490 -0.324675 -0.036974
-0.277274 -0.257317 -0.040497
-0.316644 -0.192022 -0.043977
-0.353837 -0.128803 -0.047422
-0.389102 -0.067569 -0.050840
-0.422322 -0.008822 -0.054250
-0.453935 0.048130 -0.057700
-0.483576 0.102600 -0.061123
-0.511593 0.155288 -0.064622
-0.537269 0.204994 -0.068157
-0.560792 0.252210 -0.071780
-0.581603 0.295952 -0.075444
-0.599884 0.336745 -0.079190
-0.615197 0.373715 -0.082918
-0.627639 0.407162 -0.086722
-0.636894 0.436438 -0.090551
-0.643077 0.461963 -0.094415
-0.646122 0.483854 -0.098282
-0.646019 0.502377 -0.102126
-0.642697 0.517753 -0.105972
-0.636085 0.530164 -0.109800
-0.626131 0.539886 -0.113583
-0.612787 0.547124 -0.117290
-0.596140 0.552011 -0.120874
-0.576261 0.554620 -0.124309
-0.553448 0.554950 -0.127535
-0.527968 0.552983 -0.130529
-0.500240 0.548680 -0.133253
-0.470680 0.542062 -0.135678
-0.439778 0.533220 -0.137794
-0.408115 0.522365 -0.139595
-0.376261 0.509817 -0.141090
-0.344828 0.496003 -0.142294
-0.314484 0.481457 -0.143229
-0.285855 0.466740 -0.143926
-0.259648 0.452481 -0.144417
-0.236396 0.439230 -0.144743
-0.216692 0.427563 -0.144941
-0.200901 0.417922 -0.145048
-0.189375 0.410717 -0.145098
-0.182508 0.406356 -0.145117
-0.179673 0.404538 -0.145122
VECTORS q1 float
0.508720 -0.561106 -0.652965
0.503794 -0.561875 -0.656116
0.489076 -0.564117 -0.665264
0.464998 -0.567641 -0.679383
0.432390 -0.572173 -0.696891
0.392074 -0.577426 -0.716141
0.345091 -0.583122 -0.735446
0.292643 -0.589032 -0.753261
0.237008 -0.594961 -0.768016
0.178929 -0.600843 -0.779084
0.120128 -0.606629 -0.785857
0.062112 -0.612316 -0.788170
0.005774 -0.617926 -0.786215
-0.048059 -0.623481 -0.780360
-0.098089 -0.628973 -0.771215
-0.144050 -0.634395 -0.759469
-0.185351 -0.639712 -0.745931
-0.221690 -0.644878 -0.731428
-0.252907 -0.649839 -0.716761
-0.278867 -0.654546 -0.702711
-0.299723 -0.658951 -0.689891
-0.315392 -0.663017 -0.678923
-0.325982 -0.666710 -0.670249
-0.331613 -0.669991 -0.664187
-0.332353 -0.672827 -0.660943
-0.328289 -0.675160 -0.660595
-0.319481 -0.676937 -0.663090
-0.306021 -0.678100 -0.668230
-0.287955 -0.678554 -0.675756
-0.265423 -0.678226 -0.685245
-0.238619 -0.677038 -0.696190
-0.207606 -0.674862 -0.708139
-0.172651 -0.671603 -0.720514
-0.133861 -0.667108 -0.732836
-0.092143 -0.661422 -0.744332
-0.047133 -0.654235 -0.754822
-0.000130 -0.645690 -0.763600
0.049316 -0.635434 -0.770579
0.100175 -0.623550 -0.775339
0.152690 -0.609736 -0.777758
0.206188 -0.593992 -0.777599
0.260345 -0.576231 -0.774712
0.314890 -0.556374 -0.768955
0.370168 -0.534110 -0.760067
0.425432 -0.509599 -0.747875
0.480976 -0.482586 -0.731965
0.536250 -0.453224 -0.712056
0.590857 -0.421654 -0.687820
0.644566 -0.387970 -0.658798
0.696327 -0.352795 -0.625031
0.745452 -0.316654 -0.586542
0.791129 -0.280244 -0.543671
0.832520 -0.244408 -0.497167
0.869012 -0.209955 -0.448037
0.900250 -0.177611 -0.397497
0.926223 -0.147900 -0.346753
0.947133 -0.121206 -0.297066
0.963452 -0.097663 -0.249442
0.975788 -0.077220 -0.204635
0.984796 -0.059693 -0.163139
0.991111 -0.044830 -0.125259
0.995308 -0.032364 -0.091180
0.997909 -0.021967 -0.060789
0.999313 -0.013540 -0.034501
0.999904 -0.006815 -0.012099
0.999982 -0.001911 0.005688
0.999818 0.001327 0.019041
0.999616 0.002779 0.027587
0.999518 0.002222 0.030980
0.999576 -0.000544 0.029111
0.999745 -0.005791 0.021813
0.999861 -0.013813 0.009351
0.999651 -0.025034 -0.008442
0.998715 -0.039834 -0.031319
0.996544 -0.058570 -0.058898
0.992590 -0.081353 -0.090262
0.986095 -0.108805 -0.125611
0.976423 -0.140779 -0.163643
0.962935 -0.177175 -0.203384
0.945088 -0.217700 -0.243752
0.922505 -0.261850 -0.283584
0.894678 -0.309413 -0.322202
0.862410 -0.358477 -0.357412
0.825261 -0.409138 -0.389295
0.784205 -0.459844 -0.416612
0.740565 -0.509090 -0.438623
0.694081 -0.557160 -0.455878
0.646090 -0.602867 -0.468103
0.597298 -0.645800 -0.475581
0.548261 -0.685753 -0.478699
0.499410 -0.722655 -0.477869
0.451084 -0.756521 -0.473497
0.404183 -0.787066 -0.466008
0.357778 -0.815042 -0.455743
0.313356 -0.839878 -0.443185
0.270682 -0.861939 -0.428709
0.230687 -0.881074 -0.412907
0.193217 -0.897612 -0.396181
0.159125 -0.911534 -0.379190
0.127761 -0.923318 -0.362161
0.100213 -0.932938 -0.345809
0.076172 -0.940768 -0.330384
0.055659 -0.947069 -0.316168
0.038340 -0.952138 -0.303253
0.023904 -0.956219 -0.291675
0.012273 -0.959488 -0.281481
0.003166 -0.962115 -0.272626
-0.003656 -0.964229 -0.265045
-0.008394 -0.965928 -0.258676
-0.011191 -0.967279 -0.253469
-0.012081 -0.968330 -0.249382
-0.011074 -0.969106 -0.246394
-0.008106 -0.969628 -0.244449
-0.003111 -0.969900 -0.243486
0.003950 -0.969917 -0.243402
0.013031 -0.969679 -0.244035
0.023992 -0.969177 -0.245195
0.036557 -0.968412 -0.246662
0.050337 -0.967393 -0.248227
0.064844 -0.966148 -0.249708
0.079488 -0.964726 -0.250969
0.093708 -0.963195 -0.251940
0.106877 -0.961649 -0.252602
0.118507 -0.960182 -0.252995
0.128076 -0.958904 -0.253181
0.135236 -0.957905 -0.253239
0.139637 -0.957273 -0.253239
0.141129 -0.957056 -0.253234
VECTORS q2 float
0.249784 0.822011 -0.511767
0.247484 0.821592 -0.513554
0.240522 0.820358 -0.518808
0.228853 0.818381 -0.527141
0.212499 0.815768 -0.537929
0.191355 0.812633 -0.550464
0.165362 0.809099 -0.563928
0.134543 0.805275 -0.577435
0.099680 0.801260 -0.589954
0.060742 0.797099 -0.600786
0.018588 0.792825 -0.609166
-0.025764 0.788448 -0.614562
-0.071465 0.783963 -0.616681
-0.117486 0.779368 -0.615453
-0.162221 0.774692 -0.611176
-0.204878 0.769964 -0.604302
-0.244408 0.765242 -0.595542
-0.280136 0.760591 -0.585683
-0.311670 0.756075 -0.575510
-0.338808 0.751745 -0.565764
-0.361738 0.747634 -0.556946
-0.380525 0.743761 -0.549564
-0.395440 0.740135 -0.543900
-0.406757 0.736764 -0.540118
-0.414665 0.733655 -0.538334
-0.419326 0.730834 -0.538560
-0.420834 0.728327 -0.540776
-0.419275 0.726164 -0.544880
-0.414735 0.724400 -0.550672
-0.407376 0.723068 -0.557868
-0.397440 0.722195 -0.566106
-0.385163 0.721829 -0.574989
-0.370932 0.721979 -0.584085
-0.355103 0.722675 -0.592994
-0.338432 0.723815 -0.601295
-0.321100 0.725477 -0.608751
-0.303963 0.727495 -0.615108
-0.287105 0.729936 -0.620294
-0.271062 0.732680 -0.624264
-0.255818 0.735778 -0.627047
-0.241520 0.739195 -0.628697
-0.228079 0.742969 -0.629267
-0.215271 0.747191 -0.628780
-0.202631 0.752062 -0.627171
-0.189890 0.757727 -0.624333
-0.176555 0.764460 -0.620024
-0.162414 0.772439 -0.613971
-0.147343 0.781816 -0.605849
-0.131306 0.792704 -0.595297
-0.114663 0.804984 -0.582111
-0.097784 0.818484 -0.566147
-0.081167 0.832898 -0.547443
-0.065383 0.847802 -0.526267
-0.050935 0.862737 -0.503080
-0.038215 0.877244 -0.478522
-0.027442 0.890931 -0.453309
-0.018706 0.903461 -0.428263
-0.011926 0.914613 -0.404155
-0.006903 0.924263 -0.381694
-0.003369 0.932368 -0.361494
-0.001016 0.938939 -0.344082
0.000474 0.944017 -0.329896
0.001417 0.947689 -0.319191
0.002088 0.949965 -0.312350
0.002736 0.950900 -0.309486
0.003584 0.950469 -0.310799
0.004766 0.948621 -0.316378
0.006375 0.945275 -0.326213
0.008448 0.940379 -0.340024
0.010925 0.933783 -0.357673
0.013634 0.925186 -0.379268
0.016413 0.914661 -0.403887
0.018938 0.901822 -0.431693
0.020863 0.886511 -0.462237
0.021792 0.868592 -0.495049
0.021392 0.848204 -0.529238
0.019021 0.824792 -0.565116
0.014308 0.798619 -0.601667
0.006833 0.769800 -0.638249
-0.003741 0.738584 -0.674151
-0.017606 0.705388 -0.708603
-0.035069 0.670402 -0.741168
-0.055278 0.635141 -0.770416
-0.078470 0.599564 -0.796471
-0.103744 0.564795 -0.818684
-0.130036 0.531822 -0.836813
-0.157502 0.500386 -0.851356
-0.185242 0.471103 -0.862408
-0.212876 0.444053 -0.870345
-0.240170 0.419181 -0.875560
-0.266980 0.396366 -0.878417
-0.293193 0.375482 -0.879233
-0.318317 0.356595 -0.878359
-0.342865 0.339303 -0.875966
-0.365953 0.323846 -0.872469
-0.387637 0.310044 -0.868107
-0.407356 0.297926 -0.863308
-0.425116 0.287331 -0.858322
-0.440450 0.278196 -0.853587
-0.453590 0.270333 -0.849221
-0.464038 0.263619 -0.845680
-0.471865 0.257883 -0.843113
-0.477015 0.252960 -0.841705
-0.479507 0.248723 -0.841552
-0.479299 0.245078 -0.842739
-0.476314 0.241903 -0.845345
-0.470465 0.239138 -0.849397
-0.461658 0.236739 -0.854884
-0.449814 0.234683 -0.861738
-0.434879 0.232965 -0.869832
-0.416962 0.231561 -0.878932
-0.396088 0.230505 -0.888809
-0.372588 0.229782 -0.899098
-0.346708 0.229430 -0.909481
-0.318776 0.229484 -0.919630
-0.289292 0.229962 -0.929208
-0.258759 0.230887 -0.937942
-0.227788 0.232254 -0.945606
-0.197008 0.234041 -0.952057
-0.167095 0.236190 -0.957232
-0.138806 0.238601 -0.961147
-0.112777 0.241155 -0.963912
-0.089727 0.243692 -0.965693
-0.070118 0.246063 -0.966714
-0.054465 0.248098 -0.967203
-0.043026 0.249668 -0.967375
-0.036110 0.250652 -0.967404
-0.033784 0.250989 -0.967400
VECTORS q3 float
0.823900 0.097246 0.558329
0.827613 0.096348 0.552968
0.838424 0.093726 0.536900
0.855221 0.089641 0.510452
0.876290 0.084506 0.474316
0.899812 0.078786 0.429105
0.923887 0.072992 0.375639
0.946709 0.067637 0.314908
0.966380 0.063268 0.249211
0.981985 0.060175 0.179120
0.992584 0.058570 0.106516
0.997737 0.058478 0.033196
0.997426 0.059747 -0.039633
0.991911 0.062103 -0.110706
0.981867 0.065158 -0.178021
0.968130 0.068548 -0.240887
0.951793 0.071927 -0.298188
0.934011 0.075059 -0.349269
0.915915 0.077843 -0.393753
0.898578 0.080311 -0.431402
0.882786 0.082630 -0.462451
0.869327 0.085019 -0.486870
0.858698 0.087741 -0.504914
0.851224 0.091053 -0.516844
0.847109 0.095153 -0.522830
0.846399 0.100202 -0.523037
0.849017 0.106283 -0.517565
0.854728 0.113427 -0.506532
0.863178 0.121691 -0.490015
0.873839 0.131081 -0.468212
0.886060 0.141610 -0.441412
0.899194 0.153378 -0.409788
0.912470 0.166419 -0.373770
0.925193 0.180853 -0.333631
0.936468 0.196501 -0.290542
0.945872 0.213681 -0.244268
0.952684 0.232026 -0.196360
0.956629 0.251828 -0.146439
0.957335 0.272700 -0.095624
0.954590 0.294708 -0.043635
0.948238 0.317435 0.008952
0.938190 0.340523 0.062002
0.924393 0.363530 0.115512
0.906596 0.386171 0.170162
0.884844 0.407624 0.225594
0.858772 0.427449 0.282484
0.828286 0.444889 0.340610
0.793207 0.459316 0.399814
0.753189 0.470212 0.460007
0.708506 0.477008 0.520079
0.659348 0.479390 0.579177
0.606240 0.477226 0.636183
0.550123 0.470634 0.689832
0.492163 0.460003 0.739035
0.433692 0.445980 0.782951
0.375977 0.429381 0.821141
0.320295 0.411179 0.853430
0.267614 0.392359 0.880021
0.218611 0.373865 0.901351
0.173685 0.356548 0.917991
0.133036 0.341151 0.930547
0.096753 0.328305 0.939604
0.064620 0.318438 0.945739
0.037004 0.312064 0.949340
0.013614 0.309424 0.950827
-0.004812 0.310814 0.950459
-0.018482 0.316411 0.948442
-0.026984 0.326264 0.944893
-0.029888 0.340121 0.939907
-0.026989 0.357840 0.933393
-0.017984 0.379469 0.925030
-0.002974 0.403985 0.914761
0.018420 0.431382 0.901981
0.046177 0.460990 0.886203
0.080154 0.492055 0.866866
0.119615 0.523385 0.843659
0.165090 0.554869 0.815393
0.215390 0.585141 0.781804
0.269646 0.613202 0.742478
0.326794 0.638044 0.697212
0.385584 0.658682 0.646113
0.445332 0.674407 0.588944
0.503184 0.684171 0.527936
0.559273 0.687844 0.462692
0.611767 0.685238 0.395209
0.659283 0.676751 0.327649
0.702456 0.662712 0.259555
0.740442 0.643905 0.192698
0.773252 0.621095 0.127757
0.801080 0.595005 0.065123
0.824203 0.566272 0.005015
0.842948 0.535434 -0.052433
0.857502 0.503356 -0.106407
0.868584 0.469660 -0.158054
0.876291 0.435578 -0.205876
0.881175 0.401165 -0.250196
0.883654 0.367355 -0.290183
0.884276 0.334266 -0.326072
0.883563 0.302841 -0.357218
0.882005 0.272770 -0.384270
0.880129 0.245217 -0.406500
0.878374 0.220118 -0.424272
0.877131 0.197666 -0.437687
0.876700 0.177678 -0.447021
0.877326 0.159944 -0.452456
0.879189 0.144448 -0.454049
0.882413 0.130950 -0.451884
0.887051 0.119235 -0.446009
0.893083 0.109123 -0.436458
0.900419 0.100494 -0.423257
0.908843 0.093364 -0.406555
0.918146 0.087751 -0.386404
0.927961 0.083791 -0.363135
0.937968 0.081589 -0.336986
0.947822 0.081224 -0.308280
0.957152 0.082707 -0.277524
0.965644 0.085950 -0.245244
0.973024 0.090755 -0.212102
0.979109 0.096826 -0.178804
0.983806 0.103796 -0.146123
0.987124 0.111236 -0.114944
0.989192 0.118739 -0.086028
0.990215 0.125876 -0.060241
0.990474 0.132302 -0.038166
0.990268 0.137665 -0.020452
0.989879 0.141720 -0.007451
0.989544 0.144229 0.000433
0.989415 0.145084 0.003088
