# vtk DataFile Version 2.0
VTK example
ASCII
DATASET UNSTRUCTURED_GRID
POINTS  128  float
-0.000457 -0.000100 -0.000239
-0.000456 -0.000101 -0.000230
-0.000456 -0.000102 -0.000221
-0.000455 -0.000102 -0.000212
-0.000455 -0.000103 -0.000203
-0.000454 -0.000105 -0.000194
-0.000452 -0.000106 -0.000185
-0.000450 -0.000108 -0.000176
-0.000448 -0.000110 -0.000168
-0.000445 -0.000112 -0.000159
-0.000441 -0.000114 -0.000151
-0.000437 -0.000116 -0.000144
-0.000432 -0.000119 -0.000137
-0.000426 -0.000121 -0.000130
-0.000420 -0.000123 -0.000124
-0.000413 -0.000125 -0.000118
-0.000406 -0.000127 -0.000113
-0.000398 -0.000128 -0.000109
-0.000389 -0.000129 -0.000106
-0.000381 -0.000129 -0.000103
-0.000372 -0.000129 -0.000101
-0.000363 -0.000129 -0.000100
-0.000354 -0.000129 -0.000100
-0.000345 -0.000128 -0.000100
-0.000336 -0.000127 -0.000101
-0.000327 -0.000125 -0.000102
-0.000318 -0.000124 -0.000104
-0.000310 -0.000122 -0.000106
-0.000301 -0.000121 -0.000109
-0.000293 -0.000119 -0.000112
-0.000284 -0.000118 -0.000115
-0.000276 -0.000116 -0.000118
-0.000268 -0.000115 -0.000122
-0.000260 -0.000114 -0.000126
-0.000252 -0.000112 -0.000130
-0.000244 -0.000111 -0.000134
-0.000236 -0.000110 -0.000139
-0.000229 -0.000109 -0.000143
-0.000221 -0.000107 -0.000148
-0.000213 -0.000106 -0.000153
-0.000206 -0.000105 -0.000158
-0.000198 -0.000103 -0.000163
-0.000191 -0.000102 -0.000168
-0.000184 -0.000100 -0.000173
-0.000176 -0.000098 -0.000177
-0.000169 -0.000097 -0.000182
-0.000161 -0.000095 -0.000186
-0.000153 -0.000093 -0.000191
-0.000145 -0.000091 -0.000194
-0.000137 -0.000089 -0.000198
-0.000129 -0.000087 -0.000201
-0.000120 -0.000086 -0.000203
-0.000111 -0.000084 -0.000205
-0.000103 -0.000082 -0.000207
-0.000094 -0.000080 -0.000208
-0.000085 -0.000078 -0.000208
-0.000076 -0.000076 -0.000207
-0.000068 -0.000074 -0.000206
-0.000059 -0.000071 -0.000204
-0.000051 -0.000069 -0.000201
-0.000043 -0.000066 -0.000197
-0.000036 -0.000062 -0.000193
-0.000029 -0.000059 -0.000189
-0.000022 -0.000055 -0.000184
-0.000016 -0.000051 -0.000178
-0.000010 -0.000047 -0.000173
-0.000005 -0.000043 -0.000166
-0.000000 -0.000039 -0.000160
0.000004 -0.000035 -0.000153
0.000008 -0.000031 -0.000146
0.000012 -0.000026 -0.000139
0.000015 -0.000022 -0.000132
0.000018 -0.000018 -0.000124
0.000020 -0.000014 -0.000116
0.000023 -0.000011 -0.000109
0.000025 -0.000007 -0.000101
0.000027 -0.000003 -0.000092
0.000028 0.000000 -0.000084
0.000030 0.000003 -0.000076
0.000031 0.000007 -0.000067
0.000032 0.000010 -0.000059
0.000032 0.000013 -0.000051
0.000033 0.000016 -0.000042
0.000033 0.000019 -0.000033
0.000034 0.000022 -0.000025
0.000034 0.000025 -0.000016
0.000034 0.000028 -0.000008
0.000034 0.000031 0.000000
0.000034 0.000035 0.000009
0.000035 0.000039 0.000017
0.000035 0.000043 0.000025
0.000036 0.000047 0.000033
0.000037 0.000051 0.000041
0.000039 0.000056 0.000048
0.000041 0.000061 0.000056
0.000044 0.000067 0.000062
0.000047 0.000073 0.000069
0.000050 0.000079 0.000074
0.000055 0.000085 0.000079
0.000060 0.000091 0.000083
0.000065 0.000097 0.000087
0.000071 0.000104 0.000090
0.000078 0.000110 0.000092
0.000084 0.000116 0.000093
0.000092 0.000121 0.000093
0.000099 0.000126 0.000093
0.000106 0.000131 0.000092
0.000114 0.000136 0.000090
0.000122 0.000140 0.000088
0.000129 0.000144 0.000085
0.000137 0.000148 0.000082
0.000145 0.000152 0.000079
0.000152 0.000155 0.000076
0.000160 0.000158 0.000072
0.000167 0.000162 0.000068
0.000175 0.000164 0.000064
0.000182 0.000167 0.000060
0.000190 0.000170 0.000056
0.000198 0.000172 0.000051
0.000205 0.000175 0.000047
0.000213 0.000177 0.000043
0.000221 0.000179 0.000039
0.000229 0.000181 0.000035
0.000237 0.000183 0.000031
0.000245 0.000185 0.000027
0.000253 0.000186 0.000023
0.000261 0.000188 0.000019
0.000269 0.000189 0.000016
CELLS  127 381
2 0 1 
2 1 2 
2 2 3 
2 3 4 
2 4 5 
2 5 6 
2 6 7 
2 7 8 
2 8 9 
2 9 10 
2 10 11 
2 11 12 
2 12 13 
2 13 14 
2 14 15 
2 15 16 
2 16 17 
2 17 18 
2 18 19 
2 19 20 
2 20 21 
2 21 22 
2 22 23 
2 23 24 
2 24 25 
2 25 26 
2 26 27 
2 27 28 
2 28 29 
2 29 30 
2 30 31 
2 31 32 
2 32 33 
2 33 34 
2 34 35 
2 35 36 
2 36 37 
2 37 38 
2 38 39 
2 39 40 
2 40 41 
2 41 42 
2 42 43 
2 43 44 
2 44 45 
2 45 46 
2 46 47 
2 47 48 
2 48 49 
2 49 50 
2 50 51 
2 51 52 
2 52 53 
2 53 54 
2 54 55 
2 55 56 
2 56 57 
2 57 58 
2 58 59 
2 59 60 
2 60 61 
2 61 62 
2 62 63 
2 63 64 
2 64 65 
2 65 66 
2 66 67 
2 67 68 
2 68 69 
2 69 70 
2 70 71 
2 71 72 
2 72 73 
2 73 74 
2 74 75 
2 75 76 
2 76 77 
2 77 78 
2 78 79 
2 79 80 
2 80 81 
2 81 82 
2 82 83 
2 83 84 
2 84 85 
2 85 86 
2 86 87 
2 87 88 
2 88 89 
2 89 90 
2 90 91 
2 91 92 
2 92 93 
2 93 94 
2 94 95 
2 95 96 
2 96 97 
2 97 98 
2 98 99 
2 99 100 
2 100 101 
2 101 102 
2 102 103 
2 103 104 
2 104 105 
2 105 106 
2 106 107 
2 107 108 
2 108 109 
2 109 110 
2 110 111 
2 111 112 
2 112 113 
2 113 114 
2 114 115 
2 115 116 
2 116 117 
2 117 118 
2 118 119 
2 119 120 
2 120 121 
2 121 122 
2 122 123 
2 123 124 
2 124 125 
2 125 126 
2 126 127 
CELL_TYPES  127
3
3
3
3
3
3
3
3
3
3
3
3
3
3
3
3
3
3
3
3
3
3
3
3
3
3
3
3
3
3
3
3
3
3
3
3
3
3
3
3
3
3
3
3
3
3
3
3
3
3
3
3
3
3
3
3
3
3
3
3
3
3
3
3
3
3
3
3
3
3
3
3
3
3
3
3
3
3
3
3
3
3
3
3
3
3
3
3
3
3
3
3
3
3
3
3
3
3
3
3
3
3
3
3
3
3
3
3
3
3
3
3
3
3
3
3
3
3
3
3
3
3
3
3
3
3
3
POINT_DATA  128
VECTORS Position float
-0.000457 -0.000100 -0.000239
-0.000456 -0.000101 -0.000230
-0.000456 -0.000102 -0.000221
-0.000455 -0.000102 -0.000212
-0.000455 -0.000103 -0.000203
-0.000454 -0.000105 -0.000194
-0.000452 -0.000106 -0.000185
-0.000450 -0.000108 -0.000176
-0.000448 -0.000110 -0.000168
-0.000445 -0.000112 -0.000159
-0.000441 -0.000114 -0.000151
-0.000437 -0.000116 -0.000144
-0.000432 -0.000119 -0.000137
-0.000426 -0.000121 -0.000130
-0.000420 -0.000123 -0.000124
-0.000413 -0.000125 -0.000118
-0.000406 -0.000127 -0.000113
-0.000398 -0.000128 -0.000109
-0.000389 -0.000129 -0.000106
-0.000381 -0.000129 -0.000103
-0.000372 -0.000129 -0.000101
-0.000363 -0.000129 -0.000100
-0.000354 -0.000129 -0.000100
-0.000345 -0.000128 -0.000100
-0.000336 -0.000127 -0.000101
-0.000327 -0.000125 -0.000102
-0.000318 -0.000124 -0.000104
-0.000310 -0.000122 -0.000106
-0.000301 -0.000121 -0.000109
-0.000293 -0.000119 -0.000112
-0.000284 -0.000118 -0.000115
-0.000276 -0.000116 -0.000118
-0.000268 -0.000115 -0.000122
-0.000260 -0.000114 -0.000126
-0.000252 -0.000112 -0.000130
-0.000244 -0.000111 -0.000134
-0.000236 -0.000110 -0.000139
-0.000229 -0.000109 -0.000143
-0.000221 -0.000107 -0.000148
-0.000213 -0.000106 -0.000153
-0.000206 -0.000105 -0.000158
-0.000198 -0.000103 -0.000163
-0.000191 -0.000102 -0.000168
-0.000184 -0.000100 -0.000173
-0.000176 -0.000098 -0.000177
-0.000169 -0.000097 -0.000182
-0.000161 -0.000095 -0.000186
-0.000153 -0.000093 -0.000191
-0.000145 -0.000091 -0.000194
-0.000137 -0.000089 -0.000198
-0.000129 -0.000087 -0.000201
-0.000120 -0.000086 -0.000203
-0.000111 -0.000084 -0.000205
-0.000103 -0.000082 -0.000207
-0.000094 -0.000080 -0.000208
-0.000085 -0.000078 -0.000208
-0.000076 -0.000076 -0.000207
-0.000068 -0.000074 -0.000206
-0.000059 -0.000071 -0.000204
-0.000051 -0.000069 -0.000201
-0.000043 -0.000066 -0.000197
-0.000036 -0.000062 -0.000193
-0.000029 -0.000059 -0.000189
-0.000022 -0.000055 -0.000184
-0.000016 -0.000051 -0.000178
-0.000010 -0.000047 -0.000173
-0.000005 -0.000043 -0.000166
-0.000000 -0.000039 -0.000160
0.000004 -0.000035 -0.000153
0.000008 -0.000031 -0.000146
0.000012 -0.000026 -0.000139
0.000015 -0.000022 -0.000132
0.000018 -0.000018 -0.000124
0.000020 -0.000014 -0.000116
0.000023 -0.000011 -0.000109
0.000025 -0.000007 -0.000101
0.000027 -0.000003 -0.000092
0.000028 0.000000 -0.000084
0.000030 0.000003 -0.000076
0.000031 0.000007 -0.000067
0.000032 0.000010 -0.000059
0.000032 0.000013 -0.000051
0.000033 0.000016 -0.000042
0.000033 0.000019 -0.000033
0.000034 0.000022 -0.000025
0.000034 0.000025 -0.000016
0.000034 0.000028 -0.000008
0.000034 0.000031 0.000000
0.000034 0.000035 0.000009
0.000035 0.000039 0.000017
0.000035 0.000043 0.000025
0.000036 0.000047 0.000033
0.000037 0.000051 0.000041
0.000039 0.000056 0.000048
0.000041 0.000061 0.000056
0.000044 0.000067 0.000062
0.000047 0.000073 0.000069
0.000050 0.000079 0.000074
0.000055 0.000085 0.000079
0.000060 0.000091 0.000083
0.000065 0.000097 0.000087
0.000071 0.000104 0.000090
0.000078 0.000110 0.000092
0.000084 0.000116 0.000093
0.000092 0.000121 0.000093
0.000099 0.000126 0.000093
0.000106 0.000131 0.000092
0.000114 0.000136 0.000090
0.000122 0.000140 0.000088
0.000129 0.000144 0.000085
0.000137 0.000148 0.000082
0.000145 0.000152 0.000079
0.000152 0.000155 0.000076
0.000160 0.000158 0.000072
0.000167 0.000162 0.000068
0.000175 0.000164 0.000064
0.000182 0.000167 0.000060
0.000190 0.000170 0.000056
0.000198 0.000172 0.000051
0.000205 0.000175 0.000047
0.000213 0.000177 0.000043
0.000221 0.000179 0.000039
0.000229 0.000181 0.000035
0.000237 0.000183 0.000031
0.000245 0.000185 0.000027
0.000253 0.000186 0.000023
0.000261 0.000188 0.000019
0.000269 0.000189 0.000016
VECTORS Rotation float
0.764039 -0.079132 -0.036578
0.764170 -0.082507 -0.040612
0.764462 -0.092438 -0.052828
0.764668 -0.108195 -0.073348
0.764437 -0.128552 -0.102262
0.763252 -0.152122 -0.139953
0.760509 -0.177251 -0.186815
0.755596 -0.202103 -0.243179
0.748350 -0.224337 -0.308112
0.738314 -0.242373 -0.382151
0.725708 -0.254407 -0.464232
0.711114 -0.259058 -0.552971
0.695222 -0.255454 -0.647301
0.679009 -0.243179 -0.745783
0.663932 -0.222567 -0.845688
0.650855 -0.194276 -0.945953
0.640714 -0.159658 -1.044751
0.634033 -0.120372 -1.140858
0.630990 -0.078280 -1.233409
0.631484 -0.035416 -1.321601
0.635108 0.006580 -1.405475
0.641376 0.045779 -1.484218
0.649634 0.080828 -1.557664
0.659210 0.110751 -1.625758
0.669449 0.134823 -1.688221
0.679795 0.152847 -1.745193
0.689783 0.164881 -1.796633
0.699073 0.171328 -1.842656
0.707507 0.172910 -1.883835
0.715011 0.170517 -1.920593
0.721603 0.165195 -1.953458
0.727389 0.158037 -1.983224
0.732475 0.150184 -2.010448
0.736993 0.142687 -2.035774
0.741005 0.136651 -2.059162
0.744646 0.132797 -2.081178
0.747929 0.131822 -2.101234
0.750925 0.134033 -2.119352
0.753598 0.139390 -2.134718
0.755902 0.147576 -2.146807
0.757698 0.157817 -2.154743
0.758789 0.169117 -2.157736
0.758936 0.180347 -2.155069
0.757867 0.190520 -2.146102
0.755378 0.198617 -2.130502
0.751281 0.204111 -2.107917
0.745532 0.206772 -2.078410
0.738152 0.206821 -2.042084
0.729186 0.204858 -1.998886
0.718811 0.201808 -1.949296
0.707135 0.198792 -1.893469
0.694249 0.197035 -1.831693
0.680216 0.197743 -1.764492
0.665017 0.201982 -1.692459
0.648557 0.210567 -1.616316
0.630661 0.223973 -1.536782
0.611166 0.242239 -1.454837
0.589910 0.264979 -1.371388
0.566795 0.291389 -1.287298
0.541820 0.320315 -1.203350
0.515114 0.350343 -1.120260
0.486958 0.379938 -1.038698
0.457512 0.407808 -0.958663
0.427565 0.432380 -0.881454
0.397152 0.452996 -0.806388
0.367634 0.468527 -0.735663
0.338715 0.479081 -0.667877
0.311016 0.484577 -0.603701
0.285437 0.485277 -0.544415
0.262020 0.481790 -0.489703
0.240348 0.474688 -0.438452
0.221121 0.464880 -0.391898
0.203733 0.452870 -0.348726
0.188094 0.439315 -0.308696
0.174062 0.424817 -0.271499
0.161667 0.410111 -0.237246
0.150370 0.395342 -0.204796
0.140236 0.381192 -0.174372
0.131172 0.368173 -0.145899
0.123121 0.356817 -0.119441
0.116062 0.347672 -0.095209
0.109898 0.341187 -0.073278
0.104885 0.338036 -0.054645
0.100912 0.338593 -0.039387
0.098179 0.343252 -0.028300
0.096910 0.352223 -0.022113
0.097292 0.365936 -0.021329
0.099719 0.384389 -0.026677
0.104694 0.407646 -0.038895
0.112899 0.435687 -0.058823
0.125242 0.468353 -0.087453
0.142898 0.505276 -0.125978
0.167057 0.545324 -0.175271
0.200133 0.588388 -0.238201
0.243262 0.631801 -0.314964
0.298802 0.673897 -0.407933
0.367275 0.711437 -0.516679
0.449521 0.741826 -0.641876
0.542468 0.761780 -0.779183
0.644285 0.769452 -0.927038
0.746421 0.763703 -1.074896
0.843952 0.745444 -1.217557
0.931930 0.716999 -1.349238
1.008523 0.681186 -1.467877
1.073481 0.640874 -1.573032
1.126959 0.599195 -1.664198
1.170505 0.558305 -1.742771
1.205724 0.519723 -1.810226
1.234101 0.484334 -1.867944
1.256909 0.452469 -1.917136
1.275052 0.424259 -1.958467
1.289408 0.399254 -1.992832
1.300521 0.377118 -2.020551
1.308919 0.357214 -2.042137
1.315027 0.338896 -2.058024
1.319193 0.321624 -2.068590
1.321743 0.304903 -2.074283
1.322980 0.288393 -2.075606
1.323202 0.271899 -2.073164
1.322693 0.255399 -2.067657
1.321721 0.239089 -2.059873
1.320513 0.223269 -2.050639
1.319270 0.208465 -2.040868
1.318126 0.195196 -2.031400
1.317186 0.184110 -2.023086
1.316491 0.175709 -2.016581
1.316074 0.170500 -2.012470
1.315934 0.168726 -2.011057
VECTORS ControlForce float
0.000000 0.000000 0.000000
-0.000259 0.000381 0.000124
-0.000512 0.000715 0.000242
-0.000749 0.000967 0.000332
-0.000949 0.001117 0.000375
-0.001091 0.001155 0.000386
-0.001159 0.001084 0.000381
-0.001153 0.000920 0.000373
-0.001081 0.000678 0.000362
-0.000954 0.000389 0.000344
-0.000788 0.000078 0.000315
-0.000608 -0.000232 0.000280
-0.000419 -0.000516 0.000236
-0.000235 -0.000762 0.000188
-0.000064 -0.000962 0.000129
0.000104 -0.001097 0.000055
0.000256 -0.001166 -0.000026
0.000391 -0.001170 -0.000109
0.000475 -0.001129 -0.000182
0.000513 -0.001047 -0.000245
0.000496 -0.000930 -0.000292
0.000454 -0.000758 -0.000326
0.000385 -0.000530 -0.000342
0.000302 -0.000251 -0.000334
0.000206 0.000050 -0.000300
0.000123 0.000356 -0.000242
0.000049 0.000635 -0.000171
-0.000030 0.000861 -0.000100
-0.000110 0.001027 -0.000037
-0.000181 0.001132 0.000014
-0.000246 0.001166 0.000053
-0.000302 0.001129 0.000089
-0.000374 0.001000 0.000121
-0.000451 0.000786 0.000151
-0.000515 0.000497 0.000172
-0.000524 0.000166 0.000197
-0.000462 -0.000197 0.000219
-0.000345 -0.000573 0.000235
-0.000166 -0.000907 0.000251
0.000037 -0.001151 0.000267
0.000210 -0.001271 0.000276
0.000324 -0.001234 0.000279
0.000344 -0.001044 0.000283
0.000281 -0.000722 0.000302
0.000119 -0.000339 0.000323
-0.000109 0.000048 0.000343
-0.000365 0.000392 0.000355
-0.000604 0.000670 0.000356
-0.000786 0.000873 0.000348
-0.000868 0.001021 0.000333
-0.000822 0.001125 0.000315
-0.000694 0.001151 0.000283
-0.000501 0.001091 0.000241
-0.000237 0.000962 0.000188
0.000060 0.000757 0.000121
0.000364 0.000487 0.000036
0.000615 0.000154 -0.000068
0.000765 -0.000221 -0.000182
0.000819 -0.000578 -0.000298
0.000772 -0.000881 -0.000404
0.000651 -0.001085 -0.000492
0.000511 -0.001146 -0.000566
0.000348 -0.001087 -0.000612
0.000170 -0.000935 -0.000630
0.000002 -0.000716 -0.000623
-0.000128 -0.000443 -0.000614
-0.000230 -0.000174 -0.000587
-0.000305 0.000052 -0.000542
-0.000353 0.000226 -0.000505
-0.000381 0.000336 -0.000470
-0.000395 0.000382 -0.000418
-0.000395 0.000385 -0.000358
-0.000375 0.000374 -0.000288
-0.000333 0.000365 -0.000204
-0.000269 0.000364 -0.000111
-0.000176 0.000386 -0.000032
-0.000056 0.000436 0.000028
0.000081 0.000490 0.000076
0.000223 0.000529 0.000115
0.000360 0.000555 0.000127
0.000472 0.000544 0.000137
0.000548 0.000491 0.000162
0.000588 0.000412 0.000189
0.000594 0.000325 0.000219
0.000574 0.000243 0.000245
0.000537 0.000177 0.000258
0.000495 0.000138 0.000271
0.000459 0.000112 0.000295
0.000436 0.000087 0.000330
0.000426 0.000043 0.000377
0.000416 -0.000024 0.000428
0.000387 -0.000126 0.000481
0.000324 -0.000245 0.000514
0.000211 -0.000375 0.000539
0.000045 -0.000487 0.000528
-0.000170 -0.000574 0.000484
-0.000418 -0.000625 0.000406
-0.000657 -0.000598 0.000289
-0.000860 -0.000502 0.000152
-0.001003 -0.000368 0.000017
-0.001069 -0.000216 -0.000122
-0.001030 -0.000052 -0.000262
-0.000886 0.000100 -0.000383
-0.000668 0.000197 -0.000461
-0.000415 0.000229 -0.000492
-0.000157 0.000206 -0.000490
0.000082 0.000142 -0.000469
0.000293 0.000058 -0.000439
0.000470 -0.000026 -0.000401
0.000608 -0.000086 -0.000358
0.000699 -0.000114 -0.000312
0.000742 -0.000101 -0.000263
0.000736 -0.000056 -0.000217
0.000688 0.000014 -0.000175
0.000600 0.000099 -0.000138
0.000484 0.000209 -0.000104
0.000354 0.000350 -0.000071
0.000213 0.000509 -0.000042
0.000058 0.000647 -0.000028
-0.000091 0.000774 -0.000023
-0.000218 0.000892 -0.000022
-0.000319 0.000954 -0.000028
-0.000374 0.000962 -0.000035
-0.000383 0.000879 -0.000043
-0.000338 0.000731 -0.000043
-0.000247 0.000532 -0.000032
-0.000129 0.000279 -0.000018
0.000000 -0.000000 -0.000000
VECTORS ControlTorque float
-0.000003 -0.000003 0.000000
-0.000003 -0.000003 0.000000
-0.000002 -0.000003 0.000000
-0.000002 -0.000003 0.000000
-0.000001 -0.000004 -0.000000
-0.000001 -0.000004 -0.000000
-0.000000 -0.000004 -0.000000
0.000001 -0.000003 -0.000001
0.000001 -0.000004 -0.000001
0.000002 -0.000003 -0.000001
0.000002 -0.000002 -0.000002
0.000002 -0.000002 -0.000002
0.000002 -0.000002 -0.000002
0.000002 -0.000000 -0.000002
0.000002 -0.000001 -0.000002
0.000001 0.000000 -0.000002
0.000001 0.000001 -0.000001
0.000000 0.000001 -0.000001
-0.000000 0.000002 -0.000000
-0.000000 0.000001 0.000000
-0.000000 0.000002 0.000001
-0.000000 0.000002 0.000002
-0.000000 0.000002 0.000002
-0.000000 0.000003 0.000002
-0.000000 0.000002 0.000002
-0.000000 0.000002 0.000002
0.000000 0.000002 0.000002
0.000000 0.000002 0.000002
0.000000 0.000002 0.000002
0.000000 0.000002 0.000001
0.000000 0.000001 0.000001
-0.000000 0.000001 0.000000
-0.000000 0.000000 -0.000000
-0.000000 0.000001 -0.000001
-0.000000 0.000000 -0.000001
-0.000001 0.000001 -0.000001
-0.000001 0.000000 -0.000001
-0.000001 0.000001 -0.000001
-0.000001 0.000001 -0.000001
-0.000001 0.000002 -0.000001
-0.000001 0.000002 -0.000000
-0.000000 0.000002 0.000000
-0.000000 0.000003 0.000001
0.000000 0.000003 0.000001
0.000000 0.000003 0.000001
0.000000 0.000003 0.000001
-0.000000 0.000003 0.000001
-0.000000 0.000003 0.000001
-0.000000 0.000002 0.000000
-0.000001 0.000003 -0.000000
-0.000001 0.000002 -0.000001
-0.000001 0.000002 -0.000001
-0.000001 0.000002 -0.000002
-0.000001 0.000002 -0.000002
-0.000000 0.000001 -0.000003
-0.000000 0.000001 -0.000003
0.000000 0.000000 -0.000003
0.000001 -0.000000 -0.000002
0.000001 -0.000001 -0.000002
0.000001 -0.000001 -0.000001
0.000001 -0.000001 -0.000000
0.000001 -0.000001 -0.000000
0.000000 -0.000002 0.000001
-0.000000 -0.000000 0.000000
-0.000000 -0.000003 0.000002
-0.000001 -0.000000 0.000001
-0.000001 -0.000001 0.000001
-0.000001 -0.000002 0.000002
-0.000001 -0.000002 0.000001
-0.000001 -0.000000 0.000001
-0.000000 -0.000002 0.000001
-0.000001 -0.000000 0.000000
-0.000000 -0.000001 0.000001
-0.000000 -0.000001 0.000000
0.000001 -0.000001 0.000000
-0.000000 -0.000000 0.000000
0.000001 -0.000001 0.000000
0.000001 -0.000001 0.000000
0.000001 -0.000001 0.000000
0.000001 -0.000001 0.000000
0.000001 -0.000000 0.000000
0.000002 -0.000002 0.000000
0.000002 -0.000001 0.000000
0.000002 -0.000002 0.000000
0.000002 -0.000002 0.000001
0.000002 -0.000002 0.000001
0.000002 -0.000002 0.000001
0.000002 -0.000002 0.000001
0.000002 -0.000003 0.000001
0.000002 -0.000003 0.000001
0.000002 -0.000003 0.000001
0.000001 -0.000002 0.000001
0.000003 -0.000004 0.000002
0.000001 -0.000002 0.000001
0.000002 -0.000004 0.000002
0.000000 -0.000002 0.000001
0.000002 -0.000003 0.000002
-0.000001 -0.000000 0.000001
0.000002 -0.000003 0.000003
-0.000002 0.000001 0.000000
-0.000000 -0.000000 0.000001
-0.000001 0.000002 -0.000000
-0.000001 0.000001 -0.000000
-0.000001 0.000001 -0.000001
-0.000002 0.000002 -0.000002
-0.000002 0.000002 -0.000002
-0.000002 0.000002 -0.000002
-0.000002 0.000002 -0.000002
-0.000002 0.000002 -0.000001
-0.000002 0.000002 -0.000001
-0.000001 0.000002 -0.000001
-0.000001 0.000002 -0.000001
-0.000001 0.000002 -0.000001
-0.000001 0.000002 -0.000000
-0.000001 0.000002 -0.000000
-0.000001 0.000002 0.000000
-0.000000 0.000002 0.000000
-0.000000 0.000001 0.000000
-0.000000 0.000001 0.000000
-0.000000 0.000001 0.000000
-0.000000 0.000001 -0.000000
-0.000000 0.000000 -0.000000
-0.000000 -0.000000 -0.000001
-0.000000 -0.000000 -0.000001
-0.000000 -0.000001 -0.000001
-0.000000 -0.000001 -0.000001
-0.000000 -0.000001 -0.000001
-0.000001 -0.000001 -0.000001
VECTORS Curvature float
-19.559155 331.462509 -29.276485
-75.209070 1068.306621 -91.573469
-210.335514 2330.228482 -200.910230
-419.413066 3350.297774 -297.942045
-747.226259 4313.908949 -398.037504
-1213.343059 5189.925090 -495.710348
-1855.184963 6029.258592 -588.781985
-2585.647758 6592.660980 -676.314589
-3432.424847 6997.531512 -751.989703
-4411.637316 7366.842635 -816.252130
-5365.082849 7461.087132 -864.131139
-6316.412080 7438.235798 -894.261803
-7312.914819 7393.453009 -906.131275
-8125.038670 7158.794788 -898.176942
-8786.383890 6822.565179 -873.373067
-9348.434199 6489.490421 -831.711576
-9655.945297 6071.557625 -777.175879
-9791.907827 5665.504704 -712.813112
-9675.145997 5245.090729 -641.403380
-9420.240657 4885.212612 -568.713449
-8984.793835 4567.313021 -494.831251
-8312.033719 4254.330237 -425.725118
-7580.669081 4023.567957 -362.137757
-6748.835844 3829.577888 -305.594171
-5877.935732 3678.583182 -257.700523
-5020.089040 3568.428956 -217.821583
-4154.535643 3447.144802 -185.965507
-3374.499465 3347.083515 -161.074961
-2706.415272 3260.569629 -141.781158
-2134.315235 3135.953733 -126.868935
-1708.301196 3013.256759 -114.872702
-1421.618562 2870.441278 -104.804143
-1275.392144 2720.055557 -95.771893
-1218.116122 2478.986295 -87.578717
-1266.146048 2210.957604 -79.880695
-1361.968256 1888.145752 -73.334252
-1471.517174 1486.587071 -68.162695
-1568.448780 1064.814653 -64.843877
-1586.140383 582.868250 -63.610190
-1519.353163 99.490801 -64.052340
-1297.504715 -390.220978 -65.492757
-935.411769 -843.561651 -66.646557
-441.320812 -1279.619557 -65.938841
167.066454 -1667.710770 -61.905021
864.432417 -2020.781774 -53.215300
1599.300238 -2373.540488 -39.416761
2304.694643 -2703.431024 -20.597197
2984.416820 -3100.897608 2.082958
3571.587504 -3551.125303 26.930038
4020.253843 -4051.767469 51.559162
4358.194794 -4657.282943 73.591628
4538.383044 -5325.407449 90.584113
4552.798181 -6032.244220 100.517229
4407.356372 -6745.872706 101.988414
4125.377053 -7443.901345 94.450675
3725.143188 -8073.294051 77.918553
3234.029015 -8579.627353 53.420101
2705.123753 -8951.766455 22.392282
2181.454168 -9162.057499 -13.244991
1708.817863 -9211.494632 -51.284421
1317.761714 -9049.259012 -89.887746
1055.194352 -8848.863386 -125.566367
902.802694 -8427.165229 -159.317715
885.050172 -8021.239091 -185.224689
949.707463 -7450.733759 -207.770149
1094.052905 -6816.623238 -220.669575
1328.253038 -6467.878146 -228.816924
1536.305685 -5874.667366 -230.202628
1700.635145 -5224.897622 -226.265018
1924.440991 -4863.974834 -219.023662
2064.658330 -4447.466400 -208.555007
2137.886071 -4009.972457 -197.699129
2235.041891 -3768.040385 -186.292609
2272.827875 -3525.119814 -176.084852
2211.933170 -3244.561505 -166.947164
2148.731234 -3052.946220 -160.376869
2083.943764 -2949.130110 -154.733325
1916.170473 -2777.490271 -150.877782
1714.319554 -2631.658042 -147.662510
1446.797643 -2450.536227 -144.365474
1149.627313 -2298.400468 -140.257786
772.194804 -2049.266180 -134.140639
332.320353 -1737.341915 -125.852977
-143.074375 -1420.873204 -114.555775
-649.987948 -971.269647 -100.303633
-1200.882190 -487.165781 -83.098945
-1795.660178 48.521991 -63.458629
-2380.451138 654.679770 -42.057010
-2991.208067 1313.688690 -19.566486
-3603.938325 2019.965560 3.332588
-4259.732648 2806.960560 25.277728
-4782.306771 3543.324678 47.586064
-5424.095962 4442.313841 64.560191
-6010.213514 5340.662652 83.670539
-6440.422794 6191.559977 94.838199
-6799.788969 7002.814477 105.941399
-7060.139997 7790.207038 107.620130
-7158.734576 8385.361661 106.179204
-7258.929937 9036.696896 93.041396
-7245.983376 9467.543748 74.318129
-6898.190873 9446.511244 46.413899
-6602.783168 9373.418341 15.545374
-6195.444039 9049.932598 -13.086673
-5875.806215 8735.073542 -36.150687
-5477.964362 8192.218626 -54.246991
-5006.248344 7457.388291 -64.142652
-4566.388164 6713.657090 -69.265769
-4121.813328 5947.502630 -70.714649
-3695.550961 5230.441502 -70.165186
-3242.501281 4532.160735 -69.462392
-2782.940202 3909.681861 -68.658809
-2313.741791 3372.133484 -69.458638
-1812.807938 2892.828614 -71.341007
-1323.413184 2527.431322 -74.849382
-832.231748 2238.566847 -79.704117
-352.052819 2020.099634 -85.476419
101.943277 1862.709571 -91.595804
514.550635 1746.881091 -97.240687
869.927472 1661.985837 -101.522387
1147.570886 1582.115043 -103.502966
1339.430405 1498.158977 -102.424641
1427.271084 1389.687881 -97.648725
1409.952375 1249.087605 -89.012924
1285.406592 1068.765087 -76.540353
1060.515532 844.820594 -60.556927
766.248112 593.581240 -42.463973
360.605842 275.142355 -19.812929
117.772091 89.165077 -6.327132
VECTORS LocalRotation float
0.900430 -0.327577 0.125353
0.900000 -0.321224 0.124805
0.898712 -0.305898 0.123486
0.895873 -0.280287 0.121237
0.890580 -0.245516 0.118079
0.881674 -0.202345 0.114019
0.867774 -0.151523 0.109107
0.847780 -0.094695 0.103411
0.820438 -0.032950 0.096921
0.784973 0.031995 0.089831
0.740759 0.099053 0.082232
0.687747 0.166667 0.074252
0.625970 0.233895 0.066091
0.556289 0.299577 0.057947
0.479592 0.362986 0.049913
0.397534 0.423221 0.042198
0.311506 0.480082 0.034915
0.223447 0.533227 0.028168
0.135317 0.582621 0.022037
0.048717 0.628563 0.016549
-0.034449 0.671275 0.011744
-0.112778 0.711224 0.007575
-0.184826 0.748752 0.004003
-0.249715 0.784313 0.000979
-0.306934 0.818337 -0.001573
-0.356200 0.851098 -0.003723
-0.397661 0.882802 -0.005548
-0.431764 0.913577 -0.007120
-0.459268 0.943464 -0.008489
-0.481184 0.972424 -0.009706
-0.498638 1.000354 -0.010804
-0.512828 1.027030 -0.011800
-0.525052 1.052367 -0.012709
-0.536288 1.075794 -0.013535
-0.547586 1.097124 -0.014297
-0.559417 1.115577 -0.014986
-0.572311 1.130934 -0.015630
-0.586034 1.142452 -0.016231
-0.600360 1.149934 -0.016814
-0.614382 1.153015 -0.017390
-0.627119 1.151701 -0.017976
-0.637236 1.146111 -0.018575
-0.643492 1.136462 -0.019177
-0.644730 1.123157 -0.019754
-0.640053 1.106432 -0.020276
-0.628922 1.086579 -0.020695
-0.611251 1.063598 -0.020967
-0.587258 1.037269 -0.021051
-0.557626 1.007203 -0.020919
-0.523224 0.972751 -0.020564
-0.485254 0.933283 -0.019997
-0.444979 0.888090 -0.019253
-0.403825 0.836677 -0.018388
-0.363262 0.778830 -0.017472
-0.324619 0.714567 -0.016582
-0.289092 0.644344 -0.015802
-0.257584 0.568948 -0.015207
-0.230689 0.489557 -0.014864
-0.208560 0.407531 -0.014823
-0.190947 0.324344 -0.015115
-0.177240 0.241644 -0.015754
-0.166477 0.160461 -0.016731
-0.157635 0.082450 -0.018018
-0.149514 0.007737 -0.019583
-0.141255 -0.061915 -0.021352
-0.131918 -0.127092 -0.023309
-0.120970 -0.187133 -0.025341
-0.108100 -0.242588 -0.027403
-0.093399 -0.292999 -0.029476
-0.076857 -0.339037 -0.031508
-0.058918 -0.380909 -0.033431
-0.039758 -0.419468 -0.035283
-0.019962 -0.454678 -0.037021
0.000360 -0.487558 -0.038655
0.020545 -0.518027 -0.040199
0.040418 -0.546727 -0.041691
0.059496 -0.573779 -0.043111
0.077562 -0.599644 -0.044491
0.093999 -0.624133 -0.045843
0.108342 -0.647192 -0.047168
0.120143 -0.668777 -0.048461
0.128786 -0.688329 -0.049696
0.133822 -0.705595 -0.050881
0.134676 -0.719838 -0.051965
0.131097 -0.730634 -0.052935
0.122637 -0.737300 -0.053773
0.109100 -0.739282 -0.054435
0.090222 -0.736103 -0.054912
0.065926 -0.727200 -0.055191
0.036095 -0.712122 -0.055264
0.000539 -0.690297 -0.055135
-0.040305 -0.661611 -0.054806
-0.086890 -0.625162 -0.054294
-0.138299 -0.581178 -0.053628
-0.194757 -0.528885 -0.052818
-0.254527 -0.469321 -0.051912
-0.317557 -0.402048 -0.050941
-0.381880 -0.328873 -0.049973
-0.447595 -0.249465 -0.049065
-0.512603 -0.166533 -0.048315
-0.576649 -0.080888 -0.047769
-0.637796 0.004349 -0.047488
-0.696023 0.088168 -0.047477
-0.750829 0.168916 -0.047700
-0.802032 0.245254 -0.048108
-0.849438 0.316016 -0.048643
-0.892783 0.380183 -0.049247
-0.932162 0.437569 -0.049882
-0.967599 0.488240 -0.050520
-0.998989 0.532409 -0.051152
-1.026310 0.570687 -0.051778
-1.049341 0.603593 -0.052403
-1.068036 0.631976 -0.053040
-1.082250 0.656541 -0.053703
-1.092008 0.678115 -0.054403
-1.097371 0.697400 -0.055151
-1.098503 0.714975 -0.055952
-1.095712 0.731318 -0.056807
-1.089444 0.746752 -0.057707
-1.080313 0.761434 -0.058635
-1.069044 0.775391 -0.059568
-1.056524 0.788459 -0.060473
-1.043663 0.800421 -0.061320
-1.031471 0.810906 -0.062068
-1.020839 0.819578 -0.062690
-1.012586 0.826076 -0.063155
-1.007473 0.830018 -0.063438
-1.005312 0.831664 -0.063556
VECTORS q1 float
0.719564 -0.689679 -0.081059
0.719046 -0.689584 -0.086290
0.717375 -0.689194 -0.101912
0.714194 -0.688249 -0.127437
0.708944 -0.686420 -0.161948
0.700914 -0.683292 -0.204528
0.689306 -0.678491 -0.253983
0.673304 -0.671766 -0.308857
0.652398 -0.663380 -0.366473
0.626014 -0.653369 -0.425694
0.594079 -0.642304 -0.484269
0.556908 -0.630900 -0.540203
0.514967 -0.619769 -0.592195
0.469018 -0.609544 -0.639123
0.420531 -0.601019 -0.679654
0.370517 -0.594469 -0.713670
0.320347 -0.590165 -0.741001
0.271142 -0.588113 -0.761975
0.223749 -0.588138 -0.777194
0.178806 -0.589973 -0.787376
0.136330 -0.593252 -0.793389
0.096563 -0.597672 -0.795904
0.059292 -0.602920 -0.795595
0.024169 -0.608740 -0.793002
-0.009031 -0.614922 -0.788536
-0.040683 -0.621305 -0.782512
-0.070932 -0.627739 -0.775185
-0.099855 -0.634087 -0.766788
-0.127650 -0.640249 -0.757487
-0.154257 -0.646117 -0.747487
-0.179549 -0.651596 -0.737011
-0.203518 -0.656635 -0.726230
-0.225923 -0.661185 -0.715398
-0.246616 -0.665234 -0.704730
-0.264952 -0.668737 -0.694688
-0.280917 -0.671745 -0.685452
-0.293771 -0.674221 -0.677587
-0.303413 -0.676196 -0.671342
-0.309426 -0.677630 -0.667137
-0.311753 -0.678490 -0.665178
-0.310379 -0.678710 -0.665596
-0.305463 -0.678228 -0.668356
-0.297261 -0.676989 -0.673292
-0.285961 -0.674936 -0.680211
-0.271899 -0.672086 -0.688746
-0.255058 -0.668407 -0.698697
-0.235438 -0.663913 -0.709781
-0.212735 -0.658581 -0.721813
-0.186266 -0.652331 -0.734690
-0.155456 -0.645127 -0.748094
-0.119393 -0.636864 -0.761676
-0.077230 -0.627429 -0.774834
-0.028393 -0.616704 -0.786683
0.027376 -0.604528 -0.796114
0.089857 -0.590695 -0.801876
0.158361 -0.574950 -0.802717
0.231478 -0.557069 -0.797554
0.307409 -0.536871 -0.785665
0.384070 -0.514297 -0.766804
0.459317 -0.489466 -0.741250
0.531153 -0.462709 -0.709772
0.597918 -0.434570 -0.673530
0.658893 -0.405493 -0.633590
0.712853 -0.376496 -0.591685
0.760429 -0.347781 -0.548449
0.800762 -0.320677 -0.505911
0.835388 -0.294867 -0.463875
0.864673 -0.270794 -0.423098
0.888843 -0.249068 -0.384608
0.908809 -0.229546 -0.348389
0.925574 -0.211722 -0.313827
0.939239 -0.196048 -0.281772
0.950622 -0.181931 -0.251435
0.960089 -0.169231 -0.222688
0.967955 -0.157791 -0.195360
0.974398 -0.147616 -0.169582
0.979787 -0.138249 -0.144585
0.984189 -0.129744 -0.120574
0.987720 -0.122031 -0.097558
0.990471 -0.115075 -0.075664
0.992525 -0.108873 -0.055150
0.993987 -0.103355 -0.036170
0.994916 -0.098768 -0.019650
0.995459 -0.095021 -0.005740
0.995719 -0.092304 0.004817
0.995803 -0.090818 0.011365
0.995786 -0.090707 0.013524
0.995674 -0.092289 0.010777
0.995383 -0.095939 0.002727
0.994710 -0.102135 -0.010951
0.993301 -0.111463 -0.030484
0.990625 -0.124617 -0.055976
0.986011 -0.142163 -0.087020
0.978403 -0.165369 -0.124022
0.966882 -0.194374 -0.165402
0.950145 -0.230024 -0.210508
0.927295 -0.271971 -0.257207
0.897172 -0.320354 -0.304067
0.859732 -0.373564 -0.348298
0.814123 -0.431426 -0.388685
0.762353 -0.490440 -0.422241
0.705461 -0.549088 -0.448138
0.645661 -0.605115 -0.465787
0.584719 -0.657231 -0.475554
0.524403 -0.704476 -0.478242
0.467065 -0.745780 -0.475040
0.413988 -0.781105 -0.467427
0.366010 -0.810757 -0.456848
0.323485 -0.835295 -0.444567
0.286325 -0.855428 -0.431580
0.254374 -0.871779 -0.418683
0.226929 -0.885115 -0.406293
0.203508 -0.895978 -0.394725
0.183357 -0.904933 -0.384028
0.165760 -0.912441 -0.374131
0.150126 -0.918852 -0.364928
0.135909 -0.924445 -0.356272
0.122700 -0.929414 -0.348043
0.110198 -0.933888 -0.340162
0.098230 -0.937936 -0.332607
0.086791 -0.941573 -0.325435
0.075955 -0.944795 -0.318738
0.065974 -0.947565 -0.312680
0.057110 -0.949861 -0.307413
0.049746 -0.951653 -0.303120
0.044180 -0.952936 -0.299934
0.040735 -0.953701 -0.297984
0.039562 -0.953956 -0.297326
VECTORS q2 float
0.693468 0.719788 0.031739
0.693783 0.719501 0.031356
0.694701 0.718674 0.029982
0.696146 0.717393 0.026980
0.697961 0.715817 0.021391
0.699790 0.714247 0.011998
0.701023 0.713134 -0.002501
0.700727 0.713049 -0.023309
0.697826 0.714449 -0.051003
0.690688 0.717987 -0.086283
0.677717 0.723953 -0.128813
0.657345 0.732354 -0.177640
0.627993 0.742992 -0.231490
0.588465 0.755299 -0.288501
0.538796 0.768149 -0.345899
0.478983 0.780600 -0.401546
0.410369 0.791473 -0.452955
0.334859 0.799815 -0.498162
0.254867 0.804971 -0.535784
0.173290 0.806646 -0.565060
0.092409 0.804990 -0.586047
0.015204 0.800434 -0.599228
-0.056345 0.793706 -0.605687
-0.120882 0.785634 -0.606768
-0.177379 0.777048 -0.603932
-0.225688 0.768635 -0.598553
-0.265893 0.760923 -0.591859
-0.298505 0.754233 -0.584832
-0.324551 0.748652 -0.578089
-0.345060 0.744135 -0.572011
-0.361185 0.740528 -0.566714
-0.374216 0.737605 -0.562050
-0.385287 0.735152 -0.557768
-0.395477 0.732967 -0.553495
-0.405470 0.730912 -0.548964
-0.416024 0.728853 -0.543780
-0.427199 0.726738 -0.537915
-0.439156 0.724501 -0.531263
-0.451375 0.722158 -0.524164
-0.463353 0.719744 -0.516985
-0.474143 0.717393 -0.510427
-0.482747 0.715317 -0.505250
-0.488135 0.713801 -0.502207
-0.489394 0.713162 -0.501890
-0.485719 0.713700 -0.504687
-0.476524 0.715644 -0.510664
-0.461568 0.719077 -0.519503
-0.440870 0.723949 -0.530596
-0.414598 0.730124 -0.543164
-0.383503 0.737316 -0.556140
-0.348394 0.745254 -0.568522
-0.310395 0.753664 -0.579349
-0.270943 0.762287 -0.587800
-0.231585 0.770909 -0.593352
-0.193889 0.779354 -0.595831
-0.159223 0.787466 -0.595438
-0.128744 0.795068 -0.592698
-0.103120 0.801987 -0.588373
-0.082497 0.808064 -0.583290
-0.066505 0.813193 -0.578182
-0.054361 0.817374 -0.573537
-0.045034 0.820737 -0.569528
-0.037386 0.823581 -0.565965
-0.030511 0.826234 -0.562500
-0.023609 0.829157 -0.558517
-0.016331 0.832616 -0.553610
-0.008382 0.836998 -0.547142
0.000170 0.842419 -0.538824
0.009060 0.848756 -0.528708
0.018077 0.855921 -0.516791
0.027062 0.863869 -0.502990
0.035634 0.872112 -0.488008
0.043730 0.880598 -0.471842
0.051208 0.889081 -0.454878
0.057981 0.897347 -0.437501
0.063969 0.905118 -0.420320
0.069236 0.912451 -0.403286
0.073748 0.919110 -0.387038
0.077531 0.924971 -0.372044
0.080629 0.929920 -0.358814
0.083105 0.933843 -0.347894
0.085034 0.936673 -0.339725
0.086523 0.938223 -0.335038
0.087650 0.938424 -0.334181
0.088505 0.937130 -0.337570
0.089143 0.934204 -0.345422
0.089521 0.929373 -0.358122
0.089566 0.922423 -0.375652
0.089092 0.913030 -0.398044
0.087812 0.900809 -0.425244
0.085318 0.885324 -0.457080
0.081085 0.866122 -0.493212
0.074545 0.843057 -0.532633
0.064841 0.815233 -0.575492
0.051451 0.783206 -0.619630
0.033626 0.746772 -0.664230
0.011172 0.706911 -0.707214
-0.016267 0.663996 -0.747559
-0.048074 0.619725 -0.783345
-0.084427 0.574295 -0.814283
-0.123469 0.530243 -0.838807
-0.164398 0.488277 -0.857064
-0.205847 0.449469 -0.869255
-0.247010 0.414134 -0.876059
-0.287201 0.382405 -0.878226
-0.325350 0.354601 -0.876587
-0.360992 0.330515 -0.872035
-0.393770 0.309875 -0.865403
-0.423439 0.292372 -0.857448
-0.449841 0.277688 -0.848842
-0.472692 0.265613 -0.840245
-0.491983 0.255849 -0.832162
-0.507505 0.248235 -0.825117
-0.519255 0.242552 -0.819477
-0.527266 0.238600 -0.815512
-0.531601 0.236191 -0.813397
-0.532409 0.235118 -0.813179
-0.529926 0.235158 -0.814788
-0.524504 0.236069 -0.818026
-0.516609 0.237600 -0.822594
-0.506847 0.239496 -0.828099
-0.495904 0.241531 -0.834112
-0.484619 0.243494 -0.840152
-0.473810 0.245243 -0.845789
-0.464361 0.246661 -0.850604
-0.456978 0.247700 -0.854293
-0.452312 0.248323 -0.856592
-0.450708 0.248532 -0.857376
VECTORS q3 float
0.036456 -0.079050 0.996204
0.040463 -0.082413 0.995776
0.052578 -0.092306 0.994342
0.072853 -0.107984 0.991480
0.101241 -0.128198 0.986567
0.137885 -0.151536 0.978787
0.182821 -0.176324 0.967205
0.235888 -0.200730 0.950823
0.295661 -0.222460 0.929030
0.362017 -0.240007 0.900744
0.433325 -0.251672 0.865385
0.507692 -0.256171 0.822572
0.583467 -0.252684 0.771827
0.658583 -0.240789 0.712944
0.729967 -0.220734 0.646857
0.795797 -0.193056 0.573966
0.853801 -0.158981 0.495731
0.902414 -0.120081 0.413798
0.940733 -0.078200 0.330009
0.968504 -0.035408 0.246469
0.986344 0.006580 0.164566
0.995211 0.045763 0.086379
0.996649 0.080740 0.013089
0.992373 0.110525 -0.054598
0.984101 0.134415 -0.116092
0.973350 0.152253 -0.171492
0.961389 0.164134 -0.220885
0.949170 0.170491 -0.264592
0.937215 0.172050 -0.303359
0.925818 0.169692 -0.337737
0.915045 0.164445 -0.368307
0.904734 0.157380 -0.395839
0.894714 0.149621 -0.420834
0.884748 0.142204 -0.443846
0.874868 0.136226 -0.464809
0.864876 0.132407 -0.484209
0.855102 0.131441 -0.501522
0.845626 0.133632 -0.516778
0.836968 0.138939 -0.529320
0.829527 0.147041 -0.538762
0.823925 0.157162 -0.544469
0.820761 0.168312 -0.545915
0.820585 0.179371 -0.542647
0.823845 0.189370 -0.534246
0.830751 0.197313 -0.520499
0.841350 0.202697 -0.501043
0.855292 0.205302 -0.475739
0.871996 0.205350 -0.444358
0.890737 0.203428 -0.406453
0.910362 0.200441 -0.362028
0.929713 0.197486 -0.310858
0.947465 0.195762 -0.252956
0.962177 0.196457 -0.188736
0.972429 0.200612 -0.118896
0.976900 0.209014 -0.044499
0.974459 0.222105 0.033159
0.964284 0.239877 0.112321
0.945973 0.261889 0.191176
0.919611 0.287283 0.267925
0.885779 0.314865 0.340962
0.845530 0.343220 0.408997
0.800291 0.370863 0.471163
0.751307 0.396598 0.527492
0.700649 0.419033 0.577497
0.648992 0.437661 0.622304
0.598760 0.451572 0.661490
0.549597 0.460964 0.696747
0.502336 0.465834 0.728462
0.458122 0.466454 0.756667
0.416821 0.463366 0.782018
0.377599 0.457061 0.805304
0.341410 0.448315 0.826107
0.307256 0.437548 0.845071
0.274967 0.425319 0.862262
0.244339 0.412154 0.877740
0.215538 0.398711 0.891388
0.187681 0.385124 0.903579
0.161037 0.372027 0.914146
0.135640 0.359912 0.923074
0.111652 0.349294 0.930337
0.089377 0.340710 0.935910
0.068992 0.334606 0.939829
0.051527 0.331635 0.942000
0.037141 0.332161 0.942491
0.026645 0.336551 0.941288
0.020754 0.344985 0.938379
0.019916 0.357823 0.933577
0.024727 0.374993 0.926698
0.035698 0.396449 0.917362
0.053297 0.422033 0.905013
0.077936 0.451417 0.888903
0.109945 0.484049 0.868106
0.149084 0.518695 0.841861
0.196276 0.555021 0.808349
0.249984 0.590599 0.767268
0.309990 0.624036 0.717277
0.374164 0.652923 0.658554
0.441383 0.675635 0.590507
0.508479 0.690211 0.514839
0.574522 0.695742 0.431123
0.635275 0.691601 0.343678
0.689419 0.678298 0.254191
0.735356 0.657125 0.165643
0.772716 0.629714 0.079809
0.801571 0.597896 -0.001792
0.822190 0.563978 -0.077018
0.835643 0.529750 -0.145143
0.843197 0.496640 -0.205834
0.846201 0.465619 -0.259118
0.845967 0.437187 -0.305298
0.843715 0.411645 -0.344518
0.840509 0.388731 -0.377402
0.837271 0.368243 -0.404195
0.834718 0.349665 -0.425417
0.833375 0.332446 -0.441549
0.833584 0.316108 -0.453004
0.835506 0.300200 -0.460228
0.839120 0.284412 -0.463667
0.844247 0.268561 -0.463813
0.850568 0.252632 -0.461206
0.857656 0.236817 -0.456447
0.865049 0.221418 -0.450182
0.872234 0.206959 -0.443144
0.878773 0.193958 -0.436048
0.884248 0.183071 -0.429640
0.888380 0.174806 -0.424528
0.890929 0.169675 -0.421255
0.891794 0.167927 -0.420123
