# vtk DataFile Version 2.0
VTK example
ASCII
DATASET UNSTRUCTURED_GRID
POINTS  128  float
-0.000136 -0.000114 -0.000205
-0.000127 -0.000110 -0.000204
-0.000119 -0.000107 -0.000204
-0.000111 -0.000103 -0.000203
-0.000102 -0.000100 -0.000203
-0.000094 -0.000096 -0.000202
-0.000086 -0.000092 -0.000201
-0.000078 -0.000088 -0.000199
-0.000071 -0.000083 -0.000197
-0.000063 -0.000078 -0.000195
-0.000056 -0.000073 -0.000192
-0.000049 -0.000068 -0.000189
-0.000043 -0.000063 -0.000185
-0.000037 -0.000058 -0.000181
-0.000032 -0.000053 -0.000175
-0.000027 -0.000048 -0.000170
-0.000022 -0.000043 -0.000164
-0.000018 -0.000039 -0.000157
-0.000015 -0.000034 -0.000150
-0.000012 -0.000030 -0.000142
-0.000009 -0.000026 -0.000134
-0.000007 -0.000023 -0.000126
-0.000005 -0.000019 -0.000118
-0.000003 -0.000016 -0.000110
-0.000002 -0.000013 -0.000101
-0.000001 -0.000011 -0.000093
-0.000000 -0.000008 -0.000084
0.000001 -0.000005 -0.000076
0.000001 -0.000002 -0.000067
0.000002 0.000000 -0.000059
0.000003 0.000003 -0.000050
0.000003 0.000006 -0.000041
0.000004 0.000009 -0.000033
0.000005 0.000012 -0.000024
0.000006 0.000016 -0.000016
0.000007 0.000019 -0.000008
0.000008 0.000023 0.000000
0.000010 0.000027 0.000008
0.000011 0.000031 0.000016
0.000013 0.000036 0.000023
0.000016 0.000041 0.000031
0.000019 0.000047 0.000037
0.000022 0.000052 0.000044
0.000025 0.000058 0.000049
0.000029 0.000064 0.000055
0.000034 0.000071 0.000059
0.000039 0.000077 0.000063
0.000044 0.000084 0.000067
0.000049 0.000091 0.000069
0.000055 0.000097 0.000072
0.000061 0.000104 0.000073
0.000067 0.000110 0.000074
0.000074 0.000117 0.000074
0.000080 0.000123 0.000074
0.000087 0.000129 0.000074
0.000094 0.000135 0.000073
0.000101 0.000140 0.000072
0.000108 0.000145 0.000071
0.000116 0.000150 0.000069
0.000123 0.000155 0.000067
0.000131 0.000159 0.000065
0.000139 0.000163 0.000063
0.000147 0.000167 0.000061
0.000155 0.000171 0.000059
0.000163 0.000174 0.000056
0.000171 0.000178 0.000054
0.000179 0.000181 0.000051
0.000187 0.000183 0.000048
0.000195 0.000186 0.000045
0.000203 0.000188 0.000042
0.000212 0.000190 0.000038
0.000220 0.000191 0.000035
0.000228 0.000193 0.000031
0.000236 0.000194 0.000028
0.000245 0.000195 0.000025
0.000253 0.000195 0.000021
0.000261 0.000196 0.000018
0.000270 0.000196 0.000015
0.000278 0.000196 0.000012
0.000287 0.000196 0.000009
0.000296 0.000196 0.000007
0.000305 0.000196 0.000005
0.000314 0.000196 0.000003
0.000323 0.000196 0.000002
0.000332 0.000196 0.000002
0.000341 0.000196 0.000002
0.000350 0.000196 0.000002
0.000359 0.000196 0.000003
0.000368 0.000197 0.000005
0.000376 0.000198 0.000007
0.000385 0.000199 0.000011
0.000393 0.000200 0.000014
0.000401 0.000202 0.000019
0.000408 0.000205 0.000023
0.000414 0.000208 0.000029
0.000421 0.000211 0.000035
0.000426 0.000214 0.000041
0.000431 0.000218 0.000048
0.000435 0.000222 0.000055
0.000438 0.000226 0.000062
0.000441 0.000231 0.000069
0.000443 0.000235 0.000077
0.000445 0.000240 0.000084
0.000446 0.000244 0.000092
0.000447 0.000249 0.000100
0.000447 0.000253 0.000108
0.000446 0.000258 0.000116
0.000445 0.000262 0.000124
0.000444 0.000267 0.000131
0.000442 0.000271 0.000139
0.000440 0.000275 0.000147
0.000437 0.000279 0.000154
0.000435 0.000284 0.000162
0.000432 0.000288 0.000170
0.000429 0.000292 0.000177
0.000425 0.000296 0.000184
0.000422 0.000300 0.000192
0.000418 0.000304 0.000199
0.000414 0.000309 0.000206
0.000411 0.000313 0.000213
0.000407 0.000317 0.000220
0.000403 0.000321 0.000227
0.000398 0.000325 0.000234
0.000394 0.000329 0.000241
0.000390 0.000333 0.000248
0.000386 0.000338 0.000254
0.000382 0.000342 0.000261
0.000378 0.000346 0.000268
CELLS  127 381
2 0 1 
2 1 2 
2 2 3 
2 3 4 
2 4 5 
2 5 6 
2 6 7 
2 7 8 
2 8 9 
2 9 10 
2 10 11 
2 11 12 
2 12 13 
2 13 14 
2 14 15 
2 15 16 
2 16 17 
2 17 18 
2 18 19 
2 19 20 
2 20 21 
2 21 22 
2 22 23 
2 23 24 
2 24 25 
2 25 26 
2 26 27 
2 27 28 
2 28 29 
2 29 30 
2 30 31 
2 31 32 
2 32 33 
2 33 34 
2 34 35 
2 35 36 
2 36 37 
2 37 38 
2 38 39 
2 39 40 
2 40 41 
2 41 42 
2 42 43 
2 43 44 
2 44 45 
2 45 46 
2 46 47 
2 47 48 
2 48 49 
2 49 50 
2 50 51 
2 51 52 
2 52 53 
2 53 54 
2 54 55 
2 55 56 
2 56 57 
2 57 58 
2 58 59 
2 59 60 
2 60 61 
2 61 62 
2 62 63 
2 63 64 
2 64 65 
2 65 66 
2 66 67 
2 67 68 
2 68 69 
2 69 70 
2 70 71 
2 71 72 
2 72 73 
2 73 74 
2 74 75 
2 75 76 
2 76 77 
2 77 78 
2 78 79 
2 79 80 
2 80 81 
2 81 82 
2 82 83 
2 83 84 
2 84 85 
2 85 86 
2 86 87 
2 87 88 
2 88 89 
2 89 90 
2 90 91 
2 91 92 
2 92 93 
2 93 94 
2 94 95 
2 95 96 
2 96 97 
2 97 98 
2 98 99 
2 99 100 
2 100 101 
2 101 102 
2 102 103 
2 103 104 
2 104 105 
2 105 106 
2 106 107 
2 107 108 
2 108 109 
2 109 110 
2 110 111 
2 111 112 
2 112 113 
2 113 114 
2 114 115 
2 115 116 
2 116 117 
2 117 118 
2 118 119 
2 119 120 
2 120 121 
2 121 122 
2 122 123 
2 123 124 
2 124 125 
2 125 126 
2 126 127 
CELL_TYPES  127
3
3
3
3
3
3
3
3
3
3
3
3
3
3
3
3
3
3
3
3
3
3
3
3
3
3
3
3
3
3
3
3
3
3
3
3
3
3
3
3
3
3
3
3
3
3
3
3
3
3
3
3
3
3
3
3
3
3
3
3
3
3
3
3
3
3
3
3
3
3
3
3
3
3
3
3
3
3
3
3
3
3
3
3
3
3
3
3
3
3
3
3
3
3
3
3
3
3
3
3
3
3
3
3
3
3
3
3
3
3
3
3
3
3
3
3
3
3
3
3
3
3
3
3
3
3
3
POINT_DATA  128
VECTORS Position float
-0.000136 -0.000114 -0.000205
-0.000127 -0.000110 -0.000204
-0.000119 -0.000107 -0.000204
-0.000111 -0.000103 -0.000203
-0.000102 -0.000100 -0.000203
-0.000094 -0.000096 -0.000202
-0.000086 -0.000092 -0.000201
-0.000078 -0.000088 -0.000199
-0.000071 -0.000083 -0.000197
-0.000063 -0.000078 -0.000195
-0.000056 -0.000073 -0.000192
-0.000049 -0.000068 -0.000189
-0.000043 -0.000063 -0.000185
-0.000037 -0.000058 -0.000181
-0.000032 -0.000053 -0.000175
-0.000027 -0.000048 -0.000170
-0.000022 -0.000043 -0.000164
-0.000018 -0.000039 -0.000157
-0.000015 -0.000034 -0.000150
-0.000012 -0.000030 -0.000142
-0.000009 -0.000026 -0.000134
-0.000007 -0.000023 -0.000126
-0.000005 -0.000019 -0.000118
-0.000003 -0.000016 -0.000110
-0.000002 -0.000013 -0.000101
-0.000001 -0.000011 -0.000093
-0.000000 -0.000008 -0.000084
0.000001 -0.000005 -0.000076
0.000001 -0.000002 -0.000067
0.000002 0.000000 -0.000059
0.000003 0.000003 -0.000050
0.000003 0.000006 -0.000041
0.000004 0.000009 -0.000033
0.000005 0.000012 -0.000024
0.000006 0.000016 -0.000016
0.000007 0.000019 -0.000008
0.000008 0.000023 0.000000
0.000010 0.000027 0.000008
0.000011 0.000031 0.000016
0.000013 0.000036 0.000023
0.000016 0.000041 0.000031
0.000019 0.000047 0.000037
0.000022 0.000052 0.000044
0.000025 0.000058 0.000049
0.000029 0.000064 0.000055
0.000034 0.000071 0.000059
0.000039 0.000077 0.000063
0.000044 0.000084 0.000067
0.000049 0.000091 0.000069
0.000055 0.000097 0.000072
0.000061 0.000104 0.000073
0.000067 0.000110 0.000074
0.000074 0.000117 0.000074
0.000080 0.000123 0.000074
0.000087 0.000129 0.000074
0.000094 0.000135 0.000073
0.000101 0.000140 0.000072
0.000108 0.000145 0.000071
0.000116 0.000150 0.000069
0.000123 0.000155 0.000067
0.000131 0.000159 0.000065
0.000139 0.000163 0.000063
0.000147 0.000167 0.000061
0.000155 0.000171 0.000059
0.000163 0.000174 0.000056
0.000171 0.000178 0.000054
0.000179 0.000181 0.000051
0.000187 0.000183 0.000048
0.000195 0.000186 0.000045
0.000203 0.000188 0.000042
0.000212 0.000190 0.000038
0.000220 0.000191 0.000035
0.000228 0.000193 0.000031
0.000236 0.000194 0.000028
0.000245 0.000195 0.000025
0.000253 0.000195 0.000021
0.000261 0.000196 0.000018
0.000270 0.000196 0.000015
0.000278 0.000196 0.000012
0.000287 0.000196 0.000009
0.000296 0.000196 0.000007
0.000305 0.000196 0.000005
0.000314 0.000196 0.000003
0.000323 0.000196 0.000002
0.000332 0.000196 0.000002
0.000341 0.000196 0.000002
0.000350 0.000196 0.000002
0.000359 0.000196 0.000003
0.000368 0.000197 0.000005
0.000376 0.000198 0.000007
0.000385 0.000199 0.000011
0.000393 0.000200 0.000014
0.000401 0.000202 0.000019
0.000408 0.000205 0.000023
0.000414 0.000208 0.000029
0.000421 0.000211 0.000035
0.000426 0.000214 0.000041
0.000431 0.000218 0.000048
0.000435 0.000222 0.000055
0.000438 0.000226 0.000062
0.000441 0.000231 0.000069
0.000443 0.000235 0.000077
0.000445 0.000240 0.000084
0.000446 0.000244 0.000092
0.000447 0.000249 0.000100
0.000447 0.000253 0.000108
0.000446 0.000258 0.000116
0.000445 0.000262 0.000124
0.000444 0.000267 0.000131
0.000442 0.000271 0.000139
0.000440 0.000275 0.000147
0.000437 0.000279 0.000154
0.000435 0.000284 0.000162
0.000432 0.000288 0.000170
0.000429 0.000292 0.000177
0.000425 0.000296 0.000184
0.000422 0.000300 0.000192
0.000418 0.000304 0.000199
0.000414 0.000309 0.000206
0.000411 0.000313 0.000213
0.000407 0.000317 0.000220
0.000403 0.000321 0.000227
0.000398 0.000325 0.000234
0.000394 0.000329 0.000241
0.000390 0.000333 0.000248
0.000386 0.000338 0.000254
0.000382 0.000342 0.000261
0.000378 0.000346 0.000268
VECTORS Rotation float
0.752401 0.383809 -1.522276
0.751283 0.386846 -1.519446
0.747818 0.395861 -1.510774
0.741727 0.410420 -1.495874
0.732585 0.429759 -1.474232
0.719730 0.453045 -1.444991
0.702344 0.479213 -1.407159
0.679493 0.506947 -1.359695
0.650716 0.534191 -1.302596
0.615036 0.559488 -1.234677
0.572429 0.580742 -1.156392
0.523546 0.595994 -1.068960
0.469511 0.603693 -0.973903
0.412298 0.602726 -0.873762
0.355088 0.592797 -0.772907
0.300180 0.574433 -0.674167
0.249945 0.549058 -0.580884
0.205786 0.518646 -0.495265
0.168249 0.485430 -0.418551
0.137250 0.451681 -0.351321
0.112034 0.419138 -0.293044
0.091922 0.389502 -0.243515
0.076015 0.363804 -0.201922
0.063480 0.342623 -0.167391
0.053660 0.326270 -0.139241
0.045991 0.314685 -0.116729
0.040082 0.307702 -0.099362
0.035659 0.305047 -0.086755
0.032528 0.306409 -0.078550
0.030607 0.311533 -0.074576
0.029888 0.320233 -0.074742
0.030446 0.332481 -0.079054
0.032431 0.348293 -0.087617
0.036107 0.367866 -0.100693
0.041728 0.391043 -0.118395
0.049903 0.418406 -0.141507
0.061019 0.449437 -0.170112
0.076068 0.484615 -0.205432
0.095738 0.523132 -0.247788
0.121347 0.564841 -0.298584
0.153911 0.608524 -0.358438
0.194583 0.652861 -0.428183
0.244337 0.696189 -0.508408
0.304359 0.736976 -0.600175
0.373925 0.772691 -0.701972
0.452439 0.801638 -0.813005
0.537063 0.822022 -0.929809
0.624209 0.832895 -1.048357
0.710318 0.834113 -1.164884
0.791060 0.826233 -1.274543
0.863803 0.810423 -1.374505
0.927029 0.788125 -1.463077
0.980237 0.760891 -1.539591
1.023850 0.730163 -1.604378
1.058810 0.697202 -1.658352
1.086363 0.663003 -1.702823
1.107741 0.628415 -1.739119
1.124153 0.594028 -1.768634
1.136676 0.560232 -1.792694
1.146238 0.527244 -1.812527
1.153603 0.495148 -1.829237
1.159383 0.463914 -1.843800
1.164097 0.433193 -1.857144
1.168011 0.403083 -1.869809
1.171431 0.372906 -1.882471
1.174316 0.343170 -1.895116
1.176831 0.312989 -1.908124
1.178889 0.282468 -1.921274
1.180313 0.252193 -1.933991
1.181054 0.222164 -1.945814
1.181130 0.192080 -1.956243
1.180401 0.163141 -1.964138
1.178990 0.135119 -1.968777
1.176999 0.108492 -1.969248
1.174603 0.083685 -1.964756
1.171998 0.061351 -1.954761
1.169441 0.041231 -1.938581
1.167129 0.023833 -1.916164
1.165225 0.009366 -1.887518
1.163828 -0.001972 -1.852850
1.162960 -0.009965 -1.812529
1.162580 -0.014445 -1.766497
1.162519 -0.015019 -1.716390
1.162612 -0.011381 -1.661451
1.162577 -0.003204 -1.602723
1.162106 0.009731 -1.541231
1.160838 0.028043 -1.475675
1.158363 0.051743 -1.406976
1.154243 0.080859 -1.335236
1.148021 0.115178 -1.260522
1.139237 0.154174 -1.182922
1.127462 0.196967 -1.102543
1.112610 0.241818 -1.020532
1.093896 0.288337 -0.935048
1.071823 0.333730 -0.848427
1.046139 0.376896 -0.759988
1.017608 0.415797 -0.671356
0.986270 0.449697 -0.582137
0.953391 0.477361 -0.494325
0.918649 0.499053 -0.406695
0.884157 0.514239 -0.322539
0.850259 0.523605 -0.241849
0.817812 0.527883 -0.165630
0.787004 0.528039 -0.093826
0.757946 0.525041 -0.026344
0.731124 0.519892 0.036152
0.706462 0.513500 0.093886
0.683834 0.506640 0.147119
0.663060 0.499925 0.196172
0.643931 0.493791 0.241411
0.626406 0.488551 0.282883
0.610255 0.484312 0.321000
0.595522 0.481106 0.355664
0.582121 0.478830 0.387040
0.570011 0.477322 0.415231
0.559209 0.476395 0.440236
0.549696 0.475858 0.462135
0.541460 0.475549 0.481011
0.534449 0.475345 0.497021
0.528589 0.475167 0.510371
0.523797 0.474968 0.521276
0.519958 0.474725 0.530014
0.516977 0.474436 0.536812
0.514734 0.474112 0.541942
0.513134 0.473786 0.545616
0.512072 0.473500 0.548063
0.511476 0.473301 0.549443
0.511284 0.473229 0.549889
VECTORS ControlForce float
-0.000000 0.000000 0.000000
0.000029 -0.000299 0.000101
0.000085 -0.000547 0.000203
0.000170 -0.000723 0.000297
0.000260 -0.000843 0.000372
0.000353 -0.000904 0.000430
0.000440 -0.000914 0.000480
0.000536 -0.000856 0.000522
0.000637 -0.000729 0.000543
0.000728 -0.000541 0.000545
0.000814 -0.000287 0.000522
0.000899 0.000033 0.000462
0.000960 0.000388 0.000369
0.000964 0.000719 0.000252
0.000907 0.001000 0.000112
0.000782 0.001188 -0.000035
0.000611 0.001278 -0.000180
0.000392 0.001240 -0.000295
0.000155 0.001083 -0.000362
-0.000060 0.000848 -0.000390
-0.000221 0.000582 -0.000394
-0.000322 0.000316 -0.000384
-0.000374 0.000062 -0.000347
-0.000377 -0.000145 -0.000297
-0.000347 -0.000290 -0.000236
-0.000293 -0.000360 -0.000180
-0.000230 -0.000368 -0.000123
-0.000163 -0.000315 -0.000085
-0.000100 -0.000223 -0.000059
-0.000045 -0.000118 -0.000031
0.000004 -0.000006 -0.000012
0.000050 0.000095 0.000014
0.000094 0.000171 0.000052
0.000137 0.000219 0.000095
0.000174 0.000227 0.000141
0.000192 0.000182 0.000203
0.000181 0.000093 0.000260
0.000140 -0.000020 0.000299
0.000069 -0.000150 0.000316
-0.000031 -0.000299 0.000320
-0.000152 -0.000460 0.000308
-0.000276 -0.000605 0.000268
-0.000391 -0.000729 0.000210
-0.000478 -0.000818 0.000143
-0.000518 -0.000850 0.000063
-0.000505 -0.000821 -0.000022
-0.000443 -0.000732 -0.000103
-0.000340 -0.000579 -0.000174
-0.000227 -0.000392 -0.000219
-0.000128 -0.000196 -0.000241
-0.000059 -0.000009 -0.000241
-0.000028 0.000145 -0.000225
-0.000018 0.000274 -0.000202
-0.000003 0.000393 -0.000176
0.000030 0.000501 -0.000148
0.000072 0.000568 -0.000121
0.000132 0.000606 -0.000094
0.000207 0.000617 -0.000068
0.000292 0.000609 -0.000042
0.000375 0.000582 -0.000014
0.000431 0.000521 0.000012
0.000451 0.000432 0.000037
0.000429 0.000332 0.000062
0.000353 0.000203 0.000078
0.000235 0.000065 0.000088
0.000079 -0.000090 0.000081
-0.000087 -0.000228 0.000076
-0.000255 -0.000359 0.000067
-0.000419 -0.000494 0.000035
-0.000561 -0.000626 -0.000012
-0.000647 -0.000698 -0.000045
-0.000674 -0.000704 -0.000067
-0.000648 -0.000655 -0.000065
-0.000571 -0.000543 -0.000036
-0.000464 -0.000390 0.000003
-0.000346 -0.000221 0.000034
-0.000229 -0.000039 0.000067
-0.000119 0.000161 0.000094
-0.000047 0.000319 0.000098
-0.000020 0.000423 0.000082
-0.000039 0.000469 0.000058
-0.000091 0.000470 0.000039
-0.000168 0.000430 0.000019
-0.000262 0.000335 0.000014
-0.000338 0.000232 0.000022
-0.000361 0.000159 0.000038
-0.000313 0.000120 0.000073
-0.000190 0.000087 0.000119
0.000013 0.000070 0.000159
0.000270 0.000040 0.000180
0.000553 -0.000001 0.000168
0.000815 -0.000057 0.000115
0.001002 -0.000144 0.000030
0.001074 -0.000254 -0.000054
0.001035 -0.000335 -0.000141
0.000887 -0.000375 -0.000214
0.000657 -0.000350 -0.000277
0.000384 -0.000279 -0.000310
0.000107 -0.000164 -0.000318
-0.000130 -0.000051 -0.000284
-0.000309 0.000053 -0.000240
-0.000431 0.000147 -0.000214
-0.000504 0.000221 -0.000212
-0.000525 0.000248 -0.000204
-0.000505 0.000244 -0.000189
-0.000451 0.000216 -0.000173
-0.000365 0.000168 -0.000155
-0.000267 0.000115 -0.000148
-0.000159 0.000055 -0.000143
-0.000049 -0.000010 -0.000135
0.000050 -0.000074 -0.000130
0.000133 -0.000132 -0.000124
0.000183 -0.000176 -0.000126
0.000199 -0.000203 -0.000136
0.000187 -0.000215 -0.000145
0.000142 -0.000213 -0.000161
0.000067 -0.000198 -0.000186
-0.000016 -0.000179 -0.000209
-0.000075 -0.000159 -0.000218
-0.000125 -0.000139 -0.000224
-0.000146 -0.000120 -0.000218
-0.000158 -0.000100 -0.000208
-0.000166 -0.000079 -0.000197
-0.000172 -0.000057 -0.000182
-0.000158 -0.000038 -0.000154
-0.000133 -0.000021 -0.000119
-0.000084 -0.000008 -0.000070
-0.000000 -0.000000 -0.000000
VECTORS ControlTorque float
-0.000001 0.000002 -0.000003
-0.000001 0.000002 -0.000003
-0.000001 0.000002 -0.000002
-0.000001 0.000002 -0.000002
-0.000001 0.000002 -0.000002
-0.000001 0.000003 -0.000001
-0.000001 0.000003 -0.000001
-0.000001 0.000002 -0.000000
-0.000002 0.000003 -0.000001
-0.000002 0.000002 0.000000
-0.000002 0.000002 0.000001
-0.000002 0.000002 0.000001
-0.000002 0.000002 0.000001
-0.000001 -0.000000 0.000001
-0.000001 0.000000 0.000001
-0.000001 -0.000001 0.000001
-0.000000 -0.000001 0.000001
0.000000 -0.000002 0.000001
0.000001 -0.000002 0.000001
0.000001 -0.000002 0.000001
0.000002 -0.000003 0.000001
0.000002 -0.000002 0.000000
0.000002 -0.000002 0.000000
0.000002 -0.000002 0.000000
0.000002 -0.000002 0.000000
0.000002 -0.000002 0.000000
0.000002 -0.000002 0.000000
0.000002 -0.000002 0.000000
0.000002 -0.000002 0.000000
0.000001 -0.000002 0.000000
0.000002 -0.000002 0.000000
0.000001 -0.000001 0.000000
0.000002 -0.000002 0.000000
0.000001 -0.000001 0.000000
0.000002 -0.000002 0.000001
0.000001 -0.000001 0.000000
0.000003 -0.000002 0.000001
0.000001 -0.000001 0.000001
0.000002 -0.000002 0.000001
0.000001 -0.000002 0.000001
0.000001 -0.000002 0.000001
0.000001 -0.000001 0.000001
0.000002 -0.000002 0.000001
-0.000000 -0.000000 0.000001
0.000000 -0.000001 0.000001
-0.000001 0.000000 0.000001
-0.000001 0.000001 0.000001
-0.000001 0.000000 0.000001
-0.000002 0.000001 0.000000
-0.000002 0.000001 0.000001
-0.000002 0.000001 0.000001
-0.000002 0.000002 0.000000
-0.000002 0.000002 0.000000
-0.000002 0.000002 0.000000
-0.000001 0.000002 0.000000
-0.000001 0.000002 -0.000000
-0.000001 0.000001 -0.000000
-0.000001 0.000001 -0.000000
-0.000001 0.000001 -0.000000
-0.000001 0.000001 -0.000000
-0.000000 0.000001 -0.000000
-0.000000 0.000000 0.000000
-0.000000 0.000000 -0.000001
0.000000 -0.000000 0.000001
-0.000000 0.000000 -0.000001
0.000000 -0.000000 0.000001
0.000000 -0.000000 0.000000
-0.000000 0.000000 -0.000000
-0.000000 0.000000 -0.000000
0.000000 0.000000 0.000001
-0.000001 0.000001 -0.000001
-0.000000 0.000001 0.000000
-0.000000 0.000002 -0.000001
-0.000000 0.000002 -0.000000
-0.000001 0.000002 -0.000001
-0.000000 0.000003 -0.000000
-0.000001 0.000003 -0.000001
-0.000000 0.000003 -0.000001
-0.000000 0.000003 -0.000001
-0.000000 0.000002 -0.000001
-0.000000 0.000003 -0.000001
-0.000000 0.000001 -0.000002
-0.000000 0.000003 -0.000002
-0.000000 0.000002 -0.000002
-0.000000 0.000000 -0.000002
0.000000 0.000003 -0.000002
0.000000 0.000001 -0.000002
0.000000 0.000001 -0.000002
0.000001 0.000001 -0.000002
0.000001 0.000001 -0.000002
0.000001 0.000001 -0.000002
0.000001 -0.000001 -0.000000
0.000001 0.000003 -0.000002
0.000000 -0.000002 0.000001
0.000000 0.000001 -0.000000
-0.000000 -0.000002 0.000002
-0.000000 0.000000 0.000000
-0.000001 -0.000003 0.000002
-0.000001 0.000001 -0.000000
-0.000001 -0.000003 0.000002
-0.000001 -0.000001 0.000001
-0.000001 -0.000002 0.000001
-0.000001 -0.000001 0.000001
-0.000000 -0.000001 0.000000
-0.000000 -0.000002 0.000001
0.000000 -0.000001 0.000001
0.000000 -0.000001 0.000001
0.000000 -0.000001 0.000001
0.000000 -0.000001 0.000001
0.000001 -0.000001 0.000001
0.000001 -0.000001 0.000001
0.000000 -0.000001 0.000001
0.000000 -0.000001 0.000001
0.000000 -0.000001 0.000001
0.000000 -0.000001 0.000001
0.000000 -0.000001 0.000001
-0.000000 -0.000001 0.000001
-0.000000 -0.000001 0.000000
-0.000000 -0.000001 0.000000
-0.000000 -0.000001 0.000000
-0.000000 -0.000001 0.000000
-0.000000 -0.000001 0.000000
-0.000000 -0.000001 0.000000
-0.000000 -0.000000 0.000000
-0.000000 -0.000000 0.000000
-0.000000 -0.000000 0.000000
-0.000000 -0.000000 0.000000
-0.000000 -0.000000 0.000000
VECTORS Curvature float
-28.645339 -251.508076 3.431611
-83.648301 -815.673985 11.522256
-153.022531 -1797.148250 24.068967
-146.839957 -2628.848359 33.075718
-62.126245 -3464.112594 40.034143
115.761178 -4288.086499 44.007634
405.142195 -5153.911703 45.650872
784.012031 -5852.249181 43.940434
1262.000901 -6478.507127 42.335962
1834.745295 -7124.736485 38.990485
2435.828887 -7546.981994 36.395175
3056.420675 -7862.451971 35.433805
3704.821506 -8147.739163 36.242146
4241.632858 -8186.261532 39.911327
4666.806266 -8047.713996 45.720289
4985.433676 -7829.365037 53.335399
5107.758750 -7415.882598 61.028817
5073.538855 -6915.111566 67.478043
4848.936140 -6299.969020 72.127611
4507.155938 -5669.699769 73.573615
4049.567737 -5022.158340 73.682961
3474.784160 -4333.983446 71.602108
2883.618422 -3707.354052 69.002413
2274.025080 -3109.386102 66.742479
1678.683225 -2553.646618 65.367822
1118.375750 -2043.561234 65.588594
588.786309 -1549.438816 67.468186
104.664406 -1088.543433 70.976349
-342.214807 -651.335982 75.815656
-756.990441 -222.369279 81.516586
-1161.538597 199.749233 87.491726
-1561.103866 618.474939 93.157872
-1999.145285 1063.289537 97.667333
-2405.215458 1488.251750 100.909946
-2879.897084 1964.692529 101.261237
-3349.421505 2435.768560 100.068373
-3837.683229 2936.192781 94.600544
-4355.126668 3466.483071 87.849539
-4836.863348 3993.622012 77.053676
-5343.185993 4559.611096 65.865598
-5730.279943 5053.705555 53.334124
-6020.004659 5484.449229 41.932578
-6305.683404 5948.412874 30.748728
-6448.940827 6300.131142 24.985041
-6428.903079 6537.317319 19.970373
-6334.856599 6727.493328 19.749502
-6025.417928 6732.073471 20.697136
-5672.563788 6732.708624 22.875329
-5217.188618 6647.131521 25.431500
-4652.617716 6461.246335 27.730786
-4083.832895 6282.930772 30.047561
-3489.812905 6065.570114 32.265106
-2895.913707 5818.795355 34.777811
-2324.758271 5551.149582 37.733109
-1796.464777 5279.398266 41.567276
-1322.670781 5002.341690 46.381607
-909.634520 4718.330478 52.695135
-567.261102 4450.390825 60.654989
-295.855120 4203.053110 70.447726
-94.529028 3989.262992 82.109665
39.481059 3793.516246 95.523220
114.905811 3687.448845 110.618950
138.320780 3583.778811 126.642571
125.990703 3574.023241 143.809937
88.977264 3546.375824 160.632981
45.105220 3528.472847 177.724227
13.729731 3664.581639 193.307845
8.189956 3651.098566 206.934266
43.825482 3538.986487 218.346827
142.577648 3547.177058 226.910524
306.438222 3413.200066 231.265720
549.372571 3152.031130 232.318674
882.885637 2921.586128 229.083874
1298.605429 2570.853814 222.132358
1725.751581 2098.249336 211.827981
2228.521011 1598.619227 198.371506
2789.093940 1090.707019 183.108163
3287.292684 512.541857 166.364136
3783.283124 -69.905412 148.967553
4200.355090 -650.034573 131.516037
4687.943305 -1267.868889 114.357328
4991.970452 -1846.545384 97.782717
5230.257450 -2440.108863 81.043150
5575.475090 -3123.393547 63.741457
5593.968589 -3672.764068 43.681421
5719.000742 -4340.827620 21.326845
5909.700553 -5107.268370 -7.892717
5928.221782 -5780.055044 -43.841657
5962.702944 -6481.163706 -89.130657
5955.175363 -7130.173646 -144.917250
5972.805123 -7776.298837 -210.037989
5819.425774 -8106.830107 -287.702048
5811.446545 -8523.519685 -364.477272
5791.072545 -8771.518724 -451.937740
5671.543179 -8692.458707 -527.786938
5590.260836 -8498.450104 -600.611747
5526.184923 -8152.934814 -654.324028
5436.656735 -7667.253788 -695.054140
5455.846620 -7225.447979 -711.755034
5448.972279 -6747.420733 -713.754699
5265.614972 -6047.753718 -694.473342
5146.992755 -5503.422679 -662.022789
4961.392946 -4961.340639 -617.991497
4838.227768 -4578.422863 -567.035560
4627.068670 -4208.263215 -511.664043
4327.958943 -3850.244867 -454.732747
4025.407468 -3572.927787 -398.142799
3697.363445 -3339.075859 -343.650771
3375.839163 -3160.151752 -292.541458
3031.629049 -2988.150319 -245.462523
2697.857962 -2835.278056 -203.261546
2377.935428 -2684.389094 -165.904237
2056.126640 -2501.947386 -133.727047
1775.772515 -2325.098507 -106.440854
1517.597593 -2126.142689 -83.844695
1285.546139 -1909.000061 -65.523304
1082.164186 -1682.637303 -50.949715
903.237179 -1451.166248 -39.588090
749.731656 -1228.034103 -30.876381
615.581158 -1014.370805 -24.272227
501.136170 -819.546219 -19.274935
402.400942 -643.840435 -15.421426
317.187952 -488.749905 -12.331659
243.022127 -355.484130 -9.684313
176.062152 -241.932695 -7.230032
116.328601 -149.835236 -4.901804
52.114552 -63.949265 -2.253475
16.587174 -19.688634 -0.705443
VECTORS LocalRotation float
-0.285135 0.299505 -0.016014
-0.285645 0.294661 -0.015946
-0.286712 0.282879 -0.015786
-0.288064 0.262924 -0.015528
-0.289012 0.235282 -0.015197
-0.288768 0.200067 -0.014815
-0.286409 0.157296 -0.014409
-0.281054 0.107742 -0.014005
-0.271759 0.051720 -0.013613
-0.257758 -0.009785 -0.013246
-0.238444 -0.076136 -0.012905
-0.213520 -0.146065 -0.012579
-0.182873 -0.218634 -0.012254
-0.147007 -0.292359 -0.011910
-0.106605 -0.365984 -0.011522
-0.062930 -0.437826 -0.011074
-0.017240 -0.506837 -0.010556
0.028860 -0.571727 -0.009974
0.073781 -0.631554 -0.009342
0.116212 -0.685838 -0.008681
0.154876 -0.734150 -0.008016
0.188951 -0.776520 -0.007358
0.217776 -0.812975 -0.006720
0.241131 -0.843843 -0.006106
0.259044 -0.869506 -0.005507
0.271688 -0.890288 -0.004915
0.279403 -0.906525 -0.004314
0.282544 -0.918474 -0.003687
0.281469 -0.926343 -0.003023
0.276493 -0.930299 -0.002310
0.267779 -0.930402 -0.001543
0.255435 -0.926692 -0.000724
0.239299 -0.919070 0.000141
0.219452 -0.907572 0.001036
0.195416 -0.891869 0.001955
0.167373 -0.872058 0.002862
0.134667 -0.847613 0.003748
0.097684 -0.818711 0.004571
0.055940 -0.784832 0.005320
0.009974 -0.746211 0.005965
-0.040094 -0.702745 0.006504
-0.093333 -0.654998 0.006936
-0.149344 -0.603044 0.007266
-0.206921 -0.547752 0.007518
-0.265316 -0.489540 0.007722
-0.322982 -0.429610 0.007901
-0.378929 -0.368688 0.008084
-0.431994 -0.307608 0.008282
-0.481214 -0.247134 0.008500
-0.525938 -0.187734 0.008741
-0.565530 -0.129979 0.009003
-0.599817 -0.074077 0.009285
-0.628723 -0.020279 0.009589
-0.652357 0.031193 0.009917
-0.671022 0.080243 0.010276
-0.685137 0.126773 0.010674
-0.695244 0.170783 0.011122
-0.701932 0.212304 0.011636
-0.705841 0.251490 0.012229
-0.707608 0.288580 0.012920
-0.707858 0.323827 0.013725
-0.707157 0.357760 0.014660
-0.706014 0.390594 0.015731
-0.704813 0.423106 0.016960
-0.703846 0.455161 0.018330
-0.703233 0.487481 0.019876
-0.702967 0.519991 0.021553
-0.702869 0.552860 0.023351
-0.702632 0.585515 0.025282
-0.701782 0.617851 0.027314
-0.699763 0.649151 0.029375
-0.695861 0.679083 0.031488
-0.689377 0.706578 0.033577
-0.679542 0.731339 0.035611
-0.665930 0.752354 0.037564
-0.647909 0.769201 0.039434
-0.625294 0.781323 0.041153
-0.597850 0.788564 0.042732
-0.565838 0.790568 0.044159
-0.529616 0.787301 0.045432
-0.489216 0.778584 0.046549
-0.445684 0.764578 0.047503
-0.399072 0.745031 0.048319
-0.350341 0.719941 0.048972
-0.299931 0.689269 0.049457
-0.248224 0.652642 0.049754
-0.195689 0.609959 0.049814
-0.142177 0.560744 0.049580
-0.088396 0.505287 0.048979
-0.034488 0.443720 0.047920
0.019444 0.376320 0.046315
0.072712 0.304574 0.044067
0.125798 0.228668 0.041090
0.177963 0.150909 0.037420
0.229941 0.071718 0.032977
0.280780 -0.005887 0.027883
0.331334 -0.081611 0.022176
0.380928 -0.153179 0.016072
0.430575 -0.221058 0.009660
0.479448 -0.283682 0.003271
0.527964 -0.341620 -0.003106
0.575124 -0.393936 -0.009249
0.621113 -0.441546 -0.015073
0.665606 -0.484859 -0.020453
0.708292 -0.524485 -0.025318
0.748784 -0.560923 -0.029688
0.786608 -0.594535 -0.033549
0.821611 -0.625863 -0.036912
0.853675 -0.655325 -0.039795
0.882664 -0.683142 -0.042230
0.908643 -0.709547 -0.044264
0.931580 -0.734490 -0.045932
0.951668 -0.757986 -0.047290
0.969035 -0.779863 -0.048378
0.983943 -0.800013 -0.049240
0.996637 -0.818285 -0.049916
1.007354 -0.834542 -0.050443
1.016343 -0.848731 -0.050853
1.023827 -0.860862 -0.051172
1.030006 -0.871010 -0.051422
1.035066 -0.879319 -0.051619
1.039155 -0.885942 -0.051776
1.042417 -0.891076 -0.051902
1.044951 -0.894895 -0.052002
1.046850 -0.897602 -0.052078
1.048171 -0.899372 -0.052133
1.048935 -0.900342 -0.052166
1.049246 -0.900720 -0.052179
VECTORS q1 float
0.291008 -0.633673 -0.716780
0.294687 -0.632137 -0.716633
0.305734 -0.627450 -0.716124
0.323979 -0.619459 -0.715058
0.349035 -0.607978 -0.713119
0.380602 -0.592683 -0.709838
0.418236 -0.573241 -0.704609
0.461318 -0.549366 -0.696694
0.508236 -0.521363 -0.685476
0.558487 -0.489013 -0.670044
0.610490 -0.452871 -0.649776
0.662640 -0.413758 -0.624270
0.713690 -0.372477 -0.593217
0.762329 -0.330107 -0.556672
0.806846 -0.288354 -0.515609
0.846589 -0.248234 -0.470815
0.880840 -0.210994 -0.423796
0.909419 -0.177465 -0.376117
0.932533 -0.148111 -0.329309
0.950641 -0.123099 -0.284831
0.964510 -0.102122 -0.243498
0.974804 -0.084918 -0.206269
0.982273 -0.070971 -0.173500
0.987588 -0.059750 -0.145260
0.991282 -0.050805 -0.121567
0.993802 -0.043717 -0.102208
0.995472 -0.038189 -0.087042
0.996534 -0.034005 -0.075924
0.997159 -0.031008 -0.068648
0.997452 -0.029129 -0.065118
0.997465 -0.028365 -0.065258
0.997199 -0.028774 -0.069031
0.996609 -0.030478 -0.076435
0.995591 -0.033684 -0.087541
0.994013 -0.038567 -0.102227
0.991631 -0.045580 -0.120795
0.988217 -0.054925 -0.142866
0.983364 -0.067245 -0.168741
0.976731 -0.082807 -0.197839
0.967787 -0.102247 -0.230076
0.956120 -0.125785 -0.264598
0.941324 -0.153593 -0.300530
0.923095 -0.185618 -0.336812
0.901057 -0.221915 -0.372625
0.875457 -0.261548 -0.406408
0.846310 -0.304058 -0.437387
0.814180 -0.348278 -0.464558
0.779642 -0.393185 -0.487406
0.743108 -0.438087 -0.505837
0.705410 -0.481877 -0.519800
0.667015 -0.524005 -0.529632
0.628355 -0.564028 -0.535763
0.589869 -0.601560 -0.538684
0.551905 -0.636373 -0.538916
0.514760 -0.668338 -0.536980
0.478621 -0.697462 -0.533356
0.443691 -0.723770 -0.528484
0.410053 -0.747400 -0.522733
0.377702 -0.768553 -0.516399
0.346548 -0.787474 -0.509696
0.316422 -0.804429 -0.502763
0.287102 -0.819684 -0.495672
0.258101 -0.833596 -0.488366
0.229384 -0.846242 -0.480892
0.200245 -0.857989 -0.473030
0.171133 -0.868642 -0.464946
0.141251 -0.878534 -0.456319
0.110793 -0.887557 -0.447177
0.080467 -0.895474 -0.437780
0.050480 -0.902273 -0.428200
0.020810 -0.908024 -0.418401
-0.007130 -0.912480 -0.409060
-0.033222 -0.915797 -0.400266
-0.056713 -0.918029 -0.392436
-0.076925 -0.919308 -0.385947
-0.093074 -0.919795 -0.381202
-0.105057 -0.919750 -0.378184
-0.112356 -0.919365 -0.377019
-0.114704 -0.918837 -0.377600
-0.111909 -0.918323 -0.379682
-0.103828 -0.917935 -0.382903
-0.090197 -0.917734 -0.386818
-0.071239 -0.917703 -0.390829
-0.046338 -0.917784 -0.394368
-0.015611 -0.917825 -0.396679
0.020673 -0.917599 -0.396970
0.063455 -0.916777 -0.394327
0.112122 -0.914922 -0.387746
0.166255 -0.911501 -0.376198
0.225071 -0.905911 -0.358703
0.287328 -0.897541 -0.334459
0.351347 -0.885860 -0.302995
0.414361 -0.870762 -0.264724
0.475835 -0.851746 -0.219339
0.532175 -0.829629 -0.168837
0.582528 -0.804748 -0.114200
0.625162 -0.778356 -0.057735
0.660235 -0.751059 -0.000577
0.687351 -0.724232 0.055109
0.707860 -0.697848 0.109279
0.721830 -0.673358 0.159845
0.730573 -0.650773 0.206777
0.735057 -0.630327 0.249756
0.736297 -0.611776 0.289130
0.735074 -0.594837 0.325324
0.731949 -0.579485 0.358398
0.727419 -0.565427 0.388786
0.721844 -0.552406 0.416879
0.715484 -0.540201 0.443018
0.708524 -0.528628 0.467489
0.701140 -0.517655 0.490343
0.693455 -0.507170 0.511760
0.685655 -0.497265 0.531605
0.677898 -0.487964 0.549859
0.670345 -0.479325 0.566467
0.663175 -0.471445 0.581326
0.656533 -0.464386 0.594398
0.650544 -0.458201 0.605677
0.645280 -0.452896 0.615223
0.640770 -0.448445 0.623146
0.637011 -0.444806 0.629574
0.633961 -0.441902 0.634678
0.631571 -0.439665 0.638602
0.629768 -0.438001 0.641519
0.628483 -0.436835 0.643571
0.627636 -0.436075 0.644912
0.627163 -0.435657 0.645654
0.627012 -0.435524 0.645891
VECTORS q2 float
-0.239903 0.676936 -0.695848
-0.240315 0.676809 -0.695829
-0.241412 0.676474 -0.695775
-0.242787 0.676072 -0.695687
-0.243834 0.675844 -0.695543
-0.243836 0.676122 -0.695272
-0.242016 0.677347 -0.694715
-0.237618 0.680056 -0.693586
-0.230096 0.684801 -0.691450
-0.218931 0.692220 -0.687678
-0.204045 0.702778 -0.681519
-0.185705 0.716737 -0.672162
-0.164406 0.734161 -0.658770
-0.141001 0.754761 -0.640667
-0.116854 0.777641 -0.617753
-0.093019 0.801961 -0.590090
-0.070712 0.826510 -0.558463
-0.050836 0.850166 -0.524054
-0.033960 0.871985 -0.488353
-0.020334 0.891254 -0.453049
-0.009791 0.907714 -0.419476
-0.002087 0.921193 -0.389101
0.003242 0.931851 -0.362826
0.006689 0.939980 -0.341165
0.008695 0.945881 -0.324397
0.009652 0.949888 -0.312440
0.009854 0.952267 -0.305108
0.009511 0.953226 -0.302107
0.008766 0.952919 -0.303099
0.007691 0.951419 -0.307803
0.006305 0.948738 -0.316000
0.004583 0.944797 -0.327623
0.002452 0.939462 -0.342643
-0.000210 0.932489 -0.361199
-0.003558 0.923707 -0.383083
-0.007848 0.912600 -0.408778
-0.013313 0.899015 -0.437714
-0.020360 0.882295 -0.470255
-0.029298 0.862292 -0.505563
-0.040611 0.838462 -0.543444
-0.054613 0.810794 -0.582779
-0.071569 0.779358 -0.622478
-0.091587 0.744502 -0.661309
-0.114812 0.706470 -0.698368
-0.140699 0.666557 -0.732055
-0.168906 0.625549 -0.761682
-0.198525 0.584903 -0.786432
-0.228633 0.545876 -0.806069
-0.258458 0.509355 -0.820827
-0.286921 0.476451 -0.831066
-0.313325 0.447665 -0.837510
-0.337113 0.423256 -0.840958
-0.357866 0.403265 -0.842205
-0.375372 0.387495 -0.841988
-0.389585 0.375585 -0.840927
-0.400638 0.367045 -0.839504
-0.408765 0.361349 -0.838056
-0.414311 0.357947 -0.836792
-0.417693 0.356314 -0.835807
-0.419363 0.355979 -0.835113
-0.419792 0.356532 -0.834661
-0.419438 0.357638 -0.834366
-0.418703 0.359040 -0.834133
-0.417937 0.360567 -0.833858
-0.417358 0.362110 -0.833480
-0.417107 0.363657 -0.832932
-0.417141 0.365204 -0.832237
-0.417303 0.366815 -0.831447
-0.417304 0.368595 -0.830660
-0.416720 0.370612 -0.830055
-0.414987 0.372893 -0.829901
-0.411527 0.375501 -0.830448
-0.405608 0.378378 -0.832053
-0.396586 0.381441 -0.834998
-0.383900 0.384559 -0.839485
-0.367279 0.387581 -0.845510
-0.346003 0.390334 -0.853183
-0.320140 0.392682 -0.862155
-0.289698 0.394526 -0.872023
-0.254847 0.395826 -0.882255
-0.215914 0.396605 -0.892236
-0.172851 0.396932 -0.901425
-0.127256 0.396984 -0.908961
-0.078594 0.396918 -0.914483
-0.028027 0.396973 -0.917402
0.023261 0.397389 -0.917355
0.075983 0.398414 -0.914053
0.128959 0.400304 -0.907263
0.181653 0.403289 -0.896861
0.233536 0.407575 -0.882804
0.284082 0.413326 -0.865135
0.332789 0.420659 -0.843977
0.378691 0.429452 -0.819856
0.422501 0.440078 -0.792354
0.462951 0.452122 -0.762405
0.500345 0.465758 -0.729880
0.534189 0.480636 -0.695436
0.564729 0.496943 -0.658884
0.591583 0.514204 -0.620985
0.615057 0.532875 -0.581161
0.634662 0.551952 -0.540882
0.650572 0.571392 -0.500268
0.662876 0.590735 -0.460031
0.671802 0.609815 -0.420486
0.677604 0.628426 -0.382013
0.680637 0.646066 -0.345444
0.681318 0.662561 -0.311157
0.680083 0.677781 -0.279465
0.677362 0.691662 -0.250566
0.673556 0.704207 -0.224534
0.669070 0.715365 -0.201491
0.664192 0.725255 -0.181255
0.659234 0.733881 -0.163795
0.654392 0.741356 -0.148868
0.649807 0.747795 -0.136210
0.645588 0.753290 -0.125581
0.641787 0.757950 -0.116711
0.638430 0.761871 -0.109361
0.635517 0.765144 -0.103305
0.633029 0.767856 -0.098347
0.630942 0.770075 -0.094323
0.629219 0.771873 -0.091082
0.627829 0.773302 -0.088515
0.626735 0.774414 -0.086518
0.625913 0.775244 -0.085029
0.625337 0.775821 -0.083992
0.624998 0.776160 -0.083382
0.624886 0.776272 -0.083180
VECTORS q3 float
0.926154 0.374455 0.044973
0.924883 0.377269 0.047535
0.921003 0.385603 0.055347
0.914381 0.398995 0.068636
0.904831 0.416652 0.087647
0.892013 0.437705 0.112816
0.875504 0.461081 0.144557
0.854824 0.485511 0.183184
0.829911 0.509145 0.228077
0.800101 0.530753 0.279536
0.765289 0.548644 0.336634
0.725550 0.561331 0.398101
0.680894 0.567686 0.462726
0.631643 0.566890 0.528831
0.579090 0.558683 0.593741
0.524055 0.543359 0.655841
0.468104 0.521884 0.713103
0.412763 0.495705 0.764136
0.359483 0.466589 0.808125
0.309626 0.436478 0.844759
0.263864 0.406973 0.874499
0.223055 0.379728 0.897805
0.187427 0.355832 0.915563
0.156926 0.335959 0.928712
0.131469 0.320512 0.938077
0.110745 0.309517 0.944423
0.094539 0.302869 0.948331
0.082646 0.300338 0.950246
0.074815 0.301637 0.950483
0.070920 0.306518 0.949219
0.070876 0.314787 0.946512
0.074647 0.326389 0.942283
0.082251 0.341294 0.936351
0.093798 0.359625 0.928371
0.109202 0.381153 0.918040
0.128869 0.406305 0.904604
0.152480 0.434459 0.887691
0.180501 0.465868 0.866249
0.212459 0.499596 0.839801
0.248475 0.535282 0.807300
0.287839 0.571657 0.768347
0.329829 0.607462 0.722636
0.373508 0.641298 0.670245
0.418227 0.672052 0.611091
0.462361 0.698064 0.546743
0.505203 0.718497 0.478051
0.545618 0.732524 0.407074
0.582997 0.739882 0.335692
0.617244 0.740701 0.265279
0.648130 0.735384 0.197832
0.675957 0.724579 0.134415
0.701088 0.709033 0.075814
0.723869 0.689567 0.022596
0.744646 0.666991 -0.025016
0.763705 0.642075 -0.067038
0.781288 0.615487 -0.103755
0.797527 0.587864 -0.135524
0.812529 0.559703 -0.162879
0.826362 0.531382 -0.186438
0.839070 0.503154 -0.206874
0.850677 0.475162 -0.224879
0.861188 0.447452 -0.241128
0.870673 0.419771 -0.256360
0.879040 0.392256 -0.270968
0.886405 0.364323 -0.285578
0.892600 0.336474 -0.300083
0.897798 0.307904 -0.314887
0.901988 0.278727 -0.329740
0.905198 0.249528 -0.344025
0.907632 0.220341 -0.357286
0.909589 0.190901 -0.369058
0.911370 0.162418 -0.378188
0.913443 0.134709 -0.384025
0.916244 0.108279 -0.385710
0.920165 0.083587 -0.382505
0.925442 0.061313 -0.373894
0.932333 0.041220 -0.359244
0.940684 0.023830 -0.338446
0.950220 0.009366 -0.311439
0.960484 -0.001972 -0.278329
0.970876 -0.009965 -0.239374
0.980809 -0.014444 -0.194434
0.989308 -0.015018 -0.145064
0.995829 -0.011381 -0.090525
0.999485 -0.003204 -0.031921
0.999516 0.009730 0.029560
0.995088 0.028040 0.094941
0.985291 0.051720 0.162870
0.969207 0.080771 0.232625
0.945941 0.114924 0.303297
0.914735 0.153564 0.373736
0.875104 0.195696 0.442602
0.827585 0.239468 0.507698
0.771411 0.284359 0.569268
0.708848 0.327569 0.624686
0.640559 0.368036 0.673968
0.569047 0.403919 0.716265
0.495147 0.434693 0.752244
0.421400 0.459436 0.781882
0.347330 0.478594 0.806418
0.275980 0.491873 0.825770
0.207410 0.500006 0.840818
0.142431 0.503706 0.852053
0.080928 0.503840 0.859997
0.022793 0.501249 0.865003
-0.031369 0.496786 0.867306
-0.081658 0.491229 0.867195
-0.128175 0.485242 0.864934
-0.171062 0.479360 0.860786
-0.210514 0.473967 0.855008
-0.246471 0.469347 0.847918
-0.279230 0.465600 0.839790
-0.308685 0.462760 0.831004
-0.334999 0.460741 0.821884
-0.358312 0.459402 0.812750
-0.378702 0.458579 0.803922
-0.396325 0.458102 0.795656
-0.411338 0.457826 0.788160
-0.423948 0.457645 0.781555
-0.434383 0.457487 0.775897
-0.442864 0.457310 0.771194
-0.449641 0.457094 0.767390
-0.454915 0.456837 0.764429
-0.458907 0.456549 0.762212
-0.461781 0.456259 0.760648
-0.463710 0.456004 0.759627
-0.464805 0.455827 0.759064
-0.465160 0.455763 0.758885
