# vtk DataFile Version 2.0
VTK example
ASCII
DATASET UNSTRUCTURED_GRID
POINTS  128  float
-0.000444 -0.000118 -0.000183
-0.000438 -0.000118 -0.000176
-0.000432 -0.000118 -0.000169
-0.000426 -0.000119 -0.000162
-0.000420 -0.000119 -0.000155
-0.000414 -0.000119 -0.000149
-0.000407 -0.000120 -0.000142
-0.000400 -0.000120 -0.000137
-0.000393 -0.000120 -0.000131
-0.000386 -0.000120 -0.000126
-0.000378 -0.000120 -0.000122
-0.000369 -0.000120 -0.000118
-0.000361 -0.000120 -0.000115
-0.000352 -0.000120 -0.000113
-0.000343 -0.000120 -0.000111
-0.000334 -0.000119 -0.000111
-0.000325 -0.000119 -0.000110
-0.000316 -0.000118 -0.000111
-0.000307 -0.000117 -0.000112
-0.000298 -0.000117 -0.000114
-0.000290 -0.000116 -0.000117
-0.000281 -0.000115 -0.000119
-0.000273 -0.000114 -0.000123
-0.000265 -0.000113 -0.000127
-0.000257 -0.000112 -0.000131
-0.000249 -0.000112 -0.000135
-0.000241 -0.000111 -0.000140
-0.000233 -0.000110 -0.000145
-0.000226 -0.000109 -0.000149
-0.000218 -0.000108 -0.000154
-0.000210 -0.000107 -0.000159
-0.000203 -0.000106 -0.000164
-0.000195 -0.000104 -0.000168
-0.000187 -0.000103 -0.000173
-0.000179 -0.000102 -0.000177
-0.000172 -0.000100 -0.000181
-0.000163 -0.000099 -0.000185
-0.000155 -0.000097 -0.000188
-0.000147 -0.000095 -0.000192
-0.000139 -0.000093 -0.000195
-0.000130 -0.000091 -0.000197
-0.000122 -0.000089 -0.000200
-0.000113 -0.000087 -0.000202
-0.000105 -0.000084 -0.000203
-0.000096 -0.000081 -0.000204
-0.000088 -0.000079 -0.000205
-0.000079 -0.000076 -0.000205
-0.000071 -0.000072 -0.000204
-0.000062 -0.000069 -0.000203
-0.000054 -0.000065 -0.000201
-0.000046 -0.000062 -0.000199
-0.000039 -0.000058 -0.000196
-0.000031 -0.000054 -0.000192
-0.000025 -0.000050 -0.000187
-0.000018 -0.000046 -0.000182
-0.000012 -0.000042 -0.000176
-0.000007 -0.000039 -0.000170
-0.000002 -0.000035 -0.000164
0.000002 -0.000031 -0.000157
0.000006 -0.000027 -0.000149
0.000009 -0.000024 -0.000142
0.000012 -0.000020 -0.000134
0.000015 -0.000017 -0.000126
0.000017 -0.000014 -0.000118
0.000019 -0.000011 -0.000109
0.000020 -0.000007 -0.000101
0.000021 -0.000004 -0.000092
0.000022 -0.000001 -0.000084
0.000023 0.000002 -0.000076
0.000024 0.000005 -0.000067
0.000024 0.000008 -0.000059
0.000024 0.000011 -0.000050
0.000024 0.000014 -0.000042
0.000024 0.000018 -0.000033
0.000024 0.000021 -0.000025
0.000024 0.000025 -0.000017
0.000024 0.000029 -0.000008
0.000025 0.000032 -0.000000
0.000025 0.000037 0.000008
0.000026 0.000041 0.000016
0.000027 0.000045 0.000024
0.000029 0.000050 0.000031
0.000031 0.000055 0.000039
0.000033 0.000060 0.000046
0.000036 0.000066 0.000052
0.000040 0.000071 0.000059
0.000044 0.000077 0.000064
0.000048 0.000083 0.000070
0.000053 0.000089 0.000074
0.000058 0.000095 0.000078
0.000064 0.000101 0.000082
0.000070 0.000107 0.000085
0.000077 0.000113 0.000087
0.000084 0.000118 0.000088
0.000091 0.000124 0.000089
0.000098 0.000129 0.000089
0.000106 0.000134 0.000089
0.000113 0.000139 0.000088
0.000121 0.000143 0.000087
0.000129 0.000147 0.000085
0.000137 0.000151 0.000082
0.000145 0.000155 0.000080
0.000153 0.000158 0.000076
0.000160 0.000161 0.000073
0.000168 0.000164 0.000069
0.000176 0.000166 0.000065
0.000184 0.000169 0.000061
0.000191 0.000171 0.000057
0.000199 0.000173 0.000053
0.000207 0.000175 0.000048
0.000214 0.000177 0.000044
0.000222 0.000178 0.000039
0.000230 0.000180 0.000035
0.000237 0.000181 0.000030
0.000245 0.000182 0.000025
0.000253 0.000183 0.000021
0.000261 0.000184 0.000017
0.000269 0.000185 0.000013
0.000277 0.000185 0.000009
0.000285 0.000186 0.000005
0.000294 0.000187 0.000002
0.000302 0.000187 -0.000001
0.000311 0.000187 -0.000003
0.000320 0.000188 -0.000006
0.000329 0.000188 -0.000007
0.000338 0.000189 -0.000009
0.000346 0.000189 -0.000010
0.000355 0.000189 -0.000012
CELLS  127 381
2 0 1 
2 1 2 
2 2 3 
2 3 4 
2 4 5 
2 5 6 
2 6 7 
2 7 8 
2 8 9 
2 9 10 
2 10 11 
2 11 12 
2 12 13 
2 13 14 
2 14 15 
2 15 16 
2 16 17 
2 17 18 
2 18 19 
2 19 20 
2 20 21 
2 21 22 
2 22 23 
2 23 24 
2 24 25 
2 25 26 
2 26 27 
2 27 28 
2 28 29 
2 29 30 
2 30 31 
2 31 32 
2 32 33 
2 33 34 
2 34 35 
2 35 36 
2 36 37 
2 37 38 
2 38 39 
2 39 40 
2 40 41 
2 41 42 
2 42 43 
2 43 44 
2 44 45 
2 45 46 
2 46 47 
2 47 48 
2 48 49 
2 49 50 
2 50 51 
2 51 52 
2 52 53 
2 53 54 
2 54 55 
2 55 56 
2 56 57 
2 57 58 
2 58 59 
2 59 60 
2 60 61 
2 61 62 
2 62 63 
2 63 64 
2 64 65 
2 65 66 
2 66 67 
2 67 68 
2 68 69 
2 69 70 
2 70 71 
2 71 72 
2 72 73 
2 73 74 
2 74 75 
2 75 76 
2 76 77 
2 77 78 
2 78 79 
2 79 80 
2 80 81 
2 81 82 
2 82 83 
2 83 84 
2 84 85 
2 85 86 
2 86 87 
2 87 88 
2 88 89 
2 89 90 
2 90 91 
2 91 92 
2 92 93 
2 93 94 
2 94 95 
2 95 96 
2 96 97 
2 97 98 
2 98 99 
2 99 100 
2 100 101 
2 101 102 
2 102 103 
2 103 104 
2 104 105 
2 105 106 
2 106 107 
2 107 108 
2 108 109 
2 109 110 
2 110 111 
2 111 112 
2 112 113 
2 113 114 
2 114 115 
2 115 116 
2 116 117 
2 117 118 
2 118 119 
2 119 120 
2 120 121 
2 121 122 
2 122 123 
2 123 124 
2 124 125 
2 125 126 
2 126 127 
CELL_TYPES  127
3
3
3
3
3
3
3
3
3
3
3
3
3
3
3
3
3
3
3
3
3
3
3
3
3
3
3
3
3
3
3
3
3
3
3
3
3
3
3
3
3
3
3
3
3
3
3
3
3
3
3
3
3
3
3
3
3
3
3
3
3
3
3
3
3
3
3
3
3
3
3
3
3
3
3
3
3
3
3
3
3
3
3
3
3
3
3
3
3
3
3
3
3
3
3
3
3
3
3
3
3
3
3
3
3
3
3
3
3
3
3
3
3
3
3
3
3
3
3
3
3
3
3
3
3
3
3
POINT_DATA  128
VECTORS Position float
-0.000444 -0.000118 -0.000183
-0.000438 -0.000118 -0.000176
-0.000432 -0.000118 -0.000169
-0.000426 -0.000119 -0.000162
-0.000420 -0.000119 -0.000155
-0.000414 -0.000119 -0.000149
-0.000407 -0.000120 -0.000142
-0.000400 -0.000120 -0.000137
-0.000393 -0.000120 -0.000131
-0.000386 -0.000120 -0.000126
-0.000378 -0.000120 -0.000122
-0.000369 -0.000120 -0.000118
-0.000361 -0.000120 -0.000115
-0.000352 -0.000120 -0.000113
-0.000343 -0.000120 -0.000111
-0.000334 -0.000119 -0.000111
-0.000325 -0.000119 -0.000110
-0.000316 -0.000118 -0.000111
-0.000307 -0.000117 -0.000112
-0.000298 -0.000117 -0.000114
-0.000290 -0.000116 -0.000117
-0.000281 -0.000115 -0.000119
-0.000273 -0.000114 -0.000123
-0.000265 -0.000113 -0.000127
-0.000257 -0.000112 -0.000131
-0.000249 -0.000112 -0.000135
-0.000241 -0.000111 -0.000140
-0.000233 -0.000110 -0.000145
-0.000226 -0.000109 -0.000149
-0.000218 -0.000108 -0.000154
-0.000210 -0.000107 -0.000159
-0.000203 -0.000106 -0.000164
-0.000195 -0.000104 -0.000168
-0.000187 -0.000103 -0.000173
-0.000179 -0.000102 -0.000177
-0.000172 -0.000100 -0.000181
-0.000163 -0.000099 -0.000185
-0.000155 -0.000097 -0.000188
-0.000147 -0.000095 -0.000192
-0.000139 -0.000093 -0.000195
-0.000130 -0.000091 -0.000197
-0.000122 -0.000089 -0.000200
-0.000113 -0.000087 -0.000202
-0.000105 -0.000084 -0.000203
-0.000096 -0.000081 -0.000204
-0.000088 -0.000079 -0.000205
-0.000079 -0.000076 -0.000205
-0.000071 -0.000072 -0.000204
-0.000062 -0.000069 -0.000203
-0.000054 -0.000065 -0.000201
-0.000046 -0.000062 -0.000199
-0.000039 -0.000058 -0.000196
-0.000031 -0.000054 -0.000192
-0.000025 -0.000050 -0.000187
-0.000018 -0.000046 -0.000182
-0.000012 -0.000042 -0.000176
-0.000007 -0.000039 -0.000170
-0.000002 -0.000035 -0.000164
0.000002 -0.000031 -0.000157
0.000006 -0.000027 -0.000149
0.000009 -0.000024 -0.000142
0.000012 -0.000020 -0.000134
0.000015 -0.000017 -0.000126
0.000017 -0.000014 -0.000118
0.000019 -0.000011 -0.000109
0.000020 -0.000007 -0.000101
0.000021 -0.000004 -0.000092
0.000022 -0.000001 -0.000084
0.000023 0.000002 -0.000076
0.000024 0.000005 -0.000067
0.000024 0.000008 -0.000059
0.000024 0.000011 -0.000050
0.000024 0.000014 -0.000042
0.000024 0.000018 -0.000033
0.000024 0.000021 -0.000025
0.000024 0.000025 -0.000017
0.000024 0.000029 -0.000008
0.000025 0.000032 -0.000000
0.000025 0.000037 0.000008
0.000026 0.000041 0.000016
0.000027 0.000045 0.000024
0.000029 0.000050 0.000031
0.000031 0.000055 0.000039
0.000033 0.000060 0.000046
0.000036 0.000066 0.000052
0.000040 0.000071 0.000059
0.000044 0.000077 0.000064
0.000048 0.000083 0.000070
0.000053 0.000089 0.000074
0.000058 0.000095 0.000078
0.000064 0.000101 0.000082
0.000070 0.000107 0.000085
0.000077 0.000113 0.000087
0.000084 0.000118 0.000088
0.000091 0.000124 0.000089
0.000098 0.000129 0.000089
0.000106 0.000134 0.000089
0.000113 0.000139 0.000088
0.000121 0.000143 0.000087
0.000129 0.000147 0.000085
0.000137 0.000151 0.000082
0.000145 0.000155 0.000080
0.000153 0.000158 0.000076
0.000160 0.000161 0.000073
0.000168 0.000164 0.000069
0.000176 0.000166 0.000065
0.000184 0.000169 0.000061
0.000191 0.000171 0.000057
0.000199 0.000173 0.000053
0.000207 0.000175 0.000048
0.000214 0.000177 0.000044
0.000222 0.000178 0.000039
0.000230 0.000180 0.000035
0.000237 0.000181 0.000030
0.000245 0.000182 0.000025
0.000253 0.000183 0.000021
0.000261 0.000184 0.000017
0.000269 0.000185 0.000013
0.000277 0.000185 0.000009
0.000285 0.000186 0.000005
0.000294 0.000187 0.000002
0.000302 0.000187 -0.000001
0.000311 0.000187 -0.000003
0.000320 0.000188 -0.000006
0.000329 0.000188 -0.000007
0.000338 0.000189 -0.000009
0.000346 0.000189 -0.000010
0.000355 0.000189 -0.000012
VECTORS Rotation float
0.641513 -0.038313 -0.682521
0.641510 -0.038296 -0.687256
0.641493 -0.038186 -0.701470
0.641468 -0.037814 -0.724946
0.641463 -0.036915 -0.757242
0.641506 -0.035156 -0.798096
0.641653 -0.032168 -0.847162
0.641999 -0.027611 -0.903990
0.642748 -0.021329 -0.966946
0.644028 -0.013161 -1.036019
0.646048 -0.003260 -1.109921
0.648989 0.008031 -1.187399
0.652964 0.020283 -1.267753
0.658033 0.032946 -1.350137
0.664171 0.045279 -1.432672
0.671256 0.056785 -1.514770
0.679085 0.066953 -1.595035
0.687404 0.075466 -1.672359
0.695937 0.082186 -1.745761
0.704412 0.087132 -1.814225
0.712621 0.090514 -1.877396
0.720371 0.092618 -1.934327
0.727546 0.093845 -1.984638
0.734083 0.094645 -2.028084
0.739950 0.095472 -2.064321
0.745145 0.096756 -2.093289
0.749672 0.098867 -2.114854
0.753536 0.102087 -2.129022
0.756723 0.106626 -2.136040
0.759215 0.112562 -2.136235
0.760984 0.119859 -2.130121
0.761973 0.128434 -2.118300
0.762149 0.138087 -2.101499
0.761453 0.148651 -2.080357
0.759948 0.159764 -2.055906
0.757503 0.171496 -2.028300
0.754243 0.183547 -1.998603
0.749999 0.196182 -1.966553
0.744809 0.209345 -1.932663
0.738451 0.223357 -1.896376
0.730812 0.238286 -1.857594
0.721666 0.254248 -1.815868
0.710742 0.271290 -1.770667
0.697575 0.289545 -1.720923
0.681952 0.308678 -1.666564
0.663365 0.328601 -1.606619
0.641572 0.348840 -1.541025
0.616318 0.368910 -1.469617
0.587302 0.388321 -1.392001
0.554723 0.406249 -1.308981
0.518784 0.421986 -1.221051
0.480002 0.434801 -1.129187
0.439248 0.444036 -1.034916
0.397591 0.449259 -0.939962
0.356223 0.450325 -0.846191
0.316248 0.447414 -0.755275
0.278688 0.441006 -0.668850
0.244236 0.431805 -0.588037
0.213279 0.420647 -0.513522
0.185925 0.408402 -0.445580
0.162073 0.395902 -0.384174
0.141483 0.383890 -0.329031
0.123683 0.372885 -0.279314
0.108496 0.363456 -0.234936
0.095321 0.355790 -0.194644
0.084206 0.350279 -0.158843
0.074562 0.346908 -0.126213
0.066299 0.345768 -0.096713
0.059538 0.346883 -0.070810
0.054231 0.350221 -0.048518
0.050294 0.355817 -0.029817
0.048166 0.363477 -0.015784
0.047937 0.373348 -0.006743
0.049930 0.385435 -0.003396
0.054486 0.399776 -0.006352
0.061970 0.416241 -0.016011
0.072736 0.435300 -0.032953
0.087120 0.456750 -0.057238
0.105490 0.480531 -0.089012
0.128252 0.506474 -0.128415
0.155855 0.534267 -0.175615
0.189091 0.563761 -0.231485
0.227872 0.593561 -0.294927
0.273477 0.623511 -0.367805
0.325945 0.652116 -0.449519
0.384803 0.677802 -0.538925
0.451053 0.699810 -0.637711
0.523250 0.716441 -0.743691
0.599945 0.726527 -0.855146
0.679139 0.729229 -0.969807
0.758455 0.724146 -1.085011
0.835469 0.711364 -1.198045
0.907256 0.691701 -1.305185
0.973870 0.665584 -1.407194
1.032885 0.634801 -1.500371
1.084745 0.600327 -1.585392
1.129131 0.563918 -1.661233
1.167077 0.526363 -1.729181
1.198871 0.489231 -1.788894
1.225861 0.452503 -1.842397
1.248178 0.417845 -1.888865
1.266740 0.385363 -1.929479
1.282129 0.355419 -1.964716
1.294954 0.327837 -1.995398
1.305681 0.302352 -2.022152
1.314613 0.278944 -2.045149
1.322049 0.257258 -2.064762
1.328213 0.236952 -2.081225
1.333267 0.217716 -2.094634
1.337322 0.199286 -2.104935
1.340448 0.181603 -2.111838
1.342689 0.164526 -2.114984
1.344091 0.148196 -2.113833
1.344693 0.132689 -2.107819
1.344552 0.118140 -2.096399
1.343754 0.104751 -2.079188
1.342398 0.092676 -2.056005
1.340602 0.082042 -2.027014
1.338484 0.072893 -1.992747
1.336168 0.065196 -1.954169
1.333776 0.058861 -1.912765
1.331417 0.053721 -1.870263
1.329208 0.049621 -1.828920
1.327244 0.046392 -1.790865
1.325622 0.043937 -1.758496
1.324407 0.042186 -1.733676
1.323661 0.041136 -1.718176
1.323408 0.040783 -1.712878
VECTORS ControlForce float
0.000000 0.000000 0.000000
-0.000229 -0.000046 0.000220
-0.000437 -0.000089 0.000422
-0.000623 -0.000141 0.000592
-0.000784 -0.000215 0.000719
-0.000898 -0.000310 0.000800
-0.000951 -0.000428 0.000845
-0.000953 -0.000572 0.000863
-0.000892 -0.000719 0.000844
-0.000786 -0.000851 0.000797
-0.000689 -0.000970 0.000738
-0.000603 -0.001049 0.000663
-0.000550 -0.001082 0.000582
-0.000540 -0.001068 0.000500
-0.000567 -0.001010 0.000415
-0.000585 -0.000892 0.000331
-0.000584 -0.000729 0.000256
-0.000566 -0.000546 0.000196
-0.000540 -0.000367 0.000152
-0.000504 -0.000199 0.000125
-0.000482 -0.000069 0.000109
-0.000469 0.000022 0.000097
-0.000443 0.000085 0.000086
-0.000392 0.000127 0.000077
-0.000307 0.000159 0.000071
-0.000199 0.000184 0.000065
-0.000069 0.000210 0.000055
0.000100 0.000252 0.000047
0.000285 0.000299 0.000038
0.000450 0.000331 0.000017
0.000591 0.000361 -0.000010
0.000669 0.000375 -0.000041
0.000664 0.000369 -0.000073
0.000601 0.000367 -0.000093
0.000472 0.000352 -0.000111
0.000289 0.000309 -0.000121
0.000078 0.000237 -0.000125
-0.000125 0.000140 -0.000115
-0.000293 0.000030 -0.000088
-0.000383 -0.000060 -0.000039
-0.000419 -0.000133 0.000017
-0.000429 -0.000194 0.000070
-0.000414 -0.000231 0.000122
-0.000344 -0.000217 0.000182
-0.000237 -0.000167 0.000237
-0.000116 -0.000105 0.000284
0.000006 -0.000053 0.000315
0.000144 -0.000004 0.000326
0.000318 0.000052 0.000316
0.000499 0.000100 0.000279
0.000663 0.000143 0.000214
0.000775 0.000174 0.000130
0.000824 0.000206 0.000033
0.000815 0.000251 -0.000073
0.000717 0.000283 -0.000168
0.000547 0.000296 -0.000238
0.000345 0.000302 -0.000285
0.000141 0.000300 -0.000311
-0.000052 0.000277 -0.000311
-0.000214 0.000239 -0.000294
-0.000337 0.000188 -0.000262
-0.000408 0.000135 -0.000227
-0.000427 0.000082 -0.000188
-0.000392 0.000034 -0.000157
-0.000304 -0.000005 -0.000138
-0.000167 -0.000033 -0.000142
0.000002 -0.000057 -0.000139
0.000190 -0.000078 -0.000128
0.000374 -0.000096 -0.000116
0.000523 -0.000099 -0.000109
0.000608 -0.000079 -0.000098
0.000615 -0.000047 -0.000078
0.000540 0.000000 -0.000046
0.000398 0.000055 0.000002
0.000217 0.000106 0.000051
0.000029 0.000134 0.000104
-0.000133 0.000127 0.000165
-0.000250 0.000094 0.000213
-0.000314 0.000043 0.000230
-0.000328 -0.000015 0.000218
-0.000306 -0.000075 0.000191
-0.000271 -0.000149 0.000172
-0.000241 -0.000236 0.000158
-0.000228 -0.000327 0.000153
-0.000229 -0.000397 0.000140
-0.000238 -0.000430 0.000109
-0.000257 -0.000435 0.000087
-0.000282 -0.000414 0.000069
-0.000314 -0.000388 0.000057
-0.000347 -0.000356 0.000043
-0.000375 -0.000320 0.000027
-0.000407 -0.000301 0.000008
-0.000420 -0.000262 -0.000018
-0.000404 -0.000181 -0.000036
-0.000373 -0.000084 -0.000048
-0.000351 -0.000019 -0.000056
-0.000326 0.000024 -0.000067
-0.000277 0.000064 -0.000072
-0.000198 0.000095 -0.000064
-0.000088 0.000125 -0.000033
0.000048 0.000153 0.000003
0.000186 0.000163 0.000036
0.000303 0.000145 0.000062
0.000393 0.000125 0.000095
0.000442 0.000099 0.000143
0.000439 0.000058 0.000194
0.000384 -0.000012 0.000239
0.000290 -0.000104 0.000277
0.000169 -0.000225 0.000305
0.000045 -0.000342 0.000331
-0.000076 -0.000457 0.000350
-0.000179 -0.000542 0.000365
-0.000245 -0.000550 0.000385
-0.000268 -0.000476 0.000411
-0.000241 -0.000330 0.000440
-0.000158 -0.000102 0.000473
-0.000029 0.000184 0.000498
0.000134 0.000527 0.000512
0.000309 0.000894 0.000506
0.000467 0.001244 0.000470
0.000589 0.001557 0.000408
0.000650 0.001774 0.000323
0.000641 0.001846 0.000225
0.000570 0.001774 0.000134
0.000451 0.001528 0.000062
0.000304 0.001113 0.000017
0.000151 0.000585 -0.000001
-0.000000 -0.000000 -0.000000
VECTORS ControlTorque float
-0.000000 -0.000004 -0.000000
-0.000000 -0.000004 -0.000000
0.000000 -0.000004 -0.000000
0.000000 -0.000003 -0.000000
0.000000 -0.000004 -0.000000
0.000000 -0.000003 -0.000000
0.000000 -0.000004 -0.000001
0.000000 -0.000002 -0.000000
0.000000 -0.000003 -0.000001
0.000000 -0.000002 -0.000001
0.000000 -0.000001 -0.000001
0.000000 -0.000001 -0.000000
0.000000 -0.000001 -0.000000
-0.000000 0.000001 0.000000
-0.000000 -0.000000 0.000000
-0.000000 0.000001 0.000000
-0.000000 0.000001 0.000000
-0.000000 0.000002 0.000001
-0.000000 0.000002 0.000001
-0.000000 0.000002 0.000000
-0.000000 0.000003 0.000000
-0.000000 0.000003 0.000000
-0.000000 0.000003 0.000000
-0.000000 0.000003 0.000000
-0.000000 0.000003 -0.000000
-0.000000 0.000003 -0.000000
-0.000001 0.000003 -0.000000
-0.000001 0.000003 -0.000000
-0.000001 0.000003 -0.000000
-0.000001 0.000003 -0.000000
-0.000001 0.000002 -0.000000
-0.000000 0.000002 -0.000000
-0.000001 0.000002 -0.000000
-0.000000 0.000001 0.000000
-0.000001 0.000002 -0.000000
-0.000000 0.000000 0.000000
-0.000000 0.000001 -0.000000
-0.000000 0.000000 -0.000000
-0.000000 0.000001 -0.000000
-0.000000 0.000001 -0.000000
-0.000000 0.000001 -0.000000
-0.000000 0.000001 -0.000000
-0.000001 0.000002 -0.000001
-0.000000 0.000001 -0.000000
-0.000001 0.000002 -0.000001
-0.000001 0.000002 -0.000001
-0.000001 0.000002 -0.000001
-0.000001 0.000002 -0.000001
-0.000000 0.000001 -0.000000
-0.000001 0.000001 -0.000000
-0.000000 0.000001 -0.000000
-0.000000 0.000000 -0.000000
-0.000000 0.000000 0.000000
0.000000 -0.000001 0.000000
0.000000 -0.000001 0.000000
0.000000 -0.000001 0.000001
0.000000 -0.000002 0.000001
0.000001 -0.000002 0.000001
0.000001 -0.000002 0.000001
0.000001 -0.000002 0.000001
0.000001 -0.000002 0.000001
0.000001 -0.000001 0.000000
0.000001 -0.000002 0.000001
0.000001 -0.000001 0.000000
0.000001 -0.000002 0.000001
0.000001 -0.000001 0.000000
0.000001 -0.000001 0.000000
0.000001 -0.000001 0.000001
0.000001 -0.000001 0.000001
0.000001 -0.000001 0.000000
0.000001 -0.000002 0.000001
0.000001 -0.000002 0.000001
0.000001 -0.000002 0.000001
0.000001 -0.000002 0.000001
0.000001 -0.000002 0.000001
0.000001 -0.000003 0.000001
0.000001 -0.000002 0.000001
0.000001 -0.000002 0.000001
0.000001 -0.000002 0.000001
0.000001 -0.000002 0.000001
0.000002 -0.000003 0.000001
0.000000 -0.000001 0.000000
0.000002 -0.000003 0.000001
0.000001 -0.000002 0.000001
-0.000000 -0.000000 0.000000
0.000002 -0.000002 0.000001
0.000000 -0.000001 0.000000
0.000000 -0.000001 0.000001
0.000000 -0.000000 0.000001
-0.000000 -0.000000 0.000000
0.000000 -0.000000 0.000001
-0.000001 0.000002 -0.000001
0.000001 -0.000001 0.000001
-0.000002 0.000002 -0.000001
-0.000000 0.000000 0.000000
-0.000002 0.000002 -0.000001
-0.000000 0.000001 -0.000000
-0.000002 0.000002 -0.000001
-0.000000 0.000000 0.000000
-0.000002 0.000003 -0.000002
-0.000001 0.000001 -0.000001
-0.000001 0.000002 -0.000001
-0.000001 0.000001 -0.000001
-0.000001 0.000001 -0.000001
-0.000001 0.000001 -0.000001
-0.000001 0.000001 -0.000001
-0.000001 0.000001 -0.000000
-0.000000 0.000001 -0.000000
-0.000000 0.000001 -0.000000
-0.000000 0.000001 -0.000000
-0.000000 0.000001 0.000000
-0.000000 0.000002 -0.000000
-0.000000 0.000002 -0.000000
-0.000000 0.000002 -0.000000
-0.000001 0.000002 -0.000000
-0.000001 0.000002 -0.000000
-0.000001 0.000002 -0.000000
-0.000000 0.000002 -0.000000
-0.000000 0.000002 -0.000000
-0.000000 0.000001 -0.000001
-0.000000 0.000001 -0.000000
-0.000000 -0.000001 -0.000000
-0.000000 -0.000001 -0.000000
0.000000 -0.000002 -0.000000
0.000000 -0.000003 -0.000000
0.000000 -0.000004 -0.000000
0.000000 -0.000004 -0.000000
0.000000 -0.000004 -0.000000
VECTORS Curvature float
-179.203683 239.176754 -11.388150
-582.000379 771.339830 -36.044172
-1286.990322 1685.070786 -78.328661
-1895.867374 2430.533666 -114.514249
-2523.969191 3145.851264 -150.414958
-3164.601893 3812.614979 -183.785731
-3859.707406 4474.093611 -214.391423
-4449.132712 4955.806020 -241.339253
-4999.190984 5348.981418 -264.851090
-5573.747099 5749.219238 -284.081125
-5978.045919 5974.542034 -299.027141
-6297.015179 6142.416260 -309.994657
-6592.048148 6328.409184 -317.097118
-6687.215299 6373.656781 -319.979697
-6642.095622 6337.541235 -320.354036
-6533.650187 6286.096549 -317.506536
-6268.096136 6116.782899 -312.686666
-5932.578826 5897.230593 -306.222309
-5498.105373 5580.562260 -298.722083
-5044.543382 5231.482960 -291.024079
-4560.223727 4821.642833 -283.526574
-4018.790981 4311.045596 -277.076144
-3507.852535 3782.225798 -272.032573
-2996.166578 3197.747638 -268.738278
-2498.606301 2573.798246 -267.262122
-2023.472225 1924.060855 -267.390375
-1549.379125 1237.954862 -268.686916
-1103.309984 553.137693 -270.517448
-688.065638 -115.215086 -272.097171
-299.761164 -745.050734 -272.665749
50.282087 -1325.336263 -271.472425
358.092473 -1833.948159 -267.987699
636.239204 -2298.228657 -261.722152
854.805448 -2632.103637 -252.787703
1049.076401 -2940.793714 -240.592896
1193.405077 -3174.616668 -226.189732
1302.785406 -3369.934298 -208.810112
1395.198708 -3585.655814 -189.888348
1462.430868 -3790.333863 -168.879973
1543.138455 -4074.479212 -146.995689
1610.342178 -4351.356145 -124.099593
1686.584687 -4660.071852 -100.778003
1811.828245 -5095.129337 -76.853366
1951.523990 -5550.143113 -53.888269
2106.116371 -6018.788198 -30.799455
2293.579607 -6558.379263 -9.397142
2457.897423 -7012.062828 10.599294
2652.499904 -7533.857376 28.790607
2832.987266 -8002.551511 43.572759
2978.761385 -8351.584295 55.638421
3121.363367 -8668.788799 63.881773
3229.402564 -8860.212918 68.241621
3298.039909 -8909.389974 68.812299
3323.873444 -8812.996996 65.741269
3310.674392 -8593.117947 59.355032
3251.081270 -8252.465446 50.035804
3140.084571 -7800.420375 38.156228
2988.222243 -7289.803837 24.050381
2795.407978 -6742.285267 8.007052
2567.320164 -6188.639016 -9.792826
2296.528936 -5617.814674 -29.231225
2025.758059 -5137.237851 -50.522706
1718.734837 -4642.939742 -73.151595
1417.643816 -4245.822091 -97.828144
1101.280302 -3841.760861 -123.694030
778.498054 -3452.540731 -151.346025
495.423118 -3233.940954 -179.704165
191.158101 -2887.184715 -208.649754
-94.994138 -2485.737087 -237.936772
-380.325521 -2163.124397 -266.704850
-645.921657 -1745.775364 -294.977192
-902.525244 -1233.126688 -321.681524
-1181.591197 -711.466896 -347.141515
-1469.885694 -98.361383 -370.570852
-1724.462352 538.036735 -391.949094
-2031.381610 1213.545754 -411.155220
-2396.977043 1907.001894 -427.479872
-2729.924038 2550.998350 -440.693209
-3101.296350 3179.089310 -450.475470
-3454.166526 3736.133513 -455.924303
-3916.052051 4372.493075 -458.068241
-4270.841857 4849.011630 -452.816883
-4606.589789 5293.638668 -445.835316
-5061.612643 5865.464869 -431.518519
-5225.156243 6107.969822 -412.745410
-5467.981144 6474.391732 -393.184546
-5749.285852 6901.159902 -368.818498
-5828.358597 7120.537586 -346.117966
-5884.785553 7333.850566 -324.873339
-5863.566390 7468.734302 -307.398759
-5827.627404 7603.019879 -294.182671
-5598.182439 7477.928841 -287.574824
-5452.421966 7490.303566 -282.590885
-5276.710775 7430.436538 -285.793084
-4948.241496 7170.803915 -287.999915
-4641.527969 6898.321422 -294.962730
-4303.589902 6566.541028 -298.732497
-3953.049834 6164.369727 -304.670617
-3653.869031 5822.561715 -304.506662
-3364.659178 5450.270014 -306.052534
-2971.422644 4892.492160 -301.388239
-2659.595858 4443.368453 -295.642409
-2342.980920 3982.709872 -286.879344
-2090.483880 3639.086452 -276.756792
-1827.878802 3300.233634 -265.870111
-1553.733053 2972.930280 -254.169949
-1295.129264 2713.828854 -242.386117
-1031.579889 2494.494304 -230.618121
-757.206311 2320.882951 -218.932135
-451.149856 2153.218815 -207.219109
-101.120373 1995.053862 -195.082479
301.730868 1828.781898 -182.141564
765.371032 1626.148767 -167.838341
1293.661023 1408.482685 -151.765717
1871.372687 1155.940149 -133.662474
2477.862859 873.357880 -113.659473
3085.275815 572.446300 -92.145744
3650.731213 266.424657 -69.956765
4142.195327 -24.705934 -48.153207
4492.454337 -279.916624 -27.883556
4680.496247 -481.935783 -10.408269
4648.772865 -612.735809 3.440231
4387.928054 -667.290675 12.832169
3885.046129 -643.603186 17.665375
3145.016188 -548.660774 17.893661
2244.845779 -403.433080 14.543365
1049.510222 -191.358350 7.311859
341.633672 -62.679911 2.336579
VECTORS LocalRotation float
0.740629 -0.084794 0.114677
0.737174 -0.080208 0.114461
0.728746 -0.069131 0.113946
0.714396 -0.050575 0.113076
0.694344 -0.025277 0.111874
0.668504 0.006332 0.110356
0.636684 0.043870 0.108552
0.599275 0.086327 0.106500
0.556348 0.133145 0.104201
0.508545 0.183323 0.101719
0.456303 0.236342 0.099082
0.400598 0.291330 0.096318
0.342176 0.347856 0.093476
0.282239 0.405188 0.090600
0.221788 0.462836 0.087696
0.162169 0.519957 0.084810
0.104218 0.576102 0.081957
0.048974 0.630501 0.079155
-0.002774 0.682462 0.076416
-0.050586 0.731496 0.073741
-0.093986 0.776922 0.071145
-0.132837 0.818280 0.068607
-0.166958 0.854970 0.066117
-0.196410 0.886578 0.063668
-0.221311 0.912732 0.061239
-0.241753 0.933065 0.058822
-0.257899 0.947355 0.056400
-0.269915 0.955467 0.053958
-0.278017 0.957448 0.051503
-0.282489 0.953553 0.049037
-0.283623 0.944150 0.046565
-0.281771 0.929826 0.044120
-0.277265 0.911098 0.041719
-0.270546 0.888881 0.039400
-0.261887 0.863536 0.037157
-0.251792 0.836006 0.035055
-0.240433 0.806224 0.033076
-0.228254 0.774826 0.031276
-0.215276 0.741329 0.029647
-0.201705 0.705817 0.028220
-0.187447 0.667720 0.026995
-0.172509 0.626890 0.025976
-0.156611 0.582560 0.025168
-0.139623 0.534505 0.024578
-0.121223 0.482046 0.024194
-0.101346 0.425223 0.024013
-0.079839 0.363798 0.024018
-0.056657 0.297814 0.024197
-0.031863 0.227593 0.024524
-0.005528 0.153485 0.024973
0.022117 0.076351 0.025515
0.050867 -0.003004 0.026113
0.080415 -0.083442 0.026734
0.110393 -0.163672 0.027343
0.140440 -0.242502 0.027909
0.170135 -0.318736 0.028404
0.199071 -0.391415 0.028804
0.226823 -0.459752 0.029085
0.253014 -0.523294 0.029230
0.277293 -0.581839 0.029222
0.299321 -0.635309 0.029046
0.318926 -0.684092 0.028684
0.335835 -0.728255 0.028125
0.350081 -0.768630 0.027349
0.361421 -0.805039 0.026352
0.370008 -0.838361 0.025095
0.375766 -0.868582 0.023599
0.378851 -0.896084 0.021854
0.379287 -0.920486 0.019826
0.377118 -0.941700 0.017523
0.372503 -0.959278 0.014997
0.365444 -0.972859 0.012186
0.356009 -0.981662 0.009158
0.344056 -0.985313 0.005922
0.329679 -0.983334 0.002490
0.312562 -0.975352 -0.001170
0.292603 -0.961287 -0.004949
0.269447 -0.941152 -0.008871
0.243046 -0.915209 -0.012905
0.213303 -0.883834 -0.017018
0.179804 -0.846979 -0.021172
0.142986 -0.805508 -0.025269
0.102506 -0.759258 -0.029366
0.058905 -0.708934 -0.033323
0.012479 -0.654896 -0.037133
-0.036396 -0.597386 -0.040817
-0.087071 -0.536960 -0.044259
-0.139407 -0.473576 -0.047491
-0.192384 -0.408201 -0.050526
-0.245525 -0.341245 -0.053386
-0.298387 -0.273098 -0.056106
-0.349999 -0.204975 -0.058734
-0.400437 -0.136655 -0.061336
-0.448675 -0.069572 -0.063892
-0.495041 -0.003362 -0.066494
-0.538332 0.060150 -0.069125
-0.579011 0.121383 -0.071825
-0.616363 0.178976 -0.074555
-0.651034 0.233611 -0.077331
-0.682490 0.284134 -0.080068
-0.711180 0.330967 -0.082818
-0.736683 0.373249 -0.085522
-0.759443 0.411585 -0.088173
-0.779572 0.446189 -0.090732
-0.797243 0.477484 -0.093179
-0.812534 0.505849 -0.095530
-0.825433 0.531599 -0.097779
-0.835979 0.555206 -0.099922
-0.844088 0.577034 -0.101960
-0.849555 0.597277 -0.103888
-0.852059 0.616086 -0.105712
-0.851152 0.633366 -0.107417
-0.846318 0.649018 -0.109003
-0.836986 0.662771 -0.110451
-0.822659 0.674380 -0.111743
-0.802964 0.683569 -0.112863
-0.777783 0.690113 -0.113795
-0.747285 0.693911 -0.114529
-0.712001 0.695006 -0.115063
-0.672923 0.693627 -0.115408
-0.631361 0.690175 -0.115581
-0.589143 0.685222 -0.115613
-0.548180 0.679419 -0.115539
-0.510757 0.673489 -0.115401
-0.478898 0.668086 -0.115240
-0.454547 0.663785 -0.115093
-0.439598 0.661086 -0.114994
-0.433313 0.659938 -0.114950
VECTORS q1 float
0.607255 -0.597969 -0.523139
0.604779 -0.597967 -0.526002
0.597292 -0.597956 -0.534500
0.584740 -0.597944 -0.548216
0.567104 -0.597961 -0.566424
0.544231 -0.598033 -0.588361
0.515997 -0.598211 -0.613099
0.482350 -0.598570 -0.639573
0.443987 -0.599261 -0.666154
0.400760 -0.600369 -0.692061
0.353347 -0.602032 -0.716033
0.302524 -0.604362 -0.737039
0.248796 -0.607418 -0.754416
0.192828 -0.611230 -0.767604
0.136053 -0.615775 -0.776087
0.079092 -0.620967 -0.779836
0.023148 -0.626674 -0.778937
-0.030769 -0.632727 -0.773763
-0.081766 -0.638941 -0.764898
-0.128972 -0.645130 -0.753110
-0.172028 -0.651143 -0.739202
-0.210215 -0.656836 -0.724138
-0.243255 -0.662113 -0.708826
-0.270998 -0.666908 -0.694113
-0.293249 -0.671180 -0.680825
-0.310024 -0.674907 -0.669616
-0.321300 -0.678071 -0.661049
-0.327140 -0.680659 -0.655502
-0.327744 -0.682644 -0.653132
-0.323362 -0.683996 -0.653900
-0.314353 -0.684687 -0.657561
-0.301114 -0.684664 -0.663751
-0.284148 -0.683905 -0.671963
-0.263876 -0.682365 -0.681724
-0.241065 -0.680110 -0.692342
-0.215726 -0.677030 -0.703628
-0.188644 -0.673235 -0.714960
-0.159472 -0.668563 -0.726356
-0.128538 -0.663032 -0.737473
-0.095268 -0.656422 -0.748354
-0.059530 -0.648614 -0.758786
-0.020944 -0.639399 -0.768590
0.020874 -0.628535 -0.777501
0.066716 -0.615622 -0.785212
0.116375 -0.600519 -0.791097
0.170374 -0.582825 -0.794536
0.228314 -0.562410 -0.794712
0.289796 -0.539145 -0.790785
0.354508 -0.512861 -0.781856
0.421065 -0.483839 -0.767205
0.488355 -0.452330 -0.746262
0.554952 -0.418814 -0.718765
0.619205 -0.384020 -0.684919
0.679606 -0.348777 -0.645361
0.734883 -0.313970 -0.601141
0.784210 -0.280391 -0.553530
0.827078 -0.248775 -0.504036
0.863478 -0.219620 -0.454062
0.893745 -0.193214 -0.404832
0.918449 -0.169653 -0.357308
0.938281 -0.148883 -0.312189
0.953965 -0.130748 -0.269918
0.966292 -0.114890 -0.230389
0.975772 -0.101209 -0.193974
0.983075 -0.089216 -0.160013
0.988478 -0.078999 -0.129117
0.992477 -0.070056 -0.100402
0.995308 -0.062329 -0.074002
0.997158 -0.055959 -0.050447
0.998257 -0.050914 -0.029852
0.998814 -0.047124 -0.012270
0.998986 -0.045002 0.001351
0.998946 -0.044618 0.010742
0.998812 -0.046247 0.015372
0.998630 -0.050165 0.014854
0.998353 -0.056643 0.009057
0.997824 -0.065895 -0.002232
0.996771 -0.078090 -0.018678
0.994831 -0.093370 -0.039920
0.991566 -0.111844 -0.065477
0.986495 -0.133593 -0.094770
0.979022 -0.158879 -0.127569
0.968816 -0.187265 -0.162259
0.955145 -0.219261 -0.199055
0.937675 -0.254499 -0.236635
0.916305 -0.292401 -0.273655
0.890258 -0.333459 -0.310236
0.859664 -0.376846 -0.344912
0.824567 -0.422029 -0.376803
0.785173 -0.468384 -0.405116
0.741873 -0.515207 -0.429168
0.695228 -0.561749 -0.448438
0.646561 -0.606747 -0.462403
0.595462 -0.650535 -0.471413
0.544061 -0.691481 -0.475238
0.492616 -0.729585 -0.474378
0.442632 -0.764066 -0.469339
0.394260 -0.795128 -0.460793
0.348814 -0.822344 -0.449532
0.305668 -0.846381 -0.436126
0.266401 -0.866813 -0.421505
0.230729 -0.884156 -0.406241
0.198775 -0.898711 -0.390906
0.170112 -0.910950 -0.375807
0.144296 -0.921286 -0.361125
0.121206 -0.929972 -0.347074
0.100396 -0.937326 -0.333678
0.081467 -0.943597 -0.320918
0.064084 -0.948979 -0.308760
0.047986 -0.953614 -0.297184
0.033132 -0.957577 -0.286268
0.019421 -0.960942 -0.276067
0.007032 -0.963732 -0.266781
-0.003904 -0.965981 -0.258585
-0.013191 -0.967723 -0.251671
-0.020579 -0.968996 -0.246219
-0.025863 -0.969850 -0.242324
-0.028893 -0.970347 -0.239982
-0.029632 -0.970553 -0.239060
-0.028195 -0.970534 -0.239307
-0.024870 -0.970358 -0.240387
-0.020104 -0.970084 -0.241937
-0.014507 -0.969764 -0.243613
-0.008721 -0.969443 -0.245160
-0.003431 -0.969159 -0.246413
0.000807 -0.968937 -0.247308
0.003520 -0.968797 -0.247831
0.004457 -0.968749 -0.248003
VECTORS q2 float
0.483713 0.800603 -0.353633
0.482022 0.800606 -0.355928
0.476848 0.800619 -0.362801
0.467988 0.800646 -0.374105
0.455167 0.800675 -0.389541
0.437892 0.800700 -0.408815
0.415597 0.800693 -0.431474
0.387719 0.800595 -0.456860
0.354400 0.800269 -0.483704
0.315059 0.799615 -0.511228
0.270076 0.798465 -0.538064
0.220150 0.796670 -0.562896
0.165932 0.794123 -0.584667
0.108424 0.790767 -0.602438
0.049568 0.786621 -0.615444
-0.009543 0.781779 -0.623482
-0.067268 0.776404 -0.626635
-0.122306 0.770696 -0.625355
-0.173640 0.764863 -0.620350
-0.220444 0.759102 -0.612511
-0.262539 0.753554 -0.602686
-0.299527 0.748340 -0.591837
-0.331506 0.743523 -0.580756
-0.358730 0.739123 -0.570097
-0.381413 0.735139 -0.560441
-0.399920 0.731552 -0.552174
-0.414513 0.728338 -0.545621
-0.425458 0.725477 -0.540988
-0.433071 0.722960 -0.538310
-0.437606 0.720786 -0.537558
-0.439324 0.718962 -0.538598
-0.438486 0.717517 -0.541202
-0.435351 0.716468 -0.545107
-0.430149 0.715852 -0.550026
-0.423242 0.715641 -0.555630
-0.414743 0.715896 -0.561677
-0.405111 0.716548 -0.567841
-0.394377 0.717654 -0.573968
-0.382863 0.719166 -0.579842
-0.370510 0.721142 -0.585386
-0.357398 0.723593 -0.590491
-0.343462 0.726573 -0.595085
-0.328578 0.730159 -0.599086
-0.312432 0.734500 -0.602409
-0.295043 0.739651 -0.604869
-0.276170 0.745766 -0.606270
-0.255906 0.752902 -0.606342
-0.234362 0.761112 -0.604800
-0.211619 0.770461 -0.601338
-0.188132 0.780861 -0.595703
-0.164251 0.792242 -0.587685
-0.140421 0.804463 -0.577167
-0.117168 0.817302 -0.564171
-0.094977 0.830506 -0.548853
-0.074287 0.843785 -0.531515
-0.055424 0.856859 -0.512563
-0.038649 0.869431 -0.492540
-0.024072 0.881258 -0.472022
-0.011691 0.892142 -0.451604
-0.001405 0.901940 -0.431860
0.006961 0.910558 -0.413324
0.013635 0.917950 -0.396462
0.018917 0.924166 -0.381522
0.023040 0.929178 -0.368913
0.026312 0.933116 -0.358610
0.028960 0.935949 -0.350943
0.031222 0.937815 -0.345727
0.033286 0.938749 -0.342992
0.035343 0.938771 -0.342725
0.037525 0.937916 -0.344827
0.039878 0.936177 -0.349260
0.042537 0.933582 -0.355830
0.045461 0.930042 -0.364630
0.048634 0.925480 -0.375661
0.051990 0.919781 -0.388972
0.055462 0.912860 -0.404489
0.058776 0.904346 -0.422733
0.061733 0.894087 -0.443619
0.064015 0.881820 -0.467221
0.065235 0.867278 -0.493531
0.064949 0.850210 -0.522421
0.062541 0.830185 -0.553969
0.057777 0.807525 -0.586996
0.049872 0.781664 -0.621703
0.038574 0.752954 -0.656942
0.023879 0.721990 -0.691492
0.005136 0.688459 -0.725257
-0.017343 0.653242 -0.756950
-0.043326 0.616950 -0.785809
-0.072430 0.580230 -0.811226
-0.104133 0.543746 -0.832764
-0.137809 0.508135 -0.850181
-0.172279 0.474350 -0.863314
-0.207767 0.442125 -0.872558
-0.242646 0.412534 -0.878031
-0.276769 0.385459 -0.880239
-0.309184 0.361263 -0.879713
-0.339933 0.339666 -0.876968
-0.368317 0.320780 -0.872607
-0.394891 0.304104 -0.866938
-0.418802 0.289773 -0.860603
-0.440317 0.277436 -0.853903
-0.459406 0.266883 -0.847183
-0.476295 0.257852 -0.840628
-0.491154 0.250135 -0.834386
-0.503921 0.243596 -0.828688
-0.514678 0.238089 -0.823662
-0.523447 0.233499 -0.819440
-0.530172 0.229747 -0.816170
-0.534709 0.226780 -0.814037
-0.536772 0.224562 -0.813294
-0.535999 0.223080 -0.814211
-0.531929 0.222305 -0.817087
-0.524043 0.222212 -0.822192
-0.511818 0.222756 -0.829712
-0.494840 0.223863 -0.839654
-0.472816 0.225446 -0.851833
-0.445721 0.227399 -0.865808
-0.413836 0.229617 -0.880918
-0.377849 0.231988 -0.896332
-0.338981 0.234401 -0.911125
-0.298763 0.236758 -0.924492
-0.259327 0.238950 -0.935763
-0.222768 0.240892 -0.944640
-0.191494 0.242491 -0.951067
-0.167413 0.243687 -0.955296
-0.152336 0.244421 -0.957628
-0.147176 0.244669 -0.958372
VECTORS q3 float
0.630288 -0.038304 0.775416
0.633954 -0.038287 0.772423
0.644871 -0.038177 0.763338
0.662621 -0.037805 0.748000
0.686452 -0.036907 0.726238
0.715586 -0.035148 0.697640
0.749016 -0.032163 0.661770
0.785501 -0.027608 0.618244
0.822968 -0.021327 0.567687
0.860308 -0.013161 0.509605
0.895659 -0.003260 0.444730
0.927369 0.008030 0.374062
0.954236 0.020282 0.298365
0.975224 0.032940 0.218754
0.989461 0.045264 0.137545
0.996822 0.056754 0.055906
0.997466 0.066903 -0.024182
0.992015 0.075395 -0.101100
0.981409 0.082093 -0.173486
0.966835 0.087022 -0.240118
0.949463 0.090390 -0.300583
0.930641 0.092486 -0.354052
0.911554 0.093708 -0.400360
0.893237 0.094504 -0.439540
0.876658 0.095327 -0.471576
0.862525 0.096605 -0.496707
0.851437 0.098706 -0.515085
0.843780 0.101910 -0.526925
0.839662 0.106424 -0.532579
0.839010 0.112324 -0.532396
0.841532 0.119572 -0.526807
0.846794 0.128081 -0.516270
0.854242 0.137649 -0.501322
0.863332 0.148104 -0.482414
0.873358 0.159085 -0.460367
0.883997 0.170657 -0.435231
0.894594 0.182518 -0.407907
0.905006 0.194926 -0.378111
0.914819 0.207820 -0.346291
0.923930 0.221504 -0.311913
0.932053 0.236037 -0.274889
0.938933 0.251518 -0.234826
0.944246 0.267975 -0.191281
0.947594 0.285516 -0.143338
0.948370 0.303800 -0.091102
0.945887 0.322719 -0.033899
0.939353 0.341808 0.027974
0.927951 0.360599 0.094211
0.910792 0.378635 0.164603
0.887305 0.395166 0.237768
0.857048 0.409573 0.312600
0.819945 0.421230 0.387628
0.776439 0.429588 0.461083
0.727403 0.434298 0.531291
0.674114 0.435258 0.596759
0.618015 0.432636 0.656417
0.560756 0.426849 0.709473
0.503811 0.418511 0.755660
0.448424 0.408351 0.795088
0.395536 0.397143 0.828147
0.345803 0.385641 0.855396
0.299608 0.374531 0.877475
0.256751 0.364304 0.895188
0.217574 0.355506 0.908998
0.181304 0.348331 0.919671
0.148571 0.343160 0.927452
0.118379 0.339992 0.932948
0.090847 0.338919 0.936419
0.066537 0.339968 0.938080
0.045555 0.343106 0.938191
0.027945 0.348356 0.936946
0.014752 0.355526 0.934550
0.006278 0.364734 0.931090
0.003146 0.375962 0.926630
0.005851 0.389212 0.921130
0.014643 0.404325 0.914498
0.029875 0.421682 0.906251
0.051342 0.441034 0.896021
0.078827 0.462250 0.883239
0.111985 0.485097 0.867260
0.150366 0.509210 0.847405
0.193920 0.534369 0.822706
0.240952 0.559316 0.793163
0.291909 0.583889 0.757537
0.345367 0.606870 0.715843
0.399769 0.627083 0.668545
0.455428 0.644073 0.614619
0.510565 0.656705 0.555034
0.564103 0.664277 0.490432
0.615026 0.666295 0.421656
0.662405 0.662496 0.349741
0.705455 0.652868 0.275855
0.743154 0.637848 0.202167
0.776053 0.617519 0.128109
0.803194 0.593017 0.056658
0.825063 0.564913 -0.012043
0.841714 0.534501 -0.076330
0.853817 0.502392 -0.136374
0.861784 0.469947 -0.190991
0.866388 0.437218 -0.241273
0.868122 0.405792 -0.285827
0.867689 0.375895 -0.325296
0.865699 0.347983 -0.359823
0.862673 0.321996 -0.390017
0.859038 0.297766 -0.416400
0.855203 0.275340 -0.439107
0.851485 0.254430 -0.458518
0.848155 0.234741 -0.474900
0.845465 0.216000 -0.488399
0.843673 0.197969 -0.499024
0.843077 0.180607 -0.506560
0.843995 0.163785 -0.510732
0.846759 0.147654 -0.511074
0.851683 0.132300 -0.507083
0.858992 0.117865 -0.498237
0.868740 0.104560 -0.484105
0.880782 0.092543 -0.464391
0.894706 0.081950 -0.439074
0.909869 0.072828 -0.408454
0.925438 0.065150 -0.373256
0.940465 0.058827 -0.334762
0.954116 0.053695 -0.294585
0.965681 0.049601 -0.254952
0.974833 0.046376 -0.218062
0.981488 0.043923 -0.186420
0.985887 0.042173 -0.162016
0.988322 0.041124 -0.146723
0.989100 0.040772 -0.141486
