# vtk DataFile Version 2.0
VTK example
ASCII
DATASET UNSTRUCTURED_GRID
POINTS  128  float
-0.000425 -0.000120 -0.000164
-0.000418 -0.000120 -0.000157
-0.000412 -0.000120 -0.000151
-0.000405 -0.000119 -0.000146
-0.000398 -0.000119 -0.000140
-0.000390 -0.000119 -0.000135
-0.000383 -0.000119 -0.000130
-0.000375 -0.000118 -0.000126
-0.000366 -0.000118 -0.000122
-0.000358 -0.000118 -0.000119
-0.000349 -0.000118 -0.000117
-0.000340 -0.000118 -0.000115
-0.000331 -0.000118 -0.000114
-0.000322 -0.000117 -0.000114
-0.000313 -0.000117 -0.000114
-0.000304 -0.000117 -0.000115
-0.000295 -0.000116 -0.000116
-0.000287 -0.000116 -0.000119
-0.000278 -0.000115 -0.000121
-0.000269 -0.000114 -0.000125
-0.000261 -0.000113 -0.000128
-0.000253 -0.000112 -0.000132
-0.000245 -0.000111 -0.000136
-0.000237 -0.000110 -0.000140
-0.000229 -0.000109 -0.000145
-0.000222 -0.000108 -0.000149
-0.000214 -0.000106 -0.000154
-0.000206 -0.000105 -0.000159
-0.000199 -0.000104 -0.000163
-0.000191 -0.000102 -0.000168
-0.000183 -0.000101 -0.000172
-0.000175 -0.000100 -0.000176
-0.000167 -0.000098 -0.000180
-0.000159 -0.000097 -0.000184
-0.000151 -0.000095 -0.000187
-0.000142 -0.000094 -0.000190
-0.000134 -0.000092 -0.000193
-0.000125 -0.000090 -0.000195
-0.000117 -0.000088 -0.000197
-0.000108 -0.000085 -0.000199
-0.000099 -0.000083 -0.000200
-0.000091 -0.000080 -0.000200
-0.000082 -0.000077 -0.000201
-0.000074 -0.000074 -0.000200
-0.000065 -0.000071 -0.000199
-0.000057 -0.000067 -0.000198
-0.000049 -0.000064 -0.000196
-0.000041 -0.000060 -0.000193
-0.000034 -0.000056 -0.000190
-0.000026 -0.000052 -0.000187
-0.000020 -0.000048 -0.000182
-0.000013 -0.000044 -0.000178
-0.000007 -0.000040 -0.000172
-0.000002 -0.000036 -0.000166
0.000003 -0.000032 -0.000160
0.000008 -0.000028 -0.000153
0.000012 -0.000024 -0.000146
0.000015 -0.000020 -0.000138
0.000018 -0.000017 -0.000130
0.000020 -0.000013 -0.000122
0.000022 -0.000010 -0.000114
0.000023 -0.000007 -0.000106
0.000024 -0.000004 -0.000097
0.000024 -0.000001 -0.000089
0.000025 0.000002 -0.000080
0.000025 0.000005 -0.000071
0.000025 0.000008 -0.000063
0.000025 0.000011 -0.000054
0.000024 0.000014 -0.000046
0.000024 0.000017 -0.000037
0.000024 0.000021 -0.000029
0.000024 0.000024 -0.000020
0.000024 0.000028 -0.000012
0.000024 0.000032 -0.000004
0.000024 0.000036 0.000004
0.000025 0.000040 0.000012
0.000026 0.000045 0.000020
0.000027 0.000050 0.000027
0.000029 0.000055 0.000034
0.000031 0.000060 0.000041
0.000034 0.000066 0.000048
0.000037 0.000072 0.000054
0.000041 0.000078 0.000060
0.000045 0.000084 0.000065
0.000050 0.000090 0.000070
0.000055 0.000096 0.000074
0.000061 0.000102 0.000077
0.000067 0.000108 0.000080
0.000074 0.000114 0.000083
0.000081 0.000119 0.000084
0.000088 0.000125 0.000086
0.000095 0.000130 0.000086
0.000103 0.000135 0.000086
0.000111 0.000139 0.000086
0.000118 0.000144 0.000084
0.000126 0.000148 0.000083
0.000134 0.000151 0.000081
0.000142 0.000155 0.000079
0.000150 0.000158 0.000076
0.000158 0.000161 0.000073
0.000166 0.000164 0.000070
0.000174 0.000166 0.000066
0.000182 0.000169 0.000062
0.000190 0.000171 0.000058
0.000198 0.000172 0.000054
0.000206 0.000174 0.000050
0.000214 0.000176 0.000046
0.000222 0.000177 0.000042
0.000230 0.000178 0.000037
0.000237 0.000179 0.000033
0.000246 0.000181 0.000029
0.000254 0.000182 0.000025
0.000262 0.000182 0.000021
0.000270 0.000183 0.000018
0.000278 0.000184 0.000014
0.000287 0.000185 0.000011
0.000295 0.000186 0.000009
0.000304 0.000186 0.000006
0.000313 0.000187 0.000004
0.000322 0.000188 0.000002
0.000331 0.000188 0.000001
0.000340 0.000189 -0.000001
0.000349 0.000190 -0.000002
0.000358 0.000190 -0.000002
0.000367 0.000191 -0.000003
0.000376 0.000192 -0.000004
0.000385 0.000192 -0.000004
0.000394 0.000193 -0.000004
CELLS  127 381
2 0 1 
2 1 2 
2 2 3 
2 3 4 
2 4 5 
2 5 6 
2 6 7 
2 7 8 
2 8 9 
2 9 10 
2 10 11 
2 11 12 
2 12 13 
2 13 14 
2 14 15 
2 15 16 
2 16 17 
2 17 18 
2 18 19 
2 19 20 
2 20 21 
2 21 22 
2 22 23 
2 23 24 
2 24 25 
2 25 26 
2 26 27 
2 27 28 
2 28 29 
2 29 30 
2 30 31 
2 31 32 
2 32 33 
2 33 34 
2 34 35 
2 35 36 
2 36 37 
2 37 38 
2 38 39 
2 39 40 
2 40 41 
2 41 42 
2 42 43 
2 43 44 
2 44 45 
2 45 46 
2 46 47 
2 47 48 
2 48 49 
2 49 50 
2 50 51 
2 51 52 
2 52 53 
2 53 54 
2 54 55 
2 55 56 
2 56 57 
2 57 58 
2 58 59 
2 59 60 
2 60 61 
2 61 62 
2 62 63 
2 63 64 
2 64 65 
2 65 66 
2 66 67 
2 67 68 
2 68 69 
2 69 70 
2 70 71 
2 71 72 
2 72 73 
2 73 74 
2 74 75 
2 75 76 
2 76 77 
2 77 78 
2 78 79 
2 79 80 
2 80 81 
2 81 82 
2 82 83 
2 83 84 
2 84 85 
2 85 86 
2 86 87 
2 87 88 
2 88 89 
2 89 90 
2 90 91 
2 91 92 
2 92 93 
2 93 94 
2 94 95 
2 95 96 
2 96 97 
2 97 98 
2 98 99 
2 99 100 
2 100 101 
2 101 102 
2 102 103 
2 103 104 
2 104 105 
2 105 106 
2 106 107 
2 107 108 
2 108 109 
2 109 110 
2 110 111 
2 111 112 
2 112 113 
2 113 114 
2 114 115 
2 115 116 
2 116 117 
2 117 118 
2 118 119 
2 119 120 
2 120 121 
2 121 122 
2 122 123 
2 123 124 
2 124 125 
2 125 126 
2 126 127 
CELL_TYPES  127
3
3
3
3
3
3
3
3
3
3
3
3
3
3
3
3
3
3
3
3
3
3
3
3
3
3
3
3
3
3
3
3
3
3
3
3
3
3
3
3
3
3
3
3
3
3
3
3
3
3
3
3
3
3
3
3
3
3
3
3
3
3
3
3
3
3
3
3
3
3
3
3
3
3
3
3
3
3
3
3
3
3
3
3
3
3
3
3
3
3
3
3
3
3
3
3
3
3
3
3
3
3
3
3
3
3
3
3
3
3
3
3
3
3
3
3
3
3
3
3
3
3
3
3
3
3
3
POINT_DATA  128
VECTORS Position float
-0.000425 -0.000120 -0.000164
-0.000418 -0.000120 -0.000157
-0.000412 -0.000120 -0.000151
-0.000405 -0.000119 -0.000146
-0.000398 -0.000119 -0.000140
-0.000390 -0.000119 -0.000135
-0.000383 -0.000119 -0.000130
-0.000375 -0.000118 -0.000126
-0.000366 -0.000118 -0.000122
-0.000358 -0.000118 -0.000119
-0.000349 -0.000118 -0.000117
-0.000340 -0.000118 -0.000115
-0.000331 -0.000118 -0.000114
-0.000322 -0.000117 -0.000114
-0.000313 -0.000117 -0.000114
-0.000304 -0.000117 -0.000115
-0.000295 -0.000116 -0.000116
-0.000287 -0.000116 -0.000119
-0.000278 -0.000115 -0.000121
-0.000269 -0.000114 -0.000125
-0.000261 -0.000113 -0.000128
-0.000253 -0.000112 -0.000132
-0.000245 -0.000111 -0.000136
-0.000237 -0.000110 -0.000140
-0.000229 -0.000109 -0.000145
-0.000222 -0.000108 -0.000149
-0.000214 -0.000106 -0.000154
-0.000206 -0.000105 -0.000159
-0.000199 -0.000104 -0.000163
-0.000191 -0.000102 -0.000168
-0.000183 -0.000101 -0.000172
-0.000175 -0.000100 -0.000176
-0.000167 -0.000098 -0.000180
-0.000159 -0.000097 -0.000184
-0.000151 -0.000095 -0.000187
-0.000142 -0.000094 -0.000190
-0.000134 -0.000092 -0.000193
-0.000125 -0.000090 -0.000195
-0.000117 -0.000088 -0.000197
-0.000108 -0.000085 -0.000199
-0.000099 -0.000083 -0.000200
-0.000091 -0.000080 -0.000200
-0.000082 -0.000077 -0.000201
-0.000074 -0.000074 -0.000200
-0.000065 -0.000071 -0.000199
-0.000057 -0.000067 -0.000198
-0.000049 -0.000064 -0.000196
-0.000041 -0.000060 -0.000193
-0.000034 -0.000056 -0.000190
-0.000026 -0.000052 -0.000187
-0.000020 -0.000048 -0.000182
-0.000013 -0.000044 -0.000178
-0.000007 -0.000040 -0.000172
-0.000002 -0.000036 -0.000166
0.000003 -0.000032 -0.000160
0.000008 -0.000028 -0.000153
0.000012 -0.000024 -0.000146
0.000015 -0.000020 -0.000138
0.000018 -0.000017 -0.000130
0.000020 -0.000013 -0.000122
0.000022 -0.000010 -0.000114
0.000023 -0.000007 -0.000106
0.000024 -0.000004 -0.000097
0.000024 -0.000001 -0.000089
0.000025 0.000002 -0.000080
0.000025 0.000005 -0.000071
0.000025 0.000008 -0.000063
0.000025 0.000011 -0.000054
0.000024 0.000014 -0.000046
0.000024 0.000017 -0.000037
0.000024 0.000021 -0.000029
0.000024 0.000024 -0.000020
0.000024 0.000028 -0.000012
0.000024 0.000032 -0.000004
0.000024 0.000036 0.000004
0.000025 0.000040 0.000012
0.000026 0.000045 0.000020
0.000027 0.000050 0.000027
0.000029 0.000055 0.000034
0.000031 0.000060 0.000041
0.000034 0.000066 0.000048
0.000037 0.000072 0.000054
0.000041 0.000078 0.000060
0.000045 0.000084 0.000065
0.000050 0.000090 0.000070
0.000055 0.000096 0.000074
0.000061 0.000102 0.000077
0.000067 0.000108 0.000080
0.000074 0.000114 0.000083
0.000081 0.000119 0.000084
0.000088 0.000125 0.000086
0.000095 0.000130 0.000086
0.000103 0.000135 0.000086
0.000111 0.000139 0.000086
0.000118 0.000144 0.000084
0.000126 0.000148 0.000083
0.000134 0.000151 0.000081
0.000142 0.000155 0.000079
0.000150 0.000158 0.000076
0.000158 0.000161 0.000073
0.000166 0.000164 0.000070
0.000174 0.000166 0.000066
0.000182 0.000169 0.000062
0.000190 0.000171 0.000058
0.000198 0.000172 0.000054
0.000206 0.000174 0.000050
0.000214 0.000176 0.000046
0.000222 0.000177 0.000042
0.000230 0.000178 0.000037
0.000237 0.000179 0.000033
0.000246 0.000181 0.000029
0.000254 0.000182 0.000025
0.000262 0.000182 0.000021
0.000270 0.000183 0.000018
0.000278 0.000184 0.000014
0.000287 0.000185 0.000011
0.000295 0.000186 0.000009
0.000304 0.000186 0.000006
0.000313 0.000187 0.000004
0.000322 0.000188 0.000002
0.000331 0.000188 0.000001
0.000340 0.000189 -0.000001
0.000349 0.000190 -0.000002
0.000358 0.000190 -0.000002
0.000367 0.000191 -0.000003
0.000376 0.000192 -0.000004
0.000385 0.000192 -0.000004
0.000394 0.000193 -0.000004
VECTORS Rotation float
0.608992 0.038791 -0.830355
0.609644 0.038192 -0.836892
0.611546 0.036436 -0.856369
0.614561 0.033683 -0.888063
0.618504 0.030199 -0.930716
0.623143 0.026305 -0.983175
0.628244 0.022392 -1.044130
0.633593 0.018893 -1.112185
0.639090 0.016310 -1.184654
0.644618 0.015028 -1.260951
0.650179 0.015410 -1.339214
0.655815 0.017709 -1.417845
0.661580 0.022072 -1.496016
0.667548 0.028525 -1.572914
0.673804 0.036884 -1.646924
0.680381 0.046946 -1.717742
0.687285 0.058305 -1.784409
0.694471 0.070484 -1.846222
0.701847 0.082938 -1.902548
0.709268 0.095065 -1.952701
0.716577 0.106373 -1.996464
0.723585 0.116310 -2.033226
0.730124 0.124538 -2.062838
0.736056 0.130893 -2.085328
0.741284 0.135387 -2.100769
0.745749 0.138270 -2.109447
0.749436 0.139958 -2.111670
0.752361 0.141019 -2.107825
0.754520 0.142107 -2.098297
0.755926 0.143881 -2.083482
0.756577 0.146941 -2.063777
0.756399 0.151808 -2.039435
0.755338 0.158850 -2.010832
0.753259 0.168341 -1.978165
0.750185 0.180225 -1.942291
0.745805 0.194700 -1.902856
0.740193 0.211318 -1.860989
0.732984 0.230146 -1.816165
0.724185 0.250598 -1.769196
0.713459 0.272523 -1.719626
0.700715 0.295325 -1.667798
0.685768 0.318522 -1.613658
0.668431 0.341614 -1.557070
0.648291 0.364328 -1.497199
0.625352 0.385926 -1.434337
0.599221 0.406104 -1.367580
0.569889 0.424272 -1.296955
0.537335 0.439970 -1.222293
0.501493 0.452836 -1.143143
0.462860 0.462372 -1.060233
0.421872 0.468263 -0.973908
0.379222 0.470264 -0.884936
0.335870 0.468281 -0.794567
0.292856 0.462431 -0.704201
0.251231 0.453061 -0.615349
0.211890 0.440720 -0.529356
0.175624 0.426161 -0.447620
0.142931 0.410239 -0.371181
0.114068 0.393852 -0.300816
0.089072 0.377877 -0.237039
0.067826 0.363125 -0.180161
0.050110 0.350315 -0.130329
0.035530 0.339953 -0.087201
0.023931 0.332613 -0.051081
0.014865 0.328559 -0.021271
0.008354 0.328153 0.001716
0.004041 0.331570 0.018620
0.001907 0.338932 0.029419
0.002051 0.350123 0.034016
0.004550 0.365100 0.032518
0.009567 0.383998 0.024856
0.017344 0.406031 0.011191
0.028271 0.431330 -0.008858
0.042770 0.459458 -0.035466
0.061336 0.489917 -0.068883
0.084354 0.521759 -0.108983
0.112858 0.555115 -0.157197
0.147326 0.588782 -0.213495
0.188428 0.621822 -0.278376
0.236742 0.653147 -0.352255
0.292598 0.681521 -0.435281
0.356565 0.705895 -0.528257
0.426601 0.724383 -0.627961
0.502809 0.736321 -0.735197
0.582396 0.740673 -0.846409
0.662023 0.737187 -0.957473
0.740853 0.725982 -1.068283
0.815795 0.707766 -1.174995
0.885237 0.683592 -1.275801
0.948282 0.654696 -1.369668
1.004632 0.622350 -1.456204
1.054434 0.587729 -1.535491
1.097704 0.552293 -1.607024
1.135823 0.515967 -1.673064
1.168639 0.480226 -1.732486
1.197042 0.445079 -1.786509
1.221318 0.411264 -1.834842
1.242140 0.378580 -1.878367
1.259776 0.347600 -1.916750
1.274831 0.317684 -1.951078
1.287446 0.289743 -1.980546
1.298016 0.263581 -2.005590
1.306819 0.239395 -2.026185
1.314118 0.217097 -2.042506
1.320122 0.196640 -2.054607
1.325023 0.178233 -2.062330
1.328973 0.161822 -2.065637
1.332100 0.147321 -2.064472
1.334504 0.134603 -2.058790
1.336256 0.123501 -2.048551
1.337437 0.113913 -2.033823
1.338074 0.105646 -2.014630
1.338237 0.098630 -1.991311
1.337954 0.092743 -1.964193
1.337257 0.087881 -1.933757
1.336191 0.083946 -1.900723
1.334797 0.080806 -1.865854
1.333128 0.078306 -1.830054
1.331246 0.076267 -1.794251
1.329226 0.074508 -1.759393
1.327161 0.072879 -1.726480
1.325139 0.071277 -1.696319
1.323263 0.069679 -1.669772
1.321610 0.068125 -1.647357
1.320257 0.066720 -1.629609
1.319252 0.065586 -1.616731
1.318637 0.064852 -1.608987
1.318430 0.064596 -1.606390
VECTORS ControlForce float
0.000000 0.000000 0.000000
-0.000408 -0.000157 0.000096
-0.000789 -0.000305 0.000182
-0.001096 -0.000420 0.000228
-0.001302 -0.000489 0.000222
-0.001412 -0.000525 0.000185
-0.001425 -0.000528 0.000133
-0.001357 -0.000507 0.000077
-0.001226 -0.000471 0.000019
-0.001065 -0.000440 -0.000029
-0.000897 -0.000426 -0.000064
-0.000723 -0.000425 -0.000091
-0.000558 -0.000444 -0.000105
-0.000424 -0.000497 -0.000108
-0.000311 -0.000574 -0.000112
-0.000221 -0.000663 -0.000121
-0.000141 -0.000743 -0.000136
-0.000060 -0.000785 -0.000154
0.000016 -0.000774 -0.000171
0.000082 -0.000696 -0.000180
0.000128 -0.000551 -0.000176
0.000149 -0.000341 -0.000160
0.000135 -0.000088 -0.000137
0.000087 0.000175 -0.000107
0.000006 0.000409 -0.000076
-0.000065 0.000602 -0.000038
-0.000128 0.000721 -0.000006
-0.000177 0.000753 0.000008
-0.000179 0.000728 0.000015
-0.000124 0.000672 0.000017
-0.000038 0.000591 0.000009
0.000075 0.000510 0.000004
0.000197 0.000437 0.000007
0.000285 0.000351 0.000008
0.000340 0.000256 0.000003
0.000390 0.000176 0.000005
0.000406 0.000086 -0.000001
0.000391 -0.000010 -0.000007
0.000353 -0.000100 -0.000009
0.000292 -0.000181 -0.000003
0.000222 -0.000242 0.000009
0.000136 -0.000290 0.000025
0.000028 -0.000329 0.000049
-0.000083 -0.000350 0.000090
-0.000144 -0.000319 0.000141
-0.000156 -0.000245 0.000196
-0.000142 -0.000158 0.000249
-0.000102 -0.000065 0.000297
-0.000017 0.000038 0.000332
0.000100 0.000141 0.000348
0.000239 0.000239 0.000340
0.000387 0.000331 0.000305
0.000507 0.000400 0.000251
0.000584 0.000441 0.000185
0.000619 0.000461 0.000106
0.000603 0.000451 0.000029
0.000553 0.000428 -0.000052
0.000467 0.000388 -0.000120
0.000355 0.000333 -0.000164
0.000240 0.000277 -0.000192
0.000133 0.000222 -0.000203
0.000049 0.000173 -0.000210
-0.000005 0.000137 -0.000221
-0.000034 0.000103 -0.000235
-0.000044 0.000070 -0.000253
-0.000045 0.000031 -0.000279
-0.000049 -0.000019 -0.000287
-0.000059 -0.000081 -0.000273
-0.000077 -0.000150 -0.000253
-0.000100 -0.000211 -0.000227
-0.000120 -0.000247 -0.000198
-0.000130 -0.000260 -0.000171
-0.000129 -0.000264 -0.000123
-0.000120 -0.000266 -0.000055
-0.000109 -0.000269 0.000013
-0.000102 -0.000280 0.000072
-0.000106 -0.000313 0.000138
-0.000125 -0.000344 0.000187
-0.000165 -0.000371 0.000214
-0.000227 -0.000393 0.000222
-0.000301 -0.000393 0.000211
-0.000378 -0.000364 0.000186
-0.000455 -0.000325 0.000150
-0.000522 -0.000280 0.000116
-0.000565 -0.000221 0.000075
-0.000572 -0.000140 0.000025
-0.000558 -0.000076 -0.000003
-0.000514 -0.000012 -0.000016
-0.000447 0.000045 -0.000017
-0.000369 0.000071 -0.000006
-0.000288 0.000058 0.000012
-0.000194 0.000037 0.000030
-0.000103 -0.000007 0.000048
-0.000027 -0.000065 0.000076
0.000034 -0.000111 0.000101
0.000068 -0.000150 0.000120
0.000087 -0.000157 0.000131
0.000094 -0.000132 0.000142
0.000079 -0.000110 0.000154
0.000051 -0.000091 0.000173
0.000021 -0.000077 0.000184
0.000001 -0.000066 0.000180
-0.000011 -0.000081 0.000161
-0.000003 -0.000090 0.000147
0.000017 -0.000109 0.000142
0.000050 -0.000121 0.000140
0.000090 -0.000112 0.000138
0.000124 -0.000096 0.000129
0.000141 -0.000078 0.000112
0.000148 -0.000022 0.000097
0.000152 0.000080 0.000088
0.000154 0.000197 0.000078
0.000169 0.000336 0.000065
0.000204 0.000481 0.000046
0.000249 0.000591 0.000017
0.000300 0.000672 -0.000017
0.000348 0.000734 -0.000053
0.000376 0.000767 -0.000088
0.000375 0.000780 -0.000118
0.000334 0.000762 -0.000143
0.000257 0.000710 -0.000161
0.000154 0.000609 -0.000171
0.000050 0.000474 -0.000170
-0.000032 0.000332 -0.000154
-0.000075 0.000213 -0.000127
-0.000077 0.000123 -0.000089
-0.000048 0.000051 -0.000048
-0.000000 -0.000000 -0.000000
VECTORS ControlTorque float
-0.000000 -0.000005 0.000001
-0.000000 -0.000005 0.000001
0.000000 -0.000005 0.000001
0.000000 -0.000004 0.000000
0.000000 -0.000004 0.000000
0.000000 -0.000003 0.000000
0.000000 -0.000004 -0.000000
0.000000 -0.000001 -0.000000
0.000000 -0.000002 -0.000001
0.000000 -0.000001 -0.000001
0.000000 0.000000 -0.000001
0.000000 0.000000 -0.000001
0.000000 0.000000 -0.000001
-0.000000 0.000002 -0.000001
-0.000000 0.000001 -0.000001
-0.000000 0.000002 -0.000001
-0.000000 0.000002 -0.000000
-0.000000 0.000002 -0.000000
-0.000000 0.000003 0.000000
-0.000000 0.000002 0.000000
-0.000000 0.000003 0.000001
-0.000000 0.000003 0.000001
0.000000 0.000003 0.000001
0.000000 0.000003 0.000001
0.000000 0.000003 0.000001
-0.000000 0.000003 0.000001
-0.000000 0.000002 0.000000
-0.000000 0.000002 0.000000
-0.000000 0.000002 -0.000000
-0.000001 0.000002 -0.000000
-0.000001 0.000002 -0.000001
-0.000001 0.000002 -0.000001
-0.000001 0.000002 -0.000001
-0.000000 0.000001 -0.000001
-0.000001 0.000002 -0.000001
-0.000000 0.000000 -0.000001
-0.000001 0.000002 -0.000001
-0.000000 0.000000 -0.000001
-0.000001 0.000001 -0.000001
-0.000000 0.000000 -0.000000
-0.000000 0.000001 -0.000000
-0.000000 0.000000 -0.000000
-0.000001 0.000001 -0.000001
-0.000000 0.000000 0.000000
-0.000001 0.000001 -0.000000
-0.000000 0.000001 0.000000
-0.000001 0.000001 0.000000
-0.000001 0.000001 -0.000000
-0.000001 0.000001 0.000000
-0.000001 0.000001 -0.000000
-0.000001 0.000001 -0.000000
-0.000000 0.000000 0.000000
-0.000000 0.000000 0.000000
0.000000 -0.000000 0.000000
0.000000 -0.000001 0.000000
0.000001 -0.000001 0.000000
0.000001 -0.000001 0.000000
0.000001 -0.000002 0.000001
0.000001 -0.000002 0.000001
0.000001 -0.000002 0.000001
0.000001 -0.000002 0.000001
0.000001 -0.000002 0.000001
0.000002 -0.000003 0.000001
0.000001 -0.000002 0.000001
0.000002 -0.000003 0.000001
0.000002 -0.000002 0.000001
0.000002 -0.000002 0.000001
0.000002 -0.000002 0.000001
0.000001 -0.000002 0.000001
0.000002 -0.000002 0.000001
0.000001 -0.000002 0.000001
0.000002 -0.000002 0.000001
0.000001 -0.000002 0.000001
0.000001 -0.000002 0.000001
0.000000 -0.000001 0.000001
0.000002 -0.000002 0.000001
0.000001 -0.000001 0.000001
0.000001 -0.000002 0.000001
0.000001 -0.000002 0.000001
0.000000 -0.000001 0.000001
0.000001 -0.000002 0.000002
-0.000001 0.000000 0.000000
0.000001 -0.000002 0.000002
-0.000000 -0.000001 0.000001
-0.000001 0.000001 -0.000000
0.000001 -0.000001 0.000001
-0.000001 0.000001 -0.000000
-0.000000 0.000000 0.000000
-0.000000 0.000001 -0.000000
-0.000001 0.000001 -0.000000
-0.000000 0.000001 -0.000000
-0.000001 0.000002 -0.000001
0.000000 -0.000000 0.000000
-0.000001 0.000002 -0.000002
-0.000000 0.000000 -0.000000
-0.000001 0.000002 -0.000001
-0.000000 0.000001 -0.000000
-0.000001 0.000002 -0.000001
-0.000000 0.000000 0.000000
-0.000001 0.000002 -0.000001
-0.000001 0.000001 -0.000000
-0.000001 0.000002 -0.000001
-0.000001 0.000001 -0.000001
-0.000001 0.000002 -0.000000
-0.000001 0.000002 -0.000001
-0.000001 0.000002 -0.000001
-0.000001 0.000002 -0.000001
-0.000001 0.000002 -0.000001
-0.000001 0.000002 -0.000000
-0.000001 0.000002 -0.000000
-0.000000 0.000002 -0.000000
-0.000000 0.000002 -0.000000
-0.000000 0.000002 -0.000000
-0.000000 0.000001 -0.000000
-0.000000 0.000001 -0.000000
-0.000000 0.000001 -0.000000
-0.000000 0.000000 -0.000000
-0.000000 -0.000000 -0.000000
-0.000000 -0.000000 -0.000000
-0.000000 -0.000001 -0.000000
0.000000 -0.000001 -0.000000
0.000000 -0.000002 -0.000000
0.000000 -0.000002 -0.000000
0.000000 -0.000002 -0.000000
0.000000 -0.000002 -0.000000
0.000000 -0.000002 -0.000000
0.000000 -0.000002 -0.000000
0.000000 -0.000002 -0.000000
VECTORS Curvature float
-205.373536 361.618553 -25.774938
-662.249816 1160.812172 -80.588302
-1447.862999 2513.903439 -173.225513
-2090.786053 3570.057833 -248.241641
-2711.474775 4523.203616 -317.393563
-3297.360422 5338.759037 -375.064269
-3889.577095 6069.925937 -420.661959
-4337.545466 6487.544167 -453.877335
-4720.753912 6720.782091 -474.528634
-5119.648671 6903.894956 -484.059567
-5367.158183 6818.711238 -483.156949
-5559.618086 6627.753829 -473.598190
-5759.738471 6419.643407 -457.307525
-5817.932330 6052.471633 -435.774544
-5783.772064 5605.958120 -411.886149
-5714.152554 5164.500357 -387.129866
-5510.731689 4650.323346 -364.163906
-5229.391076 4134.080549 -344.766320
-4826.181117 3592.217839 -330.379148
-4357.312196 3073.480060 -322.247773
-3807.673711 2567.723644 -320.114580
-3160.685927 2056.930506 -323.954897
-2503.650124 1586.774095 -332.368483
-1833.421295 1134.614952 -343.810269
-1183.359984 697.897637 -356.476633
-580.658297 268.525332 -368.556899
-37.607598 -166.244893 -378.551290
426.521251 -611.630609 -385.352026
811.110729 -1077.077514 -388.365754
1108.729903 -1548.971001 -387.475771
1340.431075 -2045.045179 -382.920018
1508.564072 -2544.186864 -375.225518
1641.231515 -3079.246853 -364.735301
1692.709763 -3523.514588 -352.237851
1729.951683 -3999.377596 -336.835257
1730.908056 -4408.487562 -319.850278
1705.912833 -4771.824310 -298.813515
1690.120078 -5131.100382 -275.286708
1660.245407 -5413.104045 -246.562608
1662.814264 -5722.829307 -213.956967
1661.703269 -5925.842445 -176.042451
1682.216213 -6085.921226 -133.449506
1761.381247 -6326.841780 -86.019802
1865.757015 -6534.788408 -36.468031
1999.467138 -6718.402240 15.841216
2181.113828 -6973.567085 67.383384
2356.721416 -7146.014777 117.207185
2574.207765 -7414.598342 163.075351
2786.065344 -7669.648510 202.337229
2967.346357 -7857.997333 234.056763
3143.152191 -8071.528914 256.525338
3276.394715 -8221.409749 269.169148
3355.898206 -8287.012967 271.904022
3374.454437 -8254.224155 265.189582
3335.226141 -8129.544844 249.833221
3232.130918 -7897.712731 227.178912
3062.326926 -7547.872977 198.518309
2839.485313 -7112.167875 165.455925
2567.264971 -6597.590917 129.548958
2253.843419 -6024.324363 92.272973
1896.671084 -5378.699532 54.864284
1529.313965 -4759.637144 18.156605
1129.196075 -4079.895275 -16.922735
715.707612 -3430.975843 -50.499071
292.628359 -2753.842541 -82.486234
-146.541310 -2060.561761 -113.237368
-593.098848 -1466.253686 -143.120853
-1031.363858 -803.485760 -172.594814
-1425.815633 -162.852934 -202.188469
-1883.887244 468.382883 -232.198743
-2278.001029 1069.011502 -262.433864
-2627.021867 1652.477420 -293.151779
-3030.084503 2258.008100 -323.704184
-3399.999504 2856.709711 -353.715141
-3648.944963 3347.614594 -381.785009
-3938.173324 3889.438926 -409.750039
-4273.914704 4483.110078 -433.363620
-4474.080597 4957.681322 -454.522994
-4676.120483 5450.249646 -472.076508
-4801.017492 5867.054861 -485.723046
-5015.548138 6426.526238 -497.292394
-5066.213324 6769.519200 -503.231418
-5058.462691 7062.501316 -510.752080
-5176.859172 7508.180456 -514.589175
-5000.548780 7508.934427 -519.741756
-4916.703939 7631.214634 -523.950895
-4900.193127 7798.637841 -528.214194
-4736.627402 7697.459782 -531.047501
-4597.653225 7577.535205 -531.760195
-4439.023053 7371.726071 -529.891609
-4310.087761 7167.014631 -524.641537
-4077.481886 6748.091536 -518.400316
-3939.881691 6475.713716 -506.145420
-3804.040638 6191.006183 -496.992010
-3572.401696 5775.232236 -483.017899
-3354.088309 5407.445760 -471.408175
-3103.690857 5035.398562 -457.830495
-2826.552200 4658.785856 -446.979204
-2566.824898 4363.335085 -434.876103
-2292.821525 4074.821802 -426.302612
-1925.286557 3661.466988 -416.951482
-1592.058600 3329.087438 -409.281250
-1233.333414 2973.415396 -401.787425
-886.270981 2678.999961 -394.688067
-511.785475 2355.809205 -387.500435
-114.806113 2008.583772 -379.561326
293.620392 1682.726207 -370.512373
715.321482 1366.857105 -359.805980
1155.131795 1072.468244 -347.024578
1594.157501 789.975443 -331.659830
2041.568208 525.434407 -313.545842
2475.092464 280.348233 -292.278572
2862.760363 50.602541 -267.991967
3225.680240 -156.852125 -240.727927
3521.968753 -340.538438 -210.886680
3738.874218 -494.655553 -179.122902
3871.266468 -613.717399 -146.233314
3904.656546 -691.559092 -113.320959
3847.897135 -727.092407 -81.627416
3682.202795 -717.222917 -52.467866
3428.861910 -669.804107 -27.200507
3083.601574 -590.991922 -6.901488
2666.336252 -492.990945 7.529019
2192.416184 -387.134492 15.834416
1671.665556 -280.995417 18.072928
1141.787369 -183.621974 15.464762
520.377524 -81.297016 7.939507
166.994647 -25.616641 2.611527
VECTORS LocalRotation float
0.650292 -0.111987 0.138870
0.646354 -0.105078 0.138387
0.636839 -0.088507 0.137242
0.620884 -0.061077 0.135342
0.599098 -0.024360 0.132776
0.571802 0.020438 0.129631
0.539246 0.072119 0.126026
0.502205 0.128657 0.122089
0.461050 0.188667 0.117870
0.416559 0.250268 0.113536
0.369133 0.312327 0.109162
0.319547 0.373348 0.104820
0.268240 0.432488 0.100601
0.215983 0.488781 0.096570
0.163367 0.541655 0.092726
0.111340 0.590390 0.089110
0.060527 0.634819 0.085709
0.011897 0.674595 0.082499
-0.033626 0.709573 0.079443
-0.075274 0.739802 0.076483
-0.112169 0.765293 0.073580
-0.143725 0.786236 0.070664
-0.169404 0.802754 0.067688
-0.189044 0.815078 0.064626
-0.202715 0.823382 0.061453
-0.210689 0.827751 0.058175
-0.213483 0.828213 0.054799
-0.211722 0.824689 0.051339
-0.206124 0.817051 0.047839
-0.197432 0.805162 0.044327
-0.186308 0.788838 0.040828
-0.173390 0.768031 0.037390
-0.159115 0.742545 0.034037
-0.144092 0.712791 0.030806
-0.128526 0.678578 0.027672
-0.112946 0.640727 0.024716
-0.097306 0.598952 0.021901
-0.081976 0.554249 0.019309
-0.066761 0.506364 0.016939
-0.051756 0.456082 0.014860
-0.036725 0.403413 0.013096
-0.021574 0.348989 0.011694
-0.005925 0.292583 0.010697
0.010448 0.234522 0.010144
0.027975 0.174426 0.010050
0.046863 0.112566 0.010426
0.067403 0.048656 0.011262
0.089771 -0.017395 0.012533
0.113998 -0.085573 0.014185
0.140069 -0.155936 0.016162
0.167761 -0.228125 0.018386
0.196823 -0.301885 0.020765
0.226846 -0.376614 0.023215
0.257314 -0.451497 0.025646
0.287701 -0.525697 0.027979
0.317422 -0.598228 0.030137
0.345920 -0.668157 0.032065
0.372646 -0.734546 0.033713
0.397130 -0.796629 0.035049
0.418958 -0.853774 0.036053
0.437755 -0.905417 0.036719
0.453294 -0.951403 0.037051
0.465299 -0.991319 0.037056
0.473679 -1.025435 0.036750
0.478219 -1.053278 0.036151
0.478886 -1.075271 0.035257
0.475543 -1.091211 0.034099
0.468244 -1.101409 0.032680
0.457085 -1.105798 0.030978
0.441982 -1.104404 0.028996
0.423266 -1.097490 0.026771
0.400903 -1.085082 0.024238
0.375294 -1.067380 0.021446
0.346306 -1.044322 0.018392
0.314580 -1.016397 0.015082
0.280003 -0.983416 0.011474
0.242990 -0.945679 0.007674
0.203479 -0.903039 0.003664
0.162052 -0.855918 -0.000531
0.119053 -0.804570 -0.004877
0.074435 -0.748693 -0.009345
0.029095 -0.689348 -0.013844
-0.017073 -0.626275 -0.018468
-0.063231 -0.560566 -0.023092
-0.109163 -0.492791 -0.027760
-0.154492 -0.423591 -0.032530
-0.198841 -0.353884 -0.037284
-0.242403 -0.283835 -0.042072
-0.284621 -0.214748 -0.046879
-0.325496 -0.147129 -0.051681
-0.365055 -0.081392 -0.056449
-0.402943 -0.018535 -0.061161
-0.439537 0.041822 -0.065837
-0.474354 0.098772 -0.070347
-0.507803 0.153033 -0.074791
-0.539071 0.203515 -0.079100
-0.568438 0.251005 -0.083325
-0.595266 0.294860 -0.087419
-0.619848 0.335982 -0.091438
-0.641628 0.373800 -0.095298
-0.660728 0.408831 -0.099116
-0.676658 0.440491 -0.102858
-0.689513 0.469165 -0.106548
-0.699136 0.494829 -0.110164
-0.705441 0.517534 -0.113692
-0.708275 0.537269 -0.117160
-0.707465 0.553983 -0.120556
-0.702892 0.567805 -0.123867
-0.694413 0.578863 -0.127071
-0.681974 0.587289 -0.130141
-0.665489 0.593254 -0.133067
-0.645078 0.596895 -0.135805
-0.620896 0.598394 -0.138343
-0.593302 0.597913 -0.140648
-0.562757 0.595661 -0.142693
-0.529878 0.591879 -0.144459
-0.495431 0.586862 -0.145932
-0.460224 0.580952 -0.147107
-0.425124 0.574529 -0.147989
-0.391044 0.567993 -0.148596
-0.358825 0.561708 -0.148957
-0.329354 0.556003 -0.149112
-0.303290 0.551089 -0.149109
-0.281311 0.547108 -0.149003
-0.263799 0.544080 -0.148849
-0.251089 0.541981 -0.148698
-0.243546 0.540779 -0.148592
-0.240441 0.540296 -0.148544
VECTORS q1 float
0.569711 -0.571610 -0.590500
0.565350 -0.572158 -0.594151
0.552241 -0.573753 -0.604845
0.530541 -0.576273 -0.621640
0.500657 -0.579552 -0.643010
0.462961 -0.583389 -0.667327
0.418054 -0.587577 -0.692809
0.366806 -0.591939 -0.717678
0.311299 -0.596386 -0.739876
0.252324 -0.600826 -0.758512
0.191770 -0.605257 -0.772586
0.131422 -0.609710 -0.781653
0.072469 -0.614215 -0.785804
0.015993 -0.618810 -0.785378
-0.036490 -0.623539 -0.780940
-0.084611 -0.628396 -0.773278
-0.127734 -0.633363 -0.763240
-0.165597 -0.638390 -0.751688
-0.198152 -0.643410 -0.739432
-0.225444 -0.648338 -0.727209
-0.247861 -0.653095 -0.715564
-0.265579 -0.657602 -0.705001
-0.278981 -0.661797 -0.695841
-0.288445 -0.665627 -0.688288
-0.294228 -0.669057 -0.682490
-0.296546 -0.672046 -0.678538
-0.295466 -0.674565 -0.676507
-0.290969 -0.676581 -0.676443
-0.282938 -0.678035 -0.678391
-0.271209 -0.678875 -0.682330
-0.255610 -0.679039 -0.688164
-0.235909 -0.678414 -0.695774
-0.212015 -0.676904 -0.704877
-0.183783 -0.674351 -0.715175
-0.151691 -0.670732 -0.726022
-0.115342 -0.665743 -0.737213
-0.075720 -0.659428 -0.747945
-0.032468 -0.651449 -0.757998
0.013437 -0.641831 -0.766728
0.062091 -0.630301 -0.773864
0.112747 -0.616851 -0.778963
0.164972 -0.601413 -0.781720
0.218376 -0.583943 -0.781871
0.273186 -0.564192 -0.779138
0.328592 -0.542328 -0.773245
0.384872 -0.518128 -0.763817
0.441522 -0.491702 -0.750525
0.498264 -0.463102 -0.732986
0.555056 -0.432282 -0.710665
0.611025 -0.399624 -0.683337
0.665644 -0.365391 -0.650698
0.718156 -0.330013 -0.612654
0.767598 -0.294109 -0.569467
0.813063 -0.258367 -0.521704
0.853751 -0.223516 -0.470266
0.889133 -0.190212 -0.416248
0.918874 -0.159095 -0.361052
0.943003 -0.130626 -0.306075
0.961830 -0.105106 -0.252657
0.975891 -0.082678 -0.201993
0.985866 -0.063355 -0.155092
0.992509 -0.047047 -0.112753
0.996603 -0.033489 -0.075236
0.998809 -0.022617 -0.043241
0.999765 -0.014069 -0.016472
0.999959 -0.007908 0.004408
0.999794 -0.003821 0.019934
0.999547 -0.001798 0.030048
0.999395 -0.001927 0.034713
0.999408 -0.004250 0.034136
0.999556 -0.008870 0.028436
0.999710 -0.015933 0.018039
0.999666 -0.025678 0.002964
0.999130 -0.038322 -0.016477
0.997738 -0.054087 -0.039924
0.995100 -0.073043 -0.066637
0.990679 -0.095708 -0.096932
0.983982 -0.122076 -0.129911
0.974468 -0.152253 -0.165017
0.961590 -0.186263 -0.201618
0.944834 -0.224008 -0.238977
0.923494 -0.265644 -0.276753
0.897794 -0.309883 -0.312953
0.866963 -0.357053 -0.347690
0.831389 -0.405928 -0.379494
0.791898 -0.455111 -0.407151
0.748058 -0.504736 -0.430873
0.701083 -0.553352 -0.449761
0.651833 -0.600140 -0.463622
0.601207 -0.644434 -0.472499
0.550092 -0.685730 -0.476627
0.499307 -0.723701 -0.476392
0.450206 -0.757817 -0.472257
0.402076 -0.788820 -0.464863
0.356567 -0.816133 -0.454738
0.313367 -0.840266 -0.442441
0.273221 -0.861208 -0.428568
0.235686 -0.879457 -0.413530
0.201312 -0.895084 -0.397866
0.169181 -0.908658 -0.381731
0.140229 -0.920104 -0.365712
0.114080 -0.929766 -0.350031
0.090817 -0.937829 -0.335005
0.070226 -0.944535 -0.320816
0.052161 -0.950076 -0.307627
0.036769 -0.954584 -0.295665
0.023940 -0.958218 -0.285034
0.013558 -0.961122 -0.275791
0.005480 -0.963419 -0.267945
-0.000454 -0.965213 -0.261464
-0.004347 -0.966590 -0.256291
-0.006367 -0.967617 -0.252343
-0.006613 -0.968351 -0.249506
-0.005223 -0.968833 -0.247660
-0.002342 -0.969099 -0.246661
0.001842 -0.969181 -0.246342
0.007097 -0.969109 -0.246533
0.013129 -0.968911 -0.247059
0.019599 -0.968621 -0.247769
0.026146 -0.968270 -0.248536
0.032405 -0.967891 -0.249272
0.038089 -0.967515 -0.249929
0.042960 -0.967167 -0.250484
0.046913 -0.966865 -0.250939
0.049905 -0.966623 -0.251294
0.051980 -0.966447 -0.251552
0.053185 -0.966340 -0.251709
0.053581 -0.966305 -0.251762
VECTORS q2 float
0.362426 0.819608 -0.443723
0.360251 0.819254 -0.446141
0.353631 0.818218 -0.453281
0.342439 0.816563 -0.464715
0.326571 0.814376 -0.479733
0.305757 0.811767 -0.497541
0.279762 0.808858 -0.517186
0.248449 0.805762 -0.537607
0.212512 0.802532 -0.557477
0.171779 0.799239 -0.575942
0.126996 0.795881 -0.591984
0.079037 0.792427 -0.604825
0.028534 0.788830 -0.613949
-0.023710 0.785023 -0.619013
-0.076188 0.780922 -0.619965
-0.128196 0.776477 -0.616968
-0.178515 0.771658 -0.610472
-0.226121 0.766484 -0.601141
-0.270095 0.761026 -0.589820
-0.309566 0.755412 -0.577513
-0.344131 0.749796 -0.565137
-0.373204 0.744374 -0.553739
-0.396664 0.739321 -0.544116
-0.414606 0.734782 -0.536840
-0.427238 0.730852 -0.532280
-0.434977 0.727569 -0.530507
-0.438301 0.724915 -0.531405
-0.437769 0.722830 -0.534673
-0.433946 0.721256 -0.539890
-0.427396 0.720118 -0.546592
-0.418651 0.719354 -0.554312
-0.408115 0.718947 -0.562634
-0.396211 0.718874 -0.571172
-0.383222 0.719152 -0.579622
-0.369678 0.719714 -0.587665
-0.355555 0.720663 -0.595168
-0.341370 0.721914 -0.601919
-0.326988 0.723585 -0.607867
-0.312690 0.725642 -0.612918
-0.298307 0.728199 -0.617041
-0.283874 0.731290 -0.620186
-0.269280 0.735004 -0.622301
-0.254381 0.739446 -0.623306
-0.238861 0.744797 -0.623075
-0.222712 0.751126 -0.621457
-0.205670 0.758612 -0.618230
-0.187777 0.767311 -0.613166
-0.169104 0.777261 -0.606027
-0.149716 0.788486 -0.596552
-0.130040 0.800825 -0.584611
-0.110416 0.814116 -0.570108
-0.091285 0.828114 -0.553077
-0.073162 0.842485 -0.533729
-0.056518 0.856866 -0.512432
-0.041742 0.870886 -0.489710
-0.029077 0.884217 -0.466171
-0.018658 0.896553 -0.442544
-0.010442 0.907674 -0.419545
-0.004256 0.917437 -0.397859
0.000172 0.925766 -0.378098
0.003177 0.932642 -0.360789
0.005119 0.938085 -0.346366
0.006366 0.942175 -0.335060
0.007231 0.944922 -0.327217
0.007998 0.946404 -0.322887
0.008907 0.946606 -0.322269
0.010102 0.945525 -0.325394
0.011686 0.943109 -0.332280
0.013716 0.939329 -0.342744
0.016156 0.934078 -0.356702
0.018874 0.927132 -0.374260
0.021761 0.918557 -0.394688
0.024565 0.908048 -0.418146
0.027020 0.895473 -0.444294
0.028826 0.880712 -0.472773
0.029736 0.863861 -0.502852
0.029247 0.844433 -0.534862
0.027070 0.822609 -0.567963
0.022865 0.798432 -0.601651
0.016322 0.772024 -0.635384
0.007196 0.743608 -0.668578
-0.004928 0.713163 -0.700980
-0.019585 0.681790 -0.731286
-0.037275 0.649240 -0.759670
-0.057552 0.616351 -0.785366
-0.079747 0.583961 -0.807855
-0.104245 0.551832 -0.827415
-0.130305 0.520694 -0.843741
-0.157538 0.490853 -0.856881
-0.185591 0.462518 -0.866968
-0.214141 0.435830 -0.874183
-0.242887 0.410875 -0.878742
-0.271133 0.387898 -0.880921
-0.299399 0.366529 -0.880918
-0.326605 0.347133 -0.879106
-0.352815 0.329543 -0.875741
-0.377351 0.313856 -0.871264
-0.400239 0.299916 -0.865944
-0.420895 0.287727 -0.860268
-0.439641 0.277069 -0.854370
-0.455758 0.267920 -0.848825
-0.469310 0.260105 -0.843856
-0.480140 0.253481 -0.839770
-0.488234 0.247910 -0.836761
-0.493520 0.243277 -0.835018
-0.495825 0.239453 -0.834757
-0.495028 0.236345 -0.836115
-0.490993 0.233875 -0.839183
-0.483575 0.231983 -0.844002
-0.472621 0.230626 -0.850553
-0.458069 0.229748 -0.858713
-0.439792 0.229342 -0.868323
-0.417958 0.229349 -0.879039
-0.392721 0.229752 -0.890497
-0.364394 0.230530 -0.902260
-0.333538 0.231641 -0.913835
-0.300792 0.233052 -0.924776
-0.266959 0.234716 -0.934688
-0.232901 0.236576 -0.943286
-0.199529 0.238564 -0.950408
-0.167829 0.240592 -0.956007
-0.138618 0.242576 -0.960178
-0.112777 0.244419 -0.963089
-0.090862 0.246043 -0.964991
-0.073444 0.247375 -0.966132
-0.060769 0.248365 -0.966759
-0.053131 0.248971 -0.967053
-0.050567 0.249175 -0.967137
VECTORS q3 float
0.737615 0.038781 0.674106
0.742024 0.038183 0.669285
0.754967 0.036428 0.654750
0.775411 0.033676 0.630558
0.801682 0.030194 0.596988
0.831974 0.026302 0.554191
0.864271 0.022390 0.502528
0.896508 0.018892 0.442625
0.926246 0.016310 0.376567
0.952273 0.015028 0.304877
0.973189 0.015410 0.229491
0.988171 0.017708 0.152332
0.996962 0.022070 0.074692
0.999591 0.028522 -0.002117
0.996426 0.036876 -0.076002
0.988133 0.046929 -0.146256
0.975611 0.058272 -0.211632
0.959920 0.070426 -0.271281
0.942223 0.082843 -0.324581
0.923766 0.094922 -0.371006
0.905615 0.106172 -0.410595
0.888924 0.116048 -0.443110
0.874544 0.124216 -0.468767
0.863077 0.130520 -0.487917
0.854925 0.134974 -0.500884
0.850209 0.137829 -0.508082
0.848877 0.139502 -0.509850
0.850703 0.140552 -0.506507
0.855358 0.141629 -0.498301
0.862426 0.143385 -0.485451
0.871433 0.146413 -0.468154
0.881923 0.151226 -0.446478
0.893346 0.158183 -0.420609
0.905188 0.167547 -0.390594
0.916694 0.179251 -0.357129
0.927511 0.193472 -0.319831
0.936874 0.209749 -0.279772
0.944471 0.228120 -0.236509
0.949760 0.247984 -0.190944
0.952448 0.269162 -0.142809
0.952210 0.291051 -0.092657
0.948827 0.313164 -0.040693
0.942126 0.335008 0.012933
0.931834 0.356321 0.068705
0.917838 0.376417 0.126031
0.899763 0.395033 0.185405
0.877382 0.411657 0.246455
0.850374 0.425912 0.308969
0.818229 0.437518 0.372935
0.780858 0.446072 0.437357
0.738056 0.451337 0.501566
0.689869 0.453122 0.564589
0.636742 0.451353 0.625172
0.579426 0.446125 0.682083
0.519006 0.437720 0.734189
0.456725 0.426591 0.780655
0.394109 0.413379 0.820851
0.332620 0.398829 0.854576
0.273615 0.383748 0.881971
0.218259 0.368948 0.903460
0.167503 0.355197 0.919662
0.122068 0.343194 0.931299
0.082107 0.333443 0.939188
0.048260 0.326514 0.943959
0.020132 0.322679 0.946294
-0.001624 0.322295 0.946638
-0.017605 0.325528 0.945369
-0.027741 0.332480 0.942702
-0.031946 0.343013 0.938787
-0.030369 0.357043 0.933594
-0.023044 0.374631 0.926888
-0.010281 0.394966 0.918638
0.008046 0.418079 0.908375
0.031781 0.443463 0.895729
0.060733 0.470553 0.880279
0.094295 0.498406 0.861800
0.133043 0.527041 0.839361
0.176200 0.555348 0.812737
0.223358 0.582517 0.781528
0.274003 0.607689 0.745411
0.327472 0.629975 0.704197
0.383581 0.648715 0.657293
0.439981 0.662673 0.606037
0.496976 0.671566 0.549557
0.552703 0.674784 0.489066
0.605424 0.672208 0.426144
0.655395 0.663870 0.360186
0.701073 0.650138 0.292945
0.741819 0.631582 0.225410
0.777243 0.608918 0.158468
0.807182 0.582946 0.092904
0.831684 0.554472 0.029375
0.850765 0.524641 -0.030835
0.865272 0.493376 -0.088799
0.875322 0.461980 -0.142777
0.881659 0.430529 -0.193191
0.884848 0.399768 -0.239226
0.885585 0.369602 -0.281307
0.884489 0.340642 -0.318814
0.882096 0.312368 -0.352608
0.878988 0.285706 -0.381774
0.875634 0.260540 -0.406675
0.872478 0.237115 -0.427268
0.869883 0.215395 -0.443744
0.868169 0.195375 -0.456192
0.867644 0.177291 -0.464502
0.868547 0.161117 -0.468687
0.871058 0.146789 -0.468733
0.875286 0.134197 -0.464614
0.881266 0.123187 -0.456285
0.888906 0.113667 -0.443764
0.898077 0.105450 -0.427011
0.908442 0.098470 -0.406246
0.919643 0.092610 -0.381681
0.931242 0.087768 -0.353673
0.942735 0.083848 -0.322833
0.953663 0.080718 -0.289846
0.963619 0.078226 -0.255578
0.972303 0.076193 -0.220956
0.979543 0.074439 -0.186960
0.985283 0.072815 -0.154644
0.989613 0.071217 -0.124875
0.992691 0.069623 -0.098574
0.994758 0.068072 -0.076309
0.996050 0.066671 -0.058648
0.996797 0.065539 -0.045820
0.997170 0.064806 -0.038101
0.997282 0.064551 -0.035512
