# vtk DataFile Version 2.0
VTK example
ASCII
DATASET UNSTRUCTURED_GRID
POINTS  128  float
-0.000165 -0.000127 -0.000196
-0.000156 -0.000124 -0.000197
-0.000148 -0.000120 -0.000198
-0.000140 -0.000116 -0.000199
-0.000131 -0.000113 -0.000200
-0.000123 -0.000109 -0.000201
-0.000115 -0.000105 -0.000201
-0.000107 -0.000102 -0.000202
-0.000099 -0.000098 -0.000202
-0.000090 -0.000094 -0.000202
-0.000082 -0.000090 -0.000201
-0.000074 -0.000085 -0.000200
-0.000067 -0.000081 -0.000199
-0.000059 -0.000076 -0.000197
-0.000052 -0.000071 -0.000195
-0.000045 -0.000066 -0.000192
-0.000038 -0.000061 -0.000189
-0.000032 -0.000056 -0.000184
-0.000026 -0.000051 -0.000180
-0.000021 -0.000046 -0.000174
-0.000016 -0.000042 -0.000168
-0.000012 -0.000037 -0.000161
-0.000009 -0.000033 -0.000154
-0.000006 -0.000029 -0.000147
-0.000003 -0.000025 -0.000139
-0.000001 -0.000022 -0.000131
0.000000 -0.000019 -0.000122
0.000001 -0.000016 -0.000114
0.000002 -0.000013 -0.000105
0.000003 -0.000011 -0.000096
0.000003 -0.000008 -0.000088
0.000004 -0.000006 -0.000079
0.000004 -0.000004 -0.000070
0.000004 -0.000002 -0.000061
0.000004 0.000000 -0.000052
0.000004 0.000003 -0.000044
0.000005 0.000005 -0.000035
0.000005 0.000008 -0.000026
0.000005 0.000011 -0.000018
0.000006 0.000014 -0.000009
0.000007 0.000018 -0.000001
0.000008 0.000021 0.000007
0.000009 0.000026 0.000015
0.000011 0.000030 0.000023
0.000013 0.000035 0.000030
0.000015 0.000041 0.000037
0.000018 0.000046 0.000043
0.000021 0.000053 0.000049
0.000024 0.000059 0.000055
0.000028 0.000066 0.000059
0.000032 0.000073 0.000064
0.000037 0.000080 0.000067
0.000041 0.000087 0.000070
0.000047 0.000094 0.000073
0.000052 0.000101 0.000075
0.000058 0.000107 0.000076
0.000064 0.000114 0.000077
0.000070 0.000120 0.000077
0.000077 0.000127 0.000078
0.000084 0.000133 0.000077
0.000091 0.000138 0.000077
0.000098 0.000144 0.000076
0.000106 0.000149 0.000075
0.000113 0.000153 0.000074
0.000121 0.000158 0.000073
0.000129 0.000162 0.000071
0.000137 0.000166 0.000069
0.000145 0.000170 0.000067
0.000153 0.000174 0.000065
0.000161 0.000177 0.000062
0.000169 0.000180 0.000060
0.000177 0.000183 0.000057
0.000185 0.000185 0.000054
0.000193 0.000187 0.000050
0.000201 0.000189 0.000047
0.000209 0.000191 0.000043
0.000217 0.000193 0.000039
0.000225 0.000194 0.000035
0.000233 0.000195 0.000031
0.000242 0.000196 0.000027
0.000250 0.000196 0.000024
0.000258 0.000197 0.000020
0.000266 0.000197 0.000016
0.000275 0.000197 0.000013
0.000283 0.000197 0.000009
0.000292 0.000197 0.000007
0.000300 0.000197 0.000004
0.000309 0.000197 0.000002
0.000318 0.000197 -0.000000
0.000327 0.000196 -0.000001
0.000336 0.000196 -0.000002
0.000345 0.000196 -0.000002
0.000354 0.000196 -0.000002
0.000363 0.000196 -0.000001
0.000372 0.000197 0.000001
0.000381 0.000197 0.000004
0.000389 0.000198 0.000007
0.000397 0.000200 0.000011
0.000405 0.000201 0.000016
0.000412 0.000203 0.000021
0.000418 0.000205 0.000027
0.000424 0.000208 0.000033
0.000430 0.000211 0.000040
0.000434 0.000214 0.000047
0.000438 0.000217 0.000054
0.000441 0.000221 0.000062
0.000444 0.000224 0.000070
0.000446 0.000228 0.000078
0.000447 0.000232 0.000086
0.000448 0.000236 0.000094
0.000448 0.000240 0.000102
0.000447 0.000245 0.000110
0.000447 0.000249 0.000118
0.000446 0.000253 0.000126
0.000444 0.000257 0.000134
0.000442 0.000262 0.000142
0.000440 0.000266 0.000149
0.000438 0.000271 0.000157
0.000436 0.000275 0.000164
0.000433 0.000280 0.000171
0.000430 0.000284 0.000179
0.000427 0.000289 0.000186
0.000424 0.000294 0.000193
0.000421 0.000299 0.000200
0.000417 0.000304 0.000207
0.000414 0.000308 0.000213
0.000411 0.000313 0.000220
0.000407 0.000318 0.000227
CELLS  127 381
2 0 1 
2 1 2 
2 2 3 
2 3 4 
2 4 5 
2 5 6 
2 6 7 
2 7 8 
2 8 9 
2 9 10 
2 10 11 
2 11 12 
2 12 13 
2 13 14 
2 14 15 
2 15 16 
2 16 17 
2 17 18 
2 18 19 
2 19 20 
2 20 21 
2 21 22 
2 22 23 
2 23 24 
2 24 25 
2 25 26 
2 26 27 
2 27 28 
2 28 29 
2 29 30 
2 30 31 
2 31 32 
2 32 33 
2 33 34 
2 34 35 
2 35 36 
2 36 37 
2 37 38 
2 38 39 
2 39 40 
2 40 41 
2 41 42 
2 42 43 
2 43 44 
2 44 45 
2 45 46 
2 46 47 
2 47 48 
2 48 49 
2 49 50 
2 50 51 
2 51 52 
2 52 53 
2 53 54 
2 54 55 
2 55 56 
2 56 57 
2 57 58 
2 58 59 
2 59 60 
2 60 61 
2 61 62 
2 62 63 
2 63 64 
2 64 65 
2 65 66 
2 66 67 
2 67 68 
2 68 69 
2 69 70 
2 70 71 
2 71 72 
2 72 73 
2 73 74 
2 74 75 
2 75 76 
2 76 77 
2 77 78 
2 78 79 
2 79 80 
2 80 81 
2 81 82 
2 82 83 
2 83 84 
2 84 85 
2 85 86 
2 86 87 
2 87 88 
2 88 89 
2 89 90 
2 90 91 
2 91 92 
2 92 93 
2 93 94 
2 94 95 
2 95 96 
2 96 97 
2 97 98 
2 98 99 
2 99 100 
2 100 101 
2 101 102 
2 102 103 
2 103 104 
2 104 105 
2 105 106 
2 106 107 
2 107 108 
2 108 109 
2 109 110 
2 110 111 
2 111 112 
2 112 113 
2 113 114 
2 114 115 
2 115 116 
2 116 117 
2 117 118 
2 118 119 
2 119 120 
2 120 121 
2 121 122 
2 122 123 
2 123 124 
2 124 125 
2 125 126 
2 126 127 
CELL_TYPES  127
3
3
3
3
3
3
3
3
3
3
3
3
3
3
3
3
3
3
3
3
3
3
3
3
3
3
3
3
3
3
3
3
3
3
3
3
3
3
3
3
3
3
3
3
3
3
3
3
3
3
3
3
3
3
3
3
3
3
3
3
3
3
3
3
3
3
3
3
3
3
3
3
3
3
3
3
3
3
3
3
3
3
3
3
3
3
3
3
3
3
3
3
3
3
3
3
3
3
3
3
3
3
3
3
3
3
3
3
3
3
3
3
3
3
3
3
3
3
3
3
3
3
3
3
3
3
3
POINT_DATA  128
VECTORS Position float
-0.000165 -0.000127 -0.000196
-0.000156 -0.000124 -0.000197
-0.000148 -0.000120 -0.000198
-0.000140 -0.000116 -0.000199
-0.000131 -0.000113 -0.000200
-0.000123 -0.000109 -0.000201
-0.000115 -0.000105 -0.000201
-0.000107 -0.000102 -0.000202
-0.000099 -0.000098 -0.000202
-0.000090 -0.000094 -0.000202
-0.000082 -0.000090 -0.000201
-0.000074 -0.000085 -0.000200
-0.000067 -0.000081 -0.000199
-0.000059 -0.000076 -0.000197
-0.000052 -0.000071 -0.000195
-0.000045 -0.000066 -0.000192
-0.000038 -0.000061 -0.000189
-0.000032 -0.000056 -0.000184
-0.000026 -0.000051 -0.000180
-0.000021 -0.000046 -0.000174
-0.000016 -0.000042 -0.000168
-0.000012 -0.000037 -0.000161
-0.000009 -0.000033 -0.000154
-0.000006 -0.000029 -0.000147
-0.000003 -0.000025 -0.000139
-0.000001 -0.000022 -0.000131
0.000000 -0.000019 -0.000122
0.000001 -0.000016 -0.000114
0.000002 -0.000013 -0.000105
0.000003 -0.000011 -0.000096
0.000003 -0.000008 -0.000088
0.000004 -0.000006 -0.000079
0.000004 -0.000004 -0.000070
0.000004 -0.000002 -0.000061
0.000004 0.000000 -0.000052
0.000004 0.000003 -0.000044
0.000005 0.000005 -0.000035
0.000005 0.000008 -0.000026
0.000005 0.000011 -0.000018
0.000006 0.000014 -0.000009
0.000007 0.000018 -0.000001
0.000008 0.000021 0.000007
0.000009 0.000026 0.000015
0.000011 0.000030 0.000023
0.000013 0.000035 0.000030
0.000015 0.000041 0.000037
0.000018 0.000046 0.000043
0.000021 0.000053 0.000049
0.000024 0.000059 0.000055
0.000028 0.000066 0.000059
0.000032 0.000073 0.000064
0.000037 0.000080 0.000067
0.000041 0.000087 0.000070
0.000047 0.000094 0.000073
0.000052 0.000101 0.000075
0.000058 0.000107 0.000076
0.000064 0.000114 0.000077
0.000070 0.000120 0.000077
0.000077 0.000127 0.000078
0.000084 0.000133 0.000077
0.000091 0.000138 0.000077
0.000098 0.000144 0.000076
0.000106 0.000149 0.000075
0.000113 0.000153 0.000074
0.000121 0.000158 0.000073
0.000129 0.000162 0.000071
0.000137 0.000166 0.000069
0.000145 0.000170 0.000067
0.000153 0.000174 0.000065
0.000161 0.000177 0.000062
0.000169 0.000180 0.000060
0.000177 0.000183 0.000057
0.000185 0.000185 0.000054
0.000193 0.000187 0.000050
0.000201 0.000189 0.000047
0.000209 0.000191 0.000043
0.000217 0.000193 0.000039
0.000225 0.000194 0.000035
0.000233 0.000195 0.000031
0.000242 0.000196 0.000027
0.000250 0.000196 0.000024
0.000258 0.000197 0.000020
0.000266 0.000197 0.000016
0.000275 0.000197 0.000013
0.000283 0.000197 0.000009
0.000292 0.000197 0.000007
0.000300 0.000197 0.000004
0.000309 0.000197 0.000002
0.000318 0.000197 -0.000000
0.000327 0.000196 -0.000001
0.000336 0.000196 -0.000002
0.000345 0.000196 -0.000002
0.000354 0.000196 -0.000002
0.000363 0.000196 -0.000001
0.000372 0.000197 0.000001
0.000381 0.000197 0.000004
0.000389 0.000198 0.000007
0.000397 0.000200 0.000011
0.000405 0.000201 0.000016
0.000412 0.000203 0.000021
0.000418 0.000205 0.000027
0.000424 0.000208 0.000033
0.000430 0.000211 0.000040
0.000434 0.000214 0.000047
0.000438 0.000217 0.000054
0.000441 0.000221 0.000062
0.000444 0.000224 0.000070
0.000446 0.000228 0.000078
0.000447 0.000232 0.000086
0.000448 0.000236 0.000094
0.000448 0.000240 0.000102
0.000447 0.000245 0.000110
0.000447 0.000249 0.000118
0.000446 0.000253 0.000126
0.000444 0.000257 0.000134
0.000442 0.000262 0.000142
0.000440 0.000266 0.000149
0.000438 0.000271 0.000157
0.000436 0.000275 0.000164
0.000433 0.000280 0.000171
0.000430 0.000284 0.000179
0.000427 0.000289 0.000186
0.000424 0.000294 0.000193
0.000421 0.000299 0.000200
0.000417 0.000304 0.000207
0.000414 0.000308 0.000213
0.000411 0.000313 0.000220
0.000407 0.000318 0.000227
VECTORS Rotation float
0.815210 0.399921 -1.689402
0.814755 0.400532 -1.688031
0.813343 0.402441 -1.683827
0.810871 0.405826 -1.676589
0.807171 0.410928 -1.666010
0.801954 0.418064 -1.651551
0.794828 0.427534 -1.632530
0.785302 0.439562 -1.608140
0.773000 0.454009 -1.577953
0.757104 0.470927 -1.540699
0.736977 0.489852 -1.495661
0.711950 0.510077 -1.442146
0.681180 0.530747 -1.379159
0.643941 0.550657 -1.305938
0.600271 0.568098 -1.223008
0.550064 0.581485 -1.130295
0.494358 0.589053 -1.029395
0.434859 0.589351 -0.922612
0.373927 0.581460 -0.813010
0.314370 0.565250 -0.704319
0.258403 0.541292 -0.599355
0.208260 0.511109 -0.501521
0.164953 0.476571 -0.412610
0.128684 0.439679 -0.333475
0.099196 0.402521 -0.264600
0.075705 0.366768 -0.205598
0.057384 0.333959 -0.156116
0.043354 0.305294 -0.115614
0.032729 0.281445 -0.083198
0.024808 0.262957 -0.058194
0.019015 0.250108 -0.039909
0.014886 0.242906 -0.027553
0.012107 0.241330 -0.020524
0.010471 0.245293 -0.018262
0.009857 0.254608 -0.020359
0.010278 0.269342 -0.026547
0.011737 0.289080 -0.036519
0.014466 0.314088 -0.050428
0.018643 0.343917 -0.068209
0.024735 0.378780 -0.090362
0.033206 0.418230 -0.117207
0.044730 0.461900 -0.149356
0.060160 0.509243 -0.187583
0.080814 0.559988 -0.233280
0.107723 0.612554 -0.287111
0.142617 0.665999 -0.350765
0.186779 0.718274 -0.425117
0.241404 0.767274 -0.511002
0.307494 0.810937 -0.609149
0.384086 0.846650 -0.717988
0.469229 0.872509 -0.835154
0.559232 0.887176 -0.956512
0.649076 0.890198 -1.076574
0.733802 0.882142 -1.189980
0.809566 0.864391 -1.292559
0.874382 0.838770 -1.382118
0.927794 0.807280 -1.458051
0.970697 0.771770 -1.521256
1.004672 0.733825 -1.573448
1.031514 0.694728 -1.616670
1.052915 0.655490 -1.652953
1.070317 0.616883 -1.684130
1.084990 0.579163 -1.711975
1.097637 0.543010 -1.737507
1.109086 0.508010 -1.762118
1.119435 0.474968 -1.785980
1.129218 0.442915 -1.810172
1.138435 0.411811 -1.834782
1.146873 0.381922 -1.859387
1.154509 0.352801 -1.883917
1.161382 0.323638 -1.908447
1.167073 0.295072 -1.931758
1.171639 0.266401 -1.953739
1.174965 0.237709 -1.973678
1.177016 0.209167 -1.990915
1.177780 0.181371 -2.004668
1.177488 0.153938 -2.014762
1.176258 0.127559 -2.020592
1.174305 0.102588 -2.021774
1.171869 0.079352 -2.017989
1.169189 0.058139 -2.008983
1.166513 0.038935 -1.994435
1.164004 0.022381 -1.974601
1.161851 0.008180 -1.948955
1.160146 -0.003407 -1.917798
1.158917 -0.012196 -1.881606
1.158205 -0.018327 -1.839597
1.157925 -0.021596 -1.792379
1.157959 -0.021840 -1.740082
1.158130 -0.018835 -1.682813
1.158197 -0.012300 -1.620674
1.157851 -0.001921 -1.553782
1.156712 0.012460 -1.483141
1.154341 0.031452 -1.407245
1.150270 0.054721 -1.328253
1.143972 0.082467 -1.245575
1.135042 0.114024 -1.160646
1.122964 0.149176 -1.072846
1.107558 0.186592 -0.983733
1.088218 0.226053 -0.891539
1.065381 0.265178 -0.799233
1.039076 0.303008 -0.706524
1.009868 0.338087 -0.614599
0.978231 0.369554 -0.523770
0.944799 0.396752 -0.434594
0.910779 0.419074 -0.348890
0.877034 0.436687 -0.267440
0.844320 0.450130 -0.190885
0.813180 0.460227 -0.119564
0.783898 0.467950 -0.053460
0.756745 0.474240 0.007267
0.731555 0.479985 0.063234
0.708382 0.485805 0.114475
0.687026 0.492134 0.161481
0.667310 0.499160 0.204657
0.649159 0.506838 0.244180
0.632492 0.514979 0.280240
0.617298 0.523285 0.312894
0.603581 0.531434 0.342182
0.591363 0.539118 0.368117
0.580691 0.546076 0.390666
0.571542 0.552155 0.409924
0.563930 0.557252 0.425912
0.557786 0.561364 0.438794
0.553090 0.564492 0.448638
0.549766 0.566689 0.455598
0.547803 0.567980 0.459715
0.547149 0.568408 0.461084
VECTORS ControlForce float
-0.000000 -0.000000 0.000000
-0.000158 0.000017 0.000100
-0.000295 0.000017 0.000205
-0.000398 -0.000010 0.000304
-0.000447 -0.000051 0.000390
-0.000443 -0.000103 0.000468
-0.000396 -0.000164 0.000545
-0.000315 -0.000228 0.000621
-0.000196 -0.000278 0.000687
-0.000063 -0.000320 0.000743
0.000084 -0.000347 0.000786
0.000230 -0.000368 0.000813
0.000382 -0.000367 0.000828
0.000536 -0.000335 0.000829
0.000713 -0.000240 0.000802
0.000900 -0.000076 0.000740
0.001046 0.000120 0.000644
0.001131 0.000335 0.000517
0.001155 0.000565 0.000357
0.001090 0.000757 0.000187
0.000946 0.000882 0.000028
0.000760 0.000950 -0.000121
0.000542 0.000944 -0.000240
0.000320 0.000875 -0.000321
0.000111 0.000760 -0.000363
-0.000070 0.000619 -0.000374
-0.000220 0.000464 -0.000365
-0.000341 0.000299 -0.000328
-0.000430 0.000143 -0.000274
-0.000483 0.000018 -0.000217
-0.000501 -0.000073 -0.000156
-0.000485 -0.000126 -0.000095
-0.000437 -0.000146 -0.000034
-0.000366 -0.000142 0.000023
-0.000277 -0.000123 0.000070
-0.000181 -0.000096 0.000111
-0.000083 -0.000074 0.000153
0.000009 -0.000057 0.000191
0.000089 -0.000060 0.000243
0.000148 -0.000092 0.000311
0.000183 -0.000142 0.000364
0.000189 -0.000207 0.000394
0.000162 -0.000301 0.000412
0.000107 -0.000416 0.000417
0.000026 -0.000557 0.000411
-0.000071 -0.000703 0.000384
-0.000164 -0.000820 0.000325
-0.000236 -0.000880 0.000236
-0.000275 -0.000861 0.000129
-0.000285 -0.000776 0.000021
-0.000279 -0.000645 -0.000071
-0.000253 -0.000462 -0.000145
-0.000219 -0.000246 -0.000195
-0.000177 0.000002 -0.000226
-0.000141 0.000244 -0.000237
-0.000093 0.000493 -0.000236
-0.000029 0.000726 -0.000228
0.000041 0.000903 -0.000214
0.000109 0.000997 -0.000198
0.000168 0.001000 -0.000182
0.000220 0.000931 -0.000167
0.000254 0.000800 -0.000153
0.000287 0.000653 -0.000136
0.000306 0.000489 -0.000120
0.000297 0.000297 -0.000106
0.000271 0.000096 -0.000102
0.000237 -0.000091 -0.000091
0.000187 -0.000262 -0.000079
0.000115 -0.000419 -0.000086
0.000035 -0.000528 -0.000101
-0.000062 -0.000601 -0.000110
-0.000164 -0.000626 -0.000117
-0.000256 -0.000595 -0.000105
-0.000334 -0.000524 -0.000075
-0.000403 -0.000447 -0.000043
-0.000456 -0.000376 -0.000021
-0.000479 -0.000305 0.000001
-0.000466 -0.000233 0.000020
-0.000421 -0.000169 0.000028
-0.000348 -0.000108 0.000027
-0.000255 -0.000046 0.000028
-0.000162 0.000007 0.000035
-0.000082 0.000050 0.000039
-0.000029 0.000080 0.000048
-0.000006 0.000106 0.000055
-0.000021 0.000109 0.000053
-0.000057 0.000127 0.000066
-0.000119 0.000131 0.000091
-0.000198 0.000117 0.000122
-0.000268 0.000113 0.000161
-0.000302 0.000147 0.000203
-0.000288 0.000212 0.000239
-0.000238 0.000259 0.000263
-0.000149 0.000278 0.000285
-0.000026 0.000257 0.000296
0.000124 0.000201 0.000294
0.000292 0.000120 0.000273
0.000452 0.000006 0.000245
0.000600 -0.000099 0.000208
0.000722 -0.000159 0.000161
0.000793 -0.000180 0.000087
0.000775 -0.000194 -0.000000
0.000650 -0.000200 -0.000080
0.000432 -0.000170 -0.000141
0.000151 -0.000098 -0.000177
-0.000148 -0.000021 -0.000174
-0.000416 0.000043 -0.000140
-0.000616 0.000079 -0.000086
-0.000730 0.000089 -0.000032
-0.000745 0.000052 0.000033
-0.000665 -0.000030 0.000107
-0.000528 -0.000128 0.000167
-0.000365 -0.000226 0.000204
-0.000193 -0.000321 0.000236
-0.000037 -0.000400 0.000264
0.000066 -0.000443 0.000272
0.000116 -0.000452 0.000271
0.000129 -0.000435 0.000276
0.000098 -0.000391 0.000276
0.000025 -0.000324 0.000262
-0.000054 -0.000251 0.000250
-0.000117 -0.000182 0.000240
-0.000149 -0.000125 0.000231
-0.000154 -0.000079 0.000213
-0.000135 -0.000047 0.000182
-0.000104 -0.000023 0.000131
-0.000058 -0.000009 0.000066
-0.000000 -0.000000 -0.000000
VECTORS ControlTorque float
-0.000000 0.000001 -0.000000
-0.000000 0.000001 -0.000000
-0.000000 0.000001 -0.000001
-0.000001 0.000001 -0.000001
-0.000001 0.000001 -0.000001
-0.000001 0.000001 -0.000001
-0.000001 0.000002 -0.000001
-0.000001 0.000002 -0.000001
-0.000001 0.000002 -0.000001
-0.000001 0.000002 -0.000001
-0.000001 0.000002 -0.000001
-0.000001 0.000003 -0.000001
-0.000002 0.000003 -0.000001
-0.000001 0.000002 -0.000000
-0.000002 0.000003 -0.000000
-0.000001 0.000002 0.000000
-0.000001 0.000001 0.000000
-0.000001 0.000001 0.000000
-0.000001 -0.000000 0.000001
-0.000001 0.000000 0.000001
-0.000000 -0.000001 0.000001
0.000000 -0.000002 0.000001
0.000001 -0.000002 0.000001
0.000001 -0.000003 0.000001
0.000001 -0.000003 0.000001
0.000002 -0.000003 0.000001
0.000002 -0.000003 0.000001
0.000002 -0.000003 0.000001
0.000002 -0.000003 0.000001
0.000002 -0.000003 0.000001
0.000002 -0.000002 0.000000
0.000002 -0.000002 0.000000
0.000002 -0.000002 0.000000
0.000002 -0.000002 0.000000
0.000002 -0.000002 0.000000
0.000002 -0.000001 0.000000
0.000003 -0.000002 0.000000
0.000002 -0.000001 0.000000
0.000002 -0.000002 0.000000
0.000002 -0.000001 0.000000
0.000002 -0.000002 0.000000
0.000001 -0.000001 0.000000
0.000002 -0.000002 0.000001
0.000001 -0.000001 0.000000
0.000002 -0.000002 0.000001
0.000001 -0.000001 0.000001
0.000000 -0.000001 0.000001
0.000000 -0.000001 0.000001
-0.000001 -0.000000 0.000001
-0.000001 -0.000000 0.000001
-0.000001 0.000000 0.000001
-0.000002 0.000001 0.000001
-0.000002 0.000001 0.000001
-0.000002 0.000001 0.000001
-0.000002 0.000001 0.000001
-0.000002 0.000002 0.000001
-0.000002 0.000002 0.000001
-0.000001 0.000002 0.000000
-0.000001 0.000001 0.000000
-0.000001 0.000001 -0.000000
-0.000001 0.000001 -0.000001
-0.000000 0.000000 -0.000000
-0.000001 0.000001 -0.000001
0.000000 -0.000000 0.000000
-0.000001 0.000000 -0.000002
0.000000 -0.000001 -0.000000
0.000000 -0.000000 -0.000000
-0.000000 -0.000000 -0.000001
-0.000000 -0.000000 -0.000001
0.000000 -0.000001 0.000000
-0.000001 0.000001 -0.000001
0.000000 0.000000 0.000000
-0.000000 0.000001 0.000000
-0.000000 0.000001 0.000000
-0.000001 0.000002 -0.000001
-0.000000 0.000001 0.000000
-0.000001 0.000002 -0.000000
-0.000000 0.000002 -0.000000
-0.000001 0.000002 -0.000001
-0.000001 0.000002 -0.000001
-0.000000 0.000003 -0.000000
-0.000001 0.000002 -0.000001
-0.000000 0.000003 -0.000001
-0.000000 0.000002 -0.000001
-0.000000 0.000001 -0.000001
-0.000000 0.000003 -0.000001
-0.000000 0.000002 -0.000001
-0.000000 0.000002 -0.000001
-0.000000 0.000002 -0.000001
-0.000000 0.000002 -0.000001
-0.000000 0.000002 -0.000002
0.000000 0.000000 -0.000001
0.000000 0.000004 -0.000002
0.000000 -0.000000 -0.000001
0.000000 0.000002 -0.000002
0.000000 -0.000000 -0.000001
0.000001 0.000002 -0.000002
0.000001 -0.000001 -0.000001
0.000001 0.000003 -0.000002
0.000000 -0.000002 0.000000
0.000000 0.000000 -0.000000
0.000000 -0.000002 0.000001
-0.000000 -0.000001 0.000001
-0.000000 -0.000001 0.000001
-0.000001 -0.000002 0.000001
-0.000001 -0.000002 0.000001
-0.000000 -0.000002 0.000001
-0.000000 -0.000002 0.000001
-0.000000 -0.000002 0.000001
0.000000 -0.000002 0.000001
0.000000 -0.000001 0.000001
0.000000 -0.000002 0.000001
0.000001 -0.000001 0.000001
0.000001 -0.000001 0.000001
0.000000 -0.000001 0.000001
0.000000 -0.000001 0.000001
0.000000 -0.000001 0.000001
-0.000000 -0.000001 0.000001
-0.000000 -0.000001 0.000001
-0.000000 -0.000001 0.000001
-0.000000 -0.000001 0.000000
-0.000001 -0.000001 0.000000
-0.000001 -0.000001 0.000000
-0.000001 -0.000001 0.000000
-0.000001 -0.000001 0.000000
-0.000001 -0.000001 0.000000
-0.000001 -0.000001 0.000000
-0.000001 -0.000001 0.000000
VECTORS Curvature float
31.533966 -81.653639 -5.100248
102.143685 -270.072929 -15.915345
224.977792 -615.646975 -34.061310
330.892055 -953.144228 -48.402339
444.041264 -1349.732317 -61.048236
569.266209 -1813.038706 -70.695318
723.669087 -2380.281728 -76.997592
886.178709 -2955.098307 -80.185127
1082.034033 -3585.140749 -79.704099
1334.002689 -4315.140263 -76.619394
1609.162496 -5004.281402 -71.097037
1931.708634 -5706.089901 -63.476856
2332.246960 -6479.993736 -54.209339
2746.479015 -7138.659299 -44.129711
3193.519355 -7719.011157 -31.446247
3681.498131 -8267.410086 -16.997346
4141.447963 -8636.039444 0.830794
4581.240572 -8883.141738 21.962395
4931.413522 -8917.475948 46.436381
5221.368895 -8826.880134 71.812285
5391.035866 -8562.703633 97.372259
5382.435534 -8061.403913 119.276424
5277.416984 -7490.452224 136.135940
5031.684345 -6805.731588 147.603108
4674.461656 -6060.538722 152.736233
4231.333187 -5298.341789 153.439290
3673.576357 -4482.873770 150.314657
3071.651700 -3698.448022 144.597922
2445.773405 -2961.799012 138.086478
1784.430294 -2247.291073 131.501568
1133.421520 -1601.754627 125.867729
499.667772 -1021.003226 122.052357
-131.868210 -491.367251 120.581185
-730.056427 -12.749607 122.032676
-1340.696673 438.096479 126.637670
-1911.610928 840.616390 134.975281
-2484.351261 1234.176217 146.498800
-3054.674486 1617.673620 161.992900
-3606.754083 2000.795130 180.021737
-4184.997356 2413.300698 201.274834
-4697.714922 2816.860158 224.300683
-5159.919995 3222.485304 249.297265
-5666.603037 3702.429991 274.024976
-6088.917773 4171.630053 300.813940
-6408.087825 4628.805498 325.075597
-6683.379753 5106.454715 349.699645
-6748.889254 5483.777229 371.493793
-6758.437102 5879.165197 388.906358
-6612.735010 6196.265729 402.396817
-6277.388147 6400.556442 407.153024
-5860.981156 6573.568971 403.249785
-5325.536179 6663.208143 389.402962
-4699.759730 6675.222603 366.335924
-4019.318475 6618.472183 336.280755
-3324.009032 6514.350329 302.324007
-2643.848236 6361.116964 267.022095
-2005.590801 6157.169367 232.812460
-1447.884949 5931.690737 201.131699
-990.141872 5690.117077 173.044275
-644.908364 5447.104482 149.221352
-412.268559 5179.022564 129.882084
-290.350668 4981.406518 115.725416
-259.664110 4743.107617 105.427084
-309.630359 4588.578589 100.674688
-411.369710 4396.678455 98.406004
-546.974635 4213.643538 101.198898
-718.808967 4235.902665 105.946425
-859.043871 4119.773866 113.145961
-948.533084 3949.593933 122.843180
-1036.316307 3983.447051 134.719156
-1041.632164 3931.846936 146.686393
-960.847357 3815.393616 161.013779
-841.364030 3806.669865 174.991812
-635.764359 3726.192031 189.026659
-359.819498 3512.948849 201.898084
-33.430465 3307.535989 213.675415
332.453674 3111.900694 222.371359
732.185372 2772.727609 228.142420
1158.578711 2407.546869 230.177988
1586.047516 1981.818900 228.379871
2080.326603 1557.519709 222.595964
2518.592774 1074.729380 213.870772
2959.089737 562.596330 201.780796
3486.443670 61.245734 188.189504
3831.485962 -448.754493 173.475108
4262.011236 -967.658386 157.976548
4750.434777 -1505.123253 143.313145
5114.662246 -2025.443405 129.530889
5490.999890 -2566.861919 117.225906
5829.754573 -3120.027308 106.509437
6195.689576 -3734.026266 97.806843
6364.683337 -4261.482839 89.835830
6670.486957 -4943.234320 85.389311
6918.779558 -5621.142463 79.126655
6992.894010 -6220.843761 76.498345
7039.128905 -6800.475281 70.856035
7032.033716 -7352.580662 68.337969
6931.297218 -7764.221475 60.349410
6915.715693 -8236.818005 57.779864
6848.308629 -8561.772478 45.669065
6546.789834 -8493.936408 38.888386
6337.852439 -8418.181130 28.002585
6065.164073 -8141.170791 19.236543
5897.467072 -7899.642767 10.571111
5649.684619 -7479.886851 1.653967
5317.060380 -6912.477731 -5.689162
4991.052435 -6368.074739 -13.370654
4633.625804 -5834.417306 -21.430875
4274.840304 -5378.024063 -30.327877
3869.593426 -4955.436983 -40.394173
3456.935766 -4611.954255 -51.178410
3040.706230 -4332.695008 -62.734117
2604.951699 -4063.637853 -74.247759
2210.207016 -3856.973433 -85.287101
1839.129231 -3652.056572 -95.238362
1504.097418 -3436.279511 -103.471285
1214.070251 -3204.529987 -109.501902
967.817696 -2944.381619 -112.836280
767.538121 -2665.234853 -113.157041
605.210074 -2358.883663 -110.298044
477.283145 -2044.790019 -104.231509
375.026741 -1725.996127 -95.177860
291.944180 -1413.146527 -83.415410
222.428945 -1111.571798 -69.424100
160.949951 -818.650658 -53.490078
106.415535 -545.345586 -36.805234
47.710245 -244.983298 -17.006342
15.223352 -77.999316 -5.308472
VECTORS LocalRotation float
-0.259672 0.246746 -0.069393
-0.259066 0.245150 -0.069489
-0.257591 0.241156 -0.069714
-0.255084 0.234082 -0.070086
-0.251569 0.223635 -0.070582
-0.246966 0.209268 -0.071181
-0.241109 0.190273 -0.071850
-0.233861 0.166251 -0.072557
-0.224919 0.136536 -0.073284
-0.213995 0.100817 -0.073991
-0.200685 0.058671 -0.074659
-0.184616 0.010067 -0.075269
-0.165289 -0.045169 -0.075803
-0.142366 -0.106638 -0.076247
-0.115426 -0.174021 -0.076589
-0.084318 -0.246358 -0.076809
-0.048905 -0.322876 -0.076882
-0.009409 -0.402202 -0.076779
0.033656 -0.482788 -0.076469
0.079700 -0.563260 -0.075933
0.127653 -0.641837 -0.075168
0.176441 -0.717120 -0.074187
0.224767 -0.787623 -0.073029
0.271450 -0.852361 -0.071744
0.315434 -0.910665 -0.070383
0.355694 -0.962014 -0.068999
0.391417 -1.006217 -0.067627
0.421969 -1.043274 -0.066291
0.446925 -1.073399 -0.065012
0.466078 -1.096983 -0.063792
0.479330 -1.114466 -0.062623
0.486735 -1.126357 -0.061499
0.488402 -1.133211 -0.060399
0.484518 -1.135483 -0.059306
0.475100 -1.133548 -0.058175
0.460459 -1.127792 -0.056997
0.440455 -1.118350 -0.055716
0.415451 -1.105477 -0.054324
0.385199 -1.089044 -0.052770
0.350017 -1.069113 -0.051049
0.309854 -1.045465 -0.049124
0.265190 -1.018102 -0.046979
0.215992 -0.986633 -0.044601
0.162925 -0.951088 -0.042006
0.106257 -0.911182 -0.039167
0.047110 -0.867199 -0.036119
-0.013689 -0.819264 -0.032854
-0.074961 -0.767719 -0.029405
-0.135396 -0.713140 -0.025829
-0.193807 -0.656058 -0.022160
-0.248816 -0.597262 -0.018488
-0.299459 -0.537338 -0.014899
-0.344840 -0.476958 -0.011478
-0.384312 -0.416777 -0.008297
-0.417569 -0.357300 -0.005405
-0.444576 -0.299033 -0.002829
-0.465627 -0.242356 -0.000566
-0.481266 -0.187612 0.001399
-0.492306 -0.134984 0.003094
-0.499709 -0.084560 0.004553
-0.504496 -0.036436 0.005817
-0.507683 0.009650 0.006931
-0.510167 0.053562 0.007930
-0.512753 0.095949 0.008866
-0.515999 0.136399 0.009762
-0.520377 0.175733 0.010674
-0.526098 0.213922 0.011610
-0.533187 0.251464 0.012594
-0.541396 0.288113 0.013666
-0.550454 0.324313 0.014842
-0.559798 0.359907 0.016107
-0.568928 0.395228 0.017510
-0.577086 0.429732 0.019031
-0.583745 0.463692 0.020672
-0.588226 0.496274 0.022432
-0.590018 0.527357 0.024325
-0.588671 0.556291 0.026291
-0.583862 0.582869 0.028326
-0.575302 0.606323 0.030401
-0.562849 0.626238 0.032481
-0.546185 0.642325 0.034531
-0.525502 0.654162 0.036494
-0.500525 0.661628 0.038389
-0.471457 0.664442 0.040148
-0.438430 0.662693 0.041780
-0.401438 0.656219 0.043295
-0.360723 0.645048 0.044656
-0.316128 0.629088 0.045889
-0.268160 0.608318 0.047005
-0.216954 0.582595 0.048017
-0.162580 0.551604 0.048941
-0.105843 0.515487 0.049789
-0.046347 0.473474 0.050589
0.014751 0.425976 0.051328
0.077834 0.372278 0.052034
0.141178 0.313496 0.052699
0.205169 0.249134 0.053332
0.268336 0.180748 0.053914
0.331450 0.107816 0.054453
0.393137 0.032529 0.054916
0.453792 -0.044701 0.055299
0.512147 -0.121297 0.055602
0.568576 -0.196636 0.055817
0.622889 -0.269465 0.055953
0.674964 -0.338823 0.056008
0.724552 -0.403901 0.055989
0.771227 -0.464035 0.055903
0.814851 -0.519342 0.055745
0.855234 -0.570170 0.055511
0.892082 -0.616921 0.055191
0.925302 -0.660302 0.054776
0.954665 -0.700723 0.054261
0.980242 -0.738762 0.053640
1.002065 -0.774660 0.052917
1.020395 -0.808650 0.052100
1.035534 -0.840749 0.051200
1.047838 -0.870808 0.050236
1.057717 -0.898648 0.049230
1.065574 -0.924046 0.048206
1.071786 -0.946784 0.047195
1.076691 -0.966737 0.046223
1.080548 -0.983801 0.045321
1.083571 -0.998030 0.044511
1.085898 -1.009451 0.043820
1.087636 -1.018199 0.043263
1.088844 -1.024361 0.042855
1.089543 -1.027947 0.042611
1.089827 -1.029406 0.042510
VECTORS q1 float
0.200262 -0.670435 -0.714432
0.201489 -0.669974 -0.714519
0.205269 -0.668540 -0.714786
0.211828 -0.666010 -0.715234
0.221492 -0.662200 -0.715844
0.234754 -0.656818 -0.716576
0.252163 -0.649500 -0.717331
0.274263 -0.639826 -0.717915
0.301118 -0.627547 -0.717992
0.333349 -0.612058 -0.717122
0.370891 -0.593021 -0.714679
0.413471 -0.570150 -0.709909
0.460870 -0.543080 -0.701899
0.512527 -0.511609 -0.689618
0.566957 -0.476140 -0.672198
0.623211 -0.436828 -0.648683
0.679540 -0.394503 -0.618540
0.734216 -0.350213 -0.581617
0.785547 -0.305245 -0.538276
0.831950 -0.261120 -0.489566
0.872559 -0.219006 -0.436667
0.906527 -0.180335 -0.381692
0.933849 -0.145909 -0.326553
0.954977 -0.116123 -0.273008
0.970598 -0.091118 -0.222792
0.981672 -0.070602 -0.177017
0.989136 -0.054184 -0.136656
0.993894 -0.041336 -0.102308
0.996763 -0.031435 -0.074000
0.998375 -0.023953 -0.051707
0.999211 -0.018422 -0.035188
0.999608 -0.014449 -0.023967
0.999775 -0.011756 -0.017628
0.999825 -0.010157 -0.015717
0.999795 -0.009539 -0.017874
0.999667 -0.009907 -0.023808
0.999387 -0.011250 -0.033165
0.998850 -0.013758 -0.045938
0.997930 -0.017551 -0.061873
0.996441 -0.022979 -0.081103
0.994168 -0.030338 -0.103483
0.990843 -0.040029 -0.128947
0.986147 -0.052495 -0.157350
0.979651 -0.068396 -0.188697
0.971012 -0.087966 -0.222255
0.959751 -0.111760 -0.257658
0.945546 -0.139818 -0.293928
0.928122 -0.172081 -0.330116
0.907210 -0.208485 -0.365382
0.882912 -0.248245 -0.398547
0.855324 -0.290722 -0.428838
0.824695 -0.335088 -0.455625
0.791448 -0.380355 -0.478477
0.756053 -0.425592 -0.497247
0.719022 -0.469943 -0.512017
0.680809 -0.512745 -0.523061
0.641932 -0.553380 -0.530749
0.602813 -0.591460 -0.535530
0.563806 -0.626760 -0.537862
0.525194 -0.659199 -0.538171
0.487206 -0.688796 -0.536833
0.450022 -0.715644 -0.534167
0.413481 -0.740088 -0.530380
0.377950 -0.762094 -0.525706
0.342848 -0.782229 -0.520166
0.308883 -0.800247 -0.514000
0.275090 -0.816840 -0.507048
0.241511 -0.832069 -0.499332
0.208597 -0.845810 -0.491012
0.176095 -0.858265 -0.482049
0.143392 -0.869729 -0.472239
0.111452 -0.879861 -0.461978
0.079780 -0.888886 -0.451128
0.048700 -0.896731 -0.439889
0.018586 -0.903338 -0.428527
-0.009811 -0.908606 -0.417539
-0.036720 -0.912724 -0.406923
-0.061363 -0.915674 -0.397211
-0.083297 -0.917572 -0.388745
-0.102109 -0.918578 -0.381821
-0.117427 -0.918879 -0.376659
-0.129079 -0.918688 -0.373298
-0.136564 -0.918165 -0.371919
-0.139838 -0.917510 -0.372318
-0.138700 -0.916856 -0.374350
-0.133074 -0.916302 -0.377733
-0.122677 -0.915931 -0.382127
-0.107479 -0.915759 -0.387084
-0.087313 -0.915768 -0.392104
-0.061976 -0.915892 -0.396611
-0.031245 -0.916012 -0.399931
0.005068 -0.915941 -0.401281
0.046586 -0.915414 -0.399808
0.094241 -0.914076 -0.394440
0.146515 -0.911508 -0.384301
0.203328 -0.907192 -0.368322
0.262899 -0.900665 -0.345957
0.324517 -0.891377 -0.316443
0.385691 -0.879081 -0.280104
0.446002 -0.863265 -0.236337
0.501969 -0.844389 -0.187174
0.552619 -0.822669 -0.133523
0.596574 -0.798827 -0.077290
0.633474 -0.773509 -0.019877
0.663290 -0.747430 0.037350
0.686082 -0.721622 0.092486
0.702635 -0.696695 0.144636
0.713881 -0.673059 0.193301
0.720773 -0.650888 0.238394
0.724172 -0.630142 0.280172
0.724777 -0.610790 0.318801
0.723156 -0.592542 0.354880
0.719746 -0.575330 0.388537
0.714894 -0.558973 0.420090
0.708889 -0.543363 0.449702
0.702020 -0.528519 0.477322
0.694563 -0.514485 0.502878
0.686815 -0.501375 0.526220
0.679061 -0.489313 0.547220
0.671571 -0.478419 0.565780
0.664595 -0.468818 0.581828
0.658309 -0.460545 0.595422
0.652867 -0.453646 0.606605
0.648342 -0.448076 0.615533
0.644802 -0.443821 0.622297
0.642258 -0.440814 0.627047
0.640737 -0.439040 0.629842
0.640229 -0.438450 0.630769
VECTORS q2 float
-0.351232 0.631607 -0.691165
-0.350759 0.631749 -0.691275
-0.349337 0.632181 -0.691600
-0.346974 0.632915 -0.692118
-0.343665 0.633974 -0.692800
-0.339344 0.635422 -0.693603
-0.333889 0.637364 -0.694467
-0.327121 0.639949 -0.695310
-0.318928 0.643303 -0.696021
-0.308953 0.647712 -0.696432
-0.296974 0.653422 -0.696309
-0.282773 0.660717 -0.695337
-0.266077 0.669961 -0.693077
-0.246712 0.681519 -0.688959
-0.224875 0.695568 -0.682361
-0.200651 0.712383 -0.672496
-0.174606 0.731919 -0.658641
-0.147507 0.753932 -0.640178
-0.120323 0.777918 -0.616738
-0.094189 0.803069 -0.588395
-0.070008 0.828589 -0.555463
-0.048784 0.853356 -0.519041
-0.031031 0.876512 -0.480379
-0.016916 0.897407 -0.440880
-0.006359 0.915553 -0.402146
0.001040 0.930817 -0.365483
0.005773 0.943197 -0.332184
0.008411 0.952863 -0.303286
0.009541 0.960141 -0.279355
0.009650 0.965328 -0.260860
0.009126 0.968710 -0.248026
0.008255 0.970536 -0.240816
0.007200 0.970950 -0.239175
0.006035 0.970013 -0.242978
0.004728 0.967715 -0.252002
0.003211 0.963895 -0.266262
0.001322 0.958441 -0.285289
-0.001125 0.950979 -0.309253
-0.004378 0.941278 -0.337605
-0.008727 0.928832 -0.370398
-0.014496 0.913305 -0.407018
-0.022030 0.894312 -0.446901
-0.031681 0.871534 -0.489310
-0.043852 0.844497 -0.533763
-0.058761 0.813440 -0.578673
-0.076667 0.778317 -0.623173
-0.097526 0.739847 -0.665669
-0.121116 0.698934 -0.704856
-0.147099 0.656510 -0.739835
-0.174677 0.614227 -0.769554
-0.203040 0.573420 -0.793703
-0.231256 0.535387 -0.812331
-0.258340 0.501294 -0.825812
-0.283400 0.471943 -0.834838
-0.305709 0.447760 -0.840270
-0.324785 0.428745 -0.843026
-0.340368 0.414604 -0.843951
-0.352491 0.404725 -0.843770
-0.361448 0.398314 -0.843031
-0.367747 0.394501 -0.842099
-0.372036 0.392443 -0.841176
-0.375029 0.391404 -0.840331
-0.377445 0.390777 -0.839541
-0.379911 0.390152 -0.838719
-0.382991 0.389222 -0.837749
-0.387017 0.387908 -0.836508
-0.392290 0.386129 -0.834873
-0.398829 0.383986 -0.832761
-0.406377 0.381703 -0.830157
-0.414649 0.379462 -0.827088
-0.423340 0.377406 -0.823619
-0.431661 0.375867 -0.819996
-0.439182 0.374932 -0.816422
-0.445280 0.374733 -0.813204
-0.449394 0.375319 -0.810667
-0.451016 0.376694 -0.809127
-0.449795 0.378714 -0.808863
-0.445414 0.381259 -0.810091
-0.437628 0.384153 -0.812963
-0.426243 0.387208 -0.817550
-0.411106 0.390237 -0.823836
-0.391899 0.393062 -0.831816
-0.368998 0.395566 -0.841052
-0.341788 0.397629 -0.851512
-0.310527 0.399204 -0.862676
-0.275604 0.400302 -0.873957
-0.236205 0.400918 -0.885140
-0.192854 0.401148 -0.895482
-0.145687 0.401114 -0.904369
-0.094893 0.400982 -0.911158
-0.040748 0.400961 -0.915188
0.016354 0.401308 -0.915797
0.075150 0.402320 -0.912409
0.136355 0.404321 -0.904396
0.197572 0.407630 -0.891517
0.258540 0.412575 -0.873464
0.317444 0.419353 -0.850513
0.373986 0.428204 -0.822664
0.426525 0.439091 -0.790744
0.475549 0.452259 -0.754530
0.519122 0.467248 -0.715676
0.557392 0.483919 -0.674638
0.590064 0.501858 -0.632427
0.617413 0.520787 -0.589562
0.639720 0.540393 -0.546565
0.657097 0.560074 -0.504520
0.670046 0.579429 -0.464006
0.679111 0.598075 -0.425575
0.684884 0.615691 -0.389692
0.687968 0.632035 -0.356695
0.688953 0.646835 -0.327030
0.688406 0.660050 -0.300716
0.686850 0.671551 -0.277951
0.684725 0.681385 -0.258586
0.682376 0.689647 -0.242383
0.680068 0.696448 -0.229060
0.677966 0.701949 -0.218240
0.676164 0.706325 -0.209542
0.674686 0.709759 -0.202586
0.673516 0.712430 -0.197027
0.672617 0.714491 -0.192585
0.671933 0.716082 -0.189028
0.671425 0.717298 -0.186203
0.671049 0.718221 -0.183990
0.670780 0.718896 -0.182323
0.670597 0.719363 -0.181152
0.670492 0.719635 -0.180459
0.670457 0.719726 -0.180228
VECTORS q3 float
0.914621 0.389345 -0.108991
0.914533 0.389908 -0.107709
0.914236 0.391665 -0.103779
0.913640 0.394777 -0.097018
0.912598 0.399460 -0.087155
0.910899 0.405992 -0.073719
0.908258 0.414628 -0.056142
0.904307 0.425543 -0.033786
0.898673 0.438572 -0.006432
0.890745 0.453712 0.026817
0.879913 0.470496 0.066237
0.865495 0.488245 0.111965
0.846641 0.506178 0.164264
0.822465 0.523248 0.223077
0.792459 0.538030 0.287285
0.755875 0.549265 0.356315
0.712557 0.555574 0.428486
0.662698 0.555822 0.501890
0.606991 0.549244 0.574363
0.546797 0.535627 0.643519
0.483467 0.515244 0.707661
0.419320 0.489145 0.764793
0.356319 0.458735 0.814002
0.296196 0.425649 0.855039
0.240621 0.391739 0.888055
0.190574 0.358600 0.913831
0.146893 0.327786 0.933263
0.110022 0.300573 0.947392
0.079832 0.277744 0.957332
0.056162 0.259937 0.963991
0.038657 0.247509 0.968114
0.026740 0.240524 0.970275
0.019928 0.238994 0.970817
0.017714 0.242840 0.969904
0.019701 0.251866 0.967562
0.025587 0.266097 0.963607
0.034996 0.285070 0.957868
0.047941 0.308949 0.949870
0.064165 0.337177 0.939252
0.083843 0.369787 0.925326
0.106860 0.406144 0.907540
0.133208 0.445650 0.885241
0.162823 0.487517 0.857797
0.195861 0.531176 0.824312
0.231695 0.574959 0.784691
0.270185 0.617845 0.738423
0.310534 0.658086 0.685924
0.352022 0.694175 0.627854
0.394122 0.724933 0.564925
0.435837 0.749066 0.498946
0.476651 0.765944 0.431431
0.516138 0.775291 0.364040
0.553959 0.777197 0.298487
0.589972 0.772102 0.236201
0.624139 0.760700 0.178283
0.656517 0.743821 0.125361
0.687076 0.722409 0.077795
0.715798 0.697405 0.035490
0.742616 0.669715 -0.001969
0.767420 0.640176 -0.035229
0.790076 0.609547 -0.065056
0.810453 0.578495 -0.092247
0.828594 0.547324 -0.117764
0.844288 0.516715 -0.142070
0.857772 0.486440 -0.166143
0.868798 0.457310 -0.189891
0.877744 0.428575 -0.214218
0.884651 0.400269 -0.239116
0.889576 0.372705 -0.264096
0.892780 0.345527 -0.289058
0.894551 0.318018 -0.314074
0.895124 0.290808 -0.337911
0.894849 0.263261 -0.360471
0.894066 0.235477 -0.381046
0.893140 0.207645 -0.398979
0.892462 0.180378 -0.413492
0.892377 0.153331 -0.424445
0.893220 0.127214 -0.431249
0.895290 0.102408 -0.433554
0.898828 0.079269 -0.431075
0.903993 0.058106 -0.423581
0.910908 0.038925 -0.410769
0.919342 0.022380 -0.392821
0.929315 0.008180 -0.369198
0.940391 -0.003407 -0.340078
0.952016 -0.012196 -0.305806
0.963928 -0.018326 -0.265531
0.975323 -0.021595 -0.219723
0.985470 -0.021839 -0.168438
0.993556 -0.018834 -0.111763
0.998681 -0.012299 -0.049854
0.999853 -0.001921 0.017014
0.996083 0.012460 0.087536
0.986167 0.031447 0.162742
0.969277 0.054694 0.239813
0.944360 0.082374 0.318433
0.911106 0.113777 0.396158
0.868806 0.148624 0.472322
0.818119 0.185512 0.544303
0.758245 0.224132 0.612233
0.691766 0.262081 0.672885
0.619618 0.298393 0.725972
0.543988 0.331683 0.770755
0.466383 0.361200 0.807479
0.388336 0.386425 0.836583
0.312273 0.406914 0.858432
0.239464 0.422940 0.873945
0.170829 0.435083 0.884036
0.106869 0.444151 0.889555
0.047690 0.451058 0.891220
-0.006465 0.456663 0.889616
-0.056051 0.461766 0.885229
-0.101009 0.466921 0.878511
-0.141700 0.472508 0.869861
-0.178434 0.478688 0.859662
-0.211367 0.485416 0.848349
-0.240714 0.492516 0.836352
-0.266623 0.499728 0.824126
-0.289266 0.506770 0.812102
-0.308817 0.513379 0.800671
-0.325424 0.519338 0.790182
-0.339315 0.524523 0.780859
-0.350646 0.528856 0.772890
-0.359647 0.532341 0.766334
-0.366449 0.534987 0.761252
-0.371220 0.536842 0.757626
-0.374028 0.537930 0.755469
-0.374959 0.538291 0.754751
