# vtk DataFile Version 2.0
VTK example
ASCII
DATASET UNSTRUCTURED_GRID
POINTS  128  float
-0.000044 -0.000074 -0.000218
-0.000041 -0.000070 -0.000210
-0.000039 -0.000066 -0.000203
-0.000037 -0.000062 -0.000195
-0.000034 -0.000058 -0.000187
-0.000032 -0.000055 -0.000179
-0.000030 -0.000051 -0.000171
-0.000028 -0.000047 -0.000163
-0.000025 -0.000043 -0.000155
-0.000023 -0.000040 -0.000147
-0.000021 -0.000036 -0.000139
-0.000019 -0.000033 -0.000131
-0.000017 -0.000030 -0.000123
-0.000015 -0.000026 -0.000115
-0.000014 -0.000023 -0.000106
-0.000012 -0.000021 -0.000098
-0.000011 -0.000018 -0.000089
-0.000010 -0.000016 -0.000080
-0.000009 -0.000013 -0.000072
-0.000008 -0.000011 -0.000063
-0.000008 -0.000008 -0.000054
-0.000007 -0.000006 -0.000046
-0.000006 -0.000003 -0.000037
-0.000006 -0.000001 -0.000028
-0.000005 0.000002 -0.000020
-0.000004 0.000005 -0.000011
-0.000003 0.000008 -0.000003
-0.000002 0.000012 0.000005
0.000000 0.000016 0.000013
0.000002 0.000020 0.000021
0.000004 0.000024 0.000029
0.000007 0.000029 0.000036
0.000010 0.000034 0.000043
0.000013 0.000040 0.000049
0.000017 0.000046 0.000055
0.000021 0.000052 0.000060
0.000026 0.000058 0.000064
0.000031 0.000065 0.000068
0.000036 0.000072 0.000071
0.000041 0.000079 0.000074
0.000047 0.000085 0.000076
0.000052 0.000092 0.000077
0.000058 0.000099 0.000078
0.000064 0.000106 0.000078
0.000071 0.000112 0.000078
0.000077 0.000119 0.000077
0.000084 0.000125 0.000076
0.000090 0.000131 0.000075
0.000097 0.000137 0.000073
0.000104 0.000143 0.000071
0.000110 0.000148 0.000069
0.000117 0.000153 0.000066
0.000124 0.000158 0.000063
0.000131 0.000163 0.000060
0.000139 0.000168 0.000057
0.000146 0.000172 0.000054
0.000153 0.000176 0.000051
0.000161 0.000180 0.000048
0.000169 0.000183 0.000045
0.000176 0.000186 0.000041
0.000184 0.000189 0.000038
0.000193 0.000192 0.000035
0.000201 0.000194 0.000032
0.000209 0.000196 0.000029
0.000217 0.000198 0.000026
0.000226 0.000200 0.000023
0.000235 0.000201 0.000021
0.000243 0.000202 0.000018
0.000252 0.000203 0.000016
0.000261 0.000203 0.000013
0.000269 0.000203 0.000011
0.000278 0.000204 0.000009
0.000287 0.000204 0.000007
0.000296 0.000204 0.000005
0.000304 0.000203 0.000003
0.000313 0.000203 0.000001
0.000322 0.000203 -0.000000
0.000331 0.000203 -0.000002
0.000340 0.000203 -0.000003
0.000349 0.000202 -0.000003
0.000358 0.000202 -0.000003
0.000367 0.000203 -0.000003
0.000376 0.000203 -0.000002
0.000385 0.000203 -0.000000
0.000394 0.000204 0.000002
0.000403 0.000205 0.000005
0.000411 0.000207 0.000008
0.000419 0.000208 0.000012
0.000426 0.000210 0.000017
0.000433 0.000212 0.000023
0.000439 0.000215 0.000029
0.000444 0.000217 0.000036
0.000449 0.000220 0.000043
0.000453 0.000223 0.000051
0.000456 0.000226 0.000059
0.000458 0.000229 0.000067
0.000460 0.000232 0.000075
0.000460 0.000235 0.000084
0.000461 0.000238 0.000092
0.000460 0.000241 0.000101
0.000460 0.000244 0.000109
0.000458 0.000247 0.000118
0.000457 0.000251 0.000126
0.000455 0.000254 0.000134
0.000452 0.000257 0.000142
0.000450 0.000261 0.000150
0.000447 0.000265 0.000158
0.000444 0.000269 0.000165
0.000441 0.000273 0.000173
0.000437 0.000278 0.000180
0.000434 0.000283 0.000187
0.000430 0.000287 0.000194
0.000427 0.000292 0.000200
0.000424 0.000297 0.000207
0.000420 0.000303 0.000214
0.000417 0.000308 0.000220
0.000414 0.000313 0.000227
0.000410 0.000318 0.000234
0.000407 0.000323 0.000241
0.000404 0.000328 0.000248
0.000402 0.000333 0.000255
0.000399 0.000338 0.000262
0.000396 0.000343 0.000269
0.000394 0.000348 0.000276
0.000391 0.000352 0.000284
0.000389 0.000357 0.000291
0.000387 0.000361 0.000298
0.000384 0.000366 0.000306
CELLS  127 381
2 0 1 
2 1 2 
2 2 3 
2 3 4 
2 4 5 
2 5 6 
2 6 7 
2 7 8 
2 8 9 
2 9 10 
2 10 11 
2 11 12 
2 12 13 
2 13 14 
2 14 15 
2 15 16 
2 16 17 
2 17 18 
2 18 19 
2 19 20 
2 20 21 
2 21 22 
2 22 23 
2 23 24 
2 24 25 
2 25 26 
2 26 27 
2 27 28 
2 28 29 
2 29 30 
2 30 31 
2 31 32 
2 32 33 
2 33 34 
2 34 35 
2 35 36 
2 36 37 
2 37 38 
2 38 39 
2 39 40 
2 40 41 
2 41 42 
2 42 43 
2 43 44 
2 44 45 
2 45 46 
2 46 47 
2 47 48 
2 48 49 
2 49 50 
2 50 51 
2 51 52 
2 52 53 
2 53 54 
2 54 55 
2 55 56 
2 56 57 
2 57 58 
2 58 59 
2 59 60 
2 60 61 
2 61 62 
2 62 63 
2 63 64 
2 64 65 
2 65 66 
2 66 67 
2 67 68 
2 68 69 
2 69 70 
2 70 71 
2 71 72 
2 72 73 
2 73 74 
2 74 75 
2 75 76 
2 76 77 
2 77 78 
2 78 79 
2 79 80 
2 80 81 
2 81 82 
2 82 83 
2 83 84 
2 84 85 
2 85 86 
2 86 87 
2 87 88 
2 88 89 
2 89 90 
2 90 91 
2 91 92 
2 92 93 
2 93 94 
2 94 95 
2 95 96 
2 96 97 
2 97 98 
2 98 99 
2 99 100 
2 100 101 
2 101 102 
2 102 103 
2 103 104 
2 104 105 
2 105 106 
2 106 107 
2 107 108 
2 108 109 
2 109 110 
2 110 111 
2 111 112 
2 112 113 
2 113 114 
2 114 115 
2 115 116 
2 116 117 
2 117 118 
2 118 119 
2 119 120 
2 120 121 
2 121 122 
2 122 123 
2 123 124 
2 124 125 
2 125 126 
2 126 127 
CELL_TYPES  127
3
3
3
3
3
3
3
3
3
3
3
3
3
3
3
3
3
3
3
3
3
3
3
3
3
3
3
3
3
3
3
3
3
3
3
3
3
3
3
3
3
3
3
3
3
3
3
3
3
3
3
3
3
3
3
3
3
3
3
3
3
3
3
3
3
3
3
3
3
3
3
3
3
3
3
3
3
3
3
3
3
3
3
3
3
3
3
3
3
3
3
3
3
3
3
3
3
3
3
3
3
3
3
3
3
3
3
3
3
3
3
3
3
3
3
3
3
3
3
3
3
3
3
3
3
3
3
POINT_DATA  128
VECTORS Position float
-0.000044 -0.000074 -0.000218
-0.000041 -0.000070 -0.000210
-0.000039 -0.000066 -0.000203
-0.000037 -0.000062 -0.000195
-0.000034 -0.000058 -0.000187
-0.000032 -0.000055 -0.000179
-0.000030 -0.000051 -0.000171
-0.000028 -0.000047 -0.000163
-0.000025 -0.000043 -0.000155
-0.000023 -0.000040 -0.000147
-0.000021 -0.000036 -0.000139
-0.000019 -0.000033 -0.000131
-0.000017 -0.000030 -0.000123
-0.000015 -0.000026 -0.000115
-0.000014 -0.000023 -0.000106
-0.000012 -0.000021 -0.000098
-0.000011 -0.000018 -0.000089
-0.000010 -0.000016 -0.000080
-0.000009 -0.000013 -0.000072
-0.000008 -0.000011 -0.000063
-0.000008 -0.000008 -0.000054
-0.000007 -0.000006 -0.000046
-0.000006 -0.000003 -0.000037
-0.000006 -0.000001 -0.000028
-0.000005 0.000002 -0.000020
-0.000004 0.000005 -0.000011
-0.000003 0.000008 -0.000003
-0.000002 0.000012 0.000005
0.000000 0.000016 0.000013
0.000002 0.000020 0.000021
0.000004 0.000024 0.000029
0.000007 0.000029 0.000036
0.000010 0.000034 0.000043
0.000013 0.000040 0.000049
0.000017 0.000046 0.000055
0.000021 0.000052 0.000060
0.000026 0.000058 0.000064
0.000031 0.000065 0.000068
0.000036 0.000072 0.000071
0.000041 0.000079 0.000074
0.000047 0.000085 0.000076
0.000052 0.000092 0.000077
0.000058 0.000099 0.000078
0.000064 0.000106 0.000078
0.000071 0.000112 0.000078
0.000077 0.000119 0.000077
0.000084 0.000125 0.000076
0.000090 0.000131 0.000075
0.000097 0.000137 0.000073
0.000104 0.000143 0.000071
0.000110 0.000148 0.000069
0.000117 0.000153 0.000066
0.000124 0.000158 0.000063
0.000131 0.000163 0.000060
0.000139 0.000168 0.000057
0.000146 0.000172 0.000054
0.000153 0.000176 0.000051
0.000161 0.000180 0.000048
0.000169 0.000183 0.000045
0.000176 0.000186 0.000041
0.000184 0.000189 0.000038
0.000193 0.000192 0.000035
0.000201 0.000194 0.000032
0.000209 0.000196 0.000029
0.000217 0.000198 0.000026
0.000226 0.000200 0.000023
0.000235 0.000201 0.000021
0.000243 0.000202 0.000018
0.000252 0.000203 0.000016
0.000261 0.000203 0.000013
0.000269 0.000203 0.000011
0.000278 0.000204 0.000009
0.000287 0.000204 0.000007
0.000296 0.000204 0.000005
0.000304 0.000203 0.000003
0.000313 0.000203 0.000001
0.000322 0.000203 -0.000000
0.000331 0.000203 -0.000002
0.000340 0.000203 -0.000003
0.000349 0.000202 -0.000003
0.000358 0.000202 -0.000003
0.000367 0.000203 -0.000003
0.000376 0.000203 -0.000002
0.000385 0.000203 -0.000000
0.000394 0.000204 0.000002
0.000403 0.000205 0.000005
0.000411 0.000207 0.000008
0.000419 0.000208 0.000012
0.000426 0.000210 0.000017
0.000433 0.000212 0.000023
0.000439 0.000215 0.000029
0.000444 0.000217 0.000036
0.000449 0.000220 0.000043
0.000453 0.000223 0.000051
0.000456 0.000226 0.000059
0.000458 0.000229 0.000067
0.000460 0.000232 0.000075
0.000460 0.000235 0.000084
0.000461 0.000238 0.000092
0.000460 0.000241 0.000101
0.000460 0.000244 0.000109
0.000458 0.000247 0.000118
0.000457 0.000251 0.000126
0.000455 0.000254 0.000134
0.000452 0.000257 0.000142
0.000450 0.000261 0.000150
0.000447 0.000265 0.000158
0.000444 0.000269 0.000165
0.000441 0.000273 0.000173
0.000437 0.000278 0.000180
0.000434 0.000283 0.000187
0.000430 0.000287 0.000194
0.000427 0.000292 0.000200
0.000424 0.000297 0.000207
0.000420 0.000303 0.000214
0.000417 0.000308 0.000220
0.000414 0.000313 0.000227
0.000410 0.000318 0.000234
0.000407 0.000323 0.000241
0.000404 0.000328 0.000248
0.000402 0.000333 0.000255
0.000399 0.000338 0.000262
0.000396 0.000343 0.000269
0.000394 0.000348 0.000276
0.000391 0.000352 0.000284
0.000389 0.000357 0.000291
0.000387 0.000361 0.000298
0.000384 0.000366 0.000306
VECTORS Rotation float
0.060053 0.438354 -0.280801
0.060192 0.438484 -0.280994
0.060578 0.438763 -0.281497
0.061109 0.438871 -0.282070
0.061620 0.438318 -0.282326
0.061899 0.436519 -0.281763
0.061701 0.432873 -0.279811
0.060791 0.426861 -0.275896
0.059031 0.418246 -0.269597
0.056284 0.406811 -0.260496
0.052589 0.392756 -0.248495
0.048096 0.376541 -0.233734
0.042998 0.358734 -0.216478
0.037559 0.340101 -0.197212
0.032160 0.321761 -0.176827
0.027045 0.304597 -0.156030
0.022497 0.289664 -0.135813
0.018729 0.277883 -0.117129
0.015904 0.270014 -0.100899
0.014170 0.266632 -0.088005
0.013626 0.268070 -0.079134
0.014444 0.274473 -0.074984
0.016805 0.285853 -0.076078
0.020948 0.302163 -0.082867
0.027182 0.323271 -0.095717
0.035899 0.349144 -0.115004
0.047559 0.379626 -0.141006
0.062689 0.414487 -0.173955
0.081966 0.453606 -0.214306
0.106091 0.496462 -0.262341
0.135809 0.542273 -0.318344
0.172105 0.590275 -0.383033
0.215803 0.639077 -0.456750
0.267923 0.687291 -0.540235
0.328092 0.732366 -0.632184
0.397373 0.773238 -0.733847
0.473411 0.807264 -0.841767
0.555755 0.833653 -0.955666
0.640508 0.851129 -1.070857
0.725419 0.859703 -1.185116
0.806699 0.859737 -1.294244
0.881747 0.852252 -1.395492
0.948935 0.838577 -1.487165
1.008273 0.819907 -1.569497
1.059181 0.797686 -1.641755
1.102683 0.772793 -1.705210
1.139270 0.746184 -1.760344
1.169705 0.718486 -1.807970
1.194833 0.689962 -1.849011
1.215028 0.661062 -1.883702
1.230818 0.631859 -1.912499
1.242626 0.602355 -1.935699
1.250815 0.572519 -1.953517
1.255770 0.542230 -1.966211
1.257898 0.511344 -1.974101
1.257631 0.479691 -1.977582
1.255397 0.447241 -1.977095
1.251620 0.414012 -1.973126
1.246699 0.380138 -1.966176
1.240995 0.345854 -1.956758
1.234830 0.311495 -1.945411
1.228479 0.277460 -1.932704
1.222155 0.243905 -1.919116
1.216018 0.211505 -1.905331
1.210158 0.180059 -1.891643
1.204588 0.150522 -1.878789
1.199313 0.122316 -1.866718
1.194276 0.095742 -1.855573
1.189350 0.071394 -1.845386
1.184471 0.049289 -1.835703
1.179672 0.029222 -1.825745
1.174834 0.012001 -1.815045
1.170078 -0.002486 -1.802548
1.165456 -0.013928 -1.787435
1.161029 -0.022061 -1.768940
1.156781 -0.026600 -1.746639
1.152856 -0.027515 -1.719411
1.149152 -0.024687 -1.687112
1.145570 -0.018082 -1.649381
1.141945 -0.007696 -1.605913
1.138035 0.006454 -1.556453
1.133550 0.024528 -1.500158
1.128032 0.046012 -1.438257
1.121038 0.071280 -1.369109
1.112016 0.099739 -1.293453
1.100504 0.130494 -1.212293
1.085781 0.163456 -1.123856
1.067471 0.197064 -1.029625
1.045320 0.229900 -0.930352
1.019355 0.260420 -0.827114
0.989973 0.287131 -0.721381
0.957947 0.308834 -0.614943
0.924747 0.324652 -0.511064
0.890796 0.334926 -0.409092
0.857994 0.340011 -0.313143
0.826854 0.341199 -0.223187
0.798282 0.340063 -0.140942
0.772166 0.338335 -0.065497
0.748752 0.337711 0.002493
0.727266 0.339606 0.065237
0.707917 0.345030 0.121728
0.690146 0.354650 0.173264
0.673695 0.368578 0.220240
0.658178 0.386632 0.263421
0.643331 0.408266 0.303264
0.629226 0.432371 0.339477
0.615894 0.457897 0.372020
0.603495 0.483725 0.400677
0.592285 0.508790 0.425143
0.582577 0.532180 0.445091
0.574782 0.553013 0.460085
0.569193 0.570818 0.469940
0.566091 0.585104 0.474490
0.565587 0.595708 0.473845
0.567639 0.602608 0.468321
0.572035 0.605892 0.458464
0.578427 0.605770 0.444997
0.586349 0.602551 0.428792
0.595280 0.596629 0.410791
0.604684 0.588494 0.391947
0.614030 0.578739 0.373212
0.622893 0.568013 0.355377
0.630869 0.557093 0.339214
0.637707 0.546717 0.325249
0.643176 0.537689 0.313987
0.647173 0.530651 0.305699
0.649587 0.526207 0.300665
0.650399 0.524679 0.298967
VECTORS ControlForce float
0.000000 0.000000 0.000000
-0.000120 -0.000216 -0.000037
-0.000244 -0.000416 -0.000049
-0.000357 -0.000562 -0.000051
-0.000440 -0.000622 -0.000061
-0.000483 -0.000589 -0.000064
-0.000473 -0.000463 -0.000055
-0.000415 -0.000269 -0.000026
-0.000307 -0.000029 0.000007
-0.000155 0.000228 0.000035
0.000033 0.000479 0.000044
0.000229 0.000681 0.000049
0.000416 0.000823 0.000047
0.000588 0.000908 0.000024
0.000728 0.000930 -0.000023
0.000819 0.000884 -0.000086
0.000849 0.000766 -0.000141
0.000819 0.000588 -0.000175
0.000743 0.000386 -0.000191
0.000638 0.000195 -0.000191
0.000524 0.000053 -0.000194
0.000411 -0.000026 -0.000197
0.000306 -0.000040 -0.000189
0.000209 -0.000002 -0.000167
0.000117 0.000064 -0.000136
0.000029 0.000124 -0.000094
-0.000058 0.000155 -0.000054
-0.000147 0.000125 -0.000011
-0.000234 0.000037 0.000021
-0.000315 -0.000101 0.000035
-0.000388 -0.000279 0.000031
-0.000440 -0.000471 0.000008
-0.000459 -0.000649 -0.000031
-0.000433 -0.000775 -0.000091
-0.000374 -0.000842 -0.000161
-0.000296 -0.000835 -0.000227
-0.000211 -0.000747 -0.000285
-0.000124 -0.000575 -0.000323
-0.000049 -0.000352 -0.000336
0.000007 -0.000112 -0.000318
0.000032 0.000089 -0.000277
0.000044 0.000247 -0.000228
0.000064 0.000363 -0.000175
0.000086 0.000414 -0.000114
0.000104 0.000390 -0.000056
0.000105 0.000292 -0.000003
0.000099 0.000157 0.000037
0.000106 0.000032 0.000065
0.000122 -0.000078 0.000086
0.000152 -0.000151 0.000100
0.000194 -0.000183 0.000112
0.000239 -0.000165 0.000126
0.000272 -0.000100 0.000142
0.000270 -0.000010 0.000155
0.000228 0.000093 0.000163
0.000155 0.000195 0.000161
0.000058 0.000276 0.000144
-0.000037 0.000345 0.000114
-0.000100 0.000420 0.000078
-0.000127 0.000485 0.000034
-0.000114 0.000542 -0.000011
-0.000083 0.000554 -0.000060
-0.000035 0.000539 -0.000101
0.000012 0.000495 -0.000138
0.000025 0.000390 -0.000170
-0.000006 0.000232 -0.000203
-0.000090 0.000027 -0.000222
-0.000205 -0.000179 -0.000226
-0.000334 -0.000366 -0.000235
-0.000449 -0.000516 -0.000243
-0.000533 -0.000625 -0.000238
-0.000560 -0.000651 -0.000222
-0.000538 -0.000624 -0.000186
-0.000483 -0.000575 -0.000132
-0.000394 -0.000492 -0.000068
-0.000294 -0.000408 -0.000008
-0.000204 -0.000340 0.000056
-0.000136 -0.000286 0.000117
-0.000103 -0.000248 0.000167
-0.000100 -0.000211 0.000207
-0.000109 -0.000164 0.000246
-0.000111 -0.000124 0.000289
-0.000082 -0.000103 0.000327
0.000007 -0.000086 0.000367
0.000162 -0.000074 0.000394
0.000383 -0.000042 0.000393
0.000633 0.000015 0.000366
0.000860 0.000074 0.000313
0.001016 0.000154 0.000224
0.001049 0.000247 0.000106
0.000928 0.000357 -0.000027
0.000651 0.000471 -0.000155
0.000248 0.000558 -0.000246
-0.000197 0.000618 -0.000286
-0.000615 0.000647 -0.000290
-0.000935 0.000625 -0.000262
-0.001122 0.000551 -0.000226
-0.001157 0.000414 -0.000168
-0.001046 0.000229 -0.000099
-0.000818 0.000018 -0.000021
-0.000502 -0.000206 0.000040
-0.000154 -0.000421 0.000062
0.000180 -0.000614 0.000049
0.000463 -0.000768 0.000021
0.000669 -0.000870 -0.000010
0.000783 -0.000912 -0.000052
0.000809 -0.000895 -0.000098
0.000752 -0.000828 -0.000148
0.000630 -0.000724 -0.000193
0.000454 -0.000598 -0.000237
0.000249 -0.000465 -0.000276
0.000033 -0.000341 -0.000309
-0.000181 -0.000235 -0.000341
-0.000374 -0.000152 -0.000371
-0.000545 -0.000092 -0.000398
-0.000674 -0.000053 -0.000417
-0.000774 -0.000023 -0.000433
-0.000855 0.000010 -0.000449
-0.000907 0.000052 -0.000458
-0.000935 0.000109 -0.000460
-0.000949 0.000179 -0.000463
-0.000933 0.000248 -0.000456
-0.000873 0.000297 -0.000431
-0.000770 0.000314 -0.000385
-0.000634 0.000293 -0.000322
-0.000457 0.000229 -0.000236
-0.000244 0.000127 -0.000130
0.000000 -0.000000 -0.000000
VECTORS ControlTorque float
0.000000 -0.000000 0.000000
0.000000 -0.000000 0.000000
-0.000000 -0.000000 0.000000
-0.000000 0.000000 0.000000
-0.000001 0.000000 0.000000
-0.000001 0.000000 0.000000
-0.000001 0.000001 0.000000
-0.000001 0.000001 -0.000000
-0.000001 0.000001 -0.000000
-0.000001 0.000001 -0.000000
-0.000001 0.000001 -0.000000
-0.000001 0.000001 -0.000000
-0.000000 0.000001 -0.000000
0.000000 0.000000 -0.000000
0.000000 0.000000 -0.000000
0.000001 -0.000000 -0.000000
0.000001 -0.000001 -0.000000
0.000002 -0.000001 0.000000
0.000002 -0.000001 0.000000
0.000002 -0.000001 0.000000
0.000002 -0.000002 0.000000
0.000002 -0.000002 0.000000
0.000002 -0.000002 0.000001
0.000002 -0.000002 0.000001
0.000002 -0.000002 0.000001
0.000002 -0.000002 0.000001
0.000002 -0.000002 0.000001
0.000002 -0.000002 0.000001
0.000002 -0.000002 0.000000
0.000002 -0.000002 0.000000
0.000002 -0.000002 0.000000
0.000001 -0.000001 0.000000
0.000002 -0.000002 0.000000
-0.000001 0.000000 -0.000000
0.000002 -0.000002 0.000000
-0.000002 0.000001 -0.000000
0.000000 -0.000001 0.000001
-0.000002 0.000001 0.000000
-0.000001 0.000000 0.000001
-0.000002 0.000001 0.000000
-0.000002 0.000001 0.000000
-0.000002 0.000002 0.000000
-0.000001 0.000001 0.000001
-0.000002 0.000002 0.000000
-0.000001 0.000001 0.000000
-0.000001 0.000001 0.000000
-0.000001 0.000001 0.000000
-0.000001 0.000001 0.000000
-0.000001 0.000001 0.000000
-0.000001 0.000001 0.000000
-0.000001 0.000001 0.000000
-0.000001 0.000001 0.000000
-0.000001 0.000001 0.000000
-0.000001 0.000001 0.000001
-0.000001 0.000001 0.000001
-0.000001 0.000001 0.000001
-0.000000 0.000001 0.000001
-0.000000 0.000001 0.000000
-0.000000 0.000001 0.000000
-0.000000 0.000001 0.000000
-0.000000 0.000001 -0.000000
-0.000000 0.000001 0.000000
-0.000000 0.000000 -0.000001
-0.000000 0.000000 0.000000
-0.000000 -0.000001 -0.000001
-0.000000 -0.000000 -0.000000
-0.000000 -0.000000 -0.000001
-0.000000 -0.000000 -0.000001
-0.000000 -0.000000 -0.000001
-0.000000 0.000000 -0.000000
-0.000000 0.000000 -0.000002
-0.000000 0.000001 -0.000001
-0.000000 0.000001 -0.000001
-0.000000 0.000002 -0.000001
-0.000000 0.000001 -0.000002
-0.000000 0.000002 -0.000001
-0.000000 0.000002 -0.000002
-0.000000 0.000002 -0.000002
-0.000000 0.000002 -0.000002
0.000000 0.000002 -0.000001
0.000000 0.000004 -0.000002
0.000000 0.000001 -0.000001
0.000000 0.000004 -0.000002
0.000000 0.000003 -0.000002
0.000000 0.000001 -0.000001
0.000000 0.000004 -0.000002
0.000000 0.000001 -0.000001
0.000000 0.000002 -0.000001
-0.000000 0.000001 -0.000000
-0.000000 0.000000 0.000000
-0.000001 0.000000 0.000000
-0.000001 -0.000003 0.000002
-0.000001 0.000001 -0.000000
-0.000000 -0.000004 0.000002
-0.000000 -0.000001 0.000000
0.000000 -0.000004 0.000001
0.000001 -0.000002 0.000000
0.000001 -0.000004 0.000001
0.000002 -0.000000 0.000000
0.000002 -0.000003 0.000001
0.000002 -0.000001 0.000001
0.000002 -0.000002 0.000001
0.000002 -0.000001 0.000001
0.000002 -0.000001 0.000001
0.000001 -0.000002 0.000001
0.000000 -0.000001 0.000001
-0.000000 -0.000002 0.000001
-0.000001 -0.000002 0.000001
-0.000001 -0.000002 0.000001
-0.000001 -0.000002 0.000000
-0.000001 -0.000002 0.000000
-0.000002 -0.000002 0.000000
-0.000002 -0.000002 0.000000
-0.000002 -0.000001 0.000000
-0.000002 -0.000001 0.000000
-0.000002 -0.000001 -0.000000
-0.000001 -0.000001 -0.000000
-0.000001 -0.000001 -0.000000
-0.000001 -0.000000 -0.000000
-0.000001 0.000000 -0.000000
-0.000000 0.000000 -0.000000
0.000000 0.000000 -0.000000
0.000000 0.000001 -0.000000
0.000001 0.000001 -0.000000
0.000001 0.000001 -0.000000
0.000001 0.000001 -0.000000
0.000001 0.000001 -0.000000
0.000001 0.000001 -0.000000
VECTORS Curvature float
-10.025579 11.190962 -3.698444
-26.143293 32.751311 -11.752978
-33.422024 58.341926 -25.716901
11.590121 49.580984 -38.059738
118.698223 0.897568 -50.744851
294.856796 -97.029280 -63.039721
546.062746 -254.185305 -74.790798
833.167455 -456.435556 -85.768691
1147.460317 -703.768014 -95.764134
1476.259695 -991.711597 -104.602187
1749.581117 -1277.219899 -112.291740
1961.648641 -1551.733338 -119.128952
2114.745273 -1815.584356 -125.479690
2138.822780 -2000.815686 -131.646805
2043.895938 -2104.308981 -138.577700
1851.498093 -2131.489283 -146.353333
1536.210628 -2040.549732 -155.547881
1132.529283 -1850.436380 -166.231242
653.643915 -1551.871211 -178.383539
127.886010 -1169.955561 -191.747001
-422.646929 -711.418330 -205.945914
-978.379870 -184.223100 -220.455986
-1536.502129 385.334376 -234.662192
-2086.649743 985.508090 -247.698862
-2639.207221 1607.058276 -258.579508
-3205.130640 2240.586729 -265.964690
-3750.463357 2846.591361 -268.257229
-4311.708020 3438.106876 -264.264488
-4888.372274 4007.757286 -251.999158
-5401.346502 4490.023593 -230.172021
-5909.358142 4940.073071 -199.193074
-6357.069457 5319.514195 -157.568206
-6790.214443 5687.263702 -109.802260
-6968.018351 5844.854305 -53.109457
-7099.340079 6008.898129 -1.053640
-7062.801342 6053.231364 53.810762
-6843.362739 6016.740757 94.560169
-6584.404940 5977.675324 128.844799
-6150.041552 5848.613208 148.297174
-5736.534383 5760.856940 158.882770
-5194.207897 5570.775533 160.978538
-4644.968454 5355.983848 158.698934
-4171.097900 5210.506529 155.434623
-3716.524788 5035.813466 151.676456
-3270.761019 4831.853570 150.384672
-2898.873897 4674.686317 150.305217
-2513.125325 4456.866751 152.408950
-2174.681970 4299.686928 156.342623
-1834.689016 4140.989923 161.135125
-1470.545991 3962.046792 167.257298
-1102.099131 3826.235885 173.979649
-709.886006 3701.495014 181.261615
-298.193589 3593.924235 189.082143
123.813668 3508.076828 197.457180
546.714871 3450.744385 206.505961
957.495001 3412.061813 216.353404
1342.998821 3377.329758 227.198100
1694.969411 3345.320445 239.217055
2003.224183 3302.124662 252.611844
2260.933264 3242.485257 267.538067
2442.430121 3142.622109 284.235471
2586.387822 3056.949373 302.397508
2626.802913 2917.034497 322.714921
2634.958951 2801.590036 343.787660
2542.804490 2640.974817 367.102696
2391.101182 2464.507838 390.238267
2310.040235 2385.979941 414.252487
2131.623015 2198.880864 437.816772
1937.375802 1954.017115 460.324039
1876.885596 1761.712615 480.831123
1831.524261 1483.771368 499.081319
1828.455693 1119.754594 513.244386
1956.907950 739.786429 523.472574
2141.965111 270.327222 528.630382
2327.013235 -244.869596 528.542846
2606.738047 -816.831758 522.928670
2975.972793 -1434.586355 512.196640
3308.750920 -2055.005659 496.277639
3694.509474 -2704.125695 475.628333
4066.575946 -3335.462906 450.177525
4579.521377 -4089.310490 421.591797
4981.579447 -4738.663520 386.720297
5386.867280 -5396.495026 350.647573
5960.804886 -6218.453316 309.225219
6227.541238 -6707.472108 264.169113
6638.832670 -7315.698785 221.996809
7131.728711 -7962.486138 177.386424
7413.455665 -8301.334744 139.652523
7682.363582 -8536.000284 109.198181
7851.806384 -8569.020434 89.177105
7992.064590 -8482.412567 80.815469
7824.022304 -8027.240597 81.698496
7754.106309 -7644.388679 92.549635
7564.491081 -7198.013076 103.634364
7115.411406 -6576.736233 115.032130
6612.224061 -6051.693742 120.133072
5996.900197 -5585.803557 117.426691
5293.179221 -5208.956182 105.669615
4597.477216 -5024.396580 85.869079
3871.391177 -4938.283347 59.321908
3001.816898 -4777.474014 29.073695
2236.103284 -4749.734180 -2.452345
1494.848223 -4698.622912 -31.308063
852.121912 -4717.323536 -54.660486
277.710589 -4631.923287 -70.582007
-203.469984 -4413.005069 -76.760715
-578.431541 -4126.360225 -73.074545
-851.717036 -3740.740706 -59.737082
-1036.356085 -3285.719698 -38.172334
-1132.426057 -2740.690756 -10.612214
-1163.063033 -2145.831282 20.473971
-1139.292800 -1524.672338 52.126173
-1065.174019 -884.195410 81.791299
-970.208013 -273.835183 107.152509
-853.114322 297.427635 126.433133
-721.990688 808.432629 138.501008
-583.731107 1243.916172 142.965489
-441.278933 1591.295980 140.095553
-300.769949 1847.264281 130.833039
-166.539784 1997.842013 116.562678
-45.871360 2050.903062 99.121705
52.747579 1998.030930 80.252280
123.203517 1848.539691 61.792163
159.247915 1607.619004 44.913707
159.840278 1282.759951 30.439225
129.752838 906.483890 18.701287
64.817101 421.540525 8.028288
21.939959 136.797584 2.476833
VECTORS LocalRotation float
-0.064391 -0.414795 -0.048618
-0.064555 -0.414596 -0.048688
-0.064823 -0.414185 -0.048857
-0.064922 -0.413698 -0.049144
-0.064331 -0.413469 -0.049547
-0.062452 -0.413906 -0.050064
-0.058643 -0.415497 -0.050688
-0.052433 -0.418696 -0.051411
-0.043435 -0.423967 -0.052236
-0.031572 -0.431633 -0.053142
-0.016983 -0.441894 -0.054123
-0.000142 -0.454732 -0.055173
0.018335 -0.469995 -0.056282
0.037534 -0.487221 -0.057442
0.056504 -0.505838 -0.058668
0.074130 -0.525005 -0.059957
0.089465 -0.543891 -0.061324
0.101549 -0.561509 -0.062781
0.109636 -0.576912 -0.064341
0.113180 -0.589255 -0.066019
0.111848 -0.597757 -0.067816
0.105503 -0.601813 -0.069747
0.094102 -0.600901 -0.071811
0.077696 -0.594693 -0.073995
0.056280 -0.582945 -0.076289
0.029860 -0.565551 -0.078660
-0.001573 -0.542562 -0.081075
-0.038091 -0.514095 -0.083487
-0.079704 -0.480416 -0.085822
-0.126290 -0.441943 -0.088005
-0.177663 -0.399112 -0.089955
-0.233278 -0.352596 -0.091573
-0.292863 -0.302711 -0.092784
-0.354860 -0.250746 -0.093518
-0.418837 -0.196836 -0.093765
-0.482593 -0.142534 -0.093527
-0.545873 -0.087610 -0.092852
-0.606488 -0.033465 -0.091844
-0.664319 0.020242 -0.090585
-0.717991 0.072662 -0.089198
-0.767414 0.123897 -0.087752
-0.811994 0.173406 -0.086303
-0.852056 0.221422 -0.084876
-0.887663 0.267677 -0.083490
-0.919347 0.312421 -0.082120
-0.947221 0.355372 -0.080761
-0.971718 0.396704 -0.079391
-0.992983 0.436426 -0.077991
-1.011104 0.474576 -0.076556
-1.026082 0.511295 -0.075068
-1.037741 0.546590 -0.073521
-1.045944 0.580669 -0.071913
-1.050507 0.613693 -0.070236
-1.051296 0.645844 -0.068487
-1.048260 0.677360 -0.066657
-1.041452 0.708417 -0.064743
-1.031037 0.739156 -0.062735
-1.017279 0.769600 -0.060623
-1.000533 0.799702 -0.058396
-0.981227 0.829332 -0.056041
-0.959926 0.858250 -0.053542
-0.937116 0.886370 -0.050881
-0.913575 0.913346 -0.048058
-0.889675 0.939321 -0.045031
-0.866365 0.963823 -0.041831
-0.843826 0.987146 -0.038371
-0.822579 1.009069 -0.034735
-0.802622 1.029668 -0.030907
-0.784142 1.048529 -0.026828
-0.766737 1.065485 -0.022533
-0.750061 1.080080 -0.018126
-0.733374 1.091950 -0.013511
-0.716238 1.100368 -0.008818
-0.697759 1.104921 -0.004075
-0.677646 1.105036 0.000683
-0.655161 1.100197 0.005475
-0.629999 1.090050 0.010141
-0.601613 1.074289 0.014696
-0.569906 1.052742 0.019096
-0.534693 1.025340 0.023296
-0.495395 0.991593 0.027259
-0.452397 0.951892 0.030894
-0.405118 0.905676 0.034256
-0.353943 0.853296 0.037232
-0.298935 0.794960 0.039820
-0.240127 0.730864 0.042042
-0.177917 0.661843 0.043846
-0.112167 0.588324 0.045279
-0.043890 0.512170 0.046405
0.026375 0.434801 0.047302
0.098013 0.357702 0.048071
0.169457 0.283125 0.048805
0.240560 0.211595 0.049600
0.309432 0.144864 0.050482
0.375999 0.082401 0.051474
0.437970 0.025393 0.052536
0.495311 -0.027530 0.053616
0.546386 -0.076363 0.054625
0.591467 -0.123006 0.055498
0.629422 -0.167657 0.056149
0.660545 -0.211651 0.056549
0.684268 -0.254800 0.056670
0.701242 -0.297786 0.056516
0.711898 -0.340537 0.056126
0.716993 -0.382700 0.055561
0.717329 -0.423598 0.054895
0.713788 -0.462264 0.054216
0.707306 -0.497922 0.053614
0.698747 -0.529773 0.053170
0.688935 -0.557039 0.052950
0.678527 -0.579195 0.052994
0.668123 -0.595782 0.053323
0.658135 -0.606695 0.053929
0.648911 -0.611944 0.054786
0.640657 -0.611837 0.055843
0.633524 -0.606829 0.057043
0.627614 -0.597540 0.058317
0.622973 -0.584703 0.059598
0.619614 -0.569134 0.060825
0.617499 -0.551732 0.061945
0.616536 -0.533388 0.062922
0.616567 -0.515065 0.063734
0.617365 -0.497629 0.064377
0.618643 -0.481995 0.064860
0.620089 -0.468896 0.065202
0.621397 -0.459005 0.065424
0.622280 -0.452979 0.065545
0.622672 -0.450456 0.065592
VECTORS q1 float
0.966161 -0.054342 -0.252150
0.966123 -0.054465 -0.252270
0.966023 -0.054807 -0.252578
0.965912 -0.055283 -0.252901
0.965869 -0.055760 -0.252960
0.965999 -0.056059 -0.252395
0.966422 -0.055975 -0.250789
0.967256 -0.055302 -0.247704
0.968582 -0.053911 -0.242783
0.970465 -0.051663 -0.235644
0.972892 -0.048563 -0.226105
0.975778 -0.044709 -0.214147
0.978999 -0.040248 -0.199854
0.982379 -0.035399 -0.183514
0.985687 -0.030505 -0.165806
0.988751 -0.025796 -0.147330
0.991411 -0.021558 -0.128995
0.993574 -0.018009 -0.111739
0.995216 -0.015327 -0.096494
0.996358 -0.013669 -0.084163
0.997063 -0.013139 -0.075447
0.997379 -0.013903 -0.071002
0.997327 -0.016122 -0.071269
0.996866 -0.019997 -0.076542
0.995880 -0.025771 -0.086941
0.994163 -0.033726 -0.102480
0.991432 -0.044156 -0.122938
0.987340 -0.057343 -0.147891
0.981474 -0.073594 -0.176898
0.973436 -0.093108 -0.209171
0.962880 -0.115968 -0.243750
0.949457 -0.142278 -0.279802
0.933002 -0.171873 -0.316176
0.913378 -0.204627 -0.351950
0.891022 -0.239614 -0.385571
0.865769 -0.276956 -0.416820
0.838525 -0.315262 -0.444394
0.809236 -0.354630 -0.468374
0.778767 -0.393901 -0.488226
0.747210 -0.433008 -0.504164
0.715170 -0.471208 -0.516231
0.683006 -0.508101 -0.524724
0.651020 -0.543372 -0.530019
0.619124 -0.577156 -0.532519
0.587813 -0.608943 -0.532602
0.556948 -0.638941 -0.530626
0.526761 -0.666971 -0.526946
0.497307 -0.693057 -0.521879
0.468446 -0.717400 -0.515650
0.440345 -0.739912 -0.508554
0.412903 -0.760744 -0.500779
0.386014 -0.780029 -0.492491
0.359581 -0.797874 -0.483838
0.333443 -0.814407 -0.474928
0.307429 -0.829744 -0.465846
0.281340 -0.843990 -0.456650
0.255081 -0.857168 -0.447433
0.228602 -0.869275 -0.438294
0.201940 -0.880268 -0.429357
0.175221 -0.890084 -0.420770
0.148645 -0.898659 -0.412694
0.122460 -0.905953 -0.405282
0.096734 -0.912021 -0.398573
0.071889 -0.916827 -0.392759
0.047731 -0.920545 -0.387709
0.024873 -0.923135 -0.383672
0.002889 -0.924828 -0.380374
-0.017980 -0.925691 -0.377854
-0.037214 -0.925763 -0.376269
-0.054604 -0.925175 -0.375593
-0.070006 -0.924086 -0.375717
-0.082528 -0.922559 -0.376926
-0.091823 -0.920778 -0.379125
-0.097261 -0.918879 -0.382363
-0.098261 -0.916991 -0.386618
-0.094350 -0.915189 -0.391825
-0.084964 -0.913581 -0.397682
-0.069866 -0.912139 -0.403882
-0.048805 -0.910797 -0.409961
-0.021594 -0.909417 -0.415325
0.011873 -0.907792 -0.419252
0.052050 -0.905649 -0.420822
0.097815 -0.902614 -0.419189
0.149927 -0.898265 -0.413087
0.207120 -0.892137 -0.401488
0.267620 -0.883857 -0.383637
0.331326 -0.872876 -0.358205
0.395475 -0.859030 -0.325065
0.457817 -0.842324 -0.284419
0.516106 -0.823050 -0.237112
0.568386 -0.801785 -0.184600
0.613267 -0.779311 -0.128755
0.649683 -0.756758 -0.072308
0.678573 -0.734367 -0.015622
0.699876 -0.713222 0.038581
0.714894 -0.693389 0.090217
0.724573 -0.675147 0.138460
0.730022 -0.658136 0.184190
0.731975 -0.642274 0.227369
0.730968 -0.626859 0.269692
0.727391 -0.611930 0.310555
0.721492 -0.597030 0.350720
0.713539 -0.581978 0.390082
0.703762 -0.566525 0.428682
0.692468 -0.550561 0.466229
0.680225 -0.534361 0.501750
0.667593 -0.518178 0.534613
0.655196 -0.502411 0.564182
0.643648 -0.487546 0.589928
0.633497 -0.474090 0.611490
0.625242 -0.462618 0.628536
0.619155 -0.453506 0.641077
0.615428 -0.447120 0.649101
0.614041 -0.443601 0.652818
0.614834 -0.442942 0.652520
0.617533 -0.444982 0.648571
0.621781 -0.449429 0.641407
0.627173 -0.455880 0.631528
0.633294 -0.463864 0.619491
0.639747 -0.472868 0.605904
0.646164 -0.482339 0.591457
0.652246 -0.491779 0.576826
0.657729 -0.500659 0.562791
0.662434 -0.508573 0.550031
0.666207 -0.515113 0.539284
0.668968 -0.520017 0.531097
0.670640 -0.523031 0.526004
0.671202 -0.524054 0.524266
VECTORS q2 float
-0.059748 0.903819 -0.423723
-0.059727 0.903757 -0.423859
-0.059638 0.903617 -0.424169
-0.059396 0.903542 -0.424362
-0.058871 0.903748 -0.423997
-0.057911 0.904493 -0.422538
-0.056366 0.906037 -0.419429
-0.054117 0.908589 -0.414172
-0.051124 0.912211 -0.406519
-0.047394 0.916933 -0.396216
-0.043052 0.922580 -0.383395
-0.038297 0.928867 -0.368429
-0.033360 0.935477 -0.351810
-0.028492 0.942056 -0.334243
-0.023946 0.948189 -0.316802
-0.019875 0.953619 -0.300359
-0.016376 0.958097 -0.285974
-0.013453 0.961470 -0.274581
-0.011042 0.963645 -0.266956
-0.009041 0.964567 -0.263683
-0.007354 0.964194 -0.265094
-0.005900 0.962468 -0.271332
-0.004673 0.959286 -0.282398
-0.003752 0.954486 -0.298234
-0.003295 0.947851 -0.318697
-0.003576 0.939060 -0.343734
-0.004952 0.927753 -0.373162
-0.007864 0.913525 -0.406707
-0.012880 0.895855 -0.444160
-0.020566 0.874329 -0.484897
-0.031455 0.848651 -0.528017
-0.046098 0.818514 -0.572634
-0.064773 0.784029 -0.617336
-0.087648 0.745390 -0.660841
-0.114063 0.703931 -0.701050
-0.143943 0.659890 -0.737446
-0.175812 0.615428 -0.768335
-0.209224 0.571015 -0.793831
-0.242697 0.528489 -0.813510
-0.275665 0.488336 -0.827971
-0.307166 0.451550 -0.837706
-0.336659 0.418543 -0.843494
-0.363827 0.389447 -0.846145
-0.388804 0.363880 -0.846418
-0.411357 0.341910 -0.844916
-0.431753 0.323045 -0.842158
-0.449988 0.307120 -0.838563
-0.466109 0.293912 -0.834481
-0.480176 0.283186 -0.830203
-0.492012 0.274936 -0.826035
-0.501485 0.269084 -0.822257
-0.508408 0.265586 -0.819137
-0.512569 0.264391 -0.816928
-0.513790 0.265398 -0.815833
-0.511949 0.268444 -0.815994
-0.506990 0.273302 -0.817476
-0.498949 0.279687 -0.820259
-0.487939 0.287274 -0.824251
-0.474152 0.295720 -0.829294
-0.457873 0.304679 -0.835179
-0.439491 0.313816 -0.841646
-0.419505 0.322833 -0.848407
-0.398330 0.331510 -0.855240
-0.376766 0.339642 -0.861795
-0.355053 0.347167 -0.867994
-0.334214 0.354029 -0.873478
-0.314095 0.360286 -0.878373
-0.294997 0.366003 -0.882620
-0.277224 0.371315 -0.886156
-0.260439 0.376330 -0.889127
-0.243928 0.381065 -0.891789
-0.227607 0.385668 -0.894122
-0.210544 0.390079 -0.896387
-0.192167 0.394293 -0.898668
-0.171937 0.398299 -0.900997
-0.149623 0.402146 -0.903267
-0.124280 0.405725 -0.905506
-0.095855 0.409137 -0.907424
-0.064077 0.412459 -0.908720
-0.028732 0.415814 -0.908996
0.010314 0.419371 -0.907757
0.053580 0.423319 -0.904395
0.099875 0.427985 -0.898250
0.150066 0.433644 -0.888500
0.203076 0.440654 -0.874405
0.257564 0.449294 -0.855451
0.313945 0.460008 -0.830561
0.370311 0.473005 -0.799460
0.425275 0.488427 -0.761958
0.477366 0.506250 -0.718215
0.525129 0.526248 -0.668806
0.567295 0.547987 -0.614725
0.602518 0.570587 -0.558035
0.631195 0.593854 -0.498929
0.652559 0.616518 -0.440537
0.667399 0.638156 -0.383842
0.676355 0.657969 -0.331090
0.680629 0.675787 -0.282940
0.681328 0.691162 -0.241014
0.679637 0.704331 -0.204966
0.676642 0.714944 -0.176096
0.673285 0.723163 -0.154025
0.670322 0.729035 -0.138478
0.668251 0.732712 -0.128743
0.667354 0.734342 -0.124018
0.667742 0.734083 -0.123466
0.669335 0.732170 -0.126165
0.671932 0.728892 -0.131240
0.675253 0.724577 -0.137916
0.679001 0.719563 -0.145558
0.682868 0.714208 -0.153615
0.686626 0.708792 -0.161738
0.690054 0.703608 -0.169591
0.693027 0.698849 -0.176982
0.695474 0.694656 -0.183762
0.697359 0.691134 -0.189801
0.698692 0.688333 -0.195004
0.699509 0.686275 -0.199285
0.699866 0.684943 -0.202587
0.699837 0.684288 -0.204885
0.699504 0.684232 -0.206205
0.698961 0.684656 -0.206639
0.698301 0.685416 -0.206352
0.697618 0.686347 -0.205566
0.696993 0.687283 -0.204554
0.696494 0.688078 -0.203580
0.696175 0.688605 -0.202890
0.696065 0.688790 -0.202640
VECTORS q3 float
0.250924 0.424450 0.869988
0.251076 0.424567 0.869887
0.251481 0.424820 0.869647
0.251967 0.424918 0.869458
0.252254 0.424417 0.869619
0.251976 0.422787 0.870493
0.250701 0.419481 0.872459
0.247966 0.414015 0.875845
0.243385 0.406158 0.880795
0.236539 0.395682 0.887403
0.227219 0.382736 0.895480
0.215386 0.367706 0.904655
0.201118 0.351089 0.914488
0.184713 0.333582 0.924448
0.166879 0.316238 0.933887
0.148245 0.299909 0.942379
0.129755 0.285631 0.949515
0.112378 0.274320 0.955050
0.097078 0.266745 0.958866
0.084785 0.263484 0.960931
0.076228 0.264870 0.961266
0.072109 0.271040 0.959863
0.072921 0.281976 0.956646
0.079022 0.297586 0.951419
0.090621 0.317670 0.943861
0.107827 0.342094 0.933459
0.130533 0.370573 0.919585
0.158423 0.402721 0.901509
0.191163 0.438210 0.878310
0.228032 0.476318 0.849189
0.268092 0.516084 0.813501
0.310495 0.556590 0.770585
0.353994 0.596455 0.720368
0.397566 0.634446 0.662887
0.439396 0.668631 0.599887
0.479295 0.698456 0.531446
0.515719 0.722398 0.460625
0.548965 0.740392 0.387889
0.578464 0.752025 0.315971
0.604720 0.757649 0.245525
0.627839 0.757671 0.178196
0.648200 0.752765 0.114811
0.666185 0.743692 0.055844
0.682289 0.731082 0.000886
0.696607 0.715742 -0.049514
0.709505 0.698138 -0.095945
0.721133 0.678842 -0.138350
0.731729 0.658246 -0.176876
0.741613 0.636508 -0.211821
0.751013 0.613955 -0.242978
0.760279 0.590646 -0.270396
0.769750 0.566585 -0.294053
0.779728 0.541751 -0.313895
0.790465 0.516047 -0.329939
0.802119 0.489350 -0.342260
0.814745 0.461505 -0.351004
0.828241 0.432479 -0.356340
0.842411 0.402286 -0.358482
0.856971 0.371049 -0.357664
0.871579 0.339000 -0.354160
0.885863 0.306482 -0.348305
0.899455 0.273914 -0.340517
0.912127 0.241494 -0.331217
0.923515 0.209932 -0.321013
0.933627 0.179087 -0.310271
0.942169 0.149954 -0.299719
0.949387 0.122011 -0.289443
0.955329 0.095596 -0.279657
0.960084 0.071334 -0.270462
0.963945 0.049269 -0.261501
0.967263 0.029218 -0.252088
0.970249 0.012001 -0.241810
0.973263 -0.002486 -0.229682
0.976531 -0.013928 -0.214927
0.980195 -0.022059 -0.196802
0.984231 -0.026597 -0.174876
0.988603 -0.027511 -0.148012
0.992940 -0.024684 -0.116018
0.996751 -0.018081 -0.078491
0.999354 -0.007696 -0.035109
0.999876 0.006454 0.014342
0.997206 0.024526 0.070559
0.990180 0.045995 0.132012
0.977242 0.071220 0.199814
0.957006 0.099574 0.272440
0.928461 0.130124 0.347890
0.889754 0.162729 0.426447
0.840517 0.195791 0.505170
0.780733 0.227880 0.581830
0.711165 0.257486 0.654175
0.633385 0.283201 0.720153
0.549618 0.303948 0.778162
0.463556 0.318979 0.826661
0.375674 0.328700 0.866502
0.290415 0.333498 0.896905
0.208579 0.334617 0.918981
0.132432 0.333547 0.933385
0.061740 0.331917 0.941286
-0.002352 0.331328 0.943513
-0.061468 0.333116 0.940880
-0.114271 0.338225 0.934102
-0.161670 0.347262 0.923727
-0.203792 0.360290 0.910308
-0.241164 0.377071 0.894236
-0.274092 0.397018 0.875928
-0.302350 0.419024 0.856156
-0.326052 0.442063 0.835626
-0.345292 0.465080 0.815153
-0.360208 0.487121 0.795590
-0.370998 0.507413 0.777748
-0.377840 0.525254 0.762460
-0.381041 0.540321 0.750241
-0.380884 0.552286 0.741557
-0.377712 0.561095 0.736550
-0.371881 0.566793 0.735153
-0.363791 0.569495 0.737110
-0.353861 0.569396 0.742005
-0.342552 0.566746 0.749305
-0.330343 0.561857 0.758413
-0.317730 0.555109 0.768702
-0.305233 0.546969 0.779524
-0.293307 0.537958 0.790299
-0.282433 0.528721 0.800428
-0.272967 0.519886 0.809449
-0.265272 0.512152 0.816903
-0.259571 0.506095 0.822491
-0.256091 0.502257 0.825927
-0.254914 0.500935 0.827093
