# vtk DataFile Version 2.0
VTK example
ASCII
DATASET UNSTRUCTURED_GRID
POINTS  128  float
-0.000002 -0.000001 -0.000102
-0.000003 -0.000002 -0.000093
-0.000004 -0.000003 -0.000084
-0.000005 -0.000003 -0.000075
-0.000005 -0.000004 -0.000066
-0.000006 -0.000004 -0.000057
-0.000007 -0.000005 -0.000048
-0.000007 -0.000005 -0.000039
-0.000007 -0.000004 -0.000030
-0.000007 -0.000004 -0.000021
-0.000007 -0.000002 -0.000012
-0.000007 -0.000001 -0.000003
-0.000007 0.000001 0.000006
-0.000006 0.000004 0.000015
-0.000005 0.000007 0.000023
-0.000004 0.000010 0.000031
-0.000002 0.000014 0.000039
0.000000 0.000019 0.000046
0.000003 0.000025 0.000053
0.000005 0.000030 0.000060
0.000009 0.000037 0.000065
0.000012 0.000043 0.000070
0.000016 0.000050 0.000075
0.000021 0.000057 0.000078
0.000025 0.000064 0.000081
0.000030 0.000072 0.000083
0.000036 0.000079 0.000085
0.000041 0.000086 0.000086
0.000047 0.000093 0.000086
0.000054 0.000099 0.000085
0.000060 0.000105 0.000084
0.000067 0.000111 0.000083
0.000073 0.000117 0.000081
0.000080 0.000122 0.000079
0.000087 0.000127 0.000076
0.000095 0.000132 0.000073
0.000102 0.000137 0.000070
0.000109 0.000141 0.000067
0.000117 0.000145 0.000063
0.000124 0.000148 0.000060
0.000132 0.000152 0.000056
0.000139 0.000155 0.000053
0.000147 0.000159 0.000049
0.000155 0.000162 0.000045
0.000162 0.000165 0.000042
0.000170 0.000167 0.000038
0.000178 0.000170 0.000035
0.000186 0.000173 0.000031
0.000194 0.000175 0.000028
0.000202 0.000177 0.000025
0.000210 0.000179 0.000021
0.000219 0.000181 0.000018
0.000227 0.000183 0.000015
0.000236 0.000184 0.000012
0.000244 0.000186 0.000010
0.000253 0.000187 0.000007
0.000261 0.000188 0.000005
0.000270 0.000189 0.000003
0.000279 0.000190 0.000001
0.000288 0.000191 -0.000001
0.000297 0.000192 -0.000003
0.000306 0.000193 -0.000004
0.000314 0.000194 -0.000005
0.000324 0.000195 -0.000005
0.000332 0.000196 -0.000006
0.000341 0.000197 -0.000006
0.000350 0.000198 -0.000005
0.000359 0.000200 -0.000004
0.000368 0.000202 -0.000003
0.000377 0.000203 -0.000001
0.000385 0.000205 0.000002
0.000393 0.000207 0.000005
0.000401 0.000210 0.000009
0.000409 0.000212 0.000013
0.000416 0.000214 0.000018
0.000423 0.000217 0.000024
0.000429 0.000220 0.000030
0.000434 0.000223 0.000036
0.000439 0.000226 0.000043
0.000444 0.000229 0.000051
0.000448 0.000232 0.000058
0.000451 0.000235 0.000066
0.000453 0.000238 0.000074
0.000455 0.000241 0.000082
0.000456 0.000245 0.000091
0.000457 0.000248 0.000099
0.000457 0.000251 0.000108
0.000456 0.000255 0.000116
0.000455 0.000258 0.000124
0.000453 0.000262 0.000132
0.000451 0.000265 0.000140
0.000449 0.000269 0.000148
0.000446 0.000272 0.000156
0.000442 0.000276 0.000164
0.000439 0.000279 0.000171
0.000435 0.000283 0.000179
0.000431 0.000287 0.000186
0.000427 0.000290 0.000193
0.000423 0.000294 0.000201
0.000419 0.000297 0.000208
0.000415 0.000301 0.000215
0.000411 0.000305 0.000222
0.000407 0.000309 0.000230
0.000404 0.000312 0.000237
0.000400 0.000316 0.000245
0.000397 0.000320 0.000252
0.000395 0.000324 0.000260
0.000392 0.000327 0.000268
0.000391 0.000331 0.000276
0.000390 0.000335 0.000284
0.000389 0.000338 0.000293
0.000389 0.000342 0.000301
0.000390 0.000345 0.000309
0.000391 0.000348 0.000318
0.000393 0.000352 0.000326
0.000395 0.000355 0.000334
0.000398 0.000357 0.000342
0.000402 0.000360 0.000350
0.000406 0.000362 0.000358
0.000410 0.000365 0.000366
0.000415 0.000367 0.000373
0.000419 0.000369 0.000381
0.000425 0.000370 0.000388
0.000430 0.000372 0.000395
0.000435 0.000374 0.000402
0.000441 0.000375 0.000409
0.000446 0.000377 0.000416
0.000452 0.000378 0.000423
CELLS  127 381
2 0 1 
2 1 2 
2 2 3 
2 3 4 
2 4 5 
2 5 6 
2 6 7 
2 7 8 
2 8 9 
2 9 10 
2 10 11 
2 11 12 
2 12 13 
2 13 14 
2 14 15 
2 15 16 
2 16 17 
2 17 18 
2 18 19 
2 19 20 
2 20 21 
2 21 22 
2 22 23 
2 23 24 
2 24 25 
2 25 26 
2 26 27 
2 27 28 
2 28 29 
2 29 30 
2 30 31 
2 31 32 
2 32 33 
2 33 34 
2 34 35 
2 35 36 
2 36 37 
2 37 38 
2 38 39 
2 39 40 
2 40 41 
2 41 42 
2 42 43 
2 43 44 
2 44 45 
2 45 46 
2 46 47 
2 47 48 
2 48 49 
2 49 50 
2 50 51 
2 51 52 
2 52 53 
2 53 54 
2 54 55 
2 55 56 
2 56 57 
2 57 58 
2 58 59 
2 59 60 
2 60 61 
2 61 62 
2 62 63 
2 63 64 
2 64 65 
2 65 66 
2 66 67 
2 67 68 
2 68 69 
2 69 70 
2 70 71 
2 71 72 
2 72 73 
2 73 74 
2 74 75 
2 75 76 
2 76 77 
2 77 78 
2 78 79 
2 79 80 
2 80 81 
2 81 82 
2 82 83 
2 83 84 
2 84 85 
2 85 86 
2 86 87 
2 87 88 
2 88 89 
2 89 90 
2 90 91 
2 91 92 
2 92 93 
2 93 94 
2 94 95 
2 95 96 
2 96 97 
2 97 98 
2 98 99 
2 99 100 
2 100 101 
2 101 102 
2 102 103 
2 103 104 
2 104 105 
2 105 106 
2 106 107 
2 107 108 
2 108 109 
2 109 110 
2 110 111 
2 111 112 
2 112 113 
2 113 114 
2 114 115 
2 115 116 
2 116 117 
2 117 118 
2 118 119 
2 119 120 
2 120 121 
2 121 122 
2 122 123 
2 123 124 
2 124 125 
2 125 126 
2 126 127 
CELL_TYPES  127
3
3
3
3
3
3
3
3
3
3
3
3
3
3
3
3
3
3
3
3
3
3
3
3
3
3
3
3
3
3
3
3
3
3
3
3
3
3
3
3
3
3
3
3
3
3
3
3
3
3
3
3
3
3
3
3
3
3
3
3
3
3
3
3
3
3
3
3
3
3
3
3
3
3
3
3
3
3
3
3
3
3
3
3
3
3
3
3
3
3
3
3
3
3
3
3
3
3
3
3
3
3
3
3
3
3
3
3
3
3
3
3
3
3
3
3
3
3
3
3
3
3
3
3
3
3
3
POINT_DATA  128
VECTORS Position float
-0.000002 -0.000001 -0.000102
-0.000003 -0.000002 -0.000093
-0.000004 -0.000003 -0.000084
-0.000005 -0.000003 -0.000075
-0.000005 -0.000004 -0.000066
-0.000006 -0.000004 -0.000057
-0.000007 -0.000005 -0.000048
-0.000007 -0.000005 -0.000039
-0.000007 -0.000004 -0.000030
-0.000007 -0.000004 -0.000021
-0.000007 -0.000002 -0.000012
-0.000007 -0.000001 -0.000003
-0.000007 0.000001 0.000006
-0.000006 0.000004 0.000015
-0.000005 0.000007 0.000023
-0.000004 0.000010 0.000031
-0.000002 0.000014 0.000039
0.000000 0.000019 0.000046
0.000003 0.000025 0.000053
0.000005 0.000030 0.000060
0.000009 0.000037 0.000065
0.000012 0.000043 0.000070
0.000016 0.000050 0.000075
0.000021 0.000057 0.000078
0.000025 0.000064 0.000081
0.000030 0.000072 0.000083
0.000036 0.000079 0.000085
0.000041 0.000086 0.000086
0.000047 0.000093 0.000086
0.000054 0.000099 0.000085
0.000060 0.000105 0.000084
0.000067 0.000111 0.000083
0.000073 0.000117 0.000081
0.000080 0.000122 0.000079
0.000087 0.000127 0.000076
0.000095 0.000132 0.000073
0.000102 0.000137 0.000070
0.000109 0.000141 0.000067
0.000117 0.000145 0.000063
0.000124 0.000148 0.000060
0.000132 0.000152 0.000056
0.000139 0.000155 0.000053
0.000147 0.000159 0.000049
0.000155 0.000162 0.000045
0.000162 0.000165 0.000042
0.000170 0.000167 0.000038
0.000178 0.000170 0.000035
0.000186 0.000173 0.000031
0.000194 0.000175 0.000028
0.000202 0.000177 0.000025
0.000210 0.000179 0.000021
0.000219 0.000181 0.000018
0.000227 0.000183 0.000015
0.000236 0.000184 0.000012
0.000244 0.000186 0.000010
0.000253 0.000187 0.000007
0.000261 0.000188 0.000005
0.000270 0.000189 0.000003
0.000279 0.000190 0.000001
0.000288 0.000191 -0.000001
0.000297 0.000192 -0.000003
0.000306 0.000193 -0.000004
0.000314 0.000194 -0.000005
0.000324 0.000195 -0.000005
0.000332 0.000196 -0.000006
0.000341 0.000197 -0.000006
0.000350 0.000198 -0.000005
0.000359 0.000200 -0.000004
0.000368 0.000202 -0.000003
0.000377 0.000203 -0.000001
0.000385 0.000205 0.000002
0.000393 0.000207 0.000005
0.000401 0.000210 0.000009
0.000409 0.000212 0.000013
0.000416 0.000214 0.000018
0.000423 0.000217 0.000024
0.000429 0.000220 0.000030
0.000434 0.000223 0.000036
0.000439 0.000226 0.000043
0.000444 0.000229 0.000051
0.000448 0.000232 0.000058
0.000451 0.000235 0.000066
0.000453 0.000238 0.000074
0.000455 0.000241 0.000082
0.000456 0.000245 0.000091
0.000457 0.000248 0.000099
0.000457 0.000251 0.000108
0.000456 0.000255 0.000116
0.000455 0.000258 0.000124
0.000453 0.000262 0.000132
0.000451 0.000265 0.000140
0.000449 0.000269 0.000148
0.000446 0.000272 0.000156
0.000442 0.000276 0.000164
0.000439 0.000279 0.000171
0.000435 0.000283 0.000179
0.000431 0.000287 0.000186
0.000427 0.000290 0.000193
0.000423 0.000294 0.000201
0.000419 0.000297 0.000208
0.000415 0.000301 0.000215
0.000411 0.000305 0.000222
0.000407 0.000309 0.000230
0.000404 0.000312 0.000237
0.000400 0.000316 0.000245
0.000397 0.000320 0.000252
0.000395 0.000324 0.000260
0.000392 0.000327 0.000268
0.000391 0.000331 0.000276
0.000390 0.000335 0.000284
0.000389 0.000338 0.000293
0.000389 0.000342 0.000301
0.000390 0.000345 0.000309
0.000391 0.000348 0.000318
0.000393 0.000352 0.000326
0.000395 0.000355 0.000334
0.000398 0.000357 0.000342
0.000402 0.000360 0.000350
0.000406 0.000362 0.000358
0.000410 0.000365 0.000366
0.000415 0.000367 0.000373
0.000419 0.000369 0.000381
0.000425 0.000370 0.000388
0.000430 0.000372 0.000395
0.000435 0.000374 0.000402
0.000441 0.000375 0.000409
0.000446 0.000377 0.000416
0.000452 0.000378 0.000423
VECTORS Rotation float
-0.023632 -0.100728 0.090172
-0.023786 -0.098265 0.089031
-0.024223 -0.090855 0.085622
-0.024873 -0.078557 0.080035
-0.025631 -0.061497 0.072409
-0.026367 -0.039634 0.062802
-0.026932 -0.012874 0.051210
-0.027147 0.018931 0.037546
-0.026818 0.055361 0.021885
-0.025686 0.096999 0.003770
-0.023431 0.143720 -0.017066
-0.019648 0.195380 -0.041031
-0.013758 0.252128 -0.068849
-0.004985 0.313891 -0.101403
0.007553 0.379609 -0.139358
0.025169 0.448924 -0.184135
0.049345 0.520451 -0.236993
0.081878 0.592597 -0.299507
0.124799 0.663378 -0.373430
0.180055 0.730287 -0.460321
0.249737 0.791022 -0.562092
0.334322 0.842481 -0.678710
0.433015 0.882192 -0.809115
0.542838 0.908208 -0.950132
0.658014 0.919376 -1.095691
0.772018 0.915821 -1.239165
0.878201 0.898820 -1.373665
0.971878 0.870647 -1.494266
1.051412 0.833854 -1.599270
1.116615 0.791225 -1.688248
1.168633 0.745391 -1.762115
1.209520 0.698311 -1.822868
1.241086 0.651836 -1.872136
1.265208 0.607101 -1.911779
1.283102 0.565753 -1.942693
1.296371 0.527602 -1.966756
1.305812 0.493718 -1.984560
1.312417 0.463455 -1.997383
1.316756 0.437004 -2.005833
1.319376 0.413637 -2.010697
1.320662 0.392979 -2.012537
1.320926 0.374409 -2.011876
1.320401 0.357278 -2.009150
1.319245 0.340784 -2.004666
1.317594 0.324543 -1.998715
1.315508 0.307976 -1.991397
1.313044 0.290872 -1.982833
1.310235 0.273103 -1.973060
1.307091 0.254581 -1.962032
1.303651 0.235581 -1.949812
1.299934 0.216330 -1.936359
1.295970 0.197166 -1.921634
1.291795 0.178525 -1.905624
1.287448 0.160855 -1.888299
1.282966 0.144618 -1.869628
1.278380 0.130249 -1.849538
1.273711 0.118196 -1.827969
1.268955 0.108841 -1.804797
1.264086 0.102497 -1.779859
1.259048 0.099369 -1.752973
1.253753 0.099535 -1.723939
1.248080 0.102929 -1.692530
1.241871 0.109373 -1.658231
1.234957 0.118486 -1.621035
1.227110 0.130021 -1.579994
1.218169 0.143283 -1.535684
1.207828 0.158196 -1.486596
1.195855 0.174307 -1.432582
1.182137 0.190996 -1.374291
1.166457 0.208034 -1.311244
1.148455 0.225413 -1.242167
1.128378 0.242297 -1.169201
1.105977 0.258690 -1.091291
1.081420 0.274181 -1.009361
1.055018 0.288440 -0.924529
1.027464 0.301130 -0.839067
0.998672 0.312552 -0.752016
0.969359 0.322691 -0.665454
0.939901 0.331837 -0.580142
0.910559 0.340335 -0.496537
0.881486 0.348489 -0.414861
0.852418 0.356559 -0.334174
0.824025 0.364376 -0.256406
0.795653 0.372007 -0.179559
0.767642 0.379091 -0.104558
0.740420 0.385271 -0.032429
0.713507 0.390429 0.038293
0.687466 0.394305 0.106278
0.662595 0.396891 0.170954
0.639199 0.398353 0.231703
0.617573 0.399004 0.287894
0.597969 0.399252 0.338942
0.580815 0.399527 0.383769
0.565818 0.400206 0.423086
0.553460 0.401524 0.455638
0.543648 0.403618 0.481638
0.536571 0.406447 0.500634
0.532196 0.409920 0.512758
0.530667 0.413789 0.517764
0.532030 0.417898 0.515629
0.536398 0.421862 0.506259
0.543899 0.425446 0.489472
0.554588 0.428372 0.465274
0.568568 0.430415 0.433512
0.585884 0.431339 0.394123
0.606280 0.430903 0.347737
0.629547 0.428886 0.294768
0.655347 0.425081 0.235863
0.683233 0.419293 0.171834
0.712687 0.411353 0.103593
0.742951 0.401204 0.032627
0.773476 0.388779 -0.040151
0.803426 0.374257 -0.112959
0.832233 0.357849 -0.184631
0.859406 0.339878 -0.254044
0.884508 0.320813 -0.319979
0.907283 0.301132 -0.381538
0.927574 0.281355 -0.437895
0.945348 0.261962 -0.488470
0.960660 0.243381 -0.532890
0.973618 0.226014 -0.570907
0.984391 0.210133 -0.602655
0.993146 0.196063 -0.628291
1.000061 0.184013 -0.648316
1.005282 0.174288 -0.663141
1.008929 0.167093 -0.673330
1.011086 0.162696 -0.679229
1.011798 0.161209 -0.681169
VECTORS ControlForce float
0.000000 0.000000 0.000000
-0.000053 -0.000017 -0.000063
-0.000087 -0.000024 -0.000107
-0.000092 -0.000017 -0.000147
-0.000061 0.000010 -0.000180
0.000001 0.000052 -0.000200
0.000082 0.000101 -0.000202
0.000167 0.000144 -0.000183
0.000245 0.000171 -0.000149
0.000311 0.000172 -0.000094
0.000361 0.000139 -0.000026
0.000394 0.000071 0.000040
0.000403 -0.000034 0.000104
0.000375 -0.000179 0.000170
0.000304 -0.000356 0.000221
0.000202 -0.000527 0.000234
0.000090 -0.000667 0.000208
-0.000011 -0.000762 0.000157
-0.000078 -0.000789 0.000085
-0.000095 -0.000725 0.000001
-0.000070 -0.000577 -0.000073
-0.000037 -0.000393 -0.000116
-0.000020 -0.000205 -0.000128
-0.000016 -0.000011 -0.000119
-0.000046 0.000154 -0.000091
-0.000128 0.000250 -0.000051
-0.000252 0.000289 -0.000020
-0.000394 0.000288 -0.000012
-0.000515 0.000276 -0.000030
-0.000589 0.000264 -0.000072
-0.000583 0.000276 -0.000127
-0.000511 0.000287 -0.000179
-0.000379 0.000302 -0.000215
-0.000207 0.000322 -0.000228
-0.000014 0.000343 -0.000227
0.000170 0.000344 -0.000211
0.000332 0.000321 -0.000192
0.000472 0.000297 -0.000161
0.000588 0.000276 -0.000121
0.000667 0.000248 -0.000074
0.000699 0.000198 -0.000029
0.000683 0.000135 0.000006
0.000622 0.000081 0.000036
0.000510 0.000023 0.000063
0.000362 -0.000020 0.000087
0.000201 -0.000030 0.000111
0.000045 -0.000014 0.000133
-0.000097 0.000009 0.000147
-0.000214 0.000037 0.000157
-0.000306 0.000055 0.000157
-0.000370 0.000066 0.000150
-0.000405 0.000079 0.000141
-0.000422 0.000077 0.000127
-0.000423 0.000076 0.000112
-0.000419 0.000052 0.000093
-0.000405 0.000011 0.000072
-0.000370 -0.000045 0.000051
-0.000298 -0.000091 0.000033
-0.000196 -0.000135 0.000018
-0.000088 -0.000215 0.000003
0.000013 -0.000313 -0.000011
0.000099 -0.000395 -0.000020
0.000156 -0.000445 -0.000022
0.000172 -0.000474 -0.000021
0.000147 -0.000476 -0.000015
0.000096 -0.000438 -0.000012
0.000040 -0.000365 0.000005
-0.000009 -0.000282 0.000031
-0.000034 -0.000190 0.000045
-0.000014 -0.000049 0.000046
0.000048 0.000125 0.000039
0.000133 0.000321 0.000008
0.000202 0.000488 -0.000031
0.000224 0.000593 -0.000068
0.000191 0.000647 -0.000111
0.000098 0.000626 -0.000154
-0.000030 0.000525 -0.000170
-0.000142 0.000375 -0.000164
-0.000201 0.000206 -0.000152
-0.000196 0.000028 -0.000135
-0.000134 -0.000145 -0.000107
-0.000034 -0.000277 -0.000072
0.000087 -0.000349 -0.000047
0.000204 -0.000358 -0.000021
0.000303 -0.000297 -0.000011
0.000368 -0.000180 -0.000020
0.000392 -0.000026 -0.000033
0.000389 0.000135 -0.000040
0.000360 0.000278 -0.000056
0.000325 0.000369 -0.000066
0.000293 0.000389 -0.000064
0.000268 0.000338 -0.000050
0.000251 0.000229 -0.000022
0.000239 0.000092 0.000032
0.000230 -0.000043 0.000095
0.000218 -0.000148 0.000155
0.000203 -0.000210 0.000203
0.000194 -0.000226 0.000247
0.000203 -0.000203 0.000301
0.000196 -0.000153 0.000354
0.000158 -0.000088 0.000386
0.000091 -0.000026 0.000395
0.000013 0.000020 0.000391
-0.000076 0.000044 0.000385
-0.000176 0.000042 0.000378
-0.000265 0.000011 0.000371
-0.000343 -0.000044 0.000357
-0.000408 -0.000117 0.000332
-0.000451 -0.000203 0.000304
-0.000467 -0.000289 0.000281
-0.000473 -0.000357 0.000244
-0.000468 -0.000392 0.000197
-0.000446 -0.000399 0.000150
-0.000415 -0.000383 0.000103
-0.000374 -0.000359 0.000071
-0.000324 -0.000331 0.000055
-0.000261 -0.000280 0.000038
-0.000178 -0.000204 0.000028
-0.000075 -0.000103 0.000034
0.000035 0.000029 0.000053
0.000135 0.000190 0.000070
0.000202 0.000350 0.000086
0.000221 0.000470 0.000098
0.000198 0.000521 0.000103
0.000153 0.000500 0.000088
0.000097 0.000387 0.000068
0.000045 0.000210 0.000036
0.000000 0.000000 -0.000000
VECTORS ControlTorque float
0.000002 -0.000001 0.000000
0.000002 -0.000001 0.000000
0.000002 -0.000001 0.000000
0.000002 -0.000001 0.000000
0.000002 -0.000001 0.000000
0.000002 -0.000001 0.000000
0.000002 -0.000001 0.000000
0.000001 -0.000001 0.000000
0.000002 -0.000001 0.000000
0.000002 -0.000001 0.000000
0.000002 -0.000001 0.000000
0.000002 -0.000001 0.000000
0.000003 -0.000002 0.000000
0.000001 -0.000001 0.000000
0.000002 -0.000002 0.000000
0.000001 -0.000002 0.000000
0.000001 -0.000002 0.000001
0.000001 -0.000001 0.000001
-0.000000 -0.000001 0.000001
0.000000 -0.000001 0.000001
-0.000001 -0.000000 0.000001
-0.000001 -0.000000 0.000001
-0.000001 -0.000000 0.000001
-0.000002 0.000000 0.000001
-0.000001 0.000000 0.000001
-0.000002 0.000001 0.000001
-0.000002 0.000001 0.000001
-0.000001 0.000001 0.000001
-0.000002 0.000001 0.000001
-0.000002 0.000002 -0.000000
-0.000001 0.000002 0.000000
-0.000002 0.000002 -0.000001
-0.000001 0.000001 -0.000000
-0.000002 0.000002 -0.000002
-0.000001 0.000001 -0.000000
-0.000002 0.000002 -0.000002
-0.000001 0.000001 -0.000001
-0.000001 0.000001 -0.000002
-0.000001 0.000001 -0.000001
-0.000001 0.000001 -0.000001
-0.000001 0.000001 -0.000001
-0.000001 0.000001 -0.000000
-0.000000 0.000001 0.000000
-0.000000 0.000001 -0.000000
-0.000000 0.000001 0.000000
-0.000000 0.000000 0.000000
-0.000000 0.000000 0.000000
-0.000000 0.000001 0.000000
-0.000000 0.000000 0.000000
-0.000000 0.000001 0.000000
-0.000000 0.000001 0.000000
-0.000000 0.000001 -0.000000
-0.000000 0.000001 -0.000000
-0.000000 0.000001 -0.000001
-0.000000 0.000001 -0.000001
-0.000000 0.000001 -0.000001
-0.000000 0.000001 -0.000001
-0.000000 0.000001 -0.000001
-0.000000 0.000001 -0.000001
-0.000000 0.000001 -0.000001
-0.000000 0.000001 -0.000001
-0.000000 0.000001 -0.000001
-0.000000 0.000001 -0.000001
-0.000000 0.000002 -0.000001
-0.000000 0.000000 -0.000001
-0.000000 0.000002 -0.000001
-0.000000 0.000002 -0.000001
-0.000000 0.000001 -0.000000
-0.000000 0.000001 -0.000000
-0.000000 0.000004 -0.000001
0.000000 -0.000000 0.000000
-0.000000 0.000003 -0.000001
-0.000000 0.000001 -0.000000
-0.000000 0.000001 -0.000001
0.000000 -0.000001 0.000000
0.000000 0.000002 -0.000001
0.000001 -0.000001 0.000000
0.000001 -0.000001 -0.000000
0.000001 -0.000001 -0.000000
0.000001 -0.000001 0.000000
0.000001 0.000001 -0.000001
0.000001 -0.000003 0.000001
0.000001 0.000001 -0.000000
0.000001 -0.000001 0.000000
0.000000 -0.000002 0.000001
0.000000 0.000000 -0.000000
0.000000 -0.000001 0.000001
0.000000 -0.000001 0.000001
0.000000 -0.000001 0.000001
-0.000000 -0.000002 0.000001
0.000000 -0.000002 0.000001
-0.000000 -0.000003 0.000001
0.000000 -0.000001 0.000001
-0.000000 -0.000003 0.000001
0.000000 -0.000002 0.000001
-0.000000 -0.000003 0.000001
-0.000000 -0.000002 0.000001
-0.000000 -0.000003 0.000001
-0.000000 -0.000002 0.000001
-0.000001 -0.000002 0.000001
-0.000001 -0.000003 0.000001
-0.000001 -0.000002 0.000001
-0.000001 -0.000003 0.000001
-0.000001 -0.000003 0.000001
-0.000001 -0.000002 0.000001
-0.000001 -0.000002 0.000001
-0.000001 -0.000002 0.000001
-0.000000 -0.000002 0.000001
-0.000000 -0.000002 0.000001
-0.000000 -0.000001 0.000000
-0.000000 -0.000001 0.000001
0.000000 -0.000000 0.000000
0.000000 0.000000 0.000000
0.000000 0.000000 -0.000000
0.000000 0.000001 -0.000000
0.000000 0.000001 -0.000000
0.000000 0.000002 -0.000001
0.000000 0.000002 -0.000001
0.000000 0.000002 -0.000001
0.000000 0.000002 -0.000001
0.000000 0.000002 -0.000001
0.000000 0.000002 -0.000001
0.000000 0.000002 -0.000001
0.000000 0.000002 -0.000001
0.000000 0.000002 -0.000001
0.000001 0.000002 -0.000001
0.000001 0.000001 -0.000001
0.000001 0.000002 -0.000001
VECTORS Curvature float
-153.652150 75.513567 2.652040
-497.655626 243.374892 7.855931
-1095.466156 531.789089 16.325143
-1602.276495 768.719403 21.947799
-2117.151122 1002.236767 25.770263
-2639.472682 1233.880261 27.530906
-3214.705334 1488.989102 27.566677
-3724.284035 1718.843597 27.051431
-4242.131368 1964.700585 25.666384
-4840.643727 2267.317584 25.147529
-5369.119921 2563.988974 25.472562
-5908.040726 2898.982737 26.800843
-6524.976771 3315.508382 29.074017
-7038.479869 3727.140756 33.539334
-7490.690772 4162.923171 37.293954
-7931.824693 4648.897625 42.484818
-8221.280326 5107.493940 47.023337
-8418.801674 5568.664167 50.665830
-8439.178071 5966.399075 53.677505
-8368.356046 6360.404866 53.228389
-8162.146612 6696.197791 52.694353
-7762.890597 6921.051326 47.986263
-7330.194281 7146.498310 40.282806
-6819.780532 7311.996840 29.001295
-6278.027483 7449.352619 13.323751
-5741.933278 7567.251669 -5.252205
-5156.333821 7568.456828 -25.573641
-4592.439673 7525.727920 -44.317927
-4058.412016 7428.774491 -60.867037
-3502.454831 7172.383111 -73.861880
-2984.199521 6863.976509 -82.324303
-2497.793178 6477.558794 -88.097069
-2049.545276 6070.213629 -89.957224
-1602.639009 5495.689523 -90.860949
-1195.007956 4940.842920 -87.993253
-835.487403 4377.031577 -85.689994
-495.121271 3787.650023 -81.029461
-209.175997 3295.292022 -76.651897
54.782868 2810.044184 -71.320124
282.730138 2438.037767 -65.857676
483.505642 2100.359586 -59.902918
655.666548 1845.521276 -53.396040
824.010948 1694.714691 -46.117485
977.783595 1608.401769 -37.512694
1125.128347 1570.770468 -27.251069
1282.268737 1589.501427 -14.629172
1424.724518 1609.067904 0.721519
1585.749830 1653.470465 19.005995
1742.875880 1683.123870 40.397857
1884.391284 1675.637013 64.361910
2032.801066 1644.083687 90.354826
2170.680120 1566.010018 117.344594
2295.984376 1437.275441 144.131166
2408.021203 1257.111706 169.547341
2512.160320 1027.515870 192.503568
2606.569107 747.904260 212.353557
2690.778302 419.067081 228.802972
2777.335840 48.206218 242.165035
2868.667526 -356.757965 253.129698
2973.609380 -786.639452 262.666425
3078.826695 -1217.786547 271.735438
3252.500280 -1668.134769 281.216922
3417.766816 -2076.349631 291.243562
3681.466505 -2506.959407 302.435299
3924.268400 -2863.437735 313.219456
4201.199480 -3194.493195 324.772624
4690.245762 -3639.449976 334.678001
5043.796315 -3948.141715 342.419492
5304.695791 -4161.977998 348.054336
5834.887915 -4576.536842 351.595073
6213.324275 -4875.575625 349.222676
6474.266369 -5088.624245 345.642485
6873.489342 -5428.607156 336.511737
7134.357572 -5682.693518 324.178488
7102.903749 -5732.934334 307.020594
7085.756854 -5827.599274 288.065800
7095.628465 -5991.729880 263.995338
6828.914257 -5971.271935 238.009400
6555.658220 -5989.884293 209.468889
6189.911199 -5956.300231 179.340394
5964.367548 -6083.802653 149.464725
5595.821884 -6058.054779 119.080203
5233.156145 -6005.741444 91.913054
5067.828240 -6124.369778 66.250203
4676.464841 -5901.251346 43.984511
4439.153402 -5788.232367 25.690913
4288.002035 -5724.772491 10.188011
4022.189137 -5461.125210 -1.682248
3767.318018 -5187.386450 -10.971301
3467.325985 -4851.563993 -18.092840
3146.313268 -4506.135431 -23.670472
2713.634661 -4023.504121 -28.273712
2307.337437 -3605.288482 -32.266921
1884.795782 -3169.020389 -36.041944
1401.038086 -2628.379610 -39.605800
950.703141 -2101.279448 -43.214549
501.273023 -1531.470642 -46.732377
90.798481 -956.495076 -50.380071
-312.918327 -349.071550 -54.128786
-686.105145 268.546695 -58.332129
-1033.577389 917.542993 -63.324687
-1374.043191 1571.675293 -69.675374
-1703.857225 2227.876733 -77.994929
-2068.228998 2927.278651 -88.837912
-2416.766957 3589.304246 -102.793163
-2734.947974 4179.403005 -120.337042
-3054.688118 4737.248206 -141.673821
-3351.333408 5225.839334 -166.756001
-3637.780491 5670.031385 -195.130412
-3860.016860 5993.583728 -226.606440
-4039.033360 6243.100840 -259.867141
-4153.428203 6392.789388 -294.866901
-4161.888934 6389.562229 -329.840218
-4127.701085 6333.881907 -363.963642
-4011.664043 6168.070610 -395.914901
-3819.651285 5904.081922 -423.882129
-3563.829181 5561.976841 -446.421944
-3244.293714 5142.337617 -461.582893
-2883.062815 4677.213267 -467.660247
-2481.328213 4161.337446 -463.091729
-2068.321171 3631.593300 -446.387749
-1658.947737 3091.396462 -416.879623
-1274.854615 2556.796065 -373.980389
-933.375442 2033.605746 -318.368711
-638.017821 1514.689688 -250.208207
-397.532294 1019.341135 -174.923057
-170.893221 461.064613 -81.586880
-52.916259 147.430381 -25.598983
VECTORS LocalRotation float
0.211094 -0.672801 -0.032208
0.208138 -0.671354 -0.032160
0.200954 -0.667859 -0.032051
0.188791 -0.661995 -0.031879
0.171917 -0.653961 -0.031662
0.150310 -0.643803 -0.031420
0.123791 -0.631469 -0.031171
0.092549 -0.617026 -0.030925
0.056355 -0.600290 -0.030685
0.015289 -0.581156 -0.030455
-0.030883 -0.559307 -0.030227
-0.082060 -0.534516 -0.029989
-0.138415 -0.506347 -0.029736
-0.199635 -0.474560 -0.029453
-0.265528 -0.438777 -0.029132
-0.335313 -0.398904 -0.028771
-0.408434 -0.354739 -0.028366
-0.483780 -0.306398 -0.027924
-0.560098 -0.254177 -0.027451
-0.636322 -0.198274 -0.026967
-0.711017 -0.139276 -0.026488
-0.783134 -0.077610 -0.026032
-0.851558 -0.013835 -0.025632
-0.915633 0.051637 -0.025318
-0.974987 0.118529 -0.025126
-1.029325 0.186413 -0.025090
-1.078575 0.254813 -0.025229
-1.122732 0.323183 -0.025546
-1.161861 0.390824 -0.026021
-1.196093 0.456930 -0.026631
-1.225555 0.520683 -0.027341
-1.250410 0.581172 -0.028113
-1.271019 0.638040 -0.028920
-1.287476 0.690158 -0.029735
-1.300200 0.737622 -0.030549
-1.309341 0.779570 -0.031331
-1.315396 0.816724 -0.032089
-1.318575 0.848697 -0.032801
-1.319276 0.876424 -0.033473
-1.317752 0.900120 -0.034092
-1.314288 0.920640 -0.034661
-1.309126 0.938519 -0.035174
-1.302402 0.954606 -0.035627
-1.294269 0.969518 -0.036004
-1.284733 0.983933 -0.036298
-1.273856 0.998211 -0.036487
-1.261604 1.012689 -0.036550
-1.247947 1.027489 -0.036460
-1.232903 1.042570 -0.036192
-1.216466 1.057790 -0.035717
-1.198714 1.072834 -0.035016
-1.179684 1.087367 -0.034076
-1.159465 1.100962 -0.032892
-1.138170 1.113159 -0.031472
-1.115887 1.123506 -0.029832
-1.092722 1.131541 -0.028000
-1.068738 1.136824 -0.026003
-1.043976 1.138940 -0.023870
-1.018409 1.137543 -0.021627
-0.991958 1.132366 -0.019292
-0.964547 1.123288 -0.016872
-0.935829 1.110198 -0.014364
-0.905709 1.093290 -0.011779
-0.873463 1.072471 -0.009082
-0.839223 1.048294 -0.006310
-0.802104 1.020620 -0.003396
-0.761918 0.989733 -0.000415
-0.718183 0.955643 0.002627
-0.671183 0.918809 0.005763
-0.620351 0.878933 0.008955
-0.566171 0.836428 0.012107
-0.508326 0.790999 0.015275
-0.447903 0.743389 0.018363
-0.384751 0.693296 0.021341
-0.320673 0.641917 0.024182
-0.256010 0.589232 0.026894
-0.192093 0.535961 0.029383
-0.129201 0.481929 0.031650
-0.068603 0.427775 0.033676
-0.010775 0.373574 0.035440
0.044468 0.318849 0.036934
0.096457 0.264245 0.038142
0.145836 0.209235 0.039104
0.192290 0.154532 0.039817
0.236268 0.100258 0.040315
0.277932 0.046830 0.040633
0.317358 -0.005182 0.040795
0.354924 -0.055747 0.040834
0.390155 -0.103909 0.040777
0.422879 -0.149317 0.040645
0.452783 -0.191628 0.040456
0.479253 -0.230158 0.040222
0.502170 -0.264978 0.039945
0.521018 -0.295435 0.039638
0.535918 -0.321724 0.039295
0.546534 -0.343075 0.038921
0.553137 -0.359595 0.038512
0.555816 -0.370851 0.038073
0.554803 -0.376801 0.037597
0.550326 -0.377162 0.037093
0.542539 -0.371791 0.036542
0.531635 -0.360518 0.035939
0.517632 -0.343231 0.035268
0.500505 -0.319826 0.034510
0.480279 -0.290437 0.033646
0.456985 -0.255310 0.032637
0.430769 -0.214935 0.031451
0.401734 -0.169778 0.030053
0.370052 -0.120385 0.028412
0.336129 -0.067616 0.026504
0.300313 -0.012132 0.024298
0.263292 0.044969 0.021792
0.225620 0.102879 0.018961
0.188050 0.160544 0.015817
0.151206 0.217136 0.012377
0.115743 0.271803 0.008665
0.082322 0.323703 0.004726
0.051497 0.372169 0.000614
0.023755 0.416628 -0.003593
-0.000523 0.456629 -0.007805
-0.021137 0.491938 -0.011926
-0.038004 0.522362 -0.015833
-0.051303 0.547965 -0.019418
-0.061292 0.568730 -0.022549
-0.068413 0.584810 -0.025126
-0.073092 0.596258 -0.027047
-0.075671 0.602976 -0.028211
-0.076682 0.605725 -0.028695
VECTORS q1 float
0.995445 0.023510 0.092391
0.995550 0.023669 0.091212
0.995856 0.024121 0.087682
0.996335 0.024794 0.081870
0.996938 0.025580 0.073893
0.997616 0.026344 0.063781
0.998309 0.026926 0.051515
0.998946 0.027139 0.037010
0.999434 0.026774 0.020392
0.999672 0.025562 0.001282
0.999523 0.023188 -0.020416
0.998809 0.019273 -0.044822
0.997300 0.013323 -0.072212
0.994695 0.004741 -0.102759
0.990666 -0.007015 -0.136132
0.984783 -0.022673 -0.172301
0.976624 -0.042794 -0.210653
0.965759 -0.067841 -0.250415
0.951803 -0.098076 -0.290607
0.934497 -0.133414 -0.330025
0.913555 -0.173775 -0.367722
0.889021 -0.218407 -0.402419
0.860910 -0.266645 -0.433284
0.829278 -0.317772 -0.459695
0.794378 -0.370791 -0.481121
0.756367 -0.424926 -0.497341
0.715674 -0.479097 -0.508210
0.672891 -0.532183 -0.513808
0.628478 -0.583403 -0.514447
0.583298 -0.631707 -0.510597
0.538329 -0.676196 -0.502952
0.494257 -0.716486 -0.492299
0.452013 -0.752151 -0.479534
0.412125 -0.783254 -0.465473
0.375774 -0.809490 -0.451132
0.342606 -0.831686 -0.436943
0.313471 -0.849842 -0.423680
0.287746 -0.864820 -0.411446
0.265571 -0.876945 -0.400549
0.246298 -0.886876 -0.390880
0.229585 -0.895024 -0.382391
0.214882 -0.901820 -0.374896
0.201611 -0.907636 -0.368171
0.189077 -0.912830 -0.361927
0.176919 -0.917576 -0.356025
0.164634 -0.922065 -0.350275
0.152021 -0.926347 -0.344631
0.138953 -0.930435 -0.339090
0.125365 -0.934314 -0.333679
0.111477 -0.937887 -0.328543
0.097508 -0.941082 -0.323815
0.083786 -0.943825 -0.319647
0.070735 -0.946052 -0.316199
0.058808 -0.947730 -0.313607
0.048489 -0.948852 -0.311974
0.040252 -0.949439 -0.311360
0.034590 -0.949522 -0.311786
0.031959 -0.949141 -0.313225
0.032756 -0.948329 -0.315594
0.037292 -0.947104 -0.318754
0.045757 -0.945458 -0.322513
0.058210 -0.943358 -0.326629
0.074701 -0.940735 -0.330813
0.094915 -0.937515 -0.334750
0.118968 -0.933572 -0.338069
0.146049 -0.928852 -0.340447
0.176612 -0.923174 -0.341407
0.210295 -0.916429 -0.340491
0.246284 -0.908590 -0.337355
0.284490 -0.899540 -0.331502
0.325253 -0.889056 -0.322164
0.366930 -0.877321 -0.309307
0.409685 -0.864159 -0.292212
0.452563 -0.849658 -0.270682
0.494567 -0.833972 -0.244732
0.534328 -0.817473 -0.215016
0.572005 -0.800020 -0.181049
0.606538 -0.781966 -0.143668
0.637555 -0.763447 -0.103306
0.664840 -0.744543 -0.060354
0.688267 -0.725299 -0.015190
0.707949 -0.705521 0.032384
0.723392 -0.685704 0.080715
0.734939 -0.665461 0.130487
0.742442 -0.645136 0.180495
0.746017 -0.625148 0.229453
0.745981 -0.605236 0.277851
0.742635 -0.585886 0.324392
0.736452 -0.567346 0.368452
0.727988 -0.549843 0.409519
0.717858 -0.533572 0.447193
0.706698 -0.518689 0.481186
0.695289 -0.505492 0.510931
0.683961 -0.493744 0.537043
0.673526 -0.483828 0.558814
0.664359 -0.475697 0.576488
0.656988 -0.469546 0.589825
0.651667 -0.465388 0.598952
0.648706 -0.463395 0.603693
0.648219 -0.463629 0.604037
0.650268 -0.466239 0.599810
0.654808 -0.471346 0.590813
0.661607 -0.479012 0.576909
0.670353 -0.489317 0.557849
0.680572 -0.502291 0.533409
0.691482 -0.517727 0.503797
0.702299 -0.535453 0.469112
0.712155 -0.555198 0.429640
0.720168 -0.576619 0.385836
0.725516 -0.599324 0.338287
0.727466 -0.622747 0.288062
0.725540 -0.646490 0.235887
0.719479 -0.669918 0.183191
0.709331 -0.692595 0.131000
0.695394 -0.714125 0.080326
0.678239 -0.734134 0.032246
0.658609 -0.752382 -0.012455
0.637395 -0.768705 -0.053116
0.615518 -0.783042 -0.089344
0.593868 -0.795416 -0.120969
0.573275 -0.805895 -0.147949
0.554368 -0.814613 -0.170534
0.537702 -0.821698 -0.188917
0.523612 -0.827297 -0.203494
0.512413 -0.831522 -0.214486
0.504259 -0.834476 -0.222200
0.499330 -0.836218 -0.226735
0.497675 -0.836794 -0.228243
VECTORS q2 float
-0.032586 0.994653 0.097993
-0.032410 0.994894 0.095576
-0.031888 0.995583 0.088300
-0.031063 0.996608 0.076212
-0.030006 0.997782 0.059423
-0.028798 0.998867 0.037877
-0.027552 0.999555 0.011473
-0.026415 0.999452 -0.019928
-0.025598 0.998109 -0.055886
-0.025318 0.994971 -0.096911
-0.025869 0.989418 -0.142765
-0.027592 0.980785 -0.193133
-0.030886 0.968292 -0.247905
-0.036214 0.951128 -0.306667
-0.043992 0.928783 -0.368003
-0.054697 0.900629 -0.431132
-0.068662 0.866539 -0.494364
-0.086093 0.826714 -0.555996
-0.107001 0.781789 -0.614294
-0.131108 0.732940 -0.667540
-0.158091 0.681306 -0.714723
-0.187167 0.628760 -0.754738
-0.217614 0.576810 -0.787359
-0.248738 0.526728 -0.812827
-0.279761 0.479723 -0.831625
-0.310148 0.436451 -0.844582
-0.339306 0.397511 -0.852559
-0.366715 0.363242 -0.856490
-0.392124 0.333558 -0.857309
-0.415182 0.308414 -0.855865
-0.435616 0.287617 -0.852945
-0.453382 0.270732 -0.849205
-0.468376 0.257387 -0.845208
-0.480672 0.247093 -0.841367
-0.490152 0.239531 -0.838079
-0.497141 0.234143 -0.835481
-0.501664 0.230618 -0.833756
-0.504020 0.228561 -0.832901
-0.504374 0.227699 -0.832923
-0.502936 0.227799 -0.833764
-0.499901 0.228665 -0.835351
-0.495438 0.230148 -0.837600
-0.489677 0.232140 -0.840433
-0.482638 0.234593 -0.843817
-0.474424 0.237428 -0.847673
-0.464952 0.240643 -0.852004
-0.454233 0.244200 -0.856761
-0.442227 0.248075 -0.861913
-0.428833 0.252259 -0.867449
-0.414123 0.256688 -0.873277
-0.398077 0.261326 -0.879343
-0.380709 0.266122 -0.885573
-0.362088 0.271019 -0.891875
-0.342285 0.275963 -0.898157
-0.321390 0.280909 -0.904322
-0.299462 0.285825 -0.910289
-0.276590 0.290692 -0.915967
-0.252801 0.295519 -0.921282
-0.228077 0.300339 -0.926163
-0.202363 0.305210 -0.930535
-0.175559 0.310216 -0.934315
-0.147509 0.315465 -0.937402
-0.117767 0.321096 -0.939696
-0.086320 0.327251 -0.940987
-0.052347 0.334116 -0.941077
-0.016341 0.341826 -0.939621
0.022886 0.350617 -0.936239
0.065297 0.360668 -0.930406
0.110128 0.372057 -0.921654
0.157420 0.384929 -0.909422
0.207674 0.399528 -0.892888
0.258703 0.415621 -0.871970
0.310654 0.433346 -0.845994
0.362173 0.452516 -0.814898
0.411863 0.472837 -0.778969
0.457849 0.493728 -0.739329
0.500288 0.515189 -0.695911
0.537814 0.536623 -0.650225
0.570046 0.557688 -0.603351
0.596937 0.578127 -0.556270
0.618687 0.597775 -0.509796
0.635876 0.616768 -0.463960
0.648503 0.634676 -0.420274
0.657406 0.651951 -0.377859
0.662856 0.668463 -0.337311
0.665248 0.684074 -0.299145
0.665025 0.699174 -0.262482
0.662496 0.713550 -0.227915
0.658044 0.727114 -0.195662
0.652101 0.739733 -0.166009
0.645159 0.751244 -0.139290
0.637758 0.761480 -0.115819
0.630552 0.770175 -0.096096
0.623869 0.777447 -0.079775
0.618310 0.783051 -0.067260
0.614120 0.787058 -0.058274
0.611550 0.789447 -0.052726
0.610643 0.790306 -0.050316
0.611408 0.789681 -0.050837
0.613781 0.787618 -0.054139
0.617606 0.784196 -0.059997
0.622761 0.779416 -0.068404
0.629054 0.773304 -0.079327
0.636314 0.765815 -0.092907
0.644315 0.756906 -0.109326
0.652678 0.746654 -0.128527
0.661038 0.735087 -0.150587
0.668966 0.722279 -0.175495
0.675993 0.708356 -0.203136
0.681648 0.693492 -0.233292
0.685487 0.677993 -0.265393
0.687177 0.662092 -0.299036
0.686543 0.646189 -0.333314
0.683579 0.630579 -0.367545
0.678443 0.615539 -0.401032
0.671484 0.601340 -0.433012
0.663164 0.588174 -0.462887
0.654053 0.576194 -0.490118
0.644739 0.565487 -0.514331
0.635783 0.556093 -0.535295
0.627689 0.548010 -0.552894
0.620772 0.541198 -0.567228
0.615241 0.535595 -0.578460
0.611072 0.531130 -0.586934
0.608171 0.527732 -0.592982
0.606310 0.525347 -0.596992
0.605307 0.523929 -0.599251
0.604989 0.523461 -0.599981
VECTORS q3 float
-0.089593 -0.100557 0.990889
-0.088484 -0.098107 0.991234
-0.085165 -0.090730 0.992227
-0.079703 -0.078476 0.993725
-0.072209 -0.061458 0.995494
-0.062711 -0.039624 0.997245
-0.051183 -0.012873 0.998606
-0.037531 0.018930 0.999116
-0.021850 0.055332 0.998229
-0.003753 0.096847 0.995292
0.016890 0.143225 0.989546
0.040239 0.194140 0.980148
0.066620 0.249466 0.966089
0.096283 0.308762 0.946254
0.129018 0.370557 0.919805
0.164954 0.433996 0.885685
0.203695 0.497272 0.843344
0.244741 0.558517 0.792566
0.287440 0.615782 0.733614
0.330948 0.667083 0.667438
0.374732 0.711072 0.594939
0.417865 0.746297 0.518102
0.459868 0.772134 0.438556
0.500428 0.788402 0.357762
0.539164 0.795223 0.277349
0.575949 0.793063 0.198327
0.610477 0.782593 0.121928
0.642446 0.764746 0.049263
0.671754 0.740527 -0.019132
0.698131 0.711215 -0.082376
0.721415 0.678259 -0.139729
0.741724 0.642925 -0.191031
0.759150 0.606647 -0.235947
0.774020 0.570489 -0.274655
0.786476 0.536052 -0.306763
0.797165 0.503463 -0.333246
0.806269 0.473903 -0.354043
0.814350 0.447041 -0.370119
0.821632 0.423227 -0.381838
0.828488 0.401943 -0.389935
0.835099 0.382942 -0.394925
0.841646 0.365723 -0.397341
0.848274 0.349726 -0.397646
0.855167 0.334226 -0.396210
0.862335 0.318876 -0.393314
0.869894 0.303130 -0.389098
0.877817 0.286788 -0.383654
0.886074 0.269720 -0.376993
0.894643 0.251840 -0.369040
0.903369 0.233408 -0.359786
0.912155 0.214646 -0.349142
0.920891 0.195891 -0.337026
0.929456 0.177578 -0.323383
0.937754 0.160162 -0.308165
0.945705 0.144115 -0.291331
0.953259 0.129881 -0.272816
0.960365 0.117921 -0.252573
0.966990 0.108626 -0.230499
0.973092 0.102317 -0.206454
0.978600 0.099205 -0.180277
0.983405 0.099371 -0.151789
0.987346 0.102747 -0.120790
0.990228 0.109155 -0.086801
0.991736 0.118209 -0.049865
0.991517 0.129654 -0.009120
0.989142 0.142794 0.034745
0.984015 0.157537 0.083051
0.975455 0.173426 0.135687
0.962921 0.189837 0.191693
0.945666 0.206537 0.251114
0.922541 0.223509 0.314581
0.893552 0.239933 0.379469
0.857702 0.255814 0.445989
0.814873 0.270759 0.512515
0.765357 0.284457 0.577332
0.710541 0.296599 0.638091
0.650017 0.307488 0.694931
0.585549 0.317120 0.746035
0.518239 0.325780 0.790757
0.449059 0.333803 0.828807
0.378835 0.341478 0.860161
0.307360 0.349052 0.885264
0.236956 0.356366 0.903800
0.166379 0.363486 0.916622
0.096958 0.370076 0.923928
0.030047 0.375811 0.926209
-0.035403 0.380585 0.924068
-0.097938 0.384166 0.918055
-0.156898 0.386553 0.908823
-0.211655 0.387900 0.897070
-0.261630 0.388501 0.883525
-0.306340 0.388729 0.868934
-0.344930 0.388983 0.854234
-0.378133 0.389608 0.839774
-0.405038 0.390821 0.826561
-0.426009 0.392748 0.815025
-0.440878 0.395348 0.805808
-0.449939 0.398536 0.799202
-0.453167 0.402081 0.795594
-0.450650 0.405840 0.795115
-0.442396 0.409460 0.797890
-0.428248 0.412727 0.803903
-0.408127 0.415390 0.812947
-0.381748 0.417248 0.824726
-0.348827 0.418088 0.838762
-0.309621 0.417691 0.854207
-0.264206 0.415858 0.870205
-0.212885 0.412394 0.885783
-0.156178 0.407114 0.899926
-0.094782 0.399850 0.911667
-0.030031 0.390527 0.920102
0.037145 0.379059 0.924627
0.104917 0.365581 0.924848
0.171954 0.350260 0.920733
0.236943 0.333372 0.912535
0.298498 0.315338 0.900811
0.355594 0.296601 0.886330
0.407361 0.277658 0.870036
0.453266 0.258976 0.852925
0.493052 0.240985 0.835958
0.526652 0.224094 0.820012
0.554363 0.208590 0.805712
0.576502 0.194809 0.793533
0.593650 0.182976 0.783645
0.606269 0.173407 0.776124
0.614907 0.166317 0.770862
0.619898 0.161980 0.767782
0.621537 0.160511 0.766765
