# vtk DataFile Version 2.0
VTK example
ASCII
DATASET UNSTRUCTURED_GRID
POINTS  128  float
-0.000230 -0.000111 -0.000175
-0.000221 -0.000112 -0.000178
-0.000213 -0.000112 -0.000182
-0.000205 -0.000113 -0.000185
-0.000196 -0.000113 -0.000189
-0.000188 -0.000113 -0.000192
-0.000179 -0.000113 -0.000195
-0.000171 -0.000113 -0.000198
-0.000162 -0.000113 -0.000202
-0.000154 -0.000113 -0.000204
-0.000145 -0.000112 -0.000207
-0.000136 -0.000112 -0.000210
-0.000128 -0.000111 -0.000212
-0.000119 -0.000109 -0.000214
-0.000110 -0.000108 -0.000216
-0.000101 -0.000106 -0.000217
-0.000093 -0.000103 -0.000217
-0.000084 -0.000100 -0.000218
-0.000076 -0.000097 -0.000217
-0.000067 -0.000093 -0.000216
-0.000060 -0.000090 -0.000214
-0.000052 -0.000085 -0.000212
-0.000045 -0.000081 -0.000209
-0.000038 -0.000076 -0.000205
-0.000032 -0.000071 -0.000200
-0.000026 -0.000066 -0.000195
-0.000021 -0.000061 -0.000190
-0.000016 -0.000056 -0.000184
-0.000012 -0.000052 -0.000177
-0.000009 -0.000047 -0.000170
-0.000006 -0.000043 -0.000163
-0.000004 -0.000038 -0.000155
-0.000002 -0.000035 -0.000147
-0.000000 -0.000031 -0.000139
0.000001 -0.000027 -0.000131
0.000002 -0.000024 -0.000122
0.000003 -0.000020 -0.000114
0.000003 -0.000017 -0.000106
0.000004 -0.000014 -0.000097
0.000004 -0.000011 -0.000089
0.000005 -0.000008 -0.000080
0.000005 -0.000004 -0.000072
0.000005 -0.000001 -0.000063
0.000006 0.000003 -0.000055
0.000006 0.000007 -0.000047
0.000007 0.000010 -0.000039
0.000008 0.000015 -0.000031
0.000008 0.000019 -0.000023
0.000009 0.000023 -0.000015
0.000010 0.000028 -0.000007
0.000012 0.000033 0.000000
0.000013 0.000037 0.000008
0.000015 0.000043 0.000015
0.000017 0.000048 0.000022
0.000019 0.000053 0.000029
0.000021 0.000059 0.000036
0.000024 0.000065 0.000042
0.000027 0.000070 0.000048
0.000031 0.000076 0.000054
0.000035 0.000082 0.000060
0.000039 0.000089 0.000065
0.000044 0.000095 0.000069
0.000049 0.000101 0.000073
0.000055 0.000107 0.000077
0.000061 0.000113 0.000080
0.000067 0.000119 0.000082
0.000074 0.000125 0.000084
0.000081 0.000131 0.000085
0.000088 0.000136 0.000086
0.000096 0.000141 0.000086
0.000103 0.000146 0.000086
0.000111 0.000151 0.000085
0.000118 0.000156 0.000084
0.000126 0.000160 0.000082
0.000134 0.000164 0.000080
0.000142 0.000168 0.000077
0.000150 0.000171 0.000074
0.000157 0.000174 0.000071
0.000165 0.000177 0.000067
0.000173 0.000180 0.000063
0.000181 0.000182 0.000059
0.000188 0.000184 0.000054
0.000196 0.000185 0.000050
0.000204 0.000187 0.000046
0.000212 0.000188 0.000041
0.000220 0.000188 0.000037
0.000228 0.000189 0.000033
0.000236 0.000189 0.000029
0.000244 0.000189 0.000025
0.000252 0.000189 0.000022
0.000261 0.000189 0.000019
0.000270 0.000189 0.000016
0.000278 0.000189 0.000014
0.000287 0.000188 0.000012
0.000296 0.000188 0.000010
0.000305 0.000188 0.000009
0.000314 0.000188 0.000008
0.000323 0.000188 0.000008
0.000332 0.000188 0.000007
0.000341 0.000189 0.000008
0.000350 0.000190 0.000008
0.000359 0.000191 0.000010
0.000368 0.000192 0.000011
0.000377 0.000193 0.000014
0.000385 0.000195 0.000017
0.000393 0.000197 0.000020
0.000401 0.000200 0.000024
0.000408 0.000203 0.000029
0.000414 0.000206 0.000034
0.000420 0.000210 0.000040
0.000425 0.000214 0.000047
0.000430 0.000218 0.000053
0.000434 0.000222 0.000060
0.000437 0.000227 0.000067
0.000439 0.000232 0.000075
0.000441 0.000237 0.000082
0.000442 0.000242 0.000089
0.000443 0.000247 0.000097
0.000443 0.000251 0.000105
0.000443 0.000256 0.000112
0.000443 0.000261 0.000120
0.000442 0.000266 0.000128
0.000441 0.000270 0.000135
0.000440 0.000275 0.000143
0.000439 0.000280 0.000151
0.000438 0.000284 0.000158
0.000436 0.000289 0.000166
0.000435 0.000294 0.000174
CELLS  127 381
2 0 1 
2 1 2 
2 2 3 
2 3 4 
2 4 5 
2 5 6 
2 6 7 
2 7 8 
2 8 9 
2 9 10 
2 10 11 
2 11 12 
2 12 13 
2 13 14 
2 14 15 
2 15 16 
2 16 17 
2 17 18 
2 18 19 
2 19 20 
2 20 21 
2 21 22 
2 22 23 
2 23 24 
2 24 25 
2 25 26 
2 26 27 
2 27 28 
2 28 29 
2 29 30 
2 30 31 
2 31 32 
2 32 33 
2 33 34 
2 34 35 
2 35 36 
2 36 37 
2 37 38 
2 38 39 
2 39 40 
2 40 41 
2 41 42 
2 42 43 
2 43 44 
2 44 45 
2 45 46 
2 46 47 
2 47 48 
2 48 49 
2 49 50 
2 50 51 
2 51 52 
2 52 53 
2 53 54 
2 54 55 
2 55 56 
2 56 57 
2 57 58 
2 58 59 
2 59 60 
2 60 61 
2 61 62 
2 62 63 
2 63 64 
2 64 65 
2 65 66 
2 66 67 
2 67 68 
2 68 69 
2 69 70 
2 70 71 
2 71 72 
2 72 73 
2 73 74 
2 74 75 
2 75 76 
2 76 77 
2 77 78 
2 78 79 
2 79 80 
2 80 81 
2 81 82 
2 82 83 
2 83 84 
2 84 85 
2 85 86 
2 86 87 
2 87 88 
2 88 89 
2 89 90 
2 90 91 
2 91 92 
2 92 93 
2 93 94 
2 94 95 
2 95 96 
2 96 97 
2 97 98 
2 98 99 
2 99 100 
2 100 101 
2 101 102 
2 102 103 
2 103 104 
2 104 105 
2 105 106 
2 106 107 
2 107 108 
2 108 109 
2 109 110 
2 110 111 
2 111 112 
2 112 113 
2 113 114 
2 114 115 
2 115 116 
2 116 117 
2 117 118 
2 118 119 
2 119 120 
2 120 121 
2 121 122 
2 122 123 
2 123 124 
2 124 125 
2 125 126 
2 126 127 
CELL_TYPES  127
3
3
3
3
3
3
3
3
3
3
3
3
3
3
3
3
3
3
3
3
3
3
3
3
3
3
3
3
3
3
3
3
3
3
3
3
3
3
3
3
3
3
3
3
3
3
3
3
3
3
3
3
3
3
3
3
3
3
3
3
3
3
3
3
3
3
3
3
3
3
3
3
3
3
3
3
3
3
3
3
3
3
3
3
3
3
3
3
3
3
3
3
3
3
3
3
3
3
3
3
3
3
3
3
3
3
3
3
3
3
3
3
3
3
3
3
3
3
3
3
3
3
3
3
3
3
3
POINT_DATA  128
VECTORS Position float
-0.000230 -0.000111 -0.000175
-0.000221 -0.000112 -0.000178
-0.000213 -0.000112 -0.000182
-0.000205 -0.000113 -0.000185
-0.000196 -0.000113 -0.000189
-0.000188 -0.000113 -0.000192
-0.000179 -0.000113 -0.000195
-0.000171 -0.000113 -0.000198
-0.000162 -0.000113 -0.000202
-0.000154 -0.000113 -0.000204
-0.000145 -0.000112 -0.000207
-0.000136 -0.000112 -0.000210
-0.000128 -0.000111 -0.000212
-0.000119 -0.000109 -0.000214
-0.000110 -0.000108 -0.000216
-0.000101 -0.000106 -0.000217
-0.000093 -0.000103 -0.000217
-0.000084 -0.000100 -0.000218
-0.000076 -0.000097 -0.000217
-0.000067 -0.000093 -0.000216
-0.000060 -0.000090 -0.000214
-0.000052 -0.000085 -0.000212
-0.000045 -0.000081 -0.000209
-0.000038 -0.000076 -0.000205
-0.000032 -0.000071 -0.000200
-0.000026 -0.000066 -0.000195
-0.000021 -0.000061 -0.000190
-0.000016 -0.000056 -0.000184
-0.000012 -0.000052 -0.000177
-0.000009 -0.000047 -0.000170
-0.000006 -0.000043 -0.000163
-0.000004 -0.000038 -0.000155
-0.000002 -0.000035 -0.000147
-0.000000 -0.000031 -0.000139
0.000001 -0.000027 -0.000131
0.000002 -0.000024 -0.000122
0.000003 -0.000020 -0.000114
0.000003 -0.000017 -0.000106
0.000004 -0.000014 -0.000097
0.000004 -0.000011 -0.000089
0.000005 -0.000008 -0.000080
0.000005 -0.000004 -0.000072
0.000005 -0.000001 -0.000063
0.000006 0.000003 -0.000055
0.000006 0.000007 -0.000047
0.000007 0.000010 -0.000039
0.000008 0.000015 -0.000031
0.000008 0.000019 -0.000023
0.000009 0.000023 -0.000015
0.000010 0.000028 -0.000007
0.000012 0.000033 0.000000
0.000013 0.000037 0.000008
0.000015 0.000043 0.000015
0.000017 0.000048 0.000022
0.000019 0.000053 0.000029
0.000021 0.000059 0.000036
0.000024 0.000065 0.000042
0.000027 0.000070 0.000048
0.000031 0.000076 0.000054
0.000035 0.000082 0.000060
0.000039 0.000089 0.000065
0.000044 0.000095 0.000069
0.000049 0.000101 0.000073
0.000055 0.000107 0.000077
0.000061 0.000113 0.000080
0.000067 0.000119 0.000082
0.000074 0.000125 0.000084
0.000081 0.000131 0.000085
0.000088 0.000136 0.000086
0.000096 0.000141 0.000086
0.000103 0.000146 0.000086
0.000111 0.000151 0.000085
0.000118 0.000156 0.000084
0.000126 0.000160 0.000082
0.000134 0.000164 0.000080
0.000142 0.000168 0.000077
0.000150 0.000171 0.000074
0.000157 0.000174 0.000071
0.000165 0.000177 0.000067
0.000173 0.000180 0.000063
0.000181 0.000182 0.000059
0.000188 0.000184 0.000054
0.000196 0.000185 0.000050
0.000204 0.000187 0.000046
0.000212 0.000188 0.000041
0.000220 0.000188 0.000037
0.000228 0.000189 0.000033
0.000236 0.000189 0.000029
0.000244 0.000189 0.000025
0.000252 0.000189 0.000022
0.000261 0.000189 0.000019
0.000270 0.000189 0.000016
0.000278 0.000189 0.000014
0.000287 0.000188 0.000012
0.000296 0.000188 0.000010
0.000305 0.000188 0.000009
0.000314 0.000188 0.000008
0.000323 0.000188 0.000008
0.000332 0.000188 0.000007
0.000341 0.000189 0.000008
0.000350 0.000190 0.000008
0.000359 0.000191 0.000010
0.000368 0.000192 0.000011
0.000377 0.000193 0.000014
0.000385 0.000195 0.000017
0.000393 0.000197 0.000020
0.000401 0.000200 0.000024
0.000408 0.000203 0.000029
0.000414 0.000206 0.000034
0.000420 0.000210 0.000040
0.000425 0.000214 0.000047
0.000430 0.000218 0.000053
0.000434 0.000222 0.000060
0.000437 0.000227 0.000067
0.000439 0.000232 0.000075
0.000441 0.000237 0.000082
0.000442 0.000242 0.000089
0.000443 0.000247 0.000097
0.000443 0.000251 0.000105
0.000443 0.000256 0.000112
0.000443 0.000261 0.000120
0.000442 0.000266 0.000128
0.000441 0.000270 0.000135
0.000440 0.000275 0.000143
0.000439 0.000280 0.000151
0.000438 0.000284 0.000158
0.000436 0.000289 0.000166
0.000435 0.000294 0.000174
VECTORS Rotation float
0.826083 -0.050387 -1.965771
0.826153 -0.049484 -1.964947
0.826352 -0.046696 -1.962469
0.826644 -0.041854 -1.958352
0.826974 -0.034738 -1.952594
0.827268 -0.025044 -1.945066
0.827436 -0.012467 -1.935513
0.827362 0.003275 -1.923548
0.826890 0.022124 -1.908902
0.825821 0.044477 -1.890824
0.823889 0.070326 -1.868768
0.820750 0.099626 -1.842138
0.815963 0.132486 -1.810137
0.808982 0.168888 -1.772025
0.799240 0.208244 -1.727612
0.786028 0.250387 -1.676174
0.768674 0.294540 -1.617538
0.746506 0.339795 -1.551504
0.718912 0.385011 -1.477954
0.685482 0.428721 -1.397081
0.645783 0.469613 -1.308640
0.600093 0.505840 -1.213625
0.548908 0.535915 -1.112849
0.493168 0.558560 -1.007495
0.434556 0.572745 -0.899698
0.374906 0.578018 -0.791500
0.316541 0.574468 -0.685738
0.261688 0.562877 -0.585210
0.211808 0.544528 -0.491683
0.168087 0.521193 -0.406958
0.131041 0.494904 -0.332155
0.100395 0.467521 -0.267275
0.075728 0.440913 -0.212353
0.056242 0.416499 -0.166721
0.041418 0.395861 -0.130393
0.030208 0.379459 -0.101854
0.022119 0.368142 -0.080779
0.016397 0.361888 -0.065781
0.012607 0.360723 -0.056089
0.010309 0.364355 -0.050649
0.009213 0.372325 -0.048680
0.009104 0.384057 -0.049517
0.009864 0.398896 -0.052704
0.011492 0.416326 -0.058061
0.014044 0.435516 -0.065542
0.017725 0.456043 -0.075409
0.022766 0.477317 -0.087943
0.029471 0.498964 -0.103537
0.038232 0.520870 -0.122701
0.049348 0.542770 -0.145721
0.063209 0.564676 -0.173021
0.080210 0.586622 -0.205002
0.100740 0.608602 -0.242027
0.125244 0.630581 -0.284534
0.154209 0.652418 -0.333012
0.188190 0.673845 -0.388050
0.227633 0.694352 -0.450070
0.272910 0.713262 -0.519422
0.324153 0.729728 -0.596176
0.381111 0.742783 -0.679968
0.442999 0.751440 -0.769830
0.508453 0.754847 -0.864147
0.576137 0.752433 -0.961532
0.643447 0.744050 -1.058812
0.709487 0.729794 -1.155355
0.771305 0.710656 -1.247277
0.829455 0.687051 -1.335870
0.883106 0.659977 -1.420140
0.931363 0.630857 -1.498694
0.974762 0.600388 -1.572331
1.014304 0.568573 -1.642721
1.049134 0.536725 -1.708069
1.080151 0.504420 -1.769787
1.107305 0.471795 -1.827440
1.130563 0.438867 -1.880497
1.149713 0.405982 -1.927801
1.165356 0.372216 -1.970010
1.177459 0.337901 -2.006115
1.186339 0.303049 -2.035793
1.192401 0.267783 -2.058847
1.196111 0.232371 -2.075179
1.198003 0.196783 -2.084919
1.198529 0.162395 -2.087849
1.198196 0.128912 -2.084101
1.197458 0.097320 -2.073787
1.196734 0.068551 -2.057260
1.196299 0.042442 -2.034436
1.196417 0.019825 -2.006053
1.197220 0.001131 -1.972813
1.198731 -0.013300 -1.935612
1.200877 -0.023243 -1.895518
1.203518 -0.028609 -1.853656
1.206492 -0.029423 -1.811581
1.209627 -0.025902 -1.769056
1.212828 -0.018434 -1.727555
1.216009 -0.007310 -1.686541
1.219153 0.006950 -1.646015
1.222152 0.024194 -1.604556
1.224928 0.043982 -1.561481
1.227062 0.066735 -1.514363
1.228340 0.091922 -1.463148
1.228150 0.119970 -1.406273
1.225895 0.150979 -1.343295
1.220739 0.185313 -1.273535
1.211788 0.223110 -1.196768
1.198509 0.263687 -1.114171
1.180306 0.306382 -1.026389
1.156815 0.350107 -0.934302
1.127953 0.393453 -0.838901
1.093946 0.434845 -0.741207
1.055721 0.472437 -0.643041
1.014162 0.504952 -0.545460
0.971037 0.531109 -0.450781
0.927888 0.550446 -0.360563
0.886221 0.563048 -0.276258
0.847436 0.569509 -0.199254
0.812418 0.570890 -0.130265
0.781661 0.568499 -0.069609
0.755224 0.563704 -0.017092
0.732878 0.557759 0.027790
0.714290 0.551689 0.065612
0.698990 0.546195 0.097135
0.686642 0.541695 0.122876
0.676874 0.538311 0.143426
0.669490 0.535993 0.159071
0.664291 0.534559 0.170136
0.661221 0.533812 0.176693
0.660199 0.533584 0.178877
VECTORS ControlForce float
-0.000000 0.000000 0.000000
-0.000058 0.000097 0.000095
-0.000113 0.000148 0.000190
-0.000148 0.000141 0.000277
-0.000189 0.000056 0.000343
-0.000221 -0.000062 0.000401
-0.000238 -0.000172 0.000462
-0.000248 -0.000267 0.000525
-0.000252 -0.000341 0.000576
-0.000241 -0.000387 0.000620
-0.000206 -0.000400 0.000656
-0.000121 -0.000363 0.000685
0.000010 -0.000286 0.000711
0.000173 -0.000195 0.000728
0.000361 -0.000105 0.000728
0.000533 -0.000057 0.000705
0.000686 -0.000042 0.000662
0.000788 -0.000068 0.000600
0.000821 -0.000130 0.000528
0.000793 -0.000201 0.000459
0.000746 -0.000234 0.000399
0.000673 -0.000235 0.000352
0.000583 -0.000199 0.000321
0.000506 -0.000103 0.000304
0.000453 0.000054 0.000293
0.000419 0.000252 0.000282
0.000396 0.000463 0.000262
0.000375 0.000666 0.000223
0.000339 0.000829 0.000164
0.000273 0.000924 0.000096
0.000164 0.000925 0.000037
0.000021 0.000844 -0.000009
-0.000148 0.000698 -0.000037
-0.000327 0.000511 -0.000049
-0.000506 0.000298 -0.000046
-0.000659 0.000094 -0.000037
-0.000768 -0.000096 -0.000035
-0.000814 -0.000258 -0.000039
-0.000788 -0.000393 -0.000051
-0.000690 -0.000500 -0.000058
-0.000530 -0.000579 -0.000061
-0.000328 -0.000610 -0.000080
-0.000118 -0.000605 -0.000096
0.000066 -0.000554 -0.000107
0.000199 -0.000460 -0.000117
0.000268 -0.000341 -0.000116
0.000278 -0.000205 -0.000112
0.000245 -0.000061 -0.000108
0.000192 0.000068 -0.000094
0.000141 0.000166 -0.000070
0.000115 0.000240 -0.000049
0.000117 0.000277 -0.000026
0.000139 0.000270 0.000000
0.000163 0.000224 0.000025
0.000168 0.000140 0.000051
0.000144 0.000042 0.000068
0.000095 -0.000049 0.000070
0.000017 -0.000144 0.000068
-0.000085 -0.000236 0.000062
-0.000193 -0.000290 0.000042
-0.000298 -0.000296 0.000012
-0.000384 -0.000249 -0.000027
-0.000439 -0.000155 -0.000065
-0.000453 -0.000027 -0.000102
-0.000419 0.000117 -0.000132
-0.000347 0.000245 -0.000156
-0.000252 0.000325 -0.000155
-0.000167 0.000321 -0.000135
-0.000097 0.000225 -0.000119
-0.000034 0.000061 -0.000107
0.000014 -0.000157 -0.000087
0.000051 -0.000409 -0.000072
0.000089 -0.000630 -0.000049
0.000135 -0.000765 -0.000009
0.000164 -0.000809 0.000039
0.000152 -0.000771 0.000084
0.000095 -0.000657 0.000135
-0.000010 -0.000503 0.000180
-0.000140 -0.000324 0.000210
-0.000272 -0.000154 0.000219
-0.000389 -0.000027 0.000209
-0.000465 0.000063 0.000191
-0.000489 0.000142 0.000163
-0.000464 0.000224 0.000137
-0.000400 0.000328 0.000107
-0.000305 0.000460 0.000067
-0.000184 0.000620 0.000034
-0.000039 0.000794 0.000004
0.000115 0.000933 -0.000032
0.000269 0.001012 -0.000074
0.000386 0.000964 -0.000126
0.000447 0.000779 -0.000179
0.000443 0.000472 -0.000219
0.000368 0.000078 -0.000226
0.000226 -0.000377 -0.000204
0.000042 -0.000795 -0.000151
-0.000158 -0.001096 -0.000073
-0.000358 -0.001254 0.000031
-0.000540 -0.001254 0.000157
-0.000659 -0.001054 0.000303
-0.000696 -0.000684 0.000433
-0.000650 -0.000245 0.000526
-0.000518 0.000169 0.000572
-0.000300 0.000499 0.000574
-0.000018 0.000682 0.000539
0.000303 0.000712 0.000463
0.000628 0.000609 0.000350
0.000913 0.000430 0.000207
0.001105 0.000206 0.000058
0.001164 -0.000020 -0.000072
0.001073 -0.000207 -0.000165
0.000841 -0.000310 -0.000218
0.000503 -0.000329 -0.000229
0.000106 -0.000261 -0.000215
-0.000287 -0.000145 -0.000180
-0.000615 -0.000034 -0.000128
-0.000838 0.000046 -0.000077
-0.000929 0.000065 -0.000025
-0.000890 0.000018 0.000027
-0.000756 -0.000070 0.000072
-0.000565 -0.000175 0.000111
-0.000354 -0.000275 0.000146
-0.000171 -0.000340 0.000161
-0.000036 -0.000360 0.000159
0.000047 -0.000334 0.000143
0.000078 -0.000262 0.000114
0.000058 -0.000147 0.000066
-0.000000 -0.000000 -0.000000
VECTORS ControlTorque float
-0.000000 0.000001 -0.000001
-0.000000 0.000001 -0.000001
-0.000000 0.000001 -0.000001
-0.000000 0.000001 -0.000001
-0.000000 0.000001 -0.000001
-0.000000 0.000001 -0.000001
-0.000001 0.000001 -0.000001
-0.000000 0.000001 -0.000001
-0.000001 0.000002 -0.000001
-0.000001 0.000002 -0.000001
-0.000001 0.000002 -0.000001
-0.000001 0.000002 -0.000001
-0.000001 0.000003 -0.000002
-0.000001 0.000002 -0.000001
-0.000001 0.000003 -0.000001
-0.000001 0.000002 -0.000001
-0.000001 0.000002 -0.000001
-0.000001 0.000002 -0.000001
-0.000001 0.000001 -0.000000
-0.000001 0.000002 -0.000000
-0.000000 0.000001 0.000001
-0.000001 0.000001 0.000001
-0.000001 0.000001 0.000001
-0.000001 -0.000000 0.000001
-0.000001 -0.000000 0.000001
-0.000001 -0.000001 0.000001
-0.000000 -0.000001 0.000002
-0.000000 -0.000001 0.000001
0.000000 -0.000002 0.000001
0.000001 -0.000003 0.000001
0.000001 -0.000002 0.000001
0.000001 -0.000003 0.000001
0.000001 -0.000002 0.000001
0.000002 -0.000003 0.000001
0.000002 -0.000002 0.000001
0.000003 -0.000003 0.000001
0.000002 -0.000002 0.000001
0.000002 -0.000002 0.000001
0.000002 -0.000001 0.000000
0.000002 -0.000001 0.000000
0.000002 -0.000001 0.000000
0.000001 -0.000001 0.000000
0.000001 -0.000001 0.000000
0.000001 -0.000001 0.000000
0.000001 -0.000001 0.000000
0.000000 -0.000001 0.000000
0.000000 -0.000001 0.000000
0.000000 -0.000001 0.000001
0.000000 -0.000001 0.000001
0.000000 -0.000001 0.000001
0.000000 -0.000001 0.000001
0.000000 -0.000001 0.000001
0.000001 -0.000001 0.000001
0.000001 -0.000001 0.000001
0.000001 -0.000001 0.000001
0.000001 -0.000001 0.000001
0.000001 -0.000001 0.000001
0.000001 -0.000001 0.000001
0.000001 -0.000001 0.000001
0.000000 -0.000001 0.000001
0.000000 -0.000001 0.000001
0.000000 -0.000001 0.000001
-0.000001 0.000000 0.000000
0.000001 -0.000001 0.000001
-0.000001 0.000002 -0.000001
0.000000 -0.000001 0.000001
-0.000000 0.000000 -0.000000
-0.000001 0.000001 -0.000001
-0.000001 0.000001 -0.000001
0.000001 -0.000001 0.000000
-0.000001 0.000002 -0.000001
0.000000 -0.000000 -0.000000
-0.000001 0.000001 -0.000000
-0.000000 0.000001 -0.000000
-0.000001 0.000002 -0.000001
-0.000000 0.000001 0.000001
-0.000001 0.000002 0.000000
-0.000001 0.000002 0.000000
-0.000001 0.000002 0.000000
-0.000001 0.000002 0.000000
-0.000000 0.000002 0.000001
-0.000001 0.000003 -0.000001
-0.000000 0.000003 0.000000
-0.000001 0.000003 -0.000001
-0.000001 0.000002 -0.000001
-0.000000 0.000003 -0.000000
-0.000001 0.000002 -0.000001
-0.000001 0.000002 -0.000001
-0.000001 0.000002 -0.000002
-0.000001 0.000001 -0.000002
-0.000001 0.000001 -0.000002
-0.000000 -0.000001 -0.000002
-0.000000 0.000001 -0.000002
-0.000000 -0.000001 -0.000001
-0.000000 0.000000 -0.000002
0.000000 -0.000001 -0.000001
0.000000 0.000001 -0.000001
0.000000 -0.000000 -0.000001
0.000000 0.000003 -0.000002
0.000000 0.000001 -0.000001
0.000000 0.000003 -0.000001
0.000000 0.000002 -0.000001
0.000000 0.000003 -0.000002
0.000000 0.000003 -0.000002
0.000000 0.000002 -0.000001
0.000000 0.000001 -0.000002
0.000000 0.000001 -0.000001
0.000000 0.000000 -0.000001
0.000000 -0.000000 -0.000000
0.000000 -0.000001 0.000001
-0.000000 -0.000001 0.000001
-0.000001 -0.000002 0.000002
-0.000001 -0.000002 0.000002
-0.000001 -0.000002 0.000002
-0.000001 -0.000003 0.000002
-0.000001 -0.000002 0.000002
-0.000001 -0.000002 0.000002
-0.000000 -0.000002 0.000001
-0.000000 -0.000002 0.000001
0.000000 -0.000002 0.000001
0.000000 -0.000002 0.000001
0.000000 -0.000002 0.000001
0.000000 -0.000001 0.000001
0.000000 -0.000002 0.000001
0.000000 -0.000001 0.000001
0.000000 -0.000001 0.000001
0.000000 -0.000001 0.000001
0.000000 -0.000001 0.000001
VECTORS Curvature float
0.110409 -76.563358 -1.957852
-2.523787 -250.779338 -5.725197
-15.333248 -562.773961 -11.029555
-43.946263 -849.963253 -12.522173
-87.434705 -1169.787440 -10.290151
-138.405969 -1528.481301 -3.531598
-187.683880 -1960.301345 7.755614
-216.098965 -2393.862021 23.104428
-216.897869 -2878.091669 42.278039
-185.493693 -3461.802040 63.970648
-109.284584 -4044.590467 87.164666
8.097974 -4680.256576 110.685838
166.680492 -5427.337837 133.055027
354.294599 -6132.052758 151.665462
564.321683 -6827.274914 166.845204
790.083243 -7551.456439 175.588313
1018.651557 -8175.290346 178.231785
1255.603477 -8750.658033 174.529839
1491.440577 -9183.247123 164.558727
1751.424548 -9564.156680 151.421655
2026.489444 -9825.813610 134.189255
2304.441986 -9880.630918 117.576606
2616.298215 -9893.330464 102.231444
2933.072488 -9778.374312 89.499444
3254.140167 -9573.413569 80.874783
3563.819360 -9300.926042 75.711992
3796.927027 -8853.931256 73.984582
3969.943695 -8342.094941 73.810966
4061.282755 -7775.097099 74.255961
4002.753849 -7061.300976 74.021544
3846.154200 -6325.558728 71.702587
3576.441506 -5560.125662 68.260744
3225.586505 -4807.528452 62.861600
2730.645115 -3978.872939 57.732256
2189.054537 -3202.697199 51.379712
1617.752333 -2490.495770 46.893601
1003.819095 -1810.547969 42.916004
430.764488 -1257.464027 40.916618
-135.466963 -764.541432 40.413979
-647.331386 -379.083960 41.554122
-1101.063961 -57.428872 44.073368
-1473.321616 196.875027 47.737123
-1799.532662 419.669095 52.086105
-2043.169801 623.701317 56.780920
-2212.519892 832.774651 61.066826
-2343.030529 1067.267985 64.523020
-2399.167947 1315.169924 66.401297
-2456.823060 1608.188345 66.076650
-2498.909529 1923.953265 63.383618
-2527.079403 2247.778045 57.804184
-2589.126735 2601.495286 49.537935
-2671.121320 2964.792174 38.823761
-2777.342310 3336.102544 26.015178
-2907.459647 3716.213701 11.655094
-3062.302285 4115.075419 -3.813730
-3228.040374 4525.071306 -19.759374
-3387.556317 4934.207642 -35.907890
-3538.187860 5346.543838 -51.826716
-3665.142579 5745.982192 -67.193115
-3760.929076 6124.567763 -81.647107
-3793.833209 6422.120849 -94.948976
-3827.016098 6744.607599 -106.528715
-3777.687445 6907.844727 -116.422964
-3744.437328 7099.525780 -122.809570
-3650.151017 7099.606890 -127.939026
-3532.160031 7005.803233 -127.024435
-3584.872006 7139.629311 -123.542890
-3526.238662 6953.751988 -116.481042
-3425.551525 6608.090557 -104.258859
-3505.441498 6555.325569 -86.869456
-3511.492665 6340.705069 -69.974478
-3434.146312 6023.772828 -46.865357
-3421.437587 5907.418231 -25.039757
-3291.501125 5726.079090 -2.825114
-2991.895982 5410.220761 16.219177
-2638.150022 5193.206262 34.047824
-2246.739362 5085.274100 44.581927
-1705.901754 4842.062236 50.121815
-1125.787527 4636.617727 48.799907
-506.757141 4375.870537 40.824977
136.811046 4190.770459 27.216029
768.339162 3859.539154 8.150909
1401.338122 3459.183799 -13.558090
2054.880683 3112.171553 -37.254267
2577.003964 2554.324201 -60.364865
3116.073371 2020.319052 -82.828883
3646.267288 1485.995148 -102.240250
4018.286709 879.044923 -119.246437
4313.944066 281.992138 -134.004896
4484.384607 -301.134351 -147.743346
4569.918434 -862.676976 -162.153327
4429.873390 -1341.186247 -179.601405
4315.598844 -1813.902695 -202.011118
4151.107433 -2223.488751 -231.899950
3897.452657 -2565.045778 -269.688285
3717.621701 -2875.159561 -317.122259
3626.775167 -3190.192700 -371.367440
3639.777597 -3485.631144 -432.935864
3870.000161 -3898.491812 -494.866439
4228.254264 -4348.551491 -558.356234
4585.509630 -4743.382834 -614.507648
5077.932636 -5263.234432 -663.880884
5559.658603 -5801.131065 -700.803760
6123.130174 -6486.860037 -723.620248
6552.951747 -7110.898544 -732.167866
6797.381397 -7606.356706 -723.309109
6947.537143 -8042.484858 -699.552737
6963.346090 -8330.777878 -662.477309
6905.167540 -8491.674868 -614.837069
6714.910396 -8408.247062 -561.574060
6478.717696 -8146.222539 -503.862729
6200.836571 -7703.756254 -448.101395
5849.611646 -7046.600477 -394.195813
5530.937849 -6344.489728 -345.372082
5186.436838 -5578.563174 -302.144519
4817.269730 -4807.872396 -264.509468
4426.150841 -4087.416936 -232.084743
4000.769249 -3437.770836 -204.012935
3557.189774 -2886.134973 -179.348338
3087.422573 -2418.110739 -157.077714
2618.832661 -2032.637788 -136.440582
2157.705288 -1704.025545 -116.647000
1719.956023 -1412.647220 -97.336069
1315.680128 -1139.306559 -78.103394
943.004619 -864.827556 -58.693014
613.705972 -592.905803 -39.710625
271.586715 -271.565100 -18.188831
85.737638 -87.454811 -5.679476
VECTORS LocalRotation float
-0.099391 0.547612 0.008635
-0.099402 0.546126 0.008600
-0.099483 0.542458 0.008524
-0.099750 0.536088 0.008418
-0.100346 0.526925 0.008315
-0.101372 0.514668 0.008252
-0.102849 0.498864 0.008271
-0.104667 0.479260 0.008410
-0.106634 0.455308 0.008707
-0.108454 0.426644 0.009187
-0.109787 0.392697 0.009871
-0.110246 0.353103 0.010769
-0.109454 0.307288 0.011873
-0.107102 0.255114 0.013159
-0.102936 0.196340 0.014603
-0.096808 0.131278 0.016153
-0.088620 0.060087 0.017754
-0.078322 -0.016553 0.019352
-0.065886 -0.097742 0.020887
-0.051179 -0.182763 0.022320
-0.034108 -0.270380 0.023610
-0.014495 -0.359621 0.024750
0.007813 -0.449265 0.025747
0.032942 -0.538344 0.026615
0.060980 -0.626039 0.027387
0.091801 -0.711362 0.028095
0.125065 -0.793406 0.028771
0.160245 -0.871296 0.029441
0.196571 -0.944196 0.030111
0.233081 -1.011367 0.030782
0.268731 -1.072170 0.031444
0.302384 -1.126059 0.032078
0.333212 -1.173046 0.032673
0.360052 -1.212639 0.033216
0.382426 -1.245300 0.033712
0.399564 -1.270930 0.034155
0.411493 -1.290502 0.034563
0.417969 -1.304352 0.034942
0.419310 -1.313534 0.035311
0.415775 -1.318698 0.035681
0.407870 -1.320672 0.036068
0.396206 -1.320040 0.036484
0.381333 -1.317238 0.036938
0.363986 -1.312528 0.037430
0.344689 -1.305924 0.037964
0.324107 -1.297339 0.038531
0.302642 -1.286556 0.039124
0.280614 -1.273295 0.039725
0.258215 -1.257330 0.040310
0.235440 -1.238426 0.040859
0.212255 -1.216450 0.041346
0.188441 -1.191251 0.041746
0.163777 -1.162728 0.042039
0.138042 -1.130802 0.042210
0.111006 -1.095336 0.042245
0.082539 -1.056235 0.042139
0.052587 -1.013408 0.041887
0.021224 -0.966851 0.041489
-0.011396 -0.916620 0.040950
-0.045017 -0.862876 0.040276
-0.079232 -0.806054 0.039477
-0.113799 -0.746332 0.038563
-0.148138 -0.684683 0.037556
-0.182306 -0.621058 0.036469
-0.215595 -0.557136 0.035340
-0.248406 -0.492699 0.034176
-0.280572 -0.428767 0.033043
-0.312522 -0.365445 0.031965
-0.344095 -0.303852 0.030962
-0.375723 -0.243784 0.030090
-0.407277 -0.185792 0.029385
-0.438943 -0.129420 0.028852
-0.469978 -0.075409 0.028527
-0.500242 -0.022962 0.028401
-0.528522 0.027160 0.028461
-0.554180 0.075483 0.028690
-0.576197 0.121810 0.029045
-0.594049 0.166647 0.029473
-0.606869 0.209562 0.029920
-0.614276 0.250452 0.030327
-0.615958 0.289389 0.030636
-0.611887 0.325593 0.030795
-0.601994 0.358966 0.030771
-0.586407 0.388601 0.030542
-0.565503 0.414175 0.030101
-0.539482 0.435084 0.029446
-0.508932 0.450924 0.028610
-0.474285 0.461615 0.027609
-0.436599 0.466866 0.026464
-0.396802 0.466780 0.025189
-0.355863 0.461517 0.023788
-0.315209 0.451562 0.022244
-0.275293 0.437161 0.020503
-0.237226 0.419009 0.018552
-0.200730 0.397295 0.016277
-0.166353 0.372737 0.013628
-0.132953 0.345154 0.010497
-0.100081 0.314954 0.006859
-0.065852 0.281297 0.002630
-0.029557 0.244336 -0.002090
0.010352 0.203167 -0.007401
0.054119 0.157846 -0.013191
0.102516 0.107508 -0.019400
0.155558 0.051717 -0.025867
0.212724 -0.009605 -0.032433
0.273090 -0.076152 -0.039014
0.335327 -0.147010 -0.045456
0.398378 -0.221221 -0.051630
0.461245 -0.297479 -0.057420
0.522867 -0.373940 -0.062742
0.582690 -0.449002 -0.067573
0.639988 -0.520627 -0.071875
0.694582 -0.587453 -0.075691
0.746161 -0.648144 -0.079043
0.794675 -0.702115 -0.081974
0.839975 -0.749149 -0.084540
0.881814 -0.789412 -0.086788
0.919969 -0.823484 -0.088762
0.954188 -0.852116 -0.090498
0.984260 -0.876122 -0.092021
1.010115 -0.896288 -0.093351
1.031730 -0.913197 -0.094496
1.049307 -0.927325 -0.095466
1.063039 -0.938869 -0.096260
1.073275 -0.947951 -0.096880
1.080308 -0.954537 -0.097324
1.084325 -0.958460 -0.097587
1.085940 -0.960082 -0.097695
VECTORS q1 float
-0.294974 -0.734349 -0.611328
-0.293840 -0.734430 -0.611777
-0.290381 -0.734663 -0.613147
-0.284486 -0.735018 -0.615480
-0.276000 -0.735442 -0.618829
-0.264623 -0.735854 -0.623292
-0.249966 -0.736142 -0.628977
-0.231567 -0.736144 -0.635978
-0.209261 -0.735649 -0.644229
-0.182255 -0.734378 -0.653814
-0.150162 -0.731979 -0.664573
-0.112595 -0.728029 -0.676236
-0.068951 -0.722003 -0.688446
-0.018789 -0.713290 -0.700617
0.037488 -0.701340 -0.711841
0.100015 -0.685488 -0.721182
0.168003 -0.665246 -0.727477
0.240452 -0.640251 -0.729563
0.316037 -0.610356 -0.726351
0.393002 -0.575754 -0.716977
0.470020 -0.536673 -0.700759
0.544902 -0.493998 -0.677531
0.616131 -0.448606 -0.647406
0.682481 -0.401468 -0.610772
0.742732 -0.353822 -0.568470
0.796297 -0.306697 -0.521390
0.842611 -0.261315 -0.470872
0.881474 -0.218799 -0.418487
0.913253 -0.179823 -0.365559
0.938358 -0.145084 -0.313743
0.957473 -0.114988 -0.264617
0.971567 -0.089471 -0.219209
0.981541 -0.068420 -0.178595
0.988349 -0.051407 -0.143261
0.992737 -0.038204 -0.114081
0.995501 -0.028055 -0.090502
0.997138 -0.020636 -0.072738
0.998085 -0.015334 -0.059933
0.998598 -0.011795 -0.051613
0.998851 -0.009632 -0.046956
0.998936 -0.008581 -0.045311
0.998902 -0.008441 -0.046088
0.998765 -0.009089 -0.048852
0.998519 -0.010510 -0.053385
0.998143 -0.012732 -0.059577
0.997590 -0.015913 -0.067542
0.996796 -0.020220 -0.077390
0.995670 -0.025874 -0.089282
0.994084 -0.033154 -0.103426
0.991897 -0.042239 -0.119821
0.988921 -0.053361 -0.138517
0.984942 -0.066728 -0.159491
0.979713 -0.082512 -0.182634
0.972950 -0.100894 -0.207820
0.964330 -0.122052 -0.234883
0.953478 -0.146190 -0.263645
0.940009 -0.173422 -0.293782
0.923518 -0.203831 -0.324910
0.903618 -0.237400 -0.356534
0.879979 -0.273976 -0.388039
0.852396 -0.313218 -0.418706
0.820842 -0.354593 -0.447753
0.785212 -0.397711 -0.474624
0.746175 -0.441407 -0.498380
0.703589 -0.485529 -0.518868
0.659070 -0.528334 -0.535247
0.612142 -0.570225 -0.547837
0.563652 -0.610449 -0.556460
0.515065 -0.647983 -0.561094
0.466683 -0.682840 -0.562082
0.418047 -0.715522 -0.559700
0.370952 -0.745082 -0.554299
0.324726 -0.772177 -0.546165
0.279738 -0.796777 -0.535625
0.236232 -0.818922 -0.523031
0.194852 -0.838462 -0.508934
0.154607 -0.856004 -0.493309
0.116010 -0.871406 -0.476648
0.079091 -0.884760 -0.459288
0.043942 -0.896140 -0.441591
0.010755 -0.905610 -0.423974
-0.020565 -0.913340 -0.406679
-0.048878 -0.919249 -0.390630
-0.074461 -0.923656 -0.375920
-0.096547 -0.926709 -0.363165
-0.114461 -0.928664 -0.352819
-0.128271 -0.929853 -0.344847
-0.137463 -0.930552 -0.339377
-0.141825 -0.931028 -0.336263
-0.141278 -0.931496 -0.335195
-0.135884 -0.932105 -0.335733
-0.125856 -0.932926 -0.337356
-0.111660 -0.933967 -0.339466
-0.093355 -0.935171 -0.341674
-0.071752 -0.936451 -0.343381
-0.046928 -0.937695 -0.344275
-0.019378 -0.938785 -0.343958
0.011192 -0.939562 -0.342196
0.044520 -0.939872 -0.338614
0.081693 -0.939407 -0.332927
0.122041 -0.937956 -0.324569
0.166230 -0.935099 -0.312981
0.214158 -0.930403 -0.297466
0.265940 -0.923270 -0.277215
0.321206 -0.913040 -0.251366
0.378297 -0.899301 -0.219429
0.435725 -0.881659 -0.181165
0.491627 -0.859987 -0.136840
0.544054 -0.834498 -0.087281
0.591274 -0.805762 -0.033810
0.631680 -0.774930 0.021544
0.664759 -0.743076 0.077028
0.690210 -0.711760 0.130418
0.708672 -0.682136 0.180208
0.721153 -0.655101 0.225346
0.728816 -0.631275 0.265177
0.732876 -0.610831 0.299631
0.734404 -0.593655 0.328975
0.734271 -0.579400 0.353754
0.733126 -0.567618 0.374614
0.731422 -0.557893 0.392145
0.729469 -0.549829 0.406895
0.727486 -0.543186 0.419182
0.725631 -0.537777 0.429251
0.724036 -0.533557 0.437137
0.722807 -0.530495 0.442860
0.722033 -0.528646 0.446320
0.721768 -0.528023 0.447485
VECTORS q2 float
-0.251418 0.676901 -0.691805
-0.251433 0.676880 -0.691820
-0.251520 0.676824 -0.691843
-0.251787 0.676755 -0.691814
-0.252360 0.676697 -0.691661
-0.253330 0.676677 -0.691326
-0.254708 0.676713 -0.690785
-0.256406 0.676817 -0.690055
-0.258207 0.677002 -0.689201
-0.259872 0.677283 -0.688298
-0.261063 0.677694 -0.687443
-0.261421 0.678293 -0.686715
-0.260602 0.679163 -0.686167
-0.258303 0.680415 -0.685795
-0.254332 0.682188 -0.685518
-0.248547 0.684625 -0.685210
-0.240931 0.687877 -0.684673
-0.231514 0.692094 -0.683672
-0.220352 0.697434 -0.681932
-0.207544 0.704056 -0.679140
-0.193094 0.712172 -0.674927
-0.177207 0.721931 -0.668889
-0.160057 0.733493 -0.660583
-0.141894 0.746967 -0.649543
-0.123167 0.762305 -0.635390
-0.104344 0.779373 -0.617811
-0.086085 0.797774 -0.596779
-0.069063 0.816930 -0.572586
-0.053770 0.836256 -0.545696
-0.040673 0.855004 -0.517025
-0.030019 0.872469 -0.487746
-0.021758 0.888193 -0.458955
-0.015732 0.901771 -0.431929
-0.011597 0.913065 -0.407649
-0.009039 0.921874 -0.387385
-0.007599 0.928441 -0.371401
-0.006987 0.932769 -0.360406
-0.006909 0.935104 -0.354305
-0.007198 0.935568 -0.353075
-0.007744 0.934304 -0.356392
-0.008499 0.931445 -0.363784
-0.009452 0.927114 -0.374661
-0.010610 0.921445 -0.388363
-0.011993 0.914520 -0.404362
-0.013615 0.906563 -0.421850
-0.015499 0.897661 -0.440414
-0.017662 0.888001 -0.459503
-0.020125 0.877697 -0.478793
-0.022928 0.866753 -0.498211
-0.026104 0.855239 -0.517576
-0.029722 0.843075 -0.536974
-0.033878 0.830138 -0.556528
-0.038692 0.816289 -0.576347
-0.044320 0.801359 -0.596540
-0.050943 0.785189 -0.617158
-0.058770 0.767632 -0.638191
-0.067989 0.748645 -0.659476
-0.078777 0.728244 -0.680775
-0.091267 0.706538 -0.701765
-0.105523 0.683740 -0.722056
-0.121511 0.660172 -0.741221
-0.139094 0.636236 -0.758852
-0.158215 0.612182 -0.774727
-0.178439 0.588609 -0.788479
-0.199889 0.565465 -0.800183
-0.221856 0.543440 -0.809600
-0.244853 0.522071 -0.817000
-0.268785 0.501460 -0.822370
-0.293258 0.481882 -0.825706
-0.318420 0.463192 -0.827080
-0.344689 0.445108 -0.826479
-0.371049 0.428252 -0.823968
-0.397594 0.412510 -0.819606
-0.423589 0.398233 -0.813623
-0.448177 0.385766 -0.806426
-0.470188 0.375525 -0.798689
-0.489347 0.367415 -0.790914
-0.504704 0.361600 -0.783913
-0.515731 0.357965 -0.778385
-0.522071 0.356264 -0.774931
-0.523525 0.356144 -0.774005
-0.519998 0.357189 -0.775898
-0.511583 0.358943 -0.780669
-0.498132 0.361018 -0.788372
-0.479892 0.363000 -0.798708
-0.457301 0.364542 -0.811163
-0.430094 0.365476 -0.825498
-0.399012 0.365623 -0.840898
-0.364668 0.364947 -0.856639
-0.327849 0.363508 -0.871996
-0.289500 0.361443 -0.886312
-0.250626 0.358930 -0.899086
-0.212635 0.356145 -0.909916
-0.175284 0.353249 -0.918962
-0.139842 0.350313 -0.926135
-0.105772 0.347382 -0.931739
-0.072937 0.344433 -0.935973
-0.039983 0.341524 -0.939022
-0.006141 0.338686 -0.940879
0.030667 0.336255 -0.941272
0.070556 0.334384 -0.939792
0.114593 0.333565 -0.935736
0.162719 0.334257 -0.928329
0.214720 0.337079 -0.916664
0.269709 0.342637 -0.899920
0.325623 0.351174 -0.877865
0.380715 0.362916 -0.850498
0.433214 0.377855 -0.818261
0.481605 0.395768 -0.781936
0.524816 0.416268 -0.742489
0.562030 0.438642 -0.701224
0.593231 0.462395 -0.658990
0.618462 0.486689 -0.616959
0.638256 0.510970 -0.575794
0.653251 0.534731 -0.536028
0.664108 0.557436 -0.498223
0.671526 0.578683 -0.462795
0.676177 0.598109 -0.430175
0.678702 0.615465 -0.400707
0.679684 0.630607 -0.374652
0.679636 0.643464 -0.352206
0.678975 0.654119 -0.333350
0.678038 0.662659 -0.318039
0.677052 0.669290 -0.306025
0.676184 0.674172 -0.297098
0.675517 0.677513 -0.290952
0.675108 0.679438 -0.287390
0.674969 0.680070 -0.286219
VECTORS q3 float
0.921835 -0.050366 -0.384296
0.922193 -0.049464 -0.383554
0.923264 -0.046679 -0.381319
0.925025 -0.041842 -0.377595
0.927437 -0.034731 -0.372364
0.930483 -0.025042 -0.365478
0.934152 -0.012467 -0.356657
0.938420 0.003275 -0.345480
0.943154 0.022122 -0.331620
0.948288 0.044462 -0.314282
0.953571 0.070268 -0.292856
0.958635 0.099461 -0.266695
0.962981 0.132098 -0.234985
0.965881 0.168086 -0.197029
0.966390 0.206743 -0.152800
0.963442 0.247779 -0.101903
0.955891 0.290299 -0.044713
0.942648 0.333294 0.018189
0.922803 0.375569 0.085922
0.895810 0.415708 0.157201
0.861276 0.452541 0.231107
0.819561 0.484542 0.305841
0.771209 0.510628 0.380125
0.716998 0.529966 0.452825
0.658163 0.541941 0.522610
0.595838 0.546365 0.588610
0.531597 0.543388 0.649718
0.467156 0.533621 0.704992
0.403830 0.518014 0.754044
0.343263 0.497915 0.796399
0.286955 0.474948 0.831914
0.235763 0.450675 0.860992
0.190604 0.426765 0.884048
0.151763 0.404561 0.901831
0.119969 0.385602 0.914832
0.094445 0.370418 0.924051
0.075285 0.359883 0.929955
0.061476 0.354041 0.933207
0.052452 0.352951 0.934170
0.047304 0.356346 0.933156
0.045327 0.363782 0.930381
0.045891 0.374685 0.926016
0.048544 0.388401 0.920211
0.053071 0.404403 0.913040
0.059381 0.421878 0.904706
0.067638 0.440399 0.895251
0.078013 0.459397 0.884798
0.090751 0.478516 0.873376
0.106163 0.497635 0.860865
0.124337 0.516510 0.847206
0.145434 0.535142 0.832149
0.169536 0.553551 0.815376
0.196638 0.571721 0.796536
0.226725 0.589614 0.775210
0.259753 0.607110 0.750963
0.295680 0.623995 0.723328
0.334306 0.639887 0.691942
0.375377 0.654304 0.656489
0.418504 0.666667 0.616773
0.463143 0.676341 0.572766
0.508582 0.682691 0.524669
0.553960 0.685178 0.472927
0.598674 0.683417 0.417769
0.641391 0.677274 0.360441
0.681914 0.666716 0.300803
0.718615 0.652331 0.240951
0.751883 0.634260 0.179960
0.781058 0.613099 0.118569
0.805424 0.589837 0.058174
0.825116 0.564962 -0.001266
0.840492 0.538430 -0.060557
0.851303 0.511325 -0.117601
0.858179 0.483300 -0.173060
0.861579 0.454486 -0.226105
0.862167 0.424914 -0.275892
0.860788 0.394921 -0.321063
0.858275 0.363681 -0.362078
0.855462 0.331508 -0.397853
0.853092 0.298432 -0.427986
0.851769 0.264594 -0.452193
0.851943 0.230286 -0.470279
0.853920 0.195515 -0.482281
0.857843 0.161682 -0.487816
0.863898 0.128555 -0.486984
0.871999 0.097167 -0.479767
0.881915 0.068498 -0.466405
0.893625 0.042429 -0.446804
0.906583 0.019823 -0.421561
0.920273 0.001131 -0.391275
0.934107 -0.013300 -0.356746
0.947484 -0.023241 -0.318959
0.959868 -0.028605 -0.278989
0.970731 -0.029419 -0.238361
0.980082 -0.025899 -0.196898
0.987571 -0.018433 -0.156091
0.993282 -0.007310 -0.115484
0.997148 0.006950 -0.075146
0.999138 0.024192 -0.033744
0.998990 0.043967 0.009306
0.996186 0.066686 0.056278
0.990014 0.091793 0.106987
0.979406 0.119682 0.162605
0.963150 0.150406 0.222978
0.939772 0.184254 0.287888
0.907791 0.221264 0.356312
0.866522 0.260642 0.425681
0.815597 0.301611 0.493793
0.755400 0.342998 0.558322
0.687068 0.383380 0.617218
0.612343 0.421270 0.669005
0.533950 0.455058 0.712615
0.454063 0.483765 0.748197
0.375653 0.506490 0.776114
0.300689 0.523067 0.797488
0.230652 0.533766 0.813568
0.166697 0.539219 0.825503
0.109298 0.540381 0.834291
0.058613 0.538367 0.840669
0.014447 0.534321 0.845158
-0.023575 0.529286 0.848116
-0.055838 0.524127 0.849808
-0.082872 0.519439 0.850479
-0.105020 0.515589 0.850375
-0.122720 0.512686 0.849760
-0.136187 0.510695 0.848907
-0.145695 0.509462 0.848069
-0.151320 0.508819 0.847470
-0.153191 0.508622 0.847252
