# vtk DataFile Version 2.0
VTK example
ASCII
DATASET UNSTRUCTURED_GRID
POINTS  128  float
-0.000050 -0.000078 -0.000216
-0.000047 -0.000074 -0.000209
-0.000044 -0.000069 -0.000202
-0.000041 -0.000064 -0.000195
-0.000038 -0.000059 -0.000188
-0.000036 -0.000054 -0.000181
-0.000033 -0.000050 -0.000173
-0.000030 -0.000045 -0.000166
-0.000028 -0.000041 -0.000158
-0.000025 -0.000037 -0.000151
-0.000023 -0.000033 -0.000143
-0.000021 -0.000029 -0.000135
-0.000019 -0.000025 -0.000127
-0.000017 -0.000022 -0.000119
-0.000016 -0.000019 -0.000110
-0.000014 -0.000016 -0.000102
-0.000013 -0.000013 -0.000093
-0.000012 -0.000011 -0.000085
-0.000011 -0.000008 -0.000076
-0.000010 -0.000006 -0.000067
-0.000009 -0.000004 -0.000058
-0.000008 -0.000002 -0.000050
-0.000008 0.000001 -0.000041
-0.000007 0.000003 -0.000032
-0.000006 0.000006 -0.000024
-0.000005 0.000008 -0.000015
-0.000004 0.000011 -0.000007
-0.000002 0.000015 0.000002
-0.000001 0.000018 0.000010
0.000001 0.000022 0.000018
0.000003 0.000027 0.000025
0.000006 0.000031 0.000033
0.000009 0.000036 0.000040
0.000012 0.000041 0.000046
0.000016 0.000047 0.000052
0.000020 0.000053 0.000058
0.000024 0.000059 0.000063
0.000029 0.000066 0.000067
0.000034 0.000072 0.000070
0.000040 0.000079 0.000073
0.000045 0.000086 0.000075
0.000051 0.000092 0.000077
0.000057 0.000099 0.000078
0.000064 0.000105 0.000078
0.000070 0.000112 0.000078
0.000077 0.000118 0.000077
0.000083 0.000124 0.000076
0.000090 0.000130 0.000075
0.000097 0.000136 0.000073
0.000104 0.000141 0.000071
0.000111 0.000146 0.000068
0.000118 0.000151 0.000066
0.000125 0.000156 0.000063
0.000132 0.000161 0.000060
0.000140 0.000165 0.000057
0.000147 0.000169 0.000054
0.000155 0.000173 0.000051
0.000162 0.000177 0.000048
0.000170 0.000181 0.000045
0.000178 0.000184 0.000042
0.000186 0.000187 0.000039
0.000194 0.000189 0.000036
0.000202 0.000191 0.000033
0.000211 0.000193 0.000030
0.000219 0.000195 0.000028
0.000228 0.000196 0.000025
0.000237 0.000197 0.000023
0.000245 0.000198 0.000020
0.000254 0.000199 0.000018
0.000263 0.000199 0.000016
0.000272 0.000200 0.000014
0.000281 0.000200 0.000012
0.000289 0.000200 0.000010
0.000298 0.000200 0.000009
0.000307 0.000200 0.000008
0.000316 0.000199 0.000006
0.000325 0.000199 0.000005
0.000334 0.000199 0.000005
0.000343 0.000199 0.000004
0.000352 0.000200 0.000004
0.000361 0.000200 0.000004
0.000370 0.000201 0.000005
0.000379 0.000202 0.000006
0.000388 0.000203 0.000008
0.000397 0.000204 0.000010
0.000405 0.000206 0.000014
0.000413 0.000207 0.000017
0.000421 0.000209 0.000022
0.000428 0.000212 0.000027
0.000434 0.000214 0.000034
0.000439 0.000217 0.000040
0.000444 0.000220 0.000047
0.000448 0.000223 0.000055
0.000451 0.000226 0.000063
0.000453 0.000229 0.000071
0.000455 0.000232 0.000080
0.000456 0.000235 0.000088
0.000456 0.000238 0.000096
0.000456 0.000242 0.000105
0.000455 0.000245 0.000113
0.000454 0.000249 0.000121
0.000452 0.000252 0.000130
0.000450 0.000256 0.000137
0.000448 0.000260 0.000145
0.000446 0.000265 0.000153
0.000443 0.000269 0.000160
0.000440 0.000274 0.000168
0.000437 0.000278 0.000175
0.000434 0.000283 0.000182
0.000431 0.000288 0.000189
0.000428 0.000293 0.000196
0.000425 0.000298 0.000203
0.000422 0.000303 0.000210
0.000418 0.000307 0.000217
0.000415 0.000312 0.000224
0.000412 0.000317 0.000231
0.000409 0.000321 0.000238
0.000407 0.000325 0.000246
0.000404 0.000329 0.000253
0.000401 0.000333 0.000261
0.000399 0.000337 0.000269
0.000396 0.000340 0.000277
0.000394 0.000343 0.000285
0.000392 0.000346 0.000294
0.000390 0.000349 0.000302
0.000388 0.000352 0.000310
0.000386 0.000355 0.000319
0.000384 0.000358 0.000327
CELLS  127 381
2 0 1 
2 1 2 
2 2 3 
2 3 4 
2 4 5 
2 5 6 
2 6 7 
2 7 8 
2 8 9 
2 9 10 
2 10 11 
2 11 12 
2 12 13 
2 13 14 
2 14 15 
2 15 16 
2 16 17 
2 17 18 
2 18 19 
2 19 20 
2 20 21 
2 21 22 
2 22 23 
2 23 24 
2 24 25 
2 25 26 
2 26 27 
2 27 28 
2 28 29 
2 29 30 
2 30 31 
2 31 32 
2 32 33 
2 33 34 
2 34 35 
2 35 36 
2 36 37 
2 37 38 
2 38 39 
2 39 40 
2 40 41 
2 41 42 
2 42 43 
2 43 44 
2 44 45 
2 45 46 
2 46 47 
2 47 48 
2 48 49 
2 49 50 
2 50 51 
2 51 52 
2 52 53 
2 53 54 
2 54 55 
2 55 56 
2 56 57 
2 57 58 
2 58 59 
2 59 60 
2 60 61 
2 61 62 
2 62 63 
2 63 64 
2 64 65 
2 65 66 
2 66 67 
2 67 68 
2 68 69 
2 69 70 
2 70 71 
2 71 72 
2 72 73 
2 73 74 
2 74 75 
2 75 76 
2 76 77 
2 77 78 
2 78 79 
2 79 80 
2 80 81 
2 81 82 
2 82 83 
2 83 84 
2 84 85 
2 85 86 
2 86 87 
2 87 88 
2 88 89 
2 89 90 
2 90 91 
2 91 92 
2 92 93 
2 93 94 
2 94 95 
2 95 96 
2 96 97 
2 97 98 
2 98 99 
2 99 100 
2 100 101 
2 101 102 
2 102 103 
2 103 104 
2 104 105 
2 105 106 
2 106 107 
2 107 108 
2 108 109 
2 109 110 
2 110 111 
2 111 112 
2 112 113 
2 113 114 
2 114 115 
2 115 116 
2 116 117 
2 117 118 
2 118 119 
2 119 120 
2 120 121 
2 121 122 
2 122 123 
2 123 124 
2 124 125 
2 125 126 
2 126 127 
CELL_TYPES  127
3
3
3
3
3
3
3
3
3
3
3
3
3
3
3
3
3
3
3
3
3
3
3
3
3
3
3
3
3
3
3
3
3
3
3
3
3
3
3
3
3
3
3
3
3
3
3
3
3
3
3
3
3
3
3
3
3
3
3
3
3
3
3
3
3
3
3
3
3
3
3
3
3
3
3
3
3
3
3
3
3
3
3
3
3
3
3
3
3
3
3
3
3
3
3
3
3
3
3
3
3
3
3
3
3
3
3
3
3
3
3
3
3
3
3
3
3
3
3
3
3
3
3
3
3
3
3
POINT_DATA  128
VECTORS Position float
-0.000050 -0.000078 -0.000216
-0.000047 -0.000074 -0.000209
-0.000044 -0.000069 -0.000202
-0.000041 -0.000064 -0.000195
-0.000038 -0.000059 -0.000188
-0.000036 -0.000054 -0.000181
-0.000033 -0.000050 -0.000173
-0.000030 -0.000045 -0.000166
-0.000028 -0.000041 -0.000158
-0.000025 -0.000037 -0.000151
-0.000023 -0.000033 -0.000143
-0.000021 -0.000029 -0.000135
-0.000019 -0.000025 -0.000127
-0.000017 -0.000022 -0.000119
-0.000016 -0.000019 -0.000110
-0.000014 -0.000016 -0.000102
-0.000013 -0.000013 -0.000093
-0.000012 -0.000011 -0.000085
-0.000011 -0.000008 -0.000076
-0.000010 -0.000006 -0.000067
-0.000009 -0.000004 -0.000058
-0.000008 -0.000002 -0.000050
-0.000008 0.000001 -0.000041
-0.000007 0.000003 -0.000032
-0.000006 0.000006 -0.000024
-0.000005 0.000008 -0.000015
-0.000004 0.000011 -0.000007
-0.000002 0.000015 0.000002
-0.000001 0.000018 0.000010
0.000001 0.000022 0.000018
0.000003 0.000027 0.000025
0.000006 0.000031 0.000033
0.000009 0.000036 0.000040
0.000012 0.000041 0.000046
0.000016 0.000047 0.000052
0.000020 0.000053 0.000058
0.000024 0.000059 0.000063
0.000029 0.000066 0.000067
0.000034 0.000072 0.000070
0.000040 0.000079 0.000073
0.000045 0.000086 0.000075
0.000051 0.000092 0.000077
0.000057 0.000099 0.000078
0.000064 0.000105 0.000078
0.000070 0.000112 0.000078
0.000077 0.000118 0.000077
0.000083 0.000124 0.000076
0.000090 0.000130 0.000075
0.000097 0.000136 0.000073
0.000104 0.000141 0.000071
0.000111 0.000146 0.000068
0.000118 0.000151 0.000066
0.000125 0.000156 0.000063
0.000132 0.000161 0.000060
0.000140 0.000165 0.000057
0.000147 0.000169 0.000054
0.000155 0.000173 0.000051
0.000162 0.000177 0.000048
0.000170 0.000181 0.000045
0.000178 0.000184 0.000042
0.000186 0.000187 0.000039
0.000194 0.000189 0.000036
0.000202 0.000191 0.000033
0.000211 0.000193 0.000030
0.000219 0.000195 0.000028
0.000228 0.000196 0.000025
0.000237 0.000197 0.000023
0.000245 0.000198 0.000020
0.000254 0.000199 0.000018
0.000263 0.000199 0.000016
0.000272 0.000200 0.000014
0.000281 0.000200 0.000012
0.000289 0.000200 0.000010
0.000298 0.000200 0.000009
0.000307 0.000200 0.000008
0.000316 0.000199 0.000006
0.000325 0.000199 0.000005
0.000334 0.000199 0.000005
0.000343 0.000199 0.000004
0.000352 0.000200 0.000004
0.000361 0.000200 0.000004
0.000370 0.000201 0.000005
0.000379 0.000202 0.000006
0.000388 0.000203 0.000008
0.000397 0.000204 0.000010
0.000405 0.000206 0.000014
0.000413 0.000207 0.000017
0.000421 0.000209 0.000022
0.000428 0.000212 0.000027
0.000434 0.000214 0.000034
0.000439 0.000217 0.000040
0.000444 0.000220 0.000047
0.000448 0.000223 0.000055
0.000451 0.000226 0.000063
0.000453 0.000229 0.000071
0.000455 0.000232 0.000080
0.000456 0.000235 0.000088
0.000456 0.000238 0.000096
0.000456 0.000242 0.000105
0.000455 0.000245 0.000113
0.000454 0.000249 0.000121
0.000452 0.000252 0.000130
0.000450 0.000256 0.000137
0.000448 0.000260 0.000145
0.000446 0.000265 0.000153
0.000443 0.000269 0.000160
0.000440 0.000274 0.000168
0.000437 0.000278 0.000175
0.000434 0.000283 0.000182
0.000431 0.000288 0.000189
0.000428 0.000293 0.000196
0.000425 0.000298 0.000203
0.000422 0.000303 0.000210
0.000418 0.000307 0.000217
0.000415 0.000312 0.000224
0.000412 0.000317 0.000231
0.000409 0.000321 0.000238
0.000407 0.000325 0.000246
0.000404 0.000329 0.000253
0.000401 0.000333 0.000261
0.000399 0.000337 0.000269
0.000396 0.000340 0.000277
0.000394 0.000343 0.000285
0.000392 0.000346 0.000294
0.000390 0.000349 0.000302
0.000388 0.000352 0.000310
0.000386 0.000355 0.000319
0.000384 0.000358 0.000327
VECTORS Rotation float
0.116499 0.564328 -0.384906
0.116023 0.563378 -0.383978
0.114566 0.560481 -0.381124
0.112069 0.555536 -0.376187
0.108469 0.548410 -0.368966
0.103684 0.538856 -0.359186
0.097675 0.526599 -0.346608
0.090486 0.511382 -0.331107
0.082420 0.493326 -0.313020
0.073630 0.472219 -0.292398
0.064537 0.448397 -0.269835
0.055585 0.422421 -0.246068
0.047122 0.394908 -0.221757
0.039460 0.366733 -0.197646
0.032939 0.339289 -0.174741
0.027628 0.313602 -0.153591
0.023593 0.290950 -0.134859
0.020805 0.272417 -0.119024
0.019197 0.258882 -0.106447
0.018713 0.250993 -0.097421
0.019297 0.249052 -0.092109
0.020981 0.253149 -0.090724
0.023840 0.263131 -0.093455
0.028025 0.278721 -0.100553
0.033778 0.299510 -0.112314
0.041431 0.325161 -0.129153
0.051406 0.355232 -0.151472
0.064208 0.389265 -0.179680
0.080489 0.427018 -0.214392
0.100956 0.467991 -0.256082
0.126392 0.511573 -0.305234
0.157837 0.557292 -0.362739
0.196283 0.604144 -0.429226
0.242995 0.651121 -0.505776
0.298161 0.695969 -0.591705
0.363298 0.737722 -0.688794
0.436874 0.773580 -0.794377
0.518923 0.802407 -0.908720
0.605868 0.822359 -1.027340
0.695183 0.832932 -1.147698
0.782326 0.834090 -1.264654
0.863683 0.826754 -1.374271
0.936706 0.812413 -1.473762
1.000814 0.792578 -1.562665
1.055119 0.769078 -1.639754
1.100624 0.743129 -1.706214
1.137977 0.715954 -1.762605
1.168201 0.688338 -1.809983
1.192426 0.660601 -1.849601
1.211332 0.633158 -1.882063
1.225690 0.605991 -1.908162
1.236107 0.578976 -1.928487
1.243079 0.551935 -1.943483
1.247064 0.524598 -1.953576
1.248494 0.496661 -1.959186
1.247793 0.467787 -1.960754
1.245366 0.437761 -1.958734
1.241599 0.406431 -1.953589
1.236854 0.373780 -1.945783
1.231460 0.339951 -1.935782
1.225716 0.305265 -1.924070
1.219873 0.270202 -1.911134
1.214117 0.235080 -1.897337
1.208587 0.200836 -1.883201
1.203346 0.167529 -1.868803
1.198407 0.136449 -1.854655
1.193767 0.107236 -1.840457
1.189399 0.080401 -1.826236
1.185235 0.056673 -1.812093
1.181244 0.036141 -1.797744
1.177461 0.018672 -1.782677
1.173788 0.005008 -1.767063
1.170285 -0.004905 -1.750293
1.166940 -0.010815 -1.732081
1.163737 -0.012568 -1.712076
1.160611 -0.010142 -1.690080
1.157612 -0.003582 -1.664950
1.154619 0.006831 -1.636237
1.151504 0.020790 -1.603072
1.148061 0.037944 -1.564467
1.143981 0.057928 -1.519384
1.138809 0.080639 -1.466222
1.132065 0.105160 -1.405407
1.123008 0.131699 -1.334777
1.111023 0.159459 -1.254825
1.095697 0.187484 -1.166764
1.076228 0.215655 -1.069215
1.052659 0.242656 -0.964710
1.025241 0.267498 -0.855208
0.994623 0.289316 -0.743065
0.961799 0.307534 -0.630857
0.927948 0.322005 -0.521100
0.894673 0.332969 -0.417282
0.862125 0.341490 -0.318465
0.831781 0.348456 -0.228034
0.803606 0.355223 -0.145177
0.778015 0.362915 -0.070696
0.754520 0.372619 -0.003080
0.733166 0.384875 0.057598
0.713043 0.400256 0.113645
0.694454 0.418210 0.164301
0.676953 0.438397 0.210681
0.660510 0.459905 0.252944
0.645007 0.481853 0.291462
0.630498 0.503240 0.326269
0.617417 0.522821 0.356726
0.606075 0.539727 0.382487
0.596804 0.553263 0.403185
0.589883 0.562942 0.418549
0.585483 0.568471 0.428461
0.583688 0.569682 0.432921
0.584398 0.566580 0.432188
0.587390 0.559310 0.426695
0.592330 0.548111 0.417018
0.598827 0.533308 0.403824
0.606440 0.515364 0.387861
0.614751 0.494790 0.369860
0.623350 0.472214 0.350564
0.631881 0.448330 0.330681
0.640035 0.423900 0.310887
0.647546 0.399782 0.291853
0.654241 0.376758 0.274128
0.659970 0.355719 0.258292
0.664679 0.337348 0.244738
0.668320 0.322375 0.233874
0.670910 0.311259 0.225915
0.672447 0.304467 0.221096
0.672959 0.302170 0.219474
VECTORS ControlForce float
-0.000000 -0.000000 0.000000
-0.000091 -0.000052 0.000138
-0.000166 -0.000102 0.000283
-0.000201 -0.000129 0.000414
-0.000191 -0.000134 0.000529
-0.000132 -0.000102 0.000630
-0.000018 -0.000008 0.000712
0.000124 0.000128 0.000791
0.000286 0.000307 0.000848
0.000454 0.000524 0.000873
0.000602 0.000744 0.000870
0.000711 0.000948 0.000834
0.000766 0.001109 0.000768
0.000761 0.001199 0.000686
0.000699 0.001199 0.000598
0.000601 0.001113 0.000503
0.000485 0.000947 0.000416
0.000366 0.000714 0.000345
0.000264 0.000443 0.000285
0.000195 0.000172 0.000237
0.000168 -0.000060 0.000190
0.000176 -0.000230 0.000149
0.000205 -0.000322 0.000106
0.000232 -0.000341 0.000075
0.000239 -0.000304 0.000063
0.000217 -0.000228 0.000063
0.000166 -0.000138 0.000070
0.000093 -0.000061 0.000086
0.000009 -0.000019 0.000111
-0.000072 -0.000021 0.000131
-0.000142 -0.000073 0.000144
-0.000198 -0.000176 0.000151
-0.000248 -0.000331 0.000155
-0.000286 -0.000495 0.000138
-0.000307 -0.000631 0.000088
-0.000326 -0.000730 0.000025
-0.000349 -0.000777 -0.000050
-0.000367 -0.000746 -0.000127
-0.000366 -0.000623 -0.000200
-0.000354 -0.000451 -0.000251
-0.000311 -0.000228 -0.000283
-0.000242 -0.000003 -0.000297
-0.000160 0.000175 -0.000289
-0.000075 0.000278 -0.000259
0.000013 0.000318 -0.000219
0.000088 0.000293 -0.000174
0.000156 0.000236 -0.000131
0.000218 0.000166 -0.000093
0.000271 0.000095 -0.000058
0.000310 0.000027 -0.000029
0.000341 -0.000021 -0.000003
0.000370 -0.000028 0.000025
0.000393 0.000001 0.000057
0.000389 0.000043 0.000087
0.000360 0.000111 0.000117
0.000289 0.000179 0.000137
0.000177 0.000239 0.000144
0.000047 0.000308 0.000138
-0.000076 0.000398 0.000123
-0.000189 0.000475 0.000095
-0.000280 0.000525 0.000055
-0.000341 0.000532 0.000008
-0.000367 0.000491 -0.000038
-0.000369 0.000389 -0.000087
-0.000343 0.000269 -0.000127
-0.000307 0.000144 -0.000164
-0.000280 0.000029 -0.000183
-0.000273 -0.000057 -0.000191
-0.000282 -0.000100 -0.000204
-0.000297 -0.000101 -0.000217
-0.000316 -0.000113 -0.000217
-0.000318 -0.000146 -0.000208
-0.000289 -0.000206 -0.000174
-0.000233 -0.000303 -0.000115
-0.000172 -0.000454 -0.000043
-0.000122 -0.000637 0.000031
-0.000087 -0.000796 0.000117
-0.000080 -0.000921 0.000208
-0.000106 -0.001003 0.000295
-0.000146 -0.001002 0.000380
-0.000187 -0.000915 0.000467
-0.000207 -0.000751 0.000557
-0.000176 -0.000499 0.000629
-0.000074 -0.000174 0.000677
0.000098 0.000180 0.000675
0.000322 0.000536 0.000599
0.000547 0.000829 0.000464
0.000715 0.001011 0.000284
0.000776 0.001078 0.000076
0.000699 0.001042 -0.000131
0.000485 0.000933 -0.000308
0.000170 0.000777 -0.000434
-0.000188 0.000584 -0.000492
-0.000510 0.000377 -0.000476
-0.000738 0.000159 -0.000408
-0.000838 -0.000050 -0.000326
-0.000804 -0.000259 -0.000244
-0.000650 -0.000463 -0.000162
-0.000400 -0.000653 -0.000080
-0.000099 -0.000810 0.000001
0.000208 -0.000920 0.000047
0.000480 -0.000977 0.000061
0.000670 -0.000976 0.000041
0.000753 -0.000920 0.000005
0.000723 -0.000818 -0.000038
0.000602 -0.000687 -0.000080
0.000439 -0.000550 -0.000109
0.000252 -0.000419 -0.000132
0.000070 -0.000303 -0.000146
-0.000103 -0.000201 -0.000159
-0.000265 -0.000111 -0.000178
-0.000417 -0.000029 -0.000205
-0.000535 0.000043 -0.000226
-0.000620 0.000105 -0.000239
-0.000691 0.000159 -0.000247
-0.000753 0.000204 -0.000251
-0.000826 0.000243 -0.000266
-0.000899 0.000272 -0.000289
-0.000948 0.000286 -0.000309
-0.000976 0.000291 -0.000335
-0.000979 0.000288 -0.000366
-0.000928 0.000272 -0.000375
-0.000823 0.000246 -0.000357
-0.000680 0.000210 -0.000312
-0.000518 0.000167 -0.000250
-0.000345 0.000116 -0.000172
-0.000170 0.000059 -0.000087
0.000000 -0.000000 -0.000000
VECTORS ControlTorque float
-0.000001 0.000001 -0.000000
-0.000001 0.000001 -0.000000
-0.000001 0.000001 -0.000000
-0.000001 0.000001 -0.000000
-0.000001 0.000001 -0.000000
-0.000001 0.000001 -0.000000
-0.000001 0.000001 -0.000000
-0.000001 0.000001 -0.000000
-0.000001 0.000001 -0.000000
-0.000001 0.000001 -0.000000
-0.000001 0.000001 -0.000000
-0.000001 0.000000 0.000000
-0.000000 0.000000 0.000000
0.000001 -0.000000 0.000000
0.000001 -0.000000 0.000000
0.000001 -0.000001 0.000000
0.000002 -0.000001 0.000000
0.000002 -0.000001 0.000000
0.000002 -0.000001 0.000000
0.000002 -0.000001 0.000000
0.000003 -0.000002 0.000000
0.000002 -0.000002 0.000000
0.000002 -0.000002 0.000000
0.000002 -0.000002 0.000000
0.000002 -0.000002 0.000000
0.000002 -0.000002 0.000000
0.000002 -0.000002 0.000000
0.000002 -0.000002 0.000000
0.000002 -0.000002 0.000000
0.000001 -0.000002 0.000000
0.000002 -0.000002 0.000001
0.000001 -0.000001 0.000000
0.000002 -0.000002 0.000001
-0.000000 -0.000000 0.000000
0.000002 -0.000002 0.000001
-0.000001 0.000001 0.000000
0.000001 -0.000001 0.000001
-0.000002 0.000001 0.000000
-0.000000 -0.000000 0.000001
-0.000002 0.000001 0.000000
-0.000002 0.000001 0.000000
-0.000002 0.000002 0.000000
-0.000001 0.000001 0.000000
-0.000002 0.000002 -0.000000
-0.000001 0.000001 0.000000
-0.000002 0.000002 -0.000000
-0.000001 0.000002 -0.000000
-0.000001 0.000001 0.000000
-0.000001 0.000002 -0.000000
-0.000001 0.000001 0.000000
-0.000001 0.000001 0.000000
-0.000001 0.000001 0.000000
-0.000001 0.000001 0.000000
-0.000001 0.000001 0.000001
-0.000001 0.000001 0.000001
-0.000000 0.000001 0.000001
-0.000000 0.000001 0.000001
-0.000000 0.000001 0.000001
-0.000000 0.000001 0.000001
-0.000000 0.000001 0.000000
-0.000000 0.000001 0.000000
-0.000000 0.000001 0.000000
-0.000000 0.000000 -0.000001
-0.000000 0.000000 0.000000
-0.000000 -0.000000 -0.000002
-0.000000 0.000000 -0.000000
-0.000000 0.000000 -0.000001
-0.000000 -0.000000 -0.000001
-0.000000 0.000000 -0.000001
-0.000000 0.000001 -0.000001
-0.000000 -0.000000 -0.000002
-0.000000 0.000001 -0.000001
-0.000000 0.000001 -0.000002
-0.000000 0.000001 -0.000002
-0.000000 0.000000 -0.000002
-0.000000 0.000002 -0.000002
-0.000000 0.000001 -0.000002
-0.000000 0.000002 -0.000001
0.000000 0.000002 -0.000001
0.000000 0.000002 -0.000001
-0.000000 0.000004 -0.000002
0.000000 0.000002 -0.000000
-0.000000 0.000005 -0.000001
-0.000000 0.000004 -0.000001
-0.000000 0.000002 -0.000000
-0.000000 0.000005 -0.000001
-0.000000 0.000002 -0.000000
-0.000000 0.000002 -0.000000
-0.000000 0.000000 -0.000000
0.000000 -0.000001 0.000000
0.000000 -0.000001 0.000000
0.000000 -0.000004 0.000001
0.000000 -0.000000 -0.000000
0.000001 -0.000005 0.000002
0.000001 -0.000002 0.000000
0.000001 -0.000004 0.000001
0.000002 -0.000002 0.000001
0.000001 -0.000004 0.000001
0.000002 -0.000001 0.000000
0.000001 -0.000003 0.000001
0.000001 -0.000001 0.000001
0.000001 -0.000002 0.000001
0.000000 -0.000001 0.000001
-0.000000 -0.000001 0.000001
-0.000001 -0.000002 0.000001
-0.000001 -0.000002 0.000000
-0.000002 -0.000002 0.000000
-0.000002 -0.000002 0.000000
-0.000002 -0.000002 0.000000
-0.000002 -0.000002 0.000000
-0.000002 -0.000002 0.000000
-0.000002 -0.000001 0.000000
-0.000002 -0.000001 0.000000
-0.000002 -0.000001 -0.000000
-0.000001 -0.000001 -0.000000
-0.000001 -0.000001 -0.000000
-0.000001 -0.000001 0.000000
-0.000001 -0.000000 0.000000
-0.000000 -0.000000 0.000000
0.000000 0.000000 0.000000
0.000000 0.000000 0.000000
0.000001 0.000001 0.000000
0.000001 0.000001 0.000000
0.000002 0.000001 0.000000
0.000002 0.000001 0.000000
0.000002 0.000001 0.000000
0.000002 0.000001 0.000000
0.000002 0.000001 0.000000
VECTORS Curvature float
64.749267 -41.590953 -1.250894
212.274308 -137.699150 -4.248333
477.001092 -314.692321 -9.998914
721.859356 -488.312103 -16.623545
994.499582 -690.759358 -25.323828
1296.537047 -922.018325 -36.132281
1648.366539 -1193.550074 -49.055538
1977.140745 -1448.281519 -63.572835
2304.925691 -1697.467202 -79.540018
2648.290242 -1951.352786 -95.710500
2902.082790 -2131.896109 -111.382671
3087.552017 -2256.890445 -125.895074
3217.355098 -2340.258846 -138.581578
3190.298604 -2315.538469 -148.893504
3024.237928 -2202.779750 -157.841503
2751.984407 -2033.190997 -165.411367
2333.717339 -1780.948061 -172.934886
1816.673497 -1480.475814 -181.245335
1212.383512 -1132.799523 -191.150682
560.358508 -759.789389 -203.001703
-112.644218 -364.912553 -216.634409
-781.685633 52.260954 -231.418785
-1429.671227 485.780940 -246.352049
-2040.860726 938.112871 -260.170581
-2619.796693 1414.965560 -271.676643
-3174.997830 1919.300561 -279.717994
-3675.675887 2424.540600 -283.375810
-4165.829257 2946.054167 -282.470257
-4657.519096 3479.178695 -276.436494
-5090.769874 3966.444615 -265.369012
-5537.217630 4455.916703 -250.545077
-5957.619293 4910.826496 -231.091667
-6405.071882 5387.877232 -210.404327
-6650.361535 5688.141218 -184.409711
-6891.195647 6016.714568 -162.949814
-6991.476193 6228.657460 -135.641280
-6929.751591 6357.274472 -115.759104
-6820.411501 6459.833804 -93.486885
-6515.170009 6437.780360 -77.183096
-6196.050507 6418.376363 -61.736239
-5697.859214 6241.400801 -49.111273
-5146.358790 5992.991989 -37.236499
-4639.277323 5784.350732 -24.587065
-4121.175260 5513.856460 -12.202211
-3587.604119 5188.593745 2.201831
-3120.306235 4902.056266 16.648231
-2634.196127 4549.298253 32.037570
-2205.184428 4266.066769 47.902096
-1789.745895 3996.367765 63.409449
-1370.043400 3727.168344 79.122401
-966.503623 3522.072237 94.404001
-558.444795 3349.943070 109.221238
-147.232647 3216.056572 123.509916
262.662056 3123.848528 137.228949
667.469269 3079.126428 150.434692
1059.094041 3073.027061 163.264558
1428.482559 3091.194439 175.963339
1770.636568 3129.225964 188.819874
2076.044223 3168.893730 202.152420
2337.197972 3197.857628 216.210897
2526.944703 3181.695648 231.267387
2685.756925 3165.179253 246.972678
2745.245341 3066.090322 263.927923
2783.643205 2958.858730 280.552592
2730.451655 2765.121130 298.280229
2630.695807 2516.180641 314.530088
2619.865803 2335.589115 330.619604
2500.272840 2025.061126 345.507666
2340.913696 1658.066779 358.825884
2303.302170 1333.033571 370.110393
2226.220087 949.077317 379.647038
2129.782256 508.109942 385.652149
2123.174181 60.722855 388.227156
2120.190153 -442.895923 385.992075
2098.917202 -944.028961 377.944363
2167.135272 -1486.186913 363.361652
2349.086504 -2064.349117 341.423788
2562.559340 -2611.150930 312.383302
2902.365395 -3182.821944 276.745509
3322.097970 -3731.346607 235.383832
3960.995528 -4413.724688 191.910759
4586.652922 -4991.513115 145.105606
5291.366425 -5583.867470 103.155676
6201.369390 -6353.823990 63.043914
6793.725461 -6787.135010 28.658998
7499.098240 -7340.424139 5.331978
8212.980130 -7928.637240 -13.878712
8576.202699 -8203.034348 -23.090438
8797.102463 -8373.501341 -26.138599
8784.997071 -8352.717395 -24.378187
8632.283637 -8233.880212 -20.213155
8086.648061 -7788.265850 -17.418725
7592.700043 -7453.110477 -16.098725
6984.862415 -7094.804059 -22.375788
6142.136706 -6599.746804 -33.415329
5317.709181 -6209.050927 -52.184269
4453.964471 -5874.612259 -75.490896
3615.885172 -5591.440991 -103.711701
2854.901295 -5460.757652 -131.730947
2170.216199 -5359.202961 -160.586218
1490.478818 -5095.869072 -184.308236
964.691779 -4898.245357 -203.597490
536.509442 -4607.987117 -215.282800
230.708164 -4330.282470 -218.943250
21.522845 -3916.697958 -214.093087
-95.764241 -3370.823439 -200.241449
-135.215969 -2775.143993 -178.663956
-113.342221 -2124.264610 -150.723094
-44.976173 -1450.734343 -118.514523
56.402149 -762.155612 -84.295503
180.933898 -81.113210 -50.599170
316.958062 566.622415 -19.667552
454.180212 1165.229765 6.424093
589.773242 1708.301079 26.295681
713.627910 2178.865425 39.078038
820.046622 2568.247490 44.771505
904.933505 2872.068001 43.995985
962.466566 3077.855088 38.018996
992.524150 3188.617670 28.503891
988.421967 3184.407772 17.227385
954.538494 3079.025936 6.122621
887.599906 2862.540177 -3.492327
791.865347 2549.181680 -10.266615
669.561018 2149.305969 -13.865345
522.907268 1672.607715 -13.945593
363.798840 1159.828986 -11.318421
167.631706 533.279755 -5.696290
54.204917 171.938874 -1.749174
VECTORS LocalRotation float
-0.191980 -0.353548 -0.000024
-0.190723 -0.354362 -0.000049
-0.187614 -0.356402 -0.000114
-0.182209 -0.360023 -0.000234
-0.174422 -0.365372 -0.000424
-0.164015 -0.372698 -0.000703
-0.150675 -0.382281 -0.001089
-0.134352 -0.394176 -0.001596
-0.114897 -0.408468 -0.002246
-0.092502 -0.424965 -0.003039
-0.067401 -0.443431 -0.003975
-0.040220 -0.463348 -0.005052
-0.011642 -0.484185 -0.006251
0.017280 -0.505199 -0.007548
0.045464 -0.525691 -0.008939
0.071601 -0.544858 -0.010402
0.094623 -0.562124 -0.011934
0.113415 -0.576892 -0.013537
0.127128 -0.588722 -0.015223
0.135168 -0.597305 -0.017011
0.137191 -0.602387 -0.018907
0.133141 -0.603803 -0.020936
0.123116 -0.601364 -0.023102
0.107400 -0.594916 -0.025396
0.086280 -0.584253 -0.027806
0.060084 -0.569180 -0.030298
0.029125 -0.549550 -0.032843
-0.006393 -0.525224 -0.035406
-0.046302 -0.496162 -0.037934
-0.090437 -0.462452 -0.040387
-0.138710 -0.424197 -0.042730
-0.190826 -0.381730 -0.044914
-0.246855 -0.335054 -0.046915
-0.305685 -0.285144 -0.048694
-0.367271 -0.231912 -0.050274
-0.429769 -0.176785 -0.051618
-0.493117 -0.119512 -0.052762
-0.555188 -0.061654 -0.053707
-0.615749 -0.003082 -0.054482
-0.673144 0.054968 -0.055109
-0.726921 0.112208 -0.055610
-0.776056 0.167641 -0.056001
-0.820524 0.221160 -0.056282
-0.860071 0.272163 -0.056448
-0.895026 0.320693 -0.056494
-0.925332 0.366282 -0.056409
-0.951379 0.409062 -0.056188
-0.973332 0.449051 -0.055826
-0.991388 0.486396 -0.055323
-1.005706 0.521395 -0.054677
-1.016295 0.554247 -0.053890
-1.023199 0.585357 -0.052968
-1.026393 0.615080 -0.051915
-1.025871 0.643781 -0.050735
-1.021658 0.671873 -0.049432
-1.013845 0.699714 -0.048012
-1.002582 0.727623 -0.046476
-0.988095 0.755792 -0.044824
-0.970676 0.784312 -0.043054
-0.950695 0.813138 -0.041160
-0.928666 0.842030 -0.039133
-0.905022 0.870818 -0.036964
-0.880498 0.898956 -0.034657
-0.855384 0.926323 -0.032184
-0.830560 0.952091 -0.029578
-0.806069 0.976218 -0.026778
-0.782339 0.998146 -0.023863
-0.759334 1.017738 -0.020825
-0.737347 1.034466 -0.017626
-0.716154 1.048115 -0.014300
-0.695785 1.058377 -0.010928
-0.675926 1.065021 -0.007439
-0.656673 1.067596 -0.003936
-0.637543 1.065873 -0.000445
-0.618554 1.059631 0.002993
-0.599112 1.048555 0.006371
-0.578757 1.032553 0.009548
-0.556573 1.011435 0.012501
-0.531831 0.985203 0.015168
-0.503590 0.953833 0.017492
-0.470486 0.916812 0.019434
-0.432046 0.874515 0.020950
-0.387003 0.826292 0.022082
-0.335174 0.772457 0.022831
-0.276525 0.713149 0.023245
-0.211198 0.648577 0.023400
-0.140216 0.579597 0.023362
-0.064322 0.506675 0.023195
0.014256 0.431701 0.022972
0.093783 0.356045 0.022743
0.172536 0.281048 0.022542
0.248058 0.208674 0.022372
0.319623 0.139107 0.022219
0.385164 0.073700 0.022046
0.444689 0.011601 0.021793
0.496422 -0.046221 0.021406
0.540860 -0.101173 0.020826
0.577367 -0.153044 0.020015
0.606860 -0.203419 0.018942
0.629381 -0.251911 0.017632
0.645957 -0.299253 0.016070
0.657077 -0.344517 0.014313
0.663907 -0.387767 0.012408
0.667390 -0.428348 0.010436
0.668528 -0.465541 0.008483
0.668192 -0.498492 0.006610
0.667146 -0.526321 0.004894
0.666020 -0.548528 0.003401
0.665302 -0.564734 0.002181
0.665354 -0.574745 0.001263
0.666430 -0.578569 0.000651
0.668680 -0.576375 0.000334
0.672173 -0.568529 0.000274
0.676905 -0.555505 0.000422
0.682805 -0.537910 0.000718
0.689750 -0.516413 0.001098
0.697558 -0.491788 0.001500
0.706013 -0.464849 0.001871
0.714864 -0.436476 0.002172
0.723829 -0.407634 0.002379
0.732633 -0.379255 0.002485
0.740969 -0.352367 0.002497
0.748582 -0.327836 0.002434
0.755193 -0.306582 0.002325
0.760597 -0.289262 0.002199
0.764603 -0.276465 0.002085
0.767014 -0.268782 0.002008
0.768017 -0.265596 0.001974
VECTORS q1 float
0.943894 -0.098213 -0.315307
0.944108 -0.097873 -0.314773
0.944766 -0.096826 -0.313117
0.945906 -0.095017 -0.310215
0.947573 -0.092381 -0.305893
0.949825 -0.088832 -0.299903
0.952698 -0.084308 -0.291992
0.956190 -0.078803 -0.281940
0.960183 -0.072510 -0.269796
0.964606 -0.065513 -0.255427
0.969261 -0.058117 -0.239071
0.973928 -0.050673 -0.221126
0.978416 -0.043479 -0.202021
0.982546 -0.036827 -0.182338
0.986143 -0.031056 -0.162965
0.989155 -0.026277 -0.144508
0.991554 -0.022600 -0.127707
0.993375 -0.020036 -0.113160
0.994679 -0.018556 -0.101340
0.995536 -0.018126 -0.092625
0.996013 -0.018700 -0.087225
0.996144 -0.020310 -0.085347
0.995932 -0.023017 -0.087119
0.995332 -0.026940 -0.092674
0.994249 -0.032268 -0.102113
0.992525 -0.039249 -0.115562
0.989941 -0.048175 -0.133027
0.986225 -0.059364 -0.154387
0.981027 -0.073183 -0.179528
0.973980 -0.089948 -0.208022
0.964714 -0.109918 -0.239261
0.952805 -0.133399 -0.272703
0.937934 -0.160503 -0.307440
0.919751 -0.191383 -0.342682
0.898422 -0.225443 -0.376846
0.873544 -0.262967 -0.409597
0.845824 -0.302698 -0.439268
0.815082 -0.344671 -0.465665
0.782224 -0.387525 -0.487801
0.747444 -0.430888 -0.505631
0.711619 -0.473609 -0.518935
0.675421 -0.514886 -0.527919
0.639479 -0.554058 -0.532998
0.603947 -0.591031 -0.534724
0.569617 -0.625111 -0.533641
0.536494 -0.656453 -0.530324
0.504930 -0.684896 -0.525322
0.475001 -0.710555 -0.519120
0.446510 -0.733772 -0.512062
0.419524 -0.754638 -0.504501
0.393803 -0.773476 -0.496642
0.369093 -0.790579 -0.488625
0.345149 -0.806193 -0.480546
0.321670 -0.820565 -0.472442
0.298342 -0.833908 -0.464315
0.274827 -0.846411 -0.456135
0.250874 -0.858166 -0.447900
0.226279 -0.869214 -0.439619
0.200946 -0.879526 -0.431342
0.174905 -0.889010 -0.423166
0.148330 -0.897541 -0.415232
0.121531 -0.904984 -0.407718
0.094727 -0.911288 -0.400725
0.068610 -0.916321 -0.394524
0.043279 -0.920181 -0.389094
0.019734 -0.922803 -0.384766
-0.002163 -0.924422 -0.381366
-0.021924 -0.925147 -0.378975
-0.038905 -0.925100 -0.377726
-0.052882 -0.924475 -0.377557
-0.063742 -0.923475 -0.378327
-0.070872 -0.922210 -0.380138
-0.074053 -0.920851 -0.382819
-0.072921 -0.919498 -0.386271
-0.067174 -0.918216 -0.390341
-0.056689 -0.917000 -0.394839
-0.041015 -0.915841 -0.399441
-0.020202 -0.914620 -0.403810
0.005841 -0.913180 -0.407515
0.037191 -0.911314 -0.410029
0.073906 -0.908762 -0.410719
0.116455 -0.905185 -0.408753
0.163664 -0.900290 -0.403350
0.216334 -0.893601 -0.393291
0.273140 -0.884784 -0.377561
0.332228 -0.873664 -0.355437
0.393365 -0.859786 -0.325627
0.453692 -0.843292 -0.288137
0.510952 -0.824437 -0.243375
0.563059 -0.803703 -0.192423
0.608389 -0.781739 -0.136915
0.646011 -0.759254 -0.078761
0.675402 -0.737163 -0.020543
0.697711 -0.715387 0.037694
0.713176 -0.694711 0.093574
0.723033 -0.674922 0.147319
0.728129 -0.656152 0.198225
0.729365 -0.637937 0.247111
0.727363 -0.620269 0.293614
0.722591 -0.602436 0.339017
0.715544 -0.584812 0.382088
0.706641 -0.567182 0.423040
0.696403 -0.549772 0.461275
0.685334 -0.532750 0.496483
0.673995 -0.516457 0.528208
0.663097 -0.501594 0.555613
0.653240 -0.488670 0.578341
0.644947 -0.478160 0.596161
0.638617 -0.470426 0.608990
0.634509 -0.465691 0.616871
0.632752 -0.464071 0.619889
0.633321 -0.465490 0.618242
0.636058 -0.469743 0.612185
0.640711 -0.476512 0.602018
0.646957 -0.485397 0.588079
0.654409 -0.495918 0.570802
0.662676 -0.507584 0.550653
0.671356 -0.519874 0.528216
0.680071 -0.532290 0.504154
0.688481 -0.544364 0.479230
0.696285 -0.555664 0.454341
0.703272 -0.565875 0.430342
0.709265 -0.574712 0.408228
0.714193 -0.582041 0.388790
0.717999 -0.587746 0.372869
0.720704 -0.591826 0.361010
0.722306 -0.594253 0.353748
0.722839 -0.595062 0.351290
VECTORS q2 float
-0.091728 0.839221 -0.535998
-0.091381 0.839772 -0.535194
-0.090324 0.841447 -0.532736
-0.088524 0.844288 -0.528527
-0.085943 0.848340 -0.522431
-0.082518 0.853687 -0.514207
-0.078202 0.860401 -0.503582
-0.072988 0.868501 -0.490284
-0.067004 0.877773 -0.474369
-0.060318 0.888148 -0.455582
-0.053166 0.899267 -0.434156
-0.045828 0.910690 -0.410540
-0.038573 0.922008 -0.385246
-0.031672 0.932777 -0.359060
-0.025398 0.942480 -0.333296
-0.019877 0.950866 -0.308965
-0.015181 0.957705 -0.287351
-0.011286 0.962915 -0.269569
-0.008107 0.966499 -0.256544
-0.005530 0.968497 -0.248965
-0.003453 0.968966 -0.247170
-0.001793 0.967916 -0.251269
-0.000533 0.965306 -0.261121
0.000273 0.961031 -0.276442
0.000509 0.954936 -0.296810
-0.000035 0.946786 -0.321863
-0.001617 0.936327 -0.351124
-0.004553 0.923282 -0.384097
-0.009267 0.907258 -0.420473
-0.016179 0.887932 -0.459690
-0.025715 0.865020 -0.501078
-0.038383 0.838141 -0.544102
-0.054534 0.807186 -0.587773
-0.074524 0.772038 -0.631193
-0.098008 0.733572 -0.672507
-0.125266 0.691703 -0.711235
-0.155171 0.648222 -0.745474
-0.187570 0.603487 -0.774997
-0.221075 0.559372 -0.798892
-0.255106 0.516598 -0.817342
-0.288469 0.476528 -0.830486
-0.320318 0.439981 -0.838935
-0.350012 0.407453 -0.843489
-0.377438 0.378818 -0.845007
-0.402082 0.354336 -0.844261
-0.424073 0.333598 -0.841947
-0.443296 0.316448 -0.838660
-0.459782 0.302594 -0.834888
-0.473653 0.291692 -0.831005
-0.484829 0.283586 -0.827357
-0.493311 0.278059 -0.824213
-0.499040 0.274942 -0.821807
-0.501929 0.274087 -0.820332
-0.501897 0.275330 -0.819935
-0.498887 0.278481 -0.820707
-0.492872 0.283315 -0.822685
-0.483886 0.289568 -0.825836
-0.472011 0.296948 -0.830077
-0.457391 0.305139 -0.835274
-0.440260 0.313812 -0.841245
-0.420963 0.322633 -0.847761
-0.399959 0.331292 -0.854563
-0.377610 0.339561 -0.861458
-0.354671 0.347219 -0.868129
-0.331277 0.354208 -0.874524
-0.308378 0.360460 -0.880325
-0.285674 0.366045 -0.885664
-0.263439 0.371015 -0.890476
-0.242104 0.375476 -0.894653
-0.221518 0.379527 -0.898270
-0.201236 0.383205 -0.901476
-0.181741 0.386656 -0.904139
-0.162524 0.389884 -0.906408
-0.143473 0.392945 -0.908300
-0.124379 0.395880 -0.909840
-0.105114 0.398759 -0.911012
-0.084671 0.401525 -0.911926
-0.062568 0.404258 -0.912503
-0.037934 0.407026 -0.912629
-0.009791 0.409961 -0.912050
0.022844 0.413279 -0.910318
0.061253 0.417316 -0.906695
0.105063 0.422445 -0.900279
0.155498 0.429224 -0.889712
0.211499 0.438115 -0.873684
0.271195 0.449411 -0.851165
0.334140 0.463657 -0.820593
0.397078 0.480753 -0.781796
0.457316 0.500439 -0.735135
0.512350 0.522176 -0.681784
0.560209 0.545207 -0.623630
0.599710 0.568666 -0.562998
0.630182 0.591404 -0.503102
0.652807 0.613245 -0.444718
0.668007 0.633081 -0.391121
0.677367 0.650781 -0.343015
0.682252 0.665913 -0.301816
0.684119 0.678601 -0.267360
0.684175 0.688701 -0.239989
0.683341 0.696592 -0.218644
0.682390 0.702180 -0.203191
0.681766 0.705772 -0.192566
0.681714 0.707627 -0.185820
0.682260 0.708109 -0.181942
0.683298 0.707595 -0.180036
0.684661 0.706454 -0.179340
0.686124 0.705058 -0.179242
0.687466 0.703739 -0.179280
0.688496 0.702772 -0.179121
0.689064 0.702365 -0.178532
0.689076 0.702655 -0.177342
0.688481 0.703718 -0.175427
0.687291 0.705551 -0.172708
0.685550 0.708108 -0.169128
0.683339 0.711291 -0.164659
0.680773 0.714957 -0.159327
0.677977 0.718943 -0.153191
0.675086 0.723073 -0.146372
0.672227 0.727172 -0.139037
0.669514 0.731085 -0.131401
0.667040 0.734675 -0.123733
0.664865 0.737855 -0.116297
0.663033 0.740553 -0.109403
0.661552 0.742750 -0.103307
0.660425 0.744432 -0.098284
0.659634 0.745620 -0.094523
0.659170 0.746319 -0.092211
0.659016 0.746552 -0.091427
VECTORS q3 float
0.317254 0.534848 0.783127
0.316718 0.534045 0.783891
0.315054 0.531593 0.786225
0.312130 0.527399 0.790206
0.307764 0.521331 0.795925
0.301702 0.513154 0.803523
0.293686 0.502596 0.813109
0.283501 0.489383 0.824701
0.271216 0.473558 0.837964
0.256703 0.454864 0.852762
0.240220 0.433521 0.868535
0.222180 0.409970 0.884625
0.203015 0.384723 0.900429
0.183304 0.358568 0.915330
0.163942 0.332817 0.928631
0.145527 0.308487 0.940031
0.128800 0.286863 0.949274
0.114364 0.269060 0.956309
0.102706 0.256000 0.961205
0.094220 0.248366 0.964073
0.089140 0.246485 0.965038
0.087712 0.250454 0.964147
0.090107 0.260105 0.961367
0.096510 0.275126 0.956552
0.107089 0.295052 0.949461
0.122045 0.319461 0.939707
0.141472 0.347807 0.926831
0.165344 0.379509 0.910293
0.193649 0.414159 0.889366
0.226057 0.451094 0.863373
0.262043 0.489550 0.831670
0.301146 0.528890 0.793465
0.342501 0.568058 0.748334
0.385363 0.606078 0.695820
0.428056 0.641129 0.636962
0.470351 0.672604 0.571292
0.510396 0.698701 0.501311
0.548142 0.719031 0.427242
0.582453 0.732753 0.351882
0.613391 0.739907 0.276206
0.640613 0.740686 0.202485
0.664230 0.735737 0.132245
0.684513 0.725949 0.066631
0.701989 0.712165 0.005708
0.716845 0.695473 -0.049510
0.729614 0.676595 -0.099411
0.740632 0.656337 -0.143828
0.750316 0.635254 -0.182968
0.759132 0.613592 -0.217310
0.767424 0.591693 -0.246899
0.775605 0.569577 -0.272063
0.784047 0.547167 -0.293052
0.793057 0.524336 -0.310051
0.802887 0.500865 -0.323274
0.813698 0.476492 -0.332943
0.825559 0.450912 -0.339309
0.838401 0.423913 -0.342609
0.852059 0.395333 -0.343086
0.866264 0.365137 -0.340971
0.880670 0.333441 -0.336509
0.894868 0.300546 -0.329976
0.908440 0.266926 -0.321694
0.921107 0.232921 -0.311946
0.932470 0.199489 -0.301170
0.942541 0.166746 -0.289504
0.951059 0.136026 -0.277459
0.958325 0.107031 -0.264874
0.964427 0.080314 -0.251854
0.969470 0.056643 -0.238578
0.973721 0.036133 -0.224858
0.977467 0.018671 -0.210262
0.980789 0.005008 -0.195007
0.983922 -0.004905 -0.178532
0.986964 -0.010815 -0.160577
0.989958 -0.012568 -0.140799
0.992843 -0.010141 -0.118995
0.995564 -0.003582 -0.094014
0.997836 0.006831 -0.065393
0.999263 0.020789 -0.032263
0.999260 0.037935 0.006325
0.997004 0.057895 0.051303
0.991305 0.080552 0.104044
0.980906 0.104966 0.163727
0.963857 0.131319 0.231809
0.938436 0.158784 0.306798
0.903370 0.186388 0.386240
0.856513 0.213987 0.469675
0.797805 0.240282 0.552966
0.727867 0.264319 0.632729
0.648430 0.285297 0.705793
0.562164 0.302709 0.769636
0.472247 0.316470 0.822697
0.383018 0.326850 0.863983
0.295030 0.334891 0.894877
0.212476 0.341447 0.915570
0.135636 0.347800 0.927706
0.066036 0.355001 0.932531
0.002869 0.364056 0.931373
-0.053355 0.375443 0.925308
-0.104438 0.389654 0.915020
-0.149466 0.406125 0.901511
-0.189350 0.424489 0.885413
-0.224252 0.443863 0.867581
-0.254635 0.463422 0.848765
-0.280776 0.482267 0.829809
-0.302559 0.499326 0.811869
-0.320174 0.513902 0.795860
-0.333817 0.525466 0.782593
-0.343718 0.533677 0.772688
-0.350128 0.538344 0.766548
-0.353269 0.539364 0.764387
-0.353409 0.536749 0.766161
-0.350800 0.530602 0.771622
-0.345702 0.521075 0.780365
-0.338370 0.508385 0.791865
-0.329085 0.492852 0.805481
-0.318131 0.474847 0.820557
-0.305844 0.454859 0.836399
-0.292599 0.433461 0.852348
-0.278828 0.411318 0.867797
-0.265039 0.389217 0.882193
-0.251721 0.367907 0.895143
-0.239439 0.348264 0.906301
-0.228645 0.330985 0.915516
-0.219810 0.316820 0.922664
-0.213235 0.306257 0.927759
-0.209213 0.299784 0.930784
-0.207852 0.297593 0.931792
