# vtk DataFile Version 2.0
VTK example
ASCII
DATASET UNSTRUCTURED_GRID
POINTS  128  float
-0.000003 -0.000005 -0.000067
-0.000004 -0.000005 -0.000058
-0.000004 -0.000006 -0.000049
-0.000005 -0.000006 -0.000040
-0.000005 -0.000006 -0.000031
-0.000005 -0.000005 -0.000022
-0.000005 -0.000004 -0.000013
-0.000005 -0.000003 -0.000004
-0.000005 -0.000001 0.000005
-0.000005 0.000001 0.000013
-0.000004 0.000005 0.000022
-0.000003 0.000008 0.000030
-0.000001 0.000013 0.000038
0.000000 0.000018 0.000045
0.000003 0.000023 0.000052
0.000005 0.000029 0.000058
0.000008 0.000036 0.000064
0.000012 0.000042 0.000069
0.000016 0.000049 0.000073
0.000020 0.000057 0.000076
0.000025 0.000064 0.000078
0.000030 0.000071 0.000080
0.000036 0.000078 0.000081
0.000042 0.000085 0.000082
0.000048 0.000092 0.000082
0.000054 0.000098 0.000081
0.000061 0.000104 0.000079
0.000067 0.000110 0.000077
0.000074 0.000116 0.000075
0.000081 0.000121 0.000073
0.000088 0.000126 0.000070
0.000095 0.000130 0.000067
0.000103 0.000135 0.000063
0.000110 0.000139 0.000060
0.000117 0.000143 0.000056
0.000125 0.000146 0.000052
0.000132 0.000150 0.000049
0.000140 0.000153 0.000045
0.000147 0.000156 0.000041
0.000155 0.000159 0.000038
0.000163 0.000162 0.000034
0.000171 0.000164 0.000030
0.000179 0.000167 0.000027
0.000187 0.000169 0.000023
0.000195 0.000171 0.000020
0.000203 0.000173 0.000017
0.000211 0.000175 0.000013
0.000220 0.000177 0.000010
0.000228 0.000179 0.000008
0.000236 0.000181 0.000005
0.000245 0.000182 0.000002
0.000254 0.000184 -0.000000
0.000262 0.000185 -0.000002
0.000271 0.000187 -0.000004
0.000280 0.000188 -0.000006
0.000289 0.000189 -0.000007
0.000298 0.000191 -0.000008
0.000306 0.000192 -0.000009
0.000315 0.000194 -0.000010
0.000324 0.000195 -0.000010
0.000333 0.000197 -0.000010
0.000342 0.000198 -0.000009
0.000351 0.000200 -0.000008
0.000360 0.000202 -0.000006
0.000368 0.000204 -0.000004
0.000377 0.000206 -0.000001
0.000385 0.000208 0.000002
0.000393 0.000210 0.000005
0.000400 0.000213 0.000010
0.000408 0.000215 0.000014
0.000415 0.000218 0.000020
0.000421 0.000221 0.000025
0.000427 0.000224 0.000032
0.000432 0.000227 0.000038
0.000437 0.000230 0.000045
0.000441 0.000234 0.000053
0.000444 0.000237 0.000060
0.000447 0.000240 0.000068
0.000449 0.000243 0.000077
0.000451 0.000246 0.000085
0.000451 0.000250 0.000093
0.000452 0.000253 0.000102
0.000451 0.000256 0.000110
0.000451 0.000259 0.000119
0.000449 0.000262 0.000127
0.000448 0.000265 0.000136
0.000445 0.000269 0.000144
0.000443 0.000272 0.000152
0.000440 0.000275 0.000160
0.000437 0.000278 0.000168
0.000434 0.000282 0.000175
0.000431 0.000285 0.000183
0.000427 0.000288 0.000191
0.000424 0.000292 0.000198
0.000420 0.000295 0.000206
0.000416 0.000299 0.000213
0.000413 0.000302 0.000221
0.000410 0.000306 0.000229
0.000406 0.000310 0.000236
0.000403 0.000313 0.000244
0.000400 0.000317 0.000252
0.000398 0.000321 0.000260
0.000396 0.000324 0.000268
0.000394 0.000328 0.000276
0.000393 0.000331 0.000284
0.000392 0.000335 0.000292
0.000391 0.000339 0.000300
0.000392 0.000342 0.000309
0.000392 0.000346 0.000317
0.000394 0.000349 0.000325
0.000396 0.000352 0.000334
0.000399 0.000355 0.000342
0.000402 0.000358 0.000349
0.000407 0.000361 0.000357
0.000412 0.000364 0.000364
0.000417 0.000367 0.000371
0.000423 0.000369 0.000377
0.000430 0.000371 0.000382
0.000437 0.000373 0.000387
0.000445 0.000375 0.000392
0.000453 0.000377 0.000396
0.000461 0.000379 0.000400
0.000469 0.000381 0.000403
0.000478 0.000382 0.000405
0.000486 0.000383 0.000408
0.000495 0.000385 0.000410
0.000504 0.000386 0.000412
0.000513 0.000387 0.000414
CELLS  127 381
2 0 1 
2 1 2 
2 2 3 
2 3 4 
2 4 5 
2 5 6 
2 6 7 
2 7 8 
2 8 9 
2 9 10 
2 10 11 
2 11 12 
2 12 13 
2 13 14 
2 14 15 
2 15 16 
2 16 17 
2 17 18 
2 18 19 
2 19 20 
2 20 21 
2 21 22 
2 22 23 
2 23 24 
2 24 25 
2 25 26 
2 26 27 
2 27 28 
2 28 29 
2 29 30 
2 30 31 
2 31 32 
2 32 33 
2 33 34 
2 34 35 
2 35 36 
2 36 37 
2 37 38 
2 38 39 
2 39 40 
2 40 41 
2 41 42 
2 42 43 
2 43 44 
2 44 45 
2 45 46 
2 46 47 
2 47 48 
2 48 49 
2 49 50 
2 50 51 
2 51 52 
2 52 53 
2 53 54 
2 54 55 
2 55 56 
2 56 57 
2 57 58 
2 58 59 
2 59 60 
2 60 61 
2 61 62 
2 62 63 
2 63 64 
2 64 65 
2 65 66 
2 66 67 
2 67 68 
2 68 69 
2 69 70 
2 70 71 
2 71 72 
2 72 73 
2 73 74 
2 74 75 
2 75 76 
2 76 77 
2 77 78 
2 78 79 
2 79 80 
2 80 81 
2 81 82 
2 82 83 
2 83 84 
2 84 85 
2 85 86 
2 86 87 
2 87 88 
2 88 89 
2 89 90 
2 90 91 
2 91 92 
2 92 93 
2 93 94 
2 94 95 
2 95 96 
2 96 97 
2 97 98 
2 98 99 
2 99 100 
2 100 101 
2 101 102 
2 102 103 
2 103 104 
2 104 105 
2 105 106 
2 106 107 
2 107 108 
2 108 109 
2 109 110 
2 110 111 
2 111 112 
2 112 113 
2 113 114 
2 114 115 
2 115 116 
2 116 117 
2 117 118 
2 118 119 
2 119 120 
2 120 121 
2 121 122 
2 122 123 
2 123 124 
2 124 125 
2 125 126 
2 126 127 
CELL_TYPES  127
3
3
3
3
3
3
3
3
3
3
3
3
3
3
3
3
3
3
3
3
3
3
3
3
3
3
3
3
3
3
3
3
3
3
3
3
3
3
3
3
3
3
3
3
3
3
3
3
3
3
3
3
3
3
3
3
3
3
3
3
3
3
3
3
3
3
3
3
3
3
3
3
3
3
3
3
3
3
3
3
3
3
3
3
3
3
3
3
3
3
3
3
3
3
3
3
3
3
3
3
3
3
3
3
3
3
3
3
3
3
3
3
3
3
3
3
3
3
3
3
3
3
3
3
3
3
3
POINT_DATA  128
VECTORS Position float
-0.000003 -0.000005 -0.000067
-0.000004 -0.000005 -0.000058
-0.000004 -0.000006 -0.000049
-0.000005 -0.000006 -0.000040
-0.000005 -0.000006 -0.000031
-0.000005 -0.000005 -0.000022
-0.000005 -0.000004 -0.000013
-0.000005 -0.000003 -0.000004
-0.000005 -0.000001 0.000005
-0.000005 0.000001 0.000013
-0.000004 0.000005 0.000022
-0.000003 0.000008 0.000030
-0.000001 0.000013 0.000038
0.000000 0.000018 0.000045
0.000003 0.000023 0.000052
0.000005 0.000029 0.000058
0.000008 0.000036 0.000064
0.000012 0.000042 0.000069
0.000016 0.000049 0.000073
0.000020 0.000057 0.000076
0.000025 0.000064 0.000078
0.000030 0.000071 0.000080
0.000036 0.000078 0.000081
0.000042 0.000085 0.000082
0.000048 0.000092 0.000082
0.000054 0.000098 0.000081
0.000061 0.000104 0.000079
0.000067 0.000110 0.000077
0.000074 0.000116 0.000075
0.000081 0.000121 0.000073
0.000088 0.000126 0.000070
0.000095 0.000130 0.000067
0.000103 0.000135 0.000063
0.000110 0.000139 0.000060
0.000117 0.000143 0.000056
0.000125 0.000146 0.000052
0.000132 0.000150 0.000049
0.000140 0.000153 0.000045
0.000147 0.000156 0.000041
0.000155 0.000159 0.000038
0.000163 0.000162 0.000034
0.000171 0.000164 0.000030
0.000179 0.000167 0.000027
0.000187 0.000169 0.000023
0.000195 0.000171 0.000020
0.000203 0.000173 0.000017
0.000211 0.000175 0.000013
0.000220 0.000177 0.000010
0.000228 0.000179 0.000008
0.000236 0.000181 0.000005
0.000245 0.000182 0.000002
0.000254 0.000184 -0.000000
0.000262 0.000185 -0.000002
0.000271 0.000187 -0.000004
0.000280 0.000188 -0.000006
0.000289 0.000189 -0.000007
0.000298 0.000191 -0.000008
0.000306 0.000192 -0.000009
0.000315 0.000194 -0.000010
0.000324 0.000195 -0.000010
0.000333 0.000197 -0.000010
0.000342 0.000198 -0.000009
0.000351 0.000200 -0.000008
0.000360 0.000202 -0.000006
0.000368 0.000204 -0.000004
0.000377 0.000206 -0.000001
0.000385 0.000208 0.000002
0.000393 0.000210 0.000005
0.000400 0.000213 0.000010
0.000408 0.000215 0.000014
0.000415 0.000218 0.000020
0.000421 0.000221 0.000025
0.000427 0.000224 0.000032
0.000432 0.000227 0.000038
0.000437 0.000230 0.000045
0.000441 0.000234 0.000053
0.000444 0.000237 0.000060
0.000447 0.000240 0.000068
0.000449 0.000243 0.000077
0.000451 0.000246 0.000085
0.000451 0.000250 0.000093
0.000452 0.000253 0.000102
0.000451 0.000256 0.000110
0.000451 0.000259 0.000119
0.000449 0.000262 0.000127
0.000448 0.000265 0.000136
0.000445 0.000269 0.000144
0.000443 0.000272 0.000152
0.000440 0.000275 0.000160
0.000437 0.000278 0.000168
0.000434 0.000282 0.000175
0.000431 0.000285 0.000183
0.000427 0.000288 0.000191
0.000424 0.000292 0.000198
0.000420 0.000295 0.000206
0.000416 0.000299 0.000213
0.000413 0.000302 0.000221
0.000410 0.000306 0.000229
0.000406 0.000310 0.000236
0.000403 0.000313 0.000244
0.000400 0.000317 0.000252
0.000398 0.000321 0.000260
0.000396 0.000324 0.000268
0.000394 0.000328 0.000276
0.000393 0.000331 0.000284
0.000392 0.000335 0.000292
0.000391 0.000339 0.000300
0.000392 0.000342 0.000309
0.000392 0.000346 0.000317
0.000394 0.000349 0.000325
0.000396 0.000352 0.000334
0.000399 0.000355 0.000342
0.000402 0.000358 0.000349
0.000407 0.000361 0.000357
0.000412 0.000364 0.000364
0.000417 0.000367 0.000371
0.000423 0.000369 0.000377
0.000430 0.000371 0.000382
0.000437 0.000373 0.000387
0.000445 0.000375 0.000392
0.000453 0.000377 0.000396
0.000461 0.000379 0.000400
0.000469 0.000381 0.000403
0.000478 0.000382 0.000405
0.000486 0.000383 0.000408
0.000495 0.000385 0.000410
0.000504 0.000386 0.000412
0.000513 0.000387 0.000414
VECTORS Rotation float
-0.033827 -0.043617 0.057334
-0.033980 -0.038871 0.055991
-0.034401 -0.024626 0.051920
-0.034980 -0.001102 0.045049
-0.035536 0.031243 0.035274
-0.035789 0.072136 0.022304
-0.035337 0.121231 0.005717
-0.033612 0.178084 -0.015066
-0.029963 0.241059 -0.040387
-0.023344 0.310099 -0.071444
-0.012547 0.383743 -0.109178
0.003935 0.460382 -0.154792
0.028121 0.538701 -0.210120
0.062468 0.616919 -0.277327
0.109200 0.691962 -0.357963
0.171235 0.761656 -0.454702
0.250457 0.822818 -0.568887
0.347385 0.872421 -0.700599
0.459916 0.907766 -0.847346
0.582323 0.926970 -1.002992
0.707204 0.929671 -1.160017
0.825409 0.916993 -1.308868
0.930790 0.891436 -1.443262
1.020503 0.856051 -1.560290
1.094079 0.814059 -1.659326
1.153118 0.768156 -1.741949
1.199563 0.720785 -1.809957
1.235513 0.673924 -1.865295
1.263092 0.628770 -1.910067
1.283909 0.586366 -1.945751
1.299321 0.547361 -1.973610
1.310537 0.511791 -1.994909
1.318446 0.479675 -2.010562
1.323806 0.450617 -2.021460
1.327131 0.424678 -2.028151
1.328918 0.400912 -2.031364
1.329492 0.379352 -2.031526
1.329108 0.359145 -2.029051
1.327983 0.340186 -2.024288
1.326239 0.321944 -2.017424
1.324007 0.304336 -2.008689
1.321382 0.287259 -1.998245
1.318449 0.270707 -1.986243
1.315245 0.254582 -1.972700
1.311882 0.239189 -1.957907
1.308385 0.224566 -1.941880
1.304823 0.210980 -1.924829
1.301222 0.198614 -1.906846
1.297572 0.187558 -1.887850
1.293882 0.178008 -1.867915
1.290114 0.170020 -1.846877
1.286217 0.163620 -1.824529
1.282132 0.158812 -1.800641
1.277785 0.155564 -1.774909
1.273086 0.153841 -1.747000
1.267932 0.153612 -1.716546
1.262223 0.154877 -1.683278
1.255843 0.157659 -1.646943
1.248671 0.162008 -1.607359
1.240579 0.167984 -1.564442
1.231441 0.175636 -1.518226
1.221129 0.184976 -1.468833
1.209449 0.196031 -1.416022
1.196333 0.208585 -1.360371
1.181472 0.222644 -1.301017
1.164951 0.237621 -1.239272
1.146313 0.253576 -1.173452
1.125459 0.270041 -1.103742
1.102574 0.286328 -1.031311
1.077586 0.302106 -0.955886
1.050203 0.317189 -0.876267
1.021232 0.330684 -0.795167
0.990543 0.342461 -0.711538
0.958625 0.352102 -0.626401
0.926050 0.359345 -0.540834
0.893753 0.364063 -0.456931
0.861609 0.366483 -0.373527
0.830421 0.366829 -0.292438
0.800553 0.365553 -0.214263
0.772240 0.363212 -0.139415
0.745610 0.360403 -0.068186
0.720435 0.357645 0.000049
0.697274 0.355507 0.063424
0.675583 0.354335 0.123316
0.655582 0.354396 0.178771
0.637472 0.355807 0.228923
0.620852 0.358575 0.274761
0.605948 0.362512 0.315471
0.592815 0.367366 0.350854
0.581525 0.372827 0.380747
0.572166 0.378562 0.405009
0.564832 0.384262 0.423538
0.559680 0.389604 0.436072
0.556688 0.394532 0.442878
0.555977 0.398818 0.443772
0.557585 0.402490 0.438809
0.561505 0.405540 0.428110
0.567805 0.408068 0.411605
0.576407 0.410107 0.389552
0.587556 0.411728 0.361399
0.600970 0.412859 0.327884
0.616784 0.413429 0.288690
0.634920 0.413283 0.244004
0.655460 0.412212 0.193578
0.678429 0.409958 0.137245
0.703494 0.406294 0.075683
0.730498 0.401016 0.009060
0.759207 0.393976 -0.062331
0.789342 0.385105 -0.138157
0.820612 0.374406 -0.218113
0.852511 0.362037 -0.301324
0.884773 0.348111 -0.387620
0.916790 0.332941 -0.475757
0.948171 0.316764 -0.565072
0.978501 0.299823 -0.654728
1.007304 0.282409 -0.743483
1.034203 0.264778 -0.830213
1.058851 0.247221 -0.913612
1.081005 0.230032 -0.992470
1.100516 0.213524 -1.065635
1.117305 0.198054 -1.131923
1.131426 0.183917 -1.190589
1.142959 0.171466 -1.240773
1.152079 0.160925 -1.282199
1.158936 0.152549 -1.314439
1.163708 0.146452 -1.337537
1.166507 0.142778 -1.351311
1.167431 0.141544 -1.355911
VECTORS ControlForce float
0.000000 0.000000 0.000000
0.000045 -0.000118 0.000048
0.000095 -0.000235 0.000097
0.000153 -0.000347 0.000138
0.000217 -0.000446 0.000163
0.000278 -0.000525 0.000179
0.000327 -0.000581 0.000199
0.000353 -0.000621 0.000220
0.000351 -0.000656 0.000240
0.000317 -0.000694 0.000249
0.000248 -0.000742 0.000242
0.000149 -0.000782 0.000203
0.000034 -0.000791 0.000140
-0.000080 -0.000758 0.000066
-0.000180 -0.000685 -0.000007
-0.000253 -0.000573 -0.000069
-0.000296 -0.000433 -0.000114
-0.000319 -0.000289 -0.000138
-0.000323 -0.000135 -0.000149
-0.000326 0.000014 -0.000145
-0.000339 0.000149 -0.000130
-0.000367 0.000266 -0.000112
-0.000420 0.000326 -0.000096
-0.000479 0.000334 -0.000089
-0.000501 0.000327 -0.000090
-0.000472 0.000310 -0.000092
-0.000399 0.000275 -0.000094
-0.000285 0.000235 -0.000098
-0.000137 0.000211 -0.000099
0.000039 0.000225 -0.000094
0.000211 0.000250 -0.000085
0.000355 0.000266 -0.000070
0.000455 0.000263 -0.000049
0.000512 0.000251 -0.000021
0.000521 0.000218 0.000001
0.000495 0.000184 0.000027
0.000442 0.000155 0.000047
0.000359 0.000116 0.000063
0.000264 0.000094 0.000078
0.000164 0.000086 0.000092
0.000074 0.000104 0.000104
-0.000008 0.000121 0.000103
-0.000069 0.000153 0.000097
-0.000114 0.000168 0.000088
-0.000139 0.000176 0.000078
-0.000149 0.000158 0.000065
-0.000151 0.000102 0.000047
-0.000139 0.000038 0.000033
-0.000121 -0.000042 0.000024
-0.000098 -0.000120 0.000020
-0.000074 -0.000188 0.000022
-0.000063 -0.000259 0.000027
-0.000068 -0.000316 0.000033
-0.000081 -0.000325 0.000043
-0.000101 -0.000294 0.000051
-0.000125 -0.000241 0.000055
-0.000146 -0.000179 0.000053
-0.000149 -0.000089 0.000046
-0.000133 0.000016 0.000033
-0.000109 0.000080 0.000013
-0.000078 0.000094 -0.000012
-0.000043 0.000059 -0.000035
-0.000009 -0.000005 -0.000052
0.000013 -0.000092 -0.000063
0.000028 -0.000155 -0.000064
0.000039 -0.000183 -0.000063
0.000062 -0.000149 -0.000050
0.000099 -0.000079 -0.000030
0.000153 0.000009 -0.000022
0.000214 0.000092 -0.000023
0.000275 0.000173 -0.000026
0.000323 0.000250 -0.000046
0.000338 0.000309 -0.000067
0.000311 0.000340 -0.000078
0.000242 0.000333 -0.000071
0.000142 0.000324 -0.000068
0.000031 0.000329 -0.000064
-0.000068 0.000334 -0.000051
-0.000129 0.000326 -0.000024
-0.000135 0.000304 0.000011
-0.000089 0.000281 0.000034
-0.000002 0.000247 0.000046
0.000112 0.000187 0.000044
0.000223 0.000105 0.000033
0.000318 0.000005 0.000010
0.000384 -0.000104 -0.000026
0.000418 -0.000204 -0.000051
0.000427 -0.000284 -0.000057
0.000402 -0.000329 -0.000061
0.000350 -0.000338 -0.000060
0.000269 -0.000311 -0.000061
0.000182 -0.000256 -0.000053
0.000098 -0.000182 -0.000040
0.000007 -0.000099 -0.000025
-0.000081 -0.000018 -0.000021
-0.000130 0.000049 -0.000015
-0.000144 0.000096 -0.000014
-0.000132 0.000122 -0.000010
-0.000100 0.000127 0.000007
-0.000070 0.000116 0.000042
-0.000043 0.000094 0.000082
-0.000023 0.000068 0.000123
-0.000019 0.000051 0.000156
-0.000037 0.000052 0.000179
-0.000068 0.000070 0.000204
-0.000109 0.000098 0.000224
-0.000164 0.000135 0.000226
-0.000226 0.000170 0.000212
-0.000286 0.000183 0.000195
-0.000337 0.000157 0.000183
-0.000378 0.000085 0.000167
-0.000403 -0.000030 0.000141
-0.000411 -0.000194 0.000110
-0.000402 -0.000380 0.000066
-0.000382 -0.000565 0.000009
-0.000360 -0.000728 -0.000057
-0.000340 -0.000830 -0.000138
-0.000329 -0.000880 -0.000217
-0.000327 -0.000886 -0.000285
-0.000319 -0.000835 -0.000342
-0.000285 -0.000701 -0.000386
-0.000235 -0.000537 -0.000401
-0.000174 -0.000365 -0.000385
-0.000111 -0.000216 -0.000339
-0.000055 -0.000104 -0.000272
-0.000012 -0.000023 -0.000190
0.000002 0.000002 -0.000098
0.000000 0.000000 -0.000000
VECTORS ControlTorque float
0.000004 -0.000001 0.000000
0.000004 -0.000001 0.000000
0.000004 -0.000001 0.000000
0.000003 -0.000001 0.000000
0.000004 -0.000001 0.000000
0.000003 -0.000001 0.000000
0.000004 -0.000002 0.000000
0.000002 -0.000001 0.000000
0.000003 -0.000002 0.000000
0.000002 -0.000002 0.000000
0.000001 -0.000002 0.000001
0.000001 -0.000002 0.000001
0.000001 -0.000002 0.000001
-0.000001 -0.000001 0.000001
0.000000 -0.000002 0.000001
-0.000001 -0.000001 0.000001
-0.000001 -0.000001 0.000001
-0.000001 -0.000000 0.000002
-0.000002 0.000001 0.000001
-0.000001 0.000000 0.000002
-0.000002 0.000001 0.000001
-0.000002 0.000001 0.000001
-0.000002 0.000001 0.000001
-0.000002 0.000002 0.000000
-0.000001 0.000001 0.000000
-0.000002 0.000002 -0.000000
-0.000002 0.000002 -0.000001
-0.000002 0.000002 -0.000001
-0.000002 0.000002 -0.000001
-0.000002 0.000002 -0.000001
-0.000001 0.000002 -0.000001
-0.000001 0.000002 -0.000001
-0.000001 0.000001 -0.000001
-0.000001 0.000001 -0.000001
-0.000001 0.000001 -0.000000
-0.000001 0.000001 -0.000001
-0.000000 0.000001 -0.000000
-0.000001 0.000001 -0.000001
-0.000000 0.000001 0.000000
-0.000000 0.000001 -0.000000
-0.000000 0.000001 -0.000000
-0.000000 0.000001 -0.000000
-0.000000 0.000001 0.000000
-0.000000 0.000000 -0.000000
-0.000000 0.000001 -0.000000
-0.000000 0.000000 -0.000000
-0.000000 0.000000 -0.000000
-0.000000 0.000001 -0.000000
-0.000000 0.000000 -0.000001
-0.000000 0.000000 -0.000001
-0.000000 0.000001 -0.000001
-0.000000 0.000001 -0.000001
-0.000000 0.000001 -0.000001
-0.000000 0.000001 -0.000001
-0.000000 0.000001 -0.000001
-0.000000 0.000001 -0.000001
-0.000000 0.000001 -0.000001
-0.000000 0.000001 -0.000001
-0.000000 0.000001 -0.000001
-0.000000 0.000001 -0.000001
-0.000000 0.000001 -0.000001
-0.000000 0.000002 -0.000001
-0.000000 0.000000 -0.000001
-0.000000 0.000002 -0.000001
0.000000 -0.000001 -0.000000
-0.000000 0.000002 -0.000001
-0.000000 0.000002 -0.000001
0.000000 0.000000 -0.000000
0.000000 0.000000 -0.000000
-0.000000 0.000003 -0.000001
0.000000 -0.000001 0.000000
-0.000000 0.000002 -0.000001
0.000000 0.000000 -0.000000
0.000000 0.000001 -0.000000
0.000000 -0.000002 0.000001
-0.000000 0.000001 -0.000000
0.000000 -0.000001 0.000001
0.000000 -0.000001 0.000000
0.000001 -0.000001 0.000000
0.000001 -0.000002 0.000001
0.000001 0.000000 0.000000
0.000001 -0.000003 0.000001
0.000001 -0.000000 0.000000
0.000001 -0.000002 0.000001
0.000001 -0.000003 0.000001
0.000001 -0.000001 0.000001
0.000000 -0.000002 0.000001
0.000000 -0.000002 0.000001
0.000000 -0.000002 0.000001
-0.000000 -0.000002 0.000001
-0.000000 -0.000002 0.000001
-0.000001 -0.000002 0.000001
-0.000000 -0.000002 0.000001
-0.000001 -0.000002 0.000001
-0.000001 -0.000002 0.000001
-0.000001 -0.000002 0.000001
-0.000001 -0.000002 0.000001
-0.000000 -0.000002 0.000001
-0.000000 -0.000003 0.000001
-0.000000 -0.000001 0.000001
-0.000000 -0.000002 0.000001
-0.000000 -0.000002 0.000001
-0.000000 -0.000002 0.000001
-0.000000 -0.000002 0.000001
-0.000000 -0.000002 0.000001
-0.000000 -0.000002 0.000001
-0.000000 -0.000002 0.000001
0.000000 -0.000002 0.000001
0.000000 -0.000002 0.000001
0.000000 -0.000001 0.000000
0.000001 -0.000002 0.000001
0.000001 -0.000001 0.000000
0.000001 -0.000001 0.000000
0.000001 -0.000001 -0.000000
0.000001 0.000000 -0.000000
0.000001 0.000000 -0.000001
0.000000 0.000001 -0.000001
0.000000 0.000001 -0.000001
0.000000 0.000002 -0.000001
-0.000000 0.000003 -0.000001
-0.000000 0.000003 -0.000001
-0.000000 0.000003 -0.000001
-0.000000 0.000003 -0.000001
-0.000000 0.000004 -0.000001
-0.000000 0.000003 -0.000001
-0.000000 0.000004 -0.000001
-0.000000 0.000004 -0.000001
-0.000000 0.000004 -0.000001
VECTORS Curvature float
-296.747029 94.351770 6.271322
-959.329861 307.524087 19.323575
-2104.136425 684.968443 42.767168
-3055.735139 1022.487706 64.268381
-3991.720231 1388.358551 87.422060
-4894.262337 1788.188507 111.587833
-5824.061115 2259.377662 136.127343
-6550.645641 2717.472797 162.063261
-7187.128527 3215.015136 185.642861
-7845.854379 3799.352999 208.883769
-8262.292685 4349.806482 228.861632
-8572.709745 4918.448376 243.975705
-8865.990934 5557.092824 252.901176
-8912.061643 6101.052240 257.403046
-8793.110740 6593.291428 251.176987
-8617.443794 7072.726901 239.607722
-8259.229092 7430.728444 219.727561
-7831.970831 7731.162937 193.537780
-7295.364747 7906.572905 161.962378
-6749.012218 8055.251335 125.648942
-6181.413278 8123.492523 87.655325
-5548.350788 8046.860434 50.330493
-4969.535458 7952.748488 17.937546
-4401.873296 7762.475772 -8.436941
-3860.896863 7499.323046 -27.093878
-3359.304273 7178.450902 -39.920826
-2854.812734 6722.727091 -47.522747
-2384.166847 6227.808189 -50.940757
-1945.670723 5713.205645 -52.504932
-1512.511564 5126.535663 -52.730575
-1112.864836 4573.086605 -52.424147
-746.207818 4053.046085 -52.646599
-407.841523 3603.598331 -53.111201
-99.546015 3144.535510 -54.287565
186.887455 2774.356529 -55.331585
436.268169 2466.025069 -56.481213
669.960999 2194.146562 -56.995316
883.804011 2007.183121 -56.681384
1081.852087 1837.912595 -55.345724
1278.934820 1727.396198 -52.731584
1451.325992 1609.422654 -48.941655
1604.612366 1499.214925 -43.952404
1770.498522 1409.342559 -38.121369
1910.722932 1305.626601 -31.346794
2023.707392 1179.836171 -24.334259
2133.890141 1049.040828 -16.966509
2197.384125 885.802943 -9.705298
2275.062163 716.142316 -2.683541
2343.513641 528.981000 4.196539
2399.240342 323.731093 10.794081
2484.716549 110.804172 17.404317
2587.367393 -112.060274 24.232378
2715.055347 -342.725414 31.575571
2873.682159 -580.800297 39.788727
3070.947062 -829.621530 49.220414
3298.984925 -1090.285569 60.242438
3545.870402 -1363.672706 73.196334
3812.149088 -1654.583165 88.402665
4083.260072 -1961.918822 106.078937
4351.775187 -2286.864858 126.328926
4576.564165 -2606.264701 149.010033
4840.117269 -2968.443932 174.046467
5019.558974 -3287.532159 200.209110
5264.503126 -3659.345743 227.968236
5415.977494 -3956.714651 254.187879
5553.741151 -4232.909569 280.761629
5924.936403 -4670.249316 303.726214
6079.832311 -4924.864090 322.283892
6106.094353 -5052.921609 336.431709
6415.612453 -5398.786323 345.737051
6548.935238 -5585.589743 346.359178
6556.532131 -5645.996717 342.959159
6726.747675 -5835.356066 332.042110
6779.614398 -5913.654157 316.292762
6596.566197 -5783.580527 295.591843
6466.168044 -5697.988229 272.304024
6398.481064 -5686.190019 246.219205
6104.793956 -5497.937528 219.691828
5814.813078 -5350.501914 193.160632
5435.068979 -5161.357325 167.780580
5149.668144 -5110.502026 144.299474
4704.357046 -4936.954864 123.624253
4212.606774 -4741.004055 105.649047
3833.216501 -4680.724108 90.839624
3247.341807 -4355.696872 78.922343
2752.221876 -4107.818031 69.763795
2316.030085 -3885.963408 62.749210
1834.141225 -3511.769231 57.734069
1404.613608 -3118.790225 54.087755
1008.947590 -2673.013232 51.371462
655.710039 -2202.605830 49.161876
331.685874 -1663.410415 46.988566
39.505290 -1135.899042 44.694540
-225.047460 -610.406636 41.778929
-485.002629 -50.482225 38.262732
-732.958572 476.179603 33.865104
-996.038858 1009.546987 28.542305
-1252.243856 1499.449026 22.227397
-1559.234120 2029.249883 14.894768
-1872.623874 2534.739062 6.544375
-2152.728953 2973.284398 -3.019821
-2469.429042 3439.189824 -14.031250
-2780.682463 3882.982632 -26.765756
-3156.185375 4402.503386 -41.530955
-3511.252258 4875.878710 -58.948620
-3832.050243 5279.081116 -79.426727
-4176.357403 5681.639414 -103.418594
-4522.629326 6042.552542 -131.032681
-4904.807657 6394.478433 -161.856472
-5264.166170 6652.385843 -195.733603
-5640.976807 6866.462224 -230.744952
-6005.874150 7005.462310 -266.578519
-6292.248236 7006.943848 -300.528151
-6573.208268 6976.364503 -331.303619
-6765.498670 6845.255156 -357.237502
-6849.946630 6621.838787 -376.518023
-6819.315174 6322.415393 -388.261709
-6649.006090 5940.721701 -391.441121
-6358.000142 5504.035490 -385.653131
-5920.556624 4993.998013 -370.869780
-5377.224274 4443.641888 -346.995543
-4729.993811 3848.551242 -314.889053
-4012.287110 3227.601498 -274.880696
-3247.673879 2591.531032 -228.435235
-2445.151720 1940.472390 -175.890482
-1654.403526 1308.356773 -121.070912
-749.849051 591.891186 -55.982325
-239.788498 189.296555 -17.347858
VECTORS LocalRotation float
0.253357 -0.691537 -0.043561
0.247656 -0.689714 -0.043445
0.233842 -0.685238 -0.043165
0.210577 -0.677540 -0.042682
0.178605 -0.666602 -0.041994
0.138241 -0.652173 -0.041090
0.089687 -0.633838 -0.039968
0.033972 -0.611430 -0.038625
-0.028443 -0.584477 -0.037046
-0.096411 -0.552763 -0.035262
-0.169259 -0.515909 -0.033282
-0.245657 -0.473849 -0.031136
-0.324702 -0.426367 -0.028884
-0.404944 -0.373747 -0.026581
-0.485241 -0.316175 -0.024274
-0.564022 -0.254338 -0.022054
-0.640418 -0.188684 -0.019974
-0.713279 -0.120032 -0.018103
-0.781762 -0.049238 -0.016494
-0.845455 0.023151 -0.015189
-0.903883 0.096257 -0.014226
-0.957001 0.169484 -0.013601
-1.004684 0.242018 -0.013291
-1.047120 0.313181 -0.013248
-1.084564 0.382341 -0.013409
-1.117203 0.448694 -0.013712
-1.145285 0.511514 -0.014107
-1.169016 0.570174 -0.014553
-1.188600 0.624185 -0.015021
-1.204257 0.673261 -0.015498
-1.216181 0.717317 -0.015975
-1.224610 0.756427 -0.016452
-1.229840 0.791128 -0.016931
-1.232127 0.821536 -0.017415
-1.231730 0.848455 -0.017913
-1.228924 0.872046 -0.018417
-1.223890 0.893252 -0.018933
-1.216876 0.912218 -0.019446
-1.207950 0.929680 -0.019955
-1.197290 0.945778 -0.020443
-1.184945 0.960865 -0.020903
-1.171099 0.974950 -0.021324
-1.155762 0.988167 -0.021697
-1.139144 1.000424 -0.022010
-1.121303 1.011694 -0.022263
-1.102519 1.021764 -0.022449
-1.082915 1.030522 -0.022570
-1.062626 1.037788 -0.022626
-1.041751 1.043416 -0.022619
-1.020260 1.047280 -0.022551
-0.998127 1.049249 -0.022424
-0.975165 1.049244 -0.022235
-0.951162 1.047185 -0.021983
-0.925862 1.043004 -0.021659
-0.898939 1.036617 -0.021256
-0.870112 1.027928 -0.020761
-0.839122 1.016818 -0.020157
-0.805801 1.003150 -0.019425
-0.770048 0.986773 -0.018544
-0.731858 0.967536 -0.017492
-0.691423 0.945376 -0.016245
-0.648711 0.920090 -0.014780
-0.604188 0.891841 -0.013090
-0.557476 0.860286 -0.011145
-0.509394 0.826000 -0.008974
-0.459281 0.788588 -0.006531
-0.407402 0.748349 -0.003889
-0.353465 0.705238 -0.001076
-0.298120 0.659922 0.001915
-0.240981 0.612229 0.005028
-0.182680 0.562833 0.008141
-0.122931 0.511626 0.011283
-0.062799 0.459652 0.014339
-0.001908 0.406684 0.017262
0.058295 0.354037 0.020016
0.117826 0.301712 0.022604
0.175809 0.250402 0.024941
0.232281 0.199888 0.027045
0.286246 0.150772 0.028914
0.337288 0.103078 0.030552
0.385398 0.056391 0.031971
0.429714 0.011205 0.033175
0.470374 -0.032925 0.034221
0.506659 -0.075415 0.035107
0.538614 -0.116197 0.035873
0.566036 -0.154881 0.036553
0.588933 -0.190994 0.037151
0.607693 -0.224435 0.037696
0.622342 -0.254424 0.038202
0.633259 -0.280622 0.038679
0.640786 -0.302667 0.039133
0.645246 -0.320131 0.039568
0.646940 -0.332908 0.039986
0.646106 -0.340759 0.040375
0.642886 -0.343756 0.040738
0.637388 -0.341834 0.041064
0.629525 -0.335078 0.041347
0.619354 -0.323727 0.041577
0.606540 -0.307644 0.041746
0.591159 -0.287189 0.041842
0.572932 -0.262248 0.041858
0.551998 -0.233206 0.041781
0.528112 -0.199893 0.041595
0.501157 -0.162275 0.041285
0.471088 -0.120431 0.040832
0.437884 -0.074514 0.040206
0.401622 -0.024884 0.039379
0.362194 0.028256 0.038316
0.319459 0.084634 0.036988
0.273451 0.143662 0.035370
0.224004 0.204960 0.033437
0.171373 0.267647 0.031189
0.115657 0.331129 0.028620
0.057348 0.394504 0.025756
-0.003031 0.457070 0.022640
-0.064687 0.518053 0.019317
-0.126559 0.576644 0.015855
-0.187539 0.632168 0.012325
-0.246431 0.683986 0.008807
-0.302000 0.731497 0.005383
-0.353189 0.774258 0.002130
-0.398928 0.811783 -0.000865
-0.438556 0.843859 -0.003538
-0.471397 0.870182 -0.005815
-0.497196 0.890720 -0.007648
-0.515717 0.905398 -0.008989
-0.526627 0.914021 -0.009793
-0.531098 0.917550 -0.010124
VECTORS q1 float
0.997701 0.033788 0.058742
0.997783 0.033948 0.057248
0.998018 0.034384 0.052711
0.998373 0.034973 0.045045
0.998786 0.035511 0.034135
0.999169 0.035688 0.019710
0.999384 0.035071 0.001441
0.999232 0.033074 -0.021009
0.998447 0.029092 -0.047504
0.996669 0.022229 -0.078468
0.993456 0.011634 -0.113622
0.988306 -0.003525 -0.152446
0.980628 -0.024135 -0.194387
0.969803 -0.050920 -0.238516
0.955397 -0.083917 -0.283151
0.936901 -0.123317 -0.327124
0.914089 -0.168575 -0.368815
0.886885 -0.218894 -0.406843
0.855395 -0.273207 -0.440064
0.819992 -0.330122 -0.467581
0.780936 -0.388591 -0.489016
0.739022 -0.446928 -0.504085
0.694896 -0.503951 -0.512984
0.649220 -0.558665 -0.516146
0.602915 -0.610006 -0.514184
0.556713 -0.657366 -0.507878
0.511578 -0.700111 -0.498129
0.468431 -0.737869 -0.485923
0.427779 -0.770766 -0.472150
0.390218 -0.798914 -0.457675
0.356128 -0.822628 -0.443233
0.325424 -0.842507 -0.429280
0.298059 -0.859048 -0.416171
0.273651 -0.872861 -0.404017
0.252225 -0.884256 -0.393032
0.232958 -0.893903 -0.382972
0.215848 -0.901992 -0.373926
0.200169 -0.908988 -0.365615
0.185803 -0.915039 -0.358023
0.172302 -0.920395 -0.350976
0.159576 -0.925140 -0.344458
0.147529 -0.929349 -0.338446
0.136147 -0.933064 -0.332948
0.125367 -0.936340 -0.327950
0.115416 -0.939148 -0.323543
0.106354 -0.941518 -0.319739
0.098398 -0.943443 -0.316596
0.091724 -0.944936 -0.314139
0.086468 -0.946019 -0.312365
0.082822 -0.946704 -0.311275
0.080914 -0.947012 -0.310839
0.080859 -0.946961 -0.311009
0.082759 -0.946562 -0.311724
0.086708 -0.945817 -0.312908
0.092806 -0.944720 -0.314470
0.101180 -0.943247 -0.316304
0.111955 -0.941364 -0.318278
0.125286 -0.939018 -0.320231
0.141329 -0.936144 -0.321965
0.160219 -0.932656 -0.323237
0.182033 -0.928462 -0.323762
0.206767 -0.923460 -0.323218
0.234522 -0.917506 -0.321221
0.264877 -0.910531 -0.317449
0.298057 -0.902330 -0.311388
0.332994 -0.892952 -0.302905
0.370167 -0.882111 -0.291300
0.408921 -0.869760 -0.276226
0.448069 -0.856041 -0.257735
0.487196 -0.840927 -0.235546
0.526245 -0.824248 -0.208999
0.563395 -0.806550 -0.179061
0.598601 -0.787759 -0.145300
0.631006 -0.768193 -0.108218
0.659928 -0.748202 -0.068471
0.684667 -0.728343 -0.027343
0.705544 -0.708496 0.015555
0.722254 -0.689102 0.059057
0.734941 -0.670318 0.102647
0.743848 -0.652221 0.145940
0.749268 -0.634835 0.188634
0.751508 -0.617967 0.230982
0.750888 -0.601978 0.271642
0.747728 -0.586504 0.311314
0.742442 -0.571736 0.349139
0.735590 -0.557888 0.384276
0.727484 -0.544729 0.417179
0.718734 -0.532526 0.447032
0.709878 -0.521420 0.473492
0.701432 -0.511563 0.496284
0.693864 -0.503118 0.515195
0.687574 -0.496239 0.530084
0.682946 -0.491128 0.540719
0.680064 -0.487785 0.547337
0.679118 -0.486354 0.549781
0.680083 -0.486854 0.548142
0.682855 -0.489273 0.542513
0.687287 -0.493625 0.532889
0.693085 -0.499822 0.519433
0.700096 -0.508004 0.501795
0.707786 -0.517933 0.480401
0.715828 -0.529682 0.455002
0.723722 -0.543178 0.425657
0.730984 -0.558469 0.392143
0.737017 -0.575568 0.354298
0.741073 -0.594224 0.312582
0.742452 -0.614305 0.267198
0.740433 -0.635612 0.218533
0.734327 -0.657897 0.167137
0.723515 -0.680884 0.113680
0.707589 -0.704128 0.059347
0.686239 -0.727359 0.004927
0.659610 -0.750070 -0.048062
0.628014 -0.771934 -0.098567
0.592041 -0.792649 -0.145583
0.552648 -0.811906 -0.188118
0.510928 -0.829504 -0.225558
0.468161 -0.845287 -0.257516
0.425637 -0.859187 -0.283956
0.384601 -0.871197 -0.305119
0.346271 -0.881350 -0.321431
0.311553 -0.889756 -0.333569
0.281326 -0.896523 -0.342203
0.256053 -0.901807 -0.348111
0.236203 -0.905736 -0.351924
0.221896 -0.908447 -0.354240
0.213330 -0.910027 -0.355445
0.210465 -0.910547 -0.355821
VECTORS q2 float
-0.036262 0.998477 0.041569
-0.036094 0.998668 0.036877
-0.035625 0.999105 0.022790
-0.034987 0.999388 -0.000474
-0.034405 0.998881 -0.032451
-0.034166 0.996761 -0.072808
-0.034638 0.992041 -0.121059
-0.036269 0.983629 -0.176518
-0.039568 0.970650 -0.237220
-0.045059 0.952044 -0.302625
-0.053263 0.927197 -0.370768
-0.064610 0.895876 -0.439582
-0.079464 0.858036 -0.507405
-0.098041 0.814074 -0.572426
-0.120145 0.765409 -0.632230
-0.145579 0.713110 -0.685770
-0.173766 0.658936 -0.731853
-0.204004 0.604567 -0.769988
-0.235509 0.551551 -0.800204
-0.267407 0.501330 -0.822898
-0.299100 0.454663 -0.838940
-0.329743 0.412522 -0.849173
-0.358817 0.375219 -0.854670
-0.385978 0.342746 -0.856473
-0.410881 0.315035 -0.855529
-0.433401 0.291733 -0.852676
-0.453352 0.272541 -0.848642
-0.470595 0.257102 -0.844061
-0.485148 0.244948 -0.839423
-0.496960 0.235700 -0.835150
-0.506038 0.228976 -0.831562
-0.512514 0.224359 -0.828850
-0.516506 0.221503 -0.827138
-0.518193 0.220082 -0.826463
-0.517722 0.219830 -0.826825
-0.515255 0.220534 -0.828177
-0.510988 0.221980 -0.830431
-0.504969 0.224071 -0.833546
-0.497370 0.226655 -0.837407
-0.488171 0.229687 -0.841982
-0.477482 0.233066 -0.847166
-0.465366 0.236722 -0.852876
-0.451903 0.240585 -0.859012
-0.437055 0.244631 -0.865528
-0.421100 0.248742 -0.872240
-0.404046 0.252896 -0.879085
-0.386124 0.257020 -0.885917
-0.367459 0.261085 -0.892641
-0.348010 0.265106 -0.899226
-0.327901 0.269069 -0.905584
-0.307016 0.273018 -0.911703
-0.285191 0.277004 -0.917570
-0.262235 0.281089 -0.923158
-0.237882 0.285349 -0.928433
-0.211835 0.289868 -0.933329
-0.183775 0.294743 -0.937738
-0.153495 0.300065 -0.941488
-0.120826 0.305930 -0.944356
-0.085705 0.312438 -0.946064
-0.048201 0.319684 -0.946297
-0.008536 0.327758 -0.944723
0.032945 0.336741 -0.941021
0.076164 0.346763 -0.934855
0.120329 0.357845 -0.925996
0.165795 0.370194 -0.914040
0.211174 0.383702 -0.898987
0.257358 0.398679 -0.880240
0.303735 0.415151 -0.857551
0.349048 0.432927 -0.831108
0.393066 0.452014 -0.800738
0.436036 0.472583 -0.765857
0.475983 0.494017 -0.727590
0.513179 0.516401 -0.685549
0.546844 0.539391 -0.640328
0.576371 0.562608 -0.592679
0.601047 0.585430 -0.544072
0.621411 0.607972 -0.494184
0.637126 0.629686 -0.444484
0.648405 0.650302 -0.395826
0.655604 0.669616 -0.348996
0.659191 0.687475 -0.304705
0.659724 0.703966 -0.263051
0.657751 0.718660 -0.225590
0.653907 0.731866 -0.191776
0.648820 0.743432 -0.162297
0.643163 0.753270 -0.137570
0.637355 0.761650 -0.116910
0.631873 0.768543 -0.100394
0.627042 0.774033 -0.087704
0.623073 0.778220 -0.078452
0.620082 0.781204 -0.072235
0.618116 0.783081 -0.068679
0.617184 0.783918 -0.067500
0.617250 0.783786 -0.068423
0.618270 0.782726 -0.071293
0.620223 0.780728 -0.076080
0.623043 0.777798 -0.082749
0.626721 0.773857 -0.091467
0.631136 0.768902 -0.102259
0.636292 0.762743 -0.115563
0.641892 0.755487 -0.131204
0.647781 0.747016 -0.149491
0.653662 0.737334 -0.170482
0.659239 0.726363 -0.194425
0.664124 0.714046 -0.221532
0.667822 0.700506 -0.251606
0.669848 0.685750 -0.284695
0.669665 0.669811 -0.320784
0.666689 0.652728 -0.359823
0.660277 0.634544 -0.401732
0.649835 0.615435 -0.446042
0.634687 0.595469 -0.492533
0.614448 0.574963 -0.540252
0.588799 0.554156 -0.588410
0.557693 0.533362 -0.636006
0.521559 0.512983 -0.681781
0.481150 0.493396 -0.724607
0.437661 0.474980 -0.763444
0.392536 0.458050 -0.797562
0.347383 0.442845 -0.826567
0.303937 0.429542 -0.850362
0.263628 0.418196 -0.869260
0.227882 0.408820 -0.883706
0.197567 0.401336 -0.894370
0.173512 0.395666 -0.901855
0.156046 0.391699 -0.906764
0.145544 0.389362 -0.909513
0.142023 0.388590 -0.910400
VECTORS q3 float
-0.057248 -0.043604 0.997407
-0.055920 -0.038861 0.997679
-0.051881 -0.024623 0.998350
-0.045034 -0.001102 0.998985
-0.035249 0.031237 0.998890
-0.022244 0.072074 0.997151
-0.005675 0.120934 0.992644
0.014827 0.177145 0.984073
0.039209 0.238732 0.970294
0.067978 0.305152 0.949874
0.101037 0.374393 0.921749
0.138122 0.444290 0.885171
0.179037 0.513022 0.839496
0.223318 0.578525 0.784499
0.269781 0.638049 0.721187
0.317843 0.690121 0.650161
0.366397 0.733066 0.573034
0.414510 0.765888 0.491526
0.461340 0.788130 0.407451
0.506069 0.799805 0.322809
0.548342 0.801423 0.238835
0.587465 0.793776 0.157492
0.623193 0.777975 0.079912
0.655389 0.755260 0.006886
0.683864 0.727080 -0.060701
0.708685 0.694810 -0.122492
0.729904 0.659975 -0.177970
0.747739 0.624057 -0.226803
0.762651 0.588150 -0.269152
0.775087 0.553337 -0.305054
0.785556 0.520435 -0.334737
0.794625 0.489739 -0.358784
0.802734 0.461491 -0.377682
0.810303 0.435521 -0.392084
0.817525 0.412027 -0.402352
0.824768 0.390258 -0.409214
0.832046 0.370319 -0.412993
0.839607 0.351474 -0.414158
0.847408 0.333662 -0.413000
0.855571 0.316411 -0.409735
0.864029 0.299660 -0.404546
0.872737 0.283325 -0.397564
0.881616 0.267412 -0.388900
0.890655 0.251841 -0.378563
0.899641 0.236915 -0.366767
0.908535 0.222683 -0.353520
0.917184 0.209418 -0.338996
0.925505 0.197310 -0.323277
0.933495 0.186461 -0.306301
0.941075 0.177070 -0.288140
0.948258 0.169202 -0.268657
0.955054 0.162891 -0.247666
0.961449 0.158145 -0.224959
0.967416 0.154937 -0.200251
0.972889 0.153234 -0.173223
0.977747 0.153009 -0.143524
0.981787 0.154258 -0.110901
0.984736 0.157007 -0.075130
0.986246 0.161300 -0.036076
0.985904 0.167195 0.006265
0.983255 0.174735 0.051738
0.977835 0.183923 0.100051
0.969123 0.194778 0.151205
0.956745 0.207076 0.204348
0.940040 0.220809 0.259940
0.918978 0.235392 0.316339
0.892605 0.250867 0.374596
0.860540 0.266771 0.433941
0.823043 0.282432 0.492781
0.779833 0.297531 0.550759
0.730026 0.311897 0.608097
0.675297 0.324690 0.662231
0.615081 0.335806 0.713379
0.550267 0.344872 0.760440
0.481966 0.351661 0.802523
0.412279 0.356074 0.838593
0.340670 0.358335 0.869218
0.269107 0.358657 0.893838
0.198578 0.357465 0.912571
0.129898 0.355279 0.925691
0.063756 0.352651 0.933580
-0.000046 0.350069 0.936724
-0.059418 0.348066 0.935585
-0.115362 0.346967 0.930755
-0.166770 0.347024 0.922909
-0.212715 0.348347 0.912911
-0.254060 0.350940 0.901274
-0.290100 0.354624 0.888867
-0.320767 0.359158 0.876421
-0.346085 0.364249 0.864609
-0.366129 0.369585 0.854024
-0.381017 0.374875 0.845159
-0.390729 0.379822 0.838490
-0.395619 0.384376 0.834110
-0.395654 0.388329 0.832261
-0.390910 0.391711 0.832918
-0.381479 0.394515 0.835962
-0.367230 0.396837 0.841227
-0.348282 0.398707 0.848370
-0.324034 0.400193 0.857232
-0.294982 0.401230 0.867180
-0.260710 0.401752 0.877853
-0.221250 0.401618 0.888680
-0.176258 0.400637 0.899123
-0.125478 0.398571 0.908513
-0.069455 0.395208 0.915962
-0.008341 0.390354 0.920627
0.057518 0.383863 0.921597
0.127631 0.375656 0.917928
0.201398 0.365720 0.908674
0.277546 0.354180 0.893042
0.355314 0.341123 0.870280
0.432860 0.326824 0.840130
0.508835 0.311494 0.802532
0.581778 0.295351 0.757827
0.650043 0.278670 0.706956
0.712354 0.261695 0.651205
0.767644 0.244710 0.592316
0.815321 0.228009 0.532225
0.855223 0.211905 0.472958
0.887535 0.196762 0.416613
0.912927 0.182882 0.364854
0.932162 0.170627 0.319313
0.946258 0.160231 0.280931
0.956087 0.151958 0.250614
0.962503 0.145929 0.228675
0.966078 0.142293 0.215512
0.967230 0.141072 0.211103
