# vtk DataFile Version 2.0
VTK example
ASCII
DATASET UNSTRUCTURED_GRID
POINTS  128  float
-0.000008 -0.000009 -0.000030
-0.000008 -0.000008 -0.000021
-0.000007 -0.000006 -0.000012
-0.000007 -0.000005 -0.000003
-0.000007 -0.000003 0.000006
-0.000006 -0.000001 0.000015
-0.000006 0.000002 0.000023
-0.000005 0.000005 0.000031
-0.000004 0.000009 0.000040
-0.000002 0.000014 0.000047
-0.000000 0.000019 0.000055
0.000002 0.000024 0.000061
0.000005 0.000031 0.000067
0.000008 0.000037 0.000073
0.000012 0.000044 0.000077
0.000016 0.000051 0.000081
0.000020 0.000059 0.000084
0.000025 0.000066 0.000086
0.000030 0.000074 0.000087
0.000035 0.000081 0.000087
0.000041 0.000088 0.000087
0.000047 0.000095 0.000087
0.000053 0.000101 0.000085
0.000060 0.000107 0.000084
0.000066 0.000113 0.000081
0.000073 0.000119 0.000079
0.000080 0.000124 0.000076
0.000087 0.000129 0.000073
0.000094 0.000133 0.000070
0.000101 0.000137 0.000066
0.000108 0.000141 0.000062
0.000116 0.000145 0.000058
0.000123 0.000148 0.000054
0.000130 0.000152 0.000050
0.000138 0.000155 0.000046
0.000145 0.000158 0.000042
0.000153 0.000160 0.000038
0.000161 0.000163 0.000034
0.000169 0.000165 0.000030
0.000176 0.000167 0.000026
0.000184 0.000170 0.000022
0.000192 0.000172 0.000019
0.000200 0.000174 0.000015
0.000209 0.000175 0.000012
0.000217 0.000177 0.000008
0.000225 0.000179 0.000005
0.000234 0.000180 0.000002
0.000242 0.000182 -0.000001
0.000251 0.000183 -0.000003
0.000259 0.000185 -0.000006
0.000268 0.000186 -0.000008
0.000277 0.000187 -0.000010
0.000285 0.000188 -0.000012
0.000294 0.000189 -0.000014
0.000303 0.000191 -0.000015
0.000312 0.000192 -0.000016
0.000321 0.000193 -0.000016
0.000330 0.000194 -0.000016
0.000339 0.000196 -0.000016
0.000348 0.000198 -0.000015
0.000356 0.000199 -0.000013
0.000365 0.000201 -0.000011
0.000373 0.000204 -0.000009
0.000382 0.000206 -0.000006
0.000389 0.000209 -0.000002
0.000397 0.000211 0.000002
0.000404 0.000214 0.000007
0.000411 0.000217 0.000012
0.000417 0.000220 0.000018
0.000423 0.000224 0.000024
0.000428 0.000227 0.000031
0.000433 0.000230 0.000038
0.000437 0.000234 0.000045
0.000440 0.000237 0.000053
0.000443 0.000241 0.000061
0.000446 0.000244 0.000069
0.000448 0.000247 0.000077
0.000449 0.000251 0.000085
0.000450 0.000254 0.000094
0.000450 0.000257 0.000102
0.000449 0.000260 0.000111
0.000449 0.000263 0.000119
0.000447 0.000266 0.000127
0.000446 0.000269 0.000136
0.000444 0.000272 0.000144
0.000441 0.000276 0.000152
0.000439 0.000279 0.000160
0.000436 0.000282 0.000168
0.000433 0.000285 0.000176
0.000429 0.000288 0.000184
0.000426 0.000291 0.000192
0.000422 0.000294 0.000199
0.000419 0.000298 0.000207
0.000415 0.000301 0.000215
0.000411 0.000304 0.000222
0.000408 0.000308 0.000230
0.000404 0.000311 0.000238
0.000401 0.000314 0.000245
0.000398 0.000318 0.000253
0.000395 0.000321 0.000261
0.000393 0.000325 0.000269
0.000391 0.000328 0.000277
0.000389 0.000332 0.000285
0.000388 0.000335 0.000294
0.000388 0.000338 0.000302
0.000388 0.000342 0.000311
0.000389 0.000345 0.000319
0.000390 0.000348 0.000327
0.000393 0.000352 0.000335
0.000396 0.000355 0.000343
0.000400 0.000358 0.000351
0.000404 0.000361 0.000358
0.000409 0.000364 0.000365
0.000415 0.000367 0.000371
0.000422 0.000369 0.000377
0.000429 0.000372 0.000382
0.000437 0.000374 0.000386
0.000445 0.000376 0.000390
0.000453 0.000378 0.000393
0.000461 0.000380 0.000395
0.000470 0.000382 0.000397
0.000479 0.000384 0.000399
0.000488 0.000386 0.000400
0.000496 0.000387 0.000401
0.000505 0.000389 0.000402
0.000514 0.000391 0.000402
0.000523 0.000392 0.000402
0.000532 0.000394 0.000403
CELLS  127 381
2 0 1 
2 1 2 
2 2 3 
2 3 4 
2 4 5 
2 5 6 
2 6 7 
2 7 8 
2 8 9 
2 9 10 
2 10 11 
2 11 12 
2 12 13 
2 13 14 
2 14 15 
2 15 16 
2 16 17 
2 17 18 
2 18 19 
2 19 20 
2 20 21 
2 21 22 
2 22 23 
2 23 24 
2 24 25 
2 25 26 
2 26 27 
2 27 28 
2 28 29 
2 29 30 
2 30 31 
2 31 32 
2 32 33 
2 33 34 
2 34 35 
2 35 36 
2 36 37 
2 37 38 
2 38 39 
2 39 40 
2 40 41 
2 41 42 
2 42 43 
2 43 44 
2 44 45 
2 45 46 
2 46 47 
2 47 48 
2 48 49 
2 49 50 
2 50 51 
2 51 52 
2 52 53 
2 53 54 
2 54 55 
2 55 56 
2 56 57 
2 57 58 
2 58 59 
2 59 60 
2 60 61 
2 61 62 
2 62 63 
2 63 64 
2 64 65 
2 65 66 
2 66 67 
2 67 68 
2 68 69 
2 69 70 
2 70 71 
2 71 72 
2 72 73 
2 73 74 
2 74 75 
2 75 76 
2 76 77 
2 77 78 
2 78 79 
2 79 80 
2 80 81 
2 81 82 
2 82 83 
2 83 84 
2 84 85 
2 85 86 
2 86 87 
2 87 88 
2 88 89 
2 89 90 
2 90 91 
2 91 92 
2 92 93 
2 93 94 
2 94 95 
2 95 96 
2 96 97 
2 97 98 
2 98 99 
2 99 100 
2 100 101 
2 101 102 
2 102 103 
2 103 104 
2 104 105 
2 105 106 
2 106 107 
2 107 108 
2 108 109 
2 109 110 
2 110 111 
2 111 112 
2 112 113 
2 113 114 
2 114 115 
2 115 116 
2 116 117 
2 117 118 
2 118 119 
2 119 120 
2 120 121 
2 121 122 
2 122 123 
2 123 124 
2 124 125 
2 125 126 
2 126 127 
CELL_TYPES  127
3
3
3
3
3
3
3
3
3
3
3
3
3
3
3
3
3
3
3
3
3
3
3
3
3
3
3
3
3
3
3
3
3
3
3
3
3
3
3
3
3
3
3
3
3
3
3
3
3
3
3
3
3
3
3
3
3
3
3
3
3
3
3
3
3
3
3
3
3
3
3
3
3
3
3
3
3
3
3
3
3
3
3
3
3
3
3
3
3
3
3
3
3
3
3
3
3
3
3
3
3
3
3
3
3
3
3
3
3
3
3
3
3
3
3
3
3
3
3
3
3
3
3
3
3
3
3
POINT_DATA  128
VECTORS Position float
-0.000008 -0.000009 -0.000030
-0.000008 -0.000008 -0.000021
-0.000007 -0.000006 -0.000012
-0.000007 -0.000005 -0.000003
-0.000007 -0.000003 0.000006
-0.000006 -0.000001 0.000015
-0.000006 0.000002 0.000023
-0.000005 0.000005 0.000031
-0.000004 0.000009 0.000040
-0.000002 0.000014 0.000047
-0.000000 0.000019 0.000055
0.000002 0.000024 0.000061
0.000005 0.000031 0.000067
0.000008 0.000037 0.000073
0.000012 0.000044 0.000077
0.000016 0.000051 0.000081
0.000020 0.000059 0.000084
0.000025 0.000066 0.000086
0.000030 0.000074 0.000087
0.000035 0.000081 0.000087
0.000041 0.000088 0.000087
0.000047 0.000095 0.000087
0.000053 0.000101 0.000085
0.000060 0.000107 0.000084
0.000066 0.000113 0.000081
0.000073 0.000119 0.000079
0.000080 0.000124 0.000076
0.000087 0.000129 0.000073
0.000094 0.000133 0.000070
0.000101 0.000137 0.000066
0.000108 0.000141 0.000062
0.000116 0.000145 0.000058
0.000123 0.000148 0.000054
0.000130 0.000152 0.000050
0.000138 0.000155 0.000046
0.000145 0.000158 0.000042
0.000153 0.000160 0.000038
0.000161 0.000163 0.000034
0.000169 0.000165 0.000030
0.000176 0.000167 0.000026
0.000184 0.000170 0.000022
0.000192 0.000172 0.000019
0.000200 0.000174 0.000015
0.000209 0.000175 0.000012
0.000217 0.000177 0.000008
0.000225 0.000179 0.000005
0.000234 0.000180 0.000002
0.000242 0.000182 -0.000001
0.000251 0.000183 -0.000003
0.000259 0.000185 -0.000006
0.000268 0.000186 -0.000008
0.000277 0.000187 -0.000010
0.000285 0.000188 -0.000012
0.000294 0.000189 -0.000014
0.000303 0.000191 -0.000015
0.000312 0.000192 -0.000016
0.000321 0.000193 -0.000016
0.000330 0.000194 -0.000016
0.000339 0.000196 -0.000016
0.000348 0.000198 -0.000015
0.000356 0.000199 -0.000013
0.000365 0.000201 -0.000011
0.000373 0.000204 -0.000009
0.000382 0.000206 -0.000006
0.000389 0.000209 -0.000002
0.000397 0.000211 0.000002
0.000404 0.000214 0.000007
0.000411 0.000217 0.000012
0.000417 0.000220 0.000018
0.000423 0.000224 0.000024
0.000428 0.000227 0.000031
0.000433 0.000230 0.000038
0.000437 0.000234 0.000045
0.000440 0.000237 0.000053
0.000443 0.000241 0.000061
0.000446 0.000244 0.000069
0.000448 0.000247 0.000077
0.000449 0.000251 0.000085
0.000450 0.000254 0.000094
0.000450 0.000257 0.000102
0.000449 0.000260 0.000111
0.000449 0.000263 0.000119
0.000447 0.000266 0.000127
0.000446 0.000269 0.000136
0.000444 0.000272 0.000144
0.000441 0.000276 0.000152
0.000439 0.000279 0.000160
0.000436 0.000282 0.000168
0.000433 0.000285 0.000176
0.000429 0.000288 0.000184
0.000426 0.000291 0.000192
0.000422 0.000294 0.000199
0.000419 0.000298 0.000207
0.000415 0.000301 0.000215
0.000411 0.000304 0.000222
0.000408 0.000308 0.000230
0.000404 0.000311 0.000238
0.000401 0.000314 0.000245
0.000398 0.000318 0.000253
0.000395 0.000321 0.000261
0.000393 0.000325 0.000269
0.000391 0.000328 0.000277
0.000389 0.000332 0.000285
0.000388 0.000335 0.000294
0.000388 0.000338 0.000302
0.000388 0.000342 0.000311
0.000389 0.000345 0.000319
0.000390 0.000348 0.000327
0.000393 0.000352 0.000335
0.000396 0.000355 0.000343
0.000400 0.000358 0.000351
0.000404 0.000361 0.000358
0.000409 0.000364 0.000365
0.000415 0.000367 0.000371
0.000422 0.000369 0.000377
0.000429 0.000372 0.000382
0.000437 0.000374 0.000386
0.000445 0.000376 0.000390
0.000453 0.000378 0.000393
0.000461 0.000380 0.000395
0.000470 0.000382 0.000397
0.000479 0.000384 0.000399
0.000488 0.000386 0.000400
0.000496 0.000387 0.000401
0.000505 0.000389 0.000402
0.000514 0.000391 0.000402
0.000523 0.000392 0.000402
0.000532 0.000394 0.000403
VECTORS Rotation float
-0.044532 0.143672 -0.016447
-0.044306 0.149099 -0.018289
-0.043552 0.165430 -0.023933
-0.042057 0.192518 -0.033642
-0.039445 0.229987 -0.047823
-0.035091 0.277642 -0.067220
-0.028055 0.335098 -0.092861
-0.016981 0.401646 -0.126113
-0.000313 0.474870 -0.168066
0.024528 0.553803 -0.221338
0.060425 0.635409 -0.288276
0.110738 0.716084 -0.371636
0.179428 0.792177 -0.474916
0.269889 0.859313 -0.600947
0.381808 0.912265 -0.748465
0.511875 0.947571 -0.913740
0.650373 0.963065 -1.086404
0.785066 0.959294 -1.253768
0.905621 0.939095 -1.405175
1.006457 0.906562 -1.534793
1.087572 0.865549 -1.642666
1.150735 0.819651 -1.730445
1.199332 0.771384 -1.801614
1.236622 0.722461 -1.859573
1.265138 0.674263 -1.906914
1.286992 0.627551 -1.945856
1.303627 0.583080 -1.977829
1.316119 0.541417 -2.003841
1.325363 0.502685 -2.024763
1.331969 0.467101 -2.041106
1.336428 0.434722 -2.053276
1.339174 0.405257 -2.061689
1.340529 0.378540 -2.066641
1.340767 0.354179 -2.068434
1.340098 0.332261 -2.067314
1.338706 0.312091 -2.063519
1.336761 0.293840 -2.057379
1.334352 0.276935 -2.049005
1.331608 0.261414 -2.038714
1.328573 0.246916 -2.026581
1.325335 0.233395 -2.012883
1.321951 0.220736 -1.997826
1.318469 0.208852 -1.981615
1.314891 0.197558 -1.964264
1.311281 0.186924 -1.946104
1.307620 0.176833 -1.927071
1.303923 0.167339 -1.907272
1.300174 0.158497 -1.886620
1.296321 0.150375 -1.864784
1.292337 0.143225 -1.841572
1.288156 0.137308 -1.816499
1.283704 0.132969 -1.789041
1.278899 0.130612 -1.758703
1.273635 0.130639 -1.724987
1.267779 0.133406 -1.687452
1.261159 0.139181 -1.645700
1.253582 0.148081 -1.599581
1.244828 0.160071 -1.549062
1.234662 0.174945 -1.494268
1.222859 0.192344 -1.435459
1.209227 0.211753 -1.373026
1.193626 0.232539 -1.307451
1.175867 0.254141 -1.238733
1.156069 0.275631 -1.167965
1.133991 0.296631 -1.094439
1.110193 0.316033 -1.020222
1.084306 0.333807 -0.943747
1.056616 0.349405 -0.865675
1.027818 0.362295 -0.787659
0.998103 0.372447 -0.709618
0.967305 0.379977 -0.630438
0.936567 0.384723 -0.552787
0.905703 0.386948 -0.475486
0.875157 0.386829 -0.399215
0.845329 0.384642 -0.324592
0.816867 0.380819 -0.253050
0.789400 0.375708 -0.183233
0.763410 0.369830 -0.116343
0.738985 0.363689 -0.052595
0.716147 0.357765 0.007894
0.694868 0.352497 0.065055
0.674884 0.348180 0.119510
0.656560 0.345189 0.169872
0.639443 0.343612 0.217318
0.623684 0.343504 0.261138
0.609439 0.344788 0.300648
0.596442 0.347320 0.336566
0.584910 0.350828 0.368135
0.574945 0.355027 0.395038
0.566669 0.359619 0.416952
0.560225 0.364309 0.433546
0.555759 0.368833 0.444504
0.553441 0.372926 0.449448
0.553365 0.376541 0.448273
0.555602 0.379516 0.440849
0.560247 0.381881 0.427038
0.567257 0.383656 0.407022
0.576738 0.384950 0.380611
0.588561 0.385849 0.348217
0.603053 0.386463 0.309071
0.619844 0.386829 0.264219
0.639138 0.386957 0.213201
0.660903 0.386769 0.156165
0.685323 0.386094 0.092642
0.712524 0.384664 0.022234
0.742204 0.382183 -0.054387
0.774223 0.378335 -0.137108
0.808277 0.372826 -0.225518
0.843923 0.365422 -0.318962
0.880608 0.355984 -0.416615
0.917480 0.344594 -0.516794
0.953954 0.331382 -0.618599
0.989110 0.316765 -0.719880
1.022370 0.301168 -0.819306
1.053262 0.285066 -0.915573
1.081389 0.269003 -1.007217
1.106571 0.253464 -1.093203
1.128740 0.238903 -1.172572
1.147967 0.225682 -1.244693
1.164413 0.214066 -1.309177
1.178264 0.204237 -1.365715
1.189768 0.196219 -1.414384
1.199113 0.189976 -1.455090
1.206511 0.185334 -1.488099
1.212096 0.182095 -1.513439
1.216007 0.180004 -1.531412
1.218312 0.178857 -1.542061
1.219075 0.178492 -1.545606
VECTORS ControlForce float
0.000000 0.000000 0.000000
0.000109 -0.000132 0.000229
0.000205 -0.000272 0.000439
0.000278 -0.000432 0.000620
0.000322 -0.000617 0.000765
0.000329 -0.000829 0.000885
0.000288 -0.001064 0.000973
0.000196 -0.001302 0.001003
0.000052 -0.001517 0.000959
-0.000131 -0.001686 0.000853
-0.000331 -0.001766 0.000684
-0.000526 -0.001741 0.000475
-0.000691 -0.001599 0.000255
-0.000809 -0.001347 0.000050
-0.000847 -0.000973 -0.000133
-0.000804 -0.000531 -0.000266
-0.000704 -0.000100 -0.000336
-0.000565 0.000278 -0.000349
-0.000420 0.000565 -0.000318
-0.000301 0.000737 -0.000259
-0.000231 0.000785 -0.000188
-0.000195 0.000757 -0.000120
-0.000193 0.000658 -0.000066
-0.000213 0.000510 -0.000025
-0.000220 0.000366 0.000005
-0.000213 0.000223 0.000026
-0.000174 0.000110 0.000041
-0.000096 0.000047 0.000052
0.000001 0.000020 0.000060
0.000093 0.000012 0.000061
0.000175 0.000030 0.000060
0.000230 0.000056 0.000060
0.000251 0.000074 0.000064
0.000254 0.000101 0.000078
0.000246 0.000133 0.000093
0.000222 0.000137 0.000104
0.000196 0.000129 0.000109
0.000177 0.000134 0.000119
0.000163 0.000153 0.000130
0.000145 0.000168 0.000141
0.000123 0.000176 0.000146
0.000106 0.000183 0.000144
0.000088 0.000163 0.000134
0.000069 0.000130 0.000129
0.000033 0.000066 0.000122
-0.000026 -0.000015 0.000118
-0.000110 -0.000103 0.000114
-0.000217 -0.000202 0.000107
-0.000330 -0.000289 0.000106
-0.000435 -0.000352 0.000108
-0.000513 -0.000369 0.000114
-0.000550 -0.000352 0.000122
-0.000536 -0.000315 0.000131
-0.000468 -0.000264 0.000137
-0.000338 -0.000167 0.000141
-0.000165 -0.000031 0.000138
0.000015 0.000088 0.000121
0.000180 0.000173 0.000088
0.000321 0.000229 0.000040
0.000425 0.000233 -0.000016
0.000488 0.000195 -0.000076
0.000508 0.000127 -0.000133
0.000488 0.000061 -0.000180
0.000434 0.000005 -0.000217
0.000358 -0.000027 -0.000239
0.000265 -0.000039 -0.000248
0.000173 -0.000022 -0.000234
0.000099 0.000023 -0.000206
0.000046 0.000076 -0.000186
0.000013 0.000122 -0.000172
0.000001 0.000166 -0.000157
0.000001 0.000207 -0.000150
0.000001 0.000241 -0.000136
-0.000004 0.000276 -0.000113
-0.000016 0.000309 -0.000088
-0.000035 0.000328 -0.000061
-0.000051 0.000331 -0.000019
-0.000056 0.000314 0.000035
-0.000046 0.000290 0.000075
-0.000019 0.000255 0.000097
0.000031 0.000203 0.000116
0.000098 0.000144 0.000130
0.000185 0.000076 0.000137
0.000284 0.000007 0.000147
0.000378 -0.000053 0.000142
0.000447 -0.000103 0.000112
0.000483 -0.000143 0.000083
0.000492 -0.000171 0.000068
0.000483 -0.000181 0.000075
0.000449 -0.000170 0.000091
0.000384 -0.000139 0.000107
0.000294 -0.000096 0.000118
0.000178 -0.000042 0.000115
0.000057 0.000017 0.000115
-0.000050 0.000076 0.000111
-0.000131 0.000130 0.000103
-0.000189 0.000181 0.000078
-0.000202 0.000224 0.000062
-0.000180 0.000259 0.000055
-0.000131 0.000283 0.000073
-0.000060 0.000293 0.000099
0.000015 0.000290 0.000130
0.000074 0.000279 0.000158
0.000090 0.000268 0.000183
0.000057 0.000244 0.000214
-0.000022 0.000190 0.000255
-0.000142 0.000101 0.000283
-0.000289 -0.000009 0.000274
-0.000430 -0.000128 0.000223
-0.000536 -0.000258 0.000148
-0.000589 -0.000387 0.000052
-0.000586 -0.000511 -0.000048
-0.000533 -0.000614 -0.000150
-0.000441 -0.000660 -0.000256
-0.000335 -0.000667 -0.000343
-0.000233 -0.000642 -0.000405
-0.000136 -0.000577 -0.000448
-0.000034 -0.000463 -0.000473
0.000066 -0.000336 -0.000475
0.000152 -0.000239 -0.000453
0.000223 -0.000174 -0.000415
0.000284 -0.000128 -0.000367
0.000329 -0.000090 -0.000314
0.000349 -0.000050 -0.000256
0.000330 -0.000010 -0.000195
0.000263 0.000018 -0.000131
0.000144 0.000014 -0.000067
0.000000 0.000000 -0.000000
VECTORS ControlTorque float
0.000004 -0.000001 0.000000
0.000005 -0.000002 0.000000
0.000005 -0.000002 0.000000
0.000004 -0.000002 0.000000
0.000004 -0.000002 0.000000
0.000004 -0.000002 0.000000
0.000005 -0.000003 0.000000
0.000002 -0.000002 0.000000
0.000004 -0.000003 0.000001
0.000002 -0.000002 0.000001
0.000001 -0.000002 0.000001
0.000000 -0.000002 0.000001
0.000000 -0.000002 0.000002
-0.000002 -0.000000 0.000001
-0.000001 -0.000000 0.000002
-0.000002 0.000001 0.000002
-0.000003 0.000001 0.000001
-0.000002 0.000001 0.000001
-0.000003 0.000002 0.000001
-0.000002 0.000001 0.000001
-0.000002 0.000002 0.000000
-0.000002 0.000002 -0.000000
-0.000001 0.000002 -0.000000
-0.000001 0.000002 -0.000001
-0.000001 0.000001 -0.000000
-0.000001 0.000001 -0.000001
-0.000001 0.000001 -0.000001
-0.000001 0.000001 -0.000001
-0.000001 0.000001 -0.000001
-0.000001 0.000001 -0.000001
-0.000001 0.000001 -0.000001
-0.000001 0.000001 -0.000001
-0.000001 0.000001 -0.000000
-0.000001 0.000001 -0.000001
-0.000000 0.000001 -0.000000
-0.000001 0.000001 -0.000001
-0.000000 0.000001 -0.000000
-0.000001 0.000001 -0.000001
-0.000000 0.000001 -0.000000
-0.000000 0.000001 -0.000000
-0.000000 0.000001 -0.000000
-0.000000 0.000000 -0.000000
-0.000000 0.000001 -0.000000
-0.000000 0.000000 -0.000000
-0.000000 0.000000 -0.000000
-0.000000 0.000000 -0.000000
-0.000000 0.000000 -0.000000
-0.000000 0.000001 -0.000000
-0.000000 0.000000 -0.000000
-0.000000 0.000001 -0.000000
-0.000000 0.000001 -0.000001
-0.000000 0.000001 -0.000001
-0.000000 0.000001 -0.000001
-0.000000 0.000002 -0.000001
-0.000000 0.000002 -0.000001
-0.000000 0.000002 -0.000001
-0.000000 0.000002 -0.000001
-0.000000 0.000002 -0.000001
-0.000000 0.000001 -0.000001
-0.000000 0.000001 -0.000001
-0.000000 0.000001 -0.000001
-0.000000 0.000002 -0.000001
0.000000 -0.000000 -0.000000
-0.000000 0.000002 -0.000001
0.000000 -0.000002 0.000001
-0.000000 0.000001 -0.000001
-0.000000 0.000000 -0.000000
-0.000000 -0.000001 0.000001
-0.000000 -0.000001 0.000000
-0.000000 0.000002 -0.000001
0.000000 -0.000002 0.000001
-0.000000 0.000001 -0.000000
0.000000 -0.000001 0.000000
0.000000 -0.000000 0.000000
0.000000 -0.000002 0.000001
0.000000 0.000001 -0.000000
0.000001 -0.000001 0.000000
0.000001 -0.000001 0.000000
0.000001 -0.000001 0.000000
0.000001 -0.000001 0.000001
0.000001 -0.000000 0.000000
0.000001 -0.000002 0.000001
0.000001 -0.000000 0.000000
0.000001 -0.000001 0.000001
0.000001 -0.000002 0.000001
0.000001 -0.000001 0.000001
0.000000 -0.000002 0.000001
0.000000 -0.000002 0.000001
-0.000000 -0.000002 0.000001
-0.000000 -0.000002 0.000001
-0.000000 -0.000002 0.000001
-0.000001 -0.000002 0.000001
-0.000000 -0.000002 0.000001
-0.000001 -0.000002 0.000001
-0.000001 -0.000002 0.000001
-0.000001 -0.000002 0.000001
-0.000001 -0.000003 0.000001
-0.000000 -0.000002 0.000001
-0.000000 -0.000003 0.000001
-0.000000 -0.000001 0.000001
-0.000000 -0.000002 0.000001
0.000000 -0.000002 0.000001
0.000000 -0.000002 0.000001
0.000000 -0.000003 0.000001
0.000000 -0.000002 0.000001
0.000000 -0.000002 0.000001
0.000001 -0.000002 0.000001
0.000001 -0.000002 0.000001
0.000001 -0.000002 0.000001
0.000001 -0.000001 0.000000
0.000001 -0.000001 0.000000
0.000001 0.000000 -0.000001
0.000001 0.000000 -0.000001
0.000001 0.000001 -0.000001
0.000000 0.000001 -0.000001
0.000000 0.000002 -0.000001
-0.000000 0.000002 -0.000001
-0.000000 0.000003 -0.000001
-0.000000 0.000003 -0.000001
-0.000000 0.000003 -0.000001
-0.000000 0.000003 -0.000001
-0.000001 0.000003 -0.000001
-0.000001 0.000003 -0.000001
-0.000001 0.000003 -0.000001
-0.000001 0.000003 -0.000001
-0.000001 0.000003 -0.000000
-0.000001 0.000003 -0.000000
-0.000001 0.000003 -0.000000
VECTORS Curvature float
-336.936091 129.113109 2.747038
-1091.503660 423.239472 7.905574
-2402.718628 949.644293 18.477583
-3510.141568 1433.623645 29.975468
-4617.886578 1970.295076 44.335354
-5701.951287 2564.777134 61.781542
-6822.080323 3264.303833 81.397101
-7688.681918 3933.595910 105.724780
-8408.026338 4635.697689 128.805337
-9087.004716 5417.778479 155.131524
-9397.657595 6089.528675 181.325677
-9493.245816 6712.806927 206.181795
-9471.227398 7342.795355 229.931156
-9107.935273 7755.544572 255.318306
-8517.258096 8022.559678 274.011090
-7857.156137 8212.119085 289.472794
-7043.923535 8228.349927 295.096576
-6221.777099 8173.354517 292.949943
-5385.014834 7994.817066 285.083120
-4621.546297 7797.780456 275.686261
-3936.947639 7547.740100 263.397439
-3298.708073 7191.822428 250.290640
-2777.685313 6863.570546 235.230709
-2330.943452 6499.394008 217.964767
-1949.765202 6121.919231 199.603820
-1622.140385 5743.230179 179.814152
-1311.188902 5297.016141 159.570600
-1022.654412 4854.805960 139.520527
-747.799405 4426.561443 119.669922
-472.759010 3965.737299 100.662105
-205.152019 3546.880125 82.791032
53.697263 3161.862429 66.093546
312.442750 2832.312676 51.025980
549.022605 2487.167155 37.535141
786.913034 2198.946189 25.905063
998.395691 1943.498817 16.195325
1197.070994 1699.329910 8.385343
1386.659907 1507.888502 2.753927
1554.525470 1319.510636 -0.937141
1723.614409 1172.784717 -2.403090
1854.376295 1024.437048 -1.848783
1959.806541 892.438625 0.812175
2078.676299 784.947420 5.311943
2171.632058 684.847166 11.802143
2242.351768 586.834805 19.642315
2326.942459 497.595155 28.871074
2382.406081 396.938095 38.921475
2479.489483 287.432190 49.389620
2594.470622 151.723541 59.964209
2723.317481 -23.561152 70.026921
2909.738008 -247.921900 79.302291
3132.725346 -531.206909 87.440005
3390.362443 -876.616216 94.267488
3678.290844 -1281.086713 99.792642
3997.730726 -1739.864161 104.201358
4330.817836 -2235.226249 107.776628
4654.555530 -2743.545315 110.922363
4965.327366 -3248.765396 114.015897
5246.199051 -3727.790377 117.367402
5493.591527 -4166.900601 121.249863
5664.587112 -4519.487790 125.576671
5864.837268 -4861.130566 131.248549
5951.151312 -5064.416909 136.351481
6096.554541 -5270.866505 144.101366
6120.157520 -5327.831692 149.646431
6108.498610 -5308.441907 158.644657
6336.191248 -5466.314642 165.724959
6314.502279 -5386.784565 172.628879
6161.228075 -5186.483725 179.696207
6291.531089 -5222.326407 185.975127
6257.546741 -5136.552909 189.918921
6112.364180 -4966.352884 193.434740
6138.969063 -4958.830843 194.650519
6069.890522 -4893.049504 194.299057
5809.496490 -4700.431176 192.417771
5605.347864 -4579.744800 188.511973
5465.063984 -4548.576819 183.475218
5135.976980 -4396.021777 176.840806
4818.378541 -4288.160464 168.913774
4435.008610 -4150.797772 159.856284
4135.550677 -4124.646628 149.749973
3720.055219 -3995.927038 139.237731
3279.555171 -3845.690721 127.947255
2941.930946 -3800.150027 116.799248
2458.689577 -3533.246527 105.697057
2055.309286 -3319.320739 95.268886
1702.294134 -3113.790213 85.628772
1316.375689 -2770.832386 77.252290
966.178767 -2396.625275 70.222970
634.639452 -1963.063648 64.715519
323.203064 -1487.488350 60.748720
28.439862 -948.537582 58.152588
-262.297786 -388.300701 56.674133
-542.094501 178.964987 55.743588
-826.436730 774.752212 54.730359
-1110.317830 1343.096873 52.849931
-1419.983602 1919.241016 49.271492
-1726.828011 2439.235327 43.222004
-2105.817669 3008.916451 34.134836
-2501.413080 3540.326839 21.494226
-2862.125920 3965.283631 5.079099
-3286.318931 4427.436449 -15.223816
-3719.639970 4858.519771 -39.109150
-4256.400339 5386.582150 -66.096307
-4780.178664 5860.977270 -95.802088
-5264.550407 6253.354065 -127.561715
-5775.445257 6642.253347 -160.751024
-6266.450959 6970.061560 -194.450676
-6764.421027 7263.400230 -227.406927
-7171.302455 7417.004551 -258.902508
-7528.484657 7481.125250 -286.653363
-7793.501481 7423.988480 -310.435644
-7883.797265 7186.398684 -327.786191
-7910.043952 6893.028881 -338.173285
-7792.130021 6488.662594 -340.971464
-7538.712842 5999.278496 -335.709284
-7173.038338 5456.677840 -323.044911
-6695.881231 4869.538261 -303.671636
-6150.657545 4274.134706 -278.908439
-5530.468747 3668.441189 -250.233752
-4880.453296 3084.987378 -218.974395
-4199.117221 2526.548813 -186.593420
-3504.301649 2005.706335 -153.935690
-2804.343318 1529.787019 -121.820303
-2095.067995 1094.093215 -90.223073
-1410.678146 711.042035 -60.326078
-637.803886 314.468876 -27.436493
-203.772499 99.298602 -8.470635
VECTORS LocalRotation float
0.141379 -0.658561 -0.057500
0.134896 -0.656055 -0.057451
0.119139 -0.649864 -0.057332
0.092480 -0.639118 -0.057114
0.055605 -0.623676 -0.056777
0.008727 -0.603075 -0.056295
-0.048006 -0.576670 -0.055646
-0.113339 -0.544262 -0.054804
-0.186471 -0.505329 -0.053738
-0.265571 -0.459875 -0.052454
-0.349166 -0.407834 -0.050933
-0.434894 -0.349736 -0.049174
-0.520854 -0.286026 -0.047198
-0.604712 -0.217879 -0.045007
-0.684647 -0.146322 -0.042607
-0.758739 -0.072862 -0.040057
-0.826193 0.001560 -0.037411
-0.886259 0.075827 -0.034748
-0.938805 0.149022 -0.032131
-0.984186 0.220643 -0.029588
-1.022858 0.289984 -0.027152
-1.055625 0.356732 -0.024826
-1.083172 0.420452 -0.022625
-1.106306 0.480963 -0.020573
-1.125704 0.538158 -0.018680
-1.141851 0.591796 -0.016965
-1.155107 0.641687 -0.015432
-1.165678 0.687670 -0.014077
-1.173686 0.729651 -0.012904
-1.179212 0.767647 -0.011907
-1.182291 0.801769 -0.011074
-1.182978 0.832186 -0.010399
-1.181319 0.859353 -0.009868
-1.177437 0.883323 -0.009469
-1.171361 0.904635 -0.009180
-1.163324 0.923284 -0.008991
-1.153333 0.939860 -0.008879
-1.141670 0.954338 -0.008829
-1.128313 0.967178 -0.008820
-1.113511 0.978432 -0.008835
-1.097334 0.988367 -0.008855
-1.080052 0.997052 -0.008859
-1.061700 1.004674 -0.008831
-1.042513 1.011309 -0.008754
-1.022498 1.017076 -0.008612
-1.001854 1.021975 -0.008392
-0.980538 1.026024 -0.008086
-0.958483 1.029128 -0.007685
-0.935550 1.031113 -0.007191
-0.911453 1.031694 -0.006602
-0.885925 1.030464 -0.005925
-0.858570 1.026937 -0.005170
-0.829042 1.020564 -0.004348
-0.797041 1.010796 -0.003469
-0.762278 0.997114 -0.002545
-0.724587 0.979125 -0.001586
-0.683906 0.956584 -0.000596
-0.640342 0.929447 0.000423
-0.594101 0.897855 0.001471
-0.545476 0.862112 0.002551
-0.494943 0.822773 0.003669
-0.442647 0.780223 0.004834
-0.389291 0.735404 0.006042
-0.334567 0.688458 0.007316
-0.279569 0.640745 0.008638
-0.223706 0.592155 0.010047
-0.167460 0.543458 0.011513
-0.110621 0.494695 0.013033
-0.053960 0.446674 0.014633
0.002864 0.399177 0.016302
0.059297 0.352594 0.017992
0.115693 0.306533 0.019740
0.171153 0.261603 0.021497
0.226194 0.217188 0.023250
0.279661 0.174010 0.024991
0.331682 0.131717 0.026727
0.381578 0.090574 0.028403
0.429458 0.050175 0.030031
0.474526 0.010858 0.031596
0.516510 -0.027430 0.033088
0.555465 -0.065044 0.034495
0.590793 -0.101564 0.035795
0.622710 -0.137321 0.037013
0.650768 -0.171802 0.038117
0.675141 -0.204898 0.039121
0.695773 -0.236219 0.040040
0.712749 -0.265281 0.040857
0.726394 -0.291882 0.041593
0.736718 -0.315254 0.042260
0.743959 -0.334974 0.042870
0.748290 -0.350576 0.043438
0.749878 -0.361580 0.043975
0.748811 -0.367682 0.044499
0.745194 -0.368623 0.045004
0.738989 -0.364298 0.045505
0.730246 -0.354737 0.045991
0.718739 -0.339902 0.046455
0.704503 -0.320185 0.046874
0.687034 -0.295352 0.047226
0.666386 -0.266000 0.047476
0.642099 -0.232014 0.047596
0.614252 -0.194003 0.047550
0.582378 -0.151755 0.047303
0.546165 -0.105240 0.046825
0.505412 -0.054516 0.046095
0.459993 0.000261 0.045085
0.410004 0.058652 0.043780
0.355424 0.120350 0.042170
0.296354 0.184871 0.040257
0.233305 0.251290 0.038057
0.166652 0.318842 0.035583
0.097413 0.386197 0.032885
0.026388 0.452389 0.029994
-0.045193 0.516200 0.026976
-0.116271 0.576774 0.023901
-0.185694 0.633323 0.020837
-0.252286 0.685177 0.017855
-0.315080 0.731931 0.015018
-0.373244 0.773331 0.012380
-0.426110 0.809277 0.009985
-0.473281 0.839876 0.007859
-0.514369 0.865270 0.006024
-0.549288 0.885814 0.004480
-0.577826 0.901807 0.003233
-0.600029 0.913698 0.002272
-0.615867 0.921854 0.001592
-0.625163 0.926507 0.001194
-0.628965 0.928377 0.001031
VECTORS q1 float
0.998769 0.044059 -0.022803
0.998731 0.043800 -0.024848
0.998594 0.042944 -0.031076
0.998280 0.041268 -0.041646
0.997650 0.038397 -0.056747
0.996481 0.033740 -0.076723
0.994444 0.026491 -0.101877
0.991080 0.015629 -0.132347
0.985886 0.000279 -0.167417
0.978143 -0.020860 -0.206885
0.967175 -0.048602 -0.249419
0.952371 -0.083368 -0.293324
0.933148 -0.125337 -0.336935
0.909125 -0.174094 -0.378396
0.880510 -0.228014 -0.415586
0.847421 -0.285883 -0.447380
0.810493 -0.345735 -0.472831
0.770445 -0.405814 -0.491661
0.728039 -0.464625 -0.504066
0.684120 -0.520870 -0.510564
0.639161 -0.574002 -0.511855
0.594048 -0.623144 -0.508722
0.549314 -0.668048 -0.501961
0.505385 -0.708682 -0.492297
0.462816 -0.744960 -0.480454
0.421917 -0.777087 -0.467036
0.383161 -0.805155 -0.452674
0.346971 -0.829337 -0.437962
0.313454 -0.850031 -0.423312
0.282814 -0.867534 -0.409146
0.255134 -0.882191 -0.395785
0.230198 -0.894459 -0.383343
0.207887 -0.904679 -0.371939
0.187890 -0.913226 -0.361546
0.170271 -0.920263 -0.352311
0.154470 -0.926176 -0.344001
0.140594 -0.931046 -0.336730
0.128187 -0.935135 -0.330288
0.117244 -0.938523 -0.324697
0.107478 -0.941363 -0.319819
0.098817 -0.943725 -0.315624
0.091144 -0.945681 -0.312057
0.084363 -0.947292 -0.309065
0.078329 -0.948617 -0.306579
0.073049 -0.949678 -0.304590
0.068453 -0.950511 -0.303056
0.064584 -0.951126 -0.301973
0.061534 -0.951526 -0.301348
0.059474 -0.951705 -0.301199
0.058714 -0.951635 -0.301567
0.059661 -0.951284 -0.302489
0.062826 -0.950605 -0.303978
0.068780 -0.949542 -0.306005
0.078111 -0.948024 -0.308463
0.091357 -0.945960 -0.311150
0.108961 -0.943234 -0.313747
0.131144 -0.939710 -0.315826
0.157918 -0.935230 -0.316869
0.189050 -0.929627 -0.316312
0.224065 -0.922742 -0.313595
0.262258 -0.914451 -0.308221
0.302735 -0.904687 -0.299822
0.344808 -0.893376 -0.288075
0.387107 -0.880680 -0.273040
0.429356 -0.866535 -0.254502
0.469813 -0.851421 -0.233147
0.508856 -0.835185 -0.208644
0.545755 -0.818086 -0.181349
0.579580 -0.800596 -0.152096
0.610354 -0.782824 -0.121061
0.638449 -0.764632 -0.087874
0.663039 -0.746646 -0.053838
0.684601 -0.728683 -0.018511
0.703046 -0.710923 0.017719
0.718373 -0.693521 0.054481
0.730546 -0.676779 0.090956
0.739946 -0.660412 0.127810
0.746608 -0.644643 0.164352
0.750726 -0.629483 0.200405
0.752503 -0.614915 0.235836
0.752143 -0.600915 0.270522
0.749794 -0.587315 0.304745
0.745778 -0.574389 0.337478
0.740208 -0.561865 0.369323
0.733430 -0.549910 0.399599
0.725895 -0.538720 0.427619
0.717780 -0.528162 0.453692
0.709613 -0.518494 0.477089
0.701840 -0.509876 0.497440
0.694905 -0.502485 0.514408
0.689224 -0.496503 0.527689
0.685157 -0.492107 0.537020
0.683030 -0.489490 0.542097
0.682947 -0.488734 0.542884
0.684972 -0.489924 0.539247
0.689028 -0.493117 0.531108
0.694856 -0.498259 0.518568
0.702192 -0.505387 0.501509
0.710528 -0.514349 0.480203
0.719559 -0.525331 0.454162
0.728490 -0.537985 0.424117
0.736809 -0.552399 0.389831
0.743821 -0.568488 0.351500
0.748846 -0.586331 0.308942
0.751074 -0.605973 0.262079
0.749594 -0.627149 0.211645
0.743552 -0.649717 0.158108
0.732151 -0.673423 0.102260
0.714753 -0.697917 0.045172
0.690977 -0.722779 -0.011885
0.660987 -0.747391 -0.067104
0.625167 -0.771329 -0.119235
0.584703 -0.793967 -0.166549
0.540894 -0.814937 -0.208111
0.495244 -0.833970 -0.243367
0.449432 -0.850870 -0.272089
0.404928 -0.865599 -0.294569
0.363046 -0.878202 -0.311381
0.324764 -0.888807 -0.323343
0.290734 -0.897590 -0.331369
0.261368 -0.904740 -0.336351
0.236700 -0.910469 -0.339144
0.216694 -0.914954 -0.340444
0.201024 -0.918377 -0.340842
0.189410 -0.920873 -0.340760
0.181431 -0.922569 -0.340513
0.176817 -0.923546 -0.340291
0.175301 -0.923866 -0.340207
VECTORS q2 float
-0.046864 0.988716 -0.142285
-0.046998 0.987935 -0.147567
-0.047463 0.985412 -0.163431
-0.048451 0.980658 -0.189640
-0.050279 0.972912 -0.225642
-0.053403 0.961112 -0.270945
-0.058413 0.944007 -0.324714
-0.066009 0.920286 -0.385637
-0.076791 0.889352 -0.450728
-0.091497 0.850275 -0.518325
-0.110529 0.803360 -0.585146
-0.133950 0.749762 -0.648009
-0.161577 0.691022 -0.704543
-0.192835 0.629321 -0.752841
-0.226442 0.567891 -0.791343
-0.261357 0.508849 -0.820223
-0.296237 0.454440 -0.840076
-0.329936 0.406083 -0.852196
-0.361559 0.364466 -0.858160
-0.390454 0.329716 -0.859554
-0.416471 0.301188 -0.857810
-0.439437 0.278325 -0.854067
-0.459503 0.260238 -0.849196
-0.476923 0.246051 -0.843803
-0.491895 0.235070 -0.838321
-0.504657 0.226659 -0.833035
-0.515324 0.220381 -0.828175
-0.523950 0.215901 -0.823931
-0.530597 0.212918 -0.820447
-0.535259 0.211222 -0.817853
-0.537933 0.210629 -0.816250
-0.538641 0.210963 -0.815697
-0.537408 0.212080 -0.816220
-0.534264 0.213854 -0.817819
-0.529324 0.216151 -0.820424
-0.522568 0.218902 -0.824017
-0.514231 0.221965 -0.828431
-0.504246 0.225322 -0.833646
-0.492836 0.228865 -0.839484
-0.479958 0.232587 -0.845898
-0.465801 0.236416 -0.852723
-0.450493 0.240309 -0.859830
-0.434170 0.244233 -0.867091
-0.416793 0.248197 -0.874461
-0.398653 0.252143 -0.881759
-0.379666 0.256092 -0.888972
-0.359936 0.260033 -0.896007
-0.339402 0.263981 -0.902840
-0.317787 0.267983 -0.909503
-0.294981 0.272060 -0.915953
-0.270614 0.276267 -0.922195
-0.244305 0.280665 -0.928193
-0.215720 0.285319 -0.933840
-0.184540 0.290313 -0.938970
-0.150509 0.295750 -0.943334
-0.113430 0.301767 -0.946610
-0.073347 0.308507 -0.948390
-0.030440 0.316133 -0.948226
0.014933 0.324806 -0.945663
0.062258 0.334671 -0.940276
0.110881 0.345841 -0.931718
0.160069 0.358378 -0.919752
0.209455 0.372385 -0.904134
0.257908 0.387731 -0.884957
0.305601 0.404571 -0.861934
0.350922 0.422476 -0.835684
0.394641 0.441720 -0.805693
0.436102 0.462104 -0.772189
0.474254 0.483148 -0.735969
0.509090 0.504745 -0.697180
0.540999 0.527041 -0.655399
0.568789 0.549243 -0.612218
0.592966 0.571505 -0.567251
0.613306 0.593522 -0.521141
0.629722 0.615006 -0.474572
0.642092 0.635471 -0.428829
0.650960 0.655147 -0.383449
0.656401 0.673635 -0.339638
0.658784 0.690805 -0.297979
0.658548 0.706577 -0.258966
0.656170 0.720908 -0.223009
0.652111 0.733929 -0.189998
0.646921 0.745372 -0.160976
0.640999 0.755522 -0.135306
0.634811 0.764311 -0.113329
0.628806 0.771712 -0.095204
0.623189 0.777937 -0.080308
0.618252 0.782976 -0.068648
0.614176 0.786886 -0.059985
0.611076 0.789723 -0.054073
0.609014 0.791538 -0.050685
0.608017 0.792370 -0.049637
0.608082 0.792247 -0.050806
0.609210 0.791158 -0.054142
0.611329 0.789130 -0.059584
0.614428 0.786101 -0.067253
0.618397 0.782066 -0.077185
0.623204 0.776901 -0.089676
0.628656 0.770590 -0.104800
0.634711 0.762865 -0.123205
0.640942 0.753825 -0.144709
0.647085 0.743267 -0.169812
0.652673 0.731125 -0.198681
0.657180 0.717223 -0.231747
0.659897 0.701417 -0.269351
0.659973 0.683809 -0.311191
0.656504 0.664403 -0.357171
0.648527 0.643292 -0.406925
0.635100 0.620659 -0.459815
0.615375 0.596765 -0.514962
0.588920 0.572091 -0.570864
0.555413 0.546990 -0.626353
0.515392 0.522099 -0.679547
0.469606 0.497880 -0.729100
0.419221 0.474773 -0.773851
0.365887 0.453196 -0.812859
0.311289 0.433425 -0.845720
0.257195 0.415649 -0.872403
0.205158 0.399936 -0.893287
0.156464 0.386268 -0.909019
0.112200 0.374579 -0.920381
0.072987 0.364740 -0.928245
0.039441 0.356650 -0.933405
0.011753 0.350181 -0.936608
-0.009792 0.345253 -0.938458
-0.025225 0.341780 -0.939441
-0.034428 0.339724 -0.939895
-0.037502 0.339041 -0.940024
VECTORS q3 float
0.016277 0.143178 0.989563
0.018085 0.148548 0.988740
0.023604 0.164676 0.986065
0.033014 0.191331 0.980970
0.046546 0.227965 0.972556
0.064598 0.274089 0.959532
0.087570 0.328861 0.940309
0.115770 0.390934 0.913109
0.148767 0.457223 0.876821
0.186721 0.525926 0.829781
0.228812 0.593507 0.771618
0.273946 0.656435 0.702884
0.321135 0.711884 0.624575
0.369198 0.757394 0.538560
0.416445 0.790892 0.448402
0.462136 0.812000 0.356492
0.505317 0.820945 0.265901
0.545488 0.818787 0.178972
0.582438 0.807024 0.097356
0.616057 0.787389 0.022189
0.646549 0.761451 -0.046548
0.673797 0.730908 -0.108494
0.697933 0.697128 -0.164018
0.719118 0.661233 -0.213636
0.737455 0.624321 -0.257648
0.753198 0.587165 -0.296531
0.766570 0.550598 -0.330474
0.777874 0.515351 -0.359620
0.787536 0.481780 -0.384284
0.795936 0.450300 -0.404619
0.803452 0.421159 -0.420821
0.810478 0.394255 -0.433229
0.817298 0.369564 -0.442093
0.824172 0.346821 -0.447723
0.831158 0.326181 -0.450313
0.838488 0.307049 -0.450176
0.846049 0.289630 -0.447566
0.853993 0.273409 -0.442655
0.862187 0.258447 -0.435705
0.870683 0.244415 -0.426817
0.879354 0.231282 -0.416227
0.888115 0.218948 -0.404120
0.896872 0.207337 -0.390682
0.905620 0.196275 -0.375936
0.914188 0.185838 -0.360174
0.922588 0.175912 -0.343346
0.930739 0.166559 -0.325551
0.938626 0.157834 -0.306707
0.946295 0.149809 -0.286501
0.953698 0.142736 -0.264740
0.960837 0.136877 -0.240949
0.967661 0.132578 -0.214605
0.974030 0.130241 -0.185211
0.979716 0.130268 -0.152271
0.984378 0.133011 -0.115357
0.987553 0.138732 -0.074110
0.988646 0.147541 -0.028466
0.986983 0.159388 0.021455
0.981854 0.174054 0.075287
0.972583 0.191160 0.132436
0.958606 0.210174 0.192095
0.939537 0.230449 0.253305
0.915006 0.251414 0.315523
0.885230 0.272154 0.377228
0.849860 0.292300 0.438519
0.810018 0.310799 0.497267
0.765065 0.327642 0.554370
0.715519 0.342339 0.608964
0.662699 0.354421 0.659709
0.606874 0.363895 0.706600
0.547452 0.370899 0.750154
0.486681 0.375302 0.788854
0.423925 0.377364 0.823337
0.359974 0.377253 0.853287
0.295620 0.375228 0.878529
0.232423 0.371681 0.898795
0.169500 0.366931 0.914676
0.108232 0.361457 0.926086
0.049132 0.355724 0.933299
-0.007394 0.350182 0.936652
-0.061012 0.345242 0.936528
-0.112072 0.341187 0.933291
-0.159084 0.338374 0.927467
-0.203008 0.336890 0.919398
-0.243097 0.336789 0.909658
-0.278710 0.337997 0.898932
-0.310528 0.340379 0.887533
-0.337956 0.343675 0.876170
-0.360843 0.347616 0.865422
-0.379070 0.351918 0.855839
-0.392521 0.356304 0.847924
-0.401092 0.360527 0.842108
-0.404606 0.364341 0.838779
-0.403046 0.367706 0.838061
-0.396345 0.370471 0.840037
-0.384341 0.372667 0.844631
-0.367097 0.374314 0.851545
-0.344301 0.375512 0.860492
-0.316136 0.376346 0.870874
-0.281741 0.376915 0.882359
-0.241859 0.377254 0.893971
-0.195944 0.377372 0.905094
-0.144042 0.377198 0.914863
-0.085699 0.376573 0.922415
-0.020607 0.375248 0.926695
0.050438 0.372947 0.926481
0.127013 0.369374 0.920560
0.208249 0.364249 0.907720
0.292876 0.357343 0.886865
0.379296 0.348513 0.857131
0.465048 0.337815 0.818298
0.548345 0.325350 0.770367
0.626493 0.311494 0.714477
0.697785 0.296636 0.652000
0.760912 0.281221 0.584746
0.814947 0.265771 0.515003
0.859728 0.250759 0.444958
0.895572 0.236637 0.376769
0.923276 0.223771 0.312230
0.943924 0.212435 0.252742
0.958696 0.202820 0.199415
0.968837 0.194963 0.152786
0.975442 0.188836 0.113371
0.979516 0.184275 0.081188
0.981849 0.181090 0.056378
0.983080 0.179033 0.038738
0.983641 0.177905 0.028273
0.983800 0.177545 0.024788
