# vtk DataFile Version 2.0
VTK example
ASCII
DATASET UNSTRUCTURED_GRID
POINTS  128  float
-0.000026 -0.000029 -0.000170
-0.000025 -0.000028 -0.000161
-0.000023 -0.000027 -0.000152
-0.000022 -0.000025 -0.000143
-0.000021 -0.000024 -0.000134
-0.000020 -0.000023 -0.000125
-0.000019 -0.000021 -0.000116
-0.000018 -0.000020 -0.000108
-0.000017 -0.000018 -0.000099
-0.000016 -0.000017 -0.000090
-0.000016 -0.000015 -0.000081
-0.000015 -0.000014 -0.000072
-0.000014 -0.000012 -0.000063
-0.000014 -0.000010 -0.000054
-0.000013 -0.000008 -0.000046
-0.000012 -0.000006 -0.000037
-0.000012 -0.000003 -0.000028
-0.000011 -0.000001 -0.000019
-0.000010 0.000002 -0.000011
-0.000008 0.000005 -0.000003
-0.000007 0.000009 0.000006
-0.000005 0.000012 0.000014
-0.000003 0.000017 0.000022
-0.000001 0.000021 0.000029
0.000002 0.000026 0.000036
0.000005 0.000031 0.000043
0.000008 0.000037 0.000049
0.000011 0.000043 0.000055
0.000015 0.000049 0.000060
0.000020 0.000056 0.000065
0.000024 0.000062 0.000069
0.000029 0.000069 0.000072
0.000035 0.000076 0.000075
0.000040 0.000083 0.000077
0.000046 0.000090 0.000078
0.000052 0.000096 0.000079
0.000058 0.000103 0.000079
0.000065 0.000109 0.000079
0.000072 0.000115 0.000079
0.000078 0.000121 0.000077
0.000085 0.000126 0.000076
0.000092 0.000132 0.000074
0.000100 0.000137 0.000072
0.000107 0.000142 0.000070
0.000114 0.000147 0.000067
0.000121 0.000151 0.000064
0.000129 0.000156 0.000061
0.000136 0.000160 0.000058
0.000144 0.000164 0.000055
0.000151 0.000168 0.000052
0.000159 0.000171 0.000048
0.000166 0.000175 0.000045
0.000174 0.000178 0.000042
0.000182 0.000181 0.000038
0.000190 0.000184 0.000034
0.000198 0.000186 0.000031
0.000206 0.000189 0.000027
0.000214 0.000191 0.000024
0.000222 0.000193 0.000021
0.000230 0.000194 0.000017
0.000239 0.000196 0.000014
0.000247 0.000197 0.000011
0.000256 0.000198 0.000009
0.000265 0.000199 0.000006
0.000273 0.000199 0.000004
0.000282 0.000200 0.000002
0.000291 0.000200 0.000000
0.000300 0.000200 -0.000001
0.000309 0.000201 -0.000002
0.000318 0.000201 -0.000003
0.000327 0.000201 -0.000004
0.000336 0.000202 -0.000004
0.000345 0.000202 -0.000004
0.000354 0.000202 -0.000003
0.000363 0.000203 -0.000002
0.000372 0.000203 -0.000000
0.000381 0.000204 0.000002
0.000389 0.000205 0.000005
0.000397 0.000206 0.000008
0.000405 0.000208 0.000012
0.000413 0.000209 0.000017
0.000420 0.000211 0.000023
0.000426 0.000213 0.000029
0.000432 0.000215 0.000035
0.000437 0.000218 0.000042
0.000442 0.000221 0.000050
0.000445 0.000224 0.000057
0.000448 0.000227 0.000065
0.000451 0.000231 0.000073
0.000452 0.000234 0.000081
0.000453 0.000238 0.000090
0.000454 0.000242 0.000098
0.000454 0.000246 0.000106
0.000453 0.000250 0.000114
0.000452 0.000254 0.000122
0.000451 0.000258 0.000130
0.000449 0.000262 0.000138
0.000447 0.000266 0.000146
0.000444 0.000270 0.000153
0.000441 0.000274 0.000161
0.000438 0.000278 0.000168
0.000435 0.000282 0.000176
0.000432 0.000286 0.000183
0.000428 0.000291 0.000190
0.000424 0.000295 0.000198
0.000421 0.000299 0.000205
0.000417 0.000303 0.000212
0.000414 0.000307 0.000219
0.000410 0.000311 0.000227
0.000407 0.000315 0.000234
0.000404 0.000319 0.000242
0.000401 0.000323 0.000249
0.000398 0.000327 0.000257
0.000396 0.000331 0.000265
0.000394 0.000334 0.000273
0.000393 0.000338 0.000281
0.000392 0.000342 0.000289
0.000391 0.000346 0.000297
0.000391 0.000349 0.000306
0.000391 0.000352 0.000314
0.000392 0.000355 0.000323
0.000393 0.000358 0.000331
0.000394 0.000361 0.000340
0.000395 0.000364 0.000348
0.000397 0.000366 0.000357
0.000399 0.000368 0.000365
0.000401 0.000371 0.000374
0.000402 0.000373 0.000383
CELLS  127 381
2 0 1 
2 1 2 
2 2 3 
2 3 4 
2 4 5 
2 5 6 
2 6 7 
2 7 8 
2 8 9 
2 9 10 
2 10 11 
2 11 12 
2 12 13 
2 13 14 
2 14 15 
2 15 16 
2 16 17 
2 17 18 
2 18 19 
2 19 20 
2 20 21 
2 21 22 
2 22 23 
2 23 24 
2 24 25 
2 25 26 
2 26 27 
2 27 28 
2 28 29 
2 29 30 
2 30 31 
2 31 32 
2 32 33 
2 33 34 
2 34 35 
2 35 36 
2 36 37 
2 37 38 
2 38 39 
2 39 40 
2 40 41 
2 41 42 
2 42 43 
2 43 44 
2 44 45 
2 45 46 
2 46 47 
2 47 48 
2 48 49 
2 49 50 
2 50 51 
2 51 52 
2 52 53 
2 53 54 
2 54 55 
2 55 56 
2 56 57 
2 57 58 
2 58 59 
2 59 60 
2 60 61 
2 61 62 
2 62 63 
2 63 64 
2 64 65 
2 65 66 
2 66 67 
2 67 68 
2 68 69 
2 69 70 
2 70 71 
2 71 72 
2 72 73 
2 73 74 
2 74 75 
2 75 76 
2 76 77 
2 77 78 
2 78 79 
2 79 80 
2 80 81 
2 81 82 
2 82 83 
2 83 84 
2 84 85 
2 85 86 
2 86 87 
2 87 88 
2 88 89 
2 89 90 
2 90 91 
2 91 92 
2 92 93 
2 93 94 
2 94 95 
2 95 96 
2 96 97 
2 97 98 
2 98 99 
2 99 100 
2 100 101 
2 101 102 
2 102 103 
2 103 104 
2 104 105 
2 105 106 
2 106 107 
2 107 108 
2 108 109 
2 109 110 
2 110 111 
2 111 112 
2 112 113 
2 113 114 
2 114 115 
2 115 116 
2 116 117 
2 117 118 
2 118 119 
2 119 120 
2 120 121 
2 121 122 
2 122 123 
2 123 124 
2 124 125 
2 125 126 
2 126 127 
CELL_TYPES  127
3
3
3
3
3
3
3
3
3
3
3
3
3
3
3
3
3
3
3
3
3
3
3
3
3
3
3
3
3
3
3
3
3
3
3
3
3
3
3
3
3
3
3
3
3
3
3
3
3
3
3
3
3
3
3
3
3
3
3
3
3
3
3
3
3
3
3
3
3
3
3
3
3
3
3
3
3
3
3
3
3
3
3
3
3
3
3
3
3
3
3
3
3
3
3
3
3
3
3
3
3
3
3
3
3
3
3
3
3
3
3
3
3
3
3
3
3
3
3
3
3
3
3
3
3
3
3
POINT_DATA  128
VECTORS Position float
-0.000026 -0.000029 -0.000170
-0.000025 -0.000028 -0.000161
-0.000023 -0.000027 -0.000152
-0.000022 -0.000025 -0.000143
-0.000021 -0.000024 -0.000134
-0.000020 -0.000023 -0.000125
-0.000019 -0.000021 -0.000116
-0.000018 -0.000020 -0.000108
-0.000017 -0.000018 -0.000099
-0.000016 -0.000017 -0.000090
-0.000016 -0.000015 -0.000081
-0.000015 -0.000014 -0.000072
-0.000014 -0.000012 -0.000063
-0.000014 -0.000010 -0.000054
-0.000013 -0.000008 -0.000046
-0.000012 -0.000006 -0.000037
-0.000012 -0.000003 -0.000028
-0.000011 -0.000001 -0.000019
-0.000010 0.000002 -0.000011
-0.000008 0.000005 -0.000003
-0.000007 0.000009 0.000006
-0.000005 0.000012 0.000014
-0.000003 0.000017 0.000022
-0.000001 0.000021 0.000029
0.000002 0.000026 0.000036
0.000005 0.000031 0.000043
0.000008 0.000037 0.000049
0.000011 0.000043 0.000055
0.000015 0.000049 0.000060
0.000020 0.000056 0.000065
0.000024 0.000062 0.000069
0.000029 0.000069 0.000072
0.000035 0.000076 0.000075
0.000040 0.000083 0.000077
0.000046 0.000090 0.000078
0.000052 0.000096 0.000079
0.000058 0.000103 0.000079
0.000065 0.000109 0.000079
0.000072 0.000115 0.000079
0.000078 0.000121 0.000077
0.000085 0.000126 0.000076
0.000092 0.000132 0.000074
0.000100 0.000137 0.000072
0.000107 0.000142 0.000070
0.000114 0.000147 0.000067
0.000121 0.000151 0.000064
0.000129 0.000156 0.000061
0.000136 0.000160 0.000058
0.000144 0.000164 0.000055
0.000151 0.000168 0.000052
0.000159 0.000171 0.000048
0.000166 0.000175 0.000045
0.000174 0.000178 0.000042
0.000182 0.000181 0.000038
0.000190 0.000184 0.000034
0.000198 0.000186 0.000031
0.000206 0.000189 0.000027
0.000214 0.000191 0.000024
0.000222 0.000193 0.000021
0.000230 0.000194 0.000017
0.000239 0.000196 0.000014
0.000247 0.000197 0.000011
0.000256 0.000198 0.000009
0.000265 0.000199 0.000006
0.000273 0.000199 0.000004
0.000282 0.000200 0.000002
0.000291 0.000200 0.000000
0.000300 0.000200 -0.000001
0.000309 0.000201 -0.000002
0.000318 0.000201 -0.000003
0.000327 0.000201 -0.000004
0.000336 0.000202 -0.000004
0.000345 0.000202 -0.000004
0.000354 0.000202 -0.000003
0.000363 0.000203 -0.000002
0.000372 0.000203 -0.000000
0.000381 0.000204 0.000002
0.000389 0.000205 0.000005
0.000397 0.000206 0.000008
0.000405 0.000208 0.000012
0.000413 0.000209 0.000017
0.000420 0.000211 0.000023
0.000426 0.000213 0.000029
0.000432 0.000215 0.000035
0.000437 0.000218 0.000042
0.000442 0.000221 0.000050
0.000445 0.000224 0.000057
0.000448 0.000227 0.000065
0.000451 0.000231 0.000073
0.000452 0.000234 0.000081
0.000453 0.000238 0.000090
0.000454 0.000242 0.000098
0.000454 0.000246 0.000106
0.000453 0.000250 0.000114
0.000452 0.000254 0.000122
0.000451 0.000258 0.000130
0.000449 0.000262 0.000138
0.000447 0.000266 0.000146
0.000444 0.000270 0.000153
0.000441 0.000274 0.000161
0.000438 0.000278 0.000168
0.000435 0.000282 0.000176
0.000432 0.000286 0.000183
0.000428 0.000291 0.000190
0.000424 0.000295 0.000198
0.000421 0.000299 0.000205
0.000417 0.000303 0.000212
0.000414 0.000307 0.000219
0.000410 0.000311 0.000227
0.000407 0.000315 0.000234
0.000404 0.000319 0.000242
0.000401 0.000323 0.000249
0.000398 0.000327 0.000257
0.000396 0.000331 0.000265
0.000394 0.000334 0.000273
0.000393 0.000338 0.000281
0.000392 0.000342 0.000289
0.000391 0.000346 0.000297
0.000391 0.000349 0.000306
0.000391 0.000352 0.000314
0.000392 0.000355 0.000323
0.000393 0.000358 0.000331
0.000394 0.000361 0.000340
0.000395 0.000364 0.000348
0.000397 0.000366 0.000357
0.000399 0.000368 0.000365
0.000401 0.000371 0.000374
0.000402 0.000373 0.000383
VECTORS Rotation float
0.004076 0.148742 -0.157136
0.003910 0.148813 -0.155369
0.003422 0.149061 -0.150196
0.002664 0.149585 -0.142075
0.001726 0.150539 -0.131744
0.000694 0.152129 -0.120014
-0.000337 0.154598 -0.107788
-0.001271 0.158199 -0.095978
-0.001960 0.163111 -0.085632
-0.002340 0.169614 -0.077328
-0.002308 0.177874 -0.071653
-0.001769 0.188058 -0.068963
-0.000648 0.200418 -0.069412
0.001142 0.215242 -0.073052
0.003702 0.232682 -0.079828
0.007161 0.253181 -0.089759
0.011684 0.277031 -0.102854
0.017503 0.304565 -0.119248
0.024943 0.336060 -0.139219
0.034427 0.371600 -0.163155
0.046585 0.411353 -0.191791
0.062121 0.454835 -0.225741
0.081989 0.501572 -0.265972
0.107371 0.550856 -0.313658
0.139525 0.601461 -0.369874
0.179918 0.652089 -0.435955
0.229748 0.700879 -0.512746
0.289751 0.745769 -0.600548
0.360295 0.784927 -0.699459
0.440342 0.816414 -0.807984
0.527538 0.838747 -0.923338
0.619005 0.851214 -1.042497
0.710723 0.853667 -1.161140
0.799322 0.846663 -1.275867
0.880509 0.831519 -1.381771
0.953792 0.809468 -1.478806
1.016899 0.782619 -1.564007
1.070983 0.752106 -1.638939
1.115921 0.719812 -1.703049
1.153107 0.686615 -1.757940
1.183298 0.653755 -1.804184
1.207534 0.622011 -1.842816
1.226792 0.591906 -1.874856
1.242090 0.563411 -1.901547
1.254007 0.536877 -1.923437
1.263256 0.511933 -1.941468
1.270305 0.488404 -1.956217
1.275572 0.465878 -1.968256
1.279396 0.443765 -1.978079
1.281952 0.421752 -1.985880
1.283364 0.399401 -1.991758
1.283688 0.376389 -1.995645
1.282939 0.352553 -1.997363
1.281132 0.327819 -1.996675
1.278298 0.302227 -1.993333
1.274498 0.275877 -1.987110
1.269834 0.249021 -1.977855
1.264441 0.221955 -1.965493
1.258482 0.195044 -1.950042
1.252133 0.168718 -1.931632
1.245569 0.143468 -1.910510
1.238939 0.119825 -1.887035
1.232365 0.098141 -1.861448
1.225906 0.079083 -1.834414
1.219611 0.062729 -1.805898
1.213405 0.049697 -1.776847
1.207307 0.039760 -1.746647
1.201246 0.032976 -1.715336
1.195077 0.029329 -1.683085
1.188735 0.028580 -1.649113
1.182216 0.030513 -1.611949
1.175293 0.034877 -1.571716
1.167923 0.041628 -1.526619
1.159923 0.050721 -1.475870
1.151073 0.062210 -1.418871
1.141098 0.076077 -1.356060
1.129739 0.092848 -1.285929
1.116676 0.112480 -1.209727
1.101625 0.135009 -1.128203
1.084353 0.160291 -1.042332
1.064716 0.187936 -0.953253
1.042500 0.217630 -0.861059
1.018203 0.247798 -0.769196
0.991647 0.278227 -0.676460
0.963421 0.307577 -0.584897
0.934358 0.334711 -0.496413
0.904323 0.359683 -0.409500
0.874123 0.381775 -0.325710
0.844205 0.400855 -0.245368
0.814928 0.416982 -0.168649
0.786579 0.430343 -0.095658
0.759378 0.441204 -0.026455
0.733877 0.449765 0.038091
0.709464 0.456540 0.099520
0.686954 0.461635 0.156271
0.666089 0.465382 0.208988
0.647258 0.467954 0.256958
0.630224 0.469557 0.300693
0.615343 0.470302 0.339532
0.602208 0.470307 0.374260
0.591419 0.469664 0.403743
0.582906 0.468494 0.428087
0.576832 0.466955 0.446960
0.573228 0.465212 0.460239
0.572169 0.463436 0.467704
0.573798 0.461809 0.469032
0.578175 0.460441 0.464022
0.585339 0.459373 0.452511
0.595297 0.458536 0.434400
0.608021 0.457737 0.409660
0.623350 0.456651 0.378559
0.641133 0.454806 0.341287
0.660925 0.451655 0.298685
0.682248 0.446610 0.251590
0.704477 0.439130 0.201128
0.726819 0.428836 0.148815
0.748500 0.415551 0.096163
0.768775 0.399399 0.044763
0.787065 0.380792 -0.003992
0.802993 0.360417 -0.048957
0.816373 0.339212 -0.089210
0.827271 0.318148 -0.124300
0.835827 0.298327 -0.153844
0.842329 0.280649 -0.177872
0.847021 0.266023 -0.196331
0.850181 0.255051 -0.209421
0.851981 0.248302 -0.217172
0.852569 0.246012 -0.219750
VECTORS ControlForce float
-0.000000 0.000000 0.000000
0.000267 0.000073 -0.000097
0.000506 0.000140 -0.000172
0.000695 0.000193 -0.000225
0.000818 0.000230 -0.000280
0.000864 0.000249 -0.000343
0.000826 0.000245 -0.000383
0.000717 0.000227 -0.000398
0.000555 0.000207 -0.000401
0.000371 0.000200 -0.000389
0.000192 0.000213 -0.000369
0.000048 0.000249 -0.000348
-0.000043 0.000303 -0.000327
-0.000076 0.000359 -0.000292
-0.000055 0.000409 -0.000263
0.000008 0.000438 -0.000235
0.000093 0.000425 -0.000192
0.000187 0.000375 -0.000151
0.000274 0.000279 -0.000100
0.000341 0.000146 -0.000044
0.000378 -0.000004 0.000006
0.000377 -0.000149 0.000036
0.000325 -0.000295 0.000064
0.000224 -0.000434 0.000092
0.000090 -0.000542 0.000105
-0.000052 -0.000602 0.000095
-0.000186 -0.000617 0.000065
-0.000283 -0.000573 0.000009
-0.000334 -0.000480 -0.000060
-0.000346 -0.000365 -0.000127
-0.000319 -0.000228 -0.000190
-0.000274 -0.000094 -0.000233
-0.000235 0.000012 -0.000250
-0.000218 0.000085 -0.000246
-0.000222 0.000134 -0.000237
-0.000239 0.000165 -0.000223
-0.000255 0.000181 -0.000214
-0.000248 0.000198 -0.000204
-0.000216 0.000209 -0.000193
-0.000142 0.000238 -0.000172
-0.000031 0.000284 -0.000144
0.000088 0.000304 -0.000116
0.000205 0.000289 -0.000087
0.000326 0.000268 -0.000049
0.000449 0.000262 -0.000001
0.000537 0.000236 0.000049
0.000568 0.000174 0.000091
0.000538 0.000079 0.000121
0.000453 -0.000038 0.000141
0.000331 -0.000158 0.000149
0.000205 -0.000236 0.000154
0.000082 -0.000279 0.000156
-0.000032 -0.000291 0.000151
-0.000133 -0.000275 0.000140
-0.000203 -0.000202 0.000127
-0.000262 -0.000113 0.000107
-0.000309 -0.000016 0.000077
-0.000334 0.000113 0.000044
-0.000346 0.000240 0.000004
-0.000340 0.000362 -0.000041
-0.000319 0.000449 -0.000094
-0.000277 0.000491 -0.000150
-0.000217 0.000472 -0.000204
-0.000143 0.000392 -0.000251
-0.000066 0.000260 -0.000285
-0.000015 0.000042 -0.000314
-0.000000 -0.000231 -0.000318
-0.000011 -0.000486 -0.000296
-0.000054 -0.000706 -0.000267
-0.000122 -0.000856 -0.000225
-0.000206 -0.000914 -0.000158
-0.000293 -0.000856 -0.000077
-0.000371 -0.000697 0.000024
-0.000408 -0.000423 0.000135
-0.000384 -0.000059 0.000232
-0.000302 0.000315 0.000293
-0.000160 0.000627 0.000321
0.000043 0.000845 0.000306
0.000287 0.000936 0.000243
0.000539 0.000901 0.000138
0.000753 0.000749 0.000013
0.000889 0.000528 -0.000112
0.000925 0.000283 -0.000229
0.000856 0.000073 -0.000321
0.000703 -0.000072 -0.000388
0.000495 -0.000165 -0.000420
0.000281 -0.000219 -0.000393
0.000104 -0.000228 -0.000324
-0.000015 -0.000192 -0.000244
-0.000072 -0.000142 -0.000153
-0.000076 -0.000086 -0.000070
-0.000048 -0.000038 -0.000004
-0.000007 -0.000012 0.000047
0.000030 -0.000009 0.000095
0.000054 -0.000018 0.000127
0.000083 -0.000037 0.000161
0.000110 -0.000050 0.000184
0.000142 -0.000048 0.000206
0.000172 -0.000026 0.000224
0.000188 0.000017 0.000237
0.000184 0.000076 0.000225
0.000166 0.000137 0.000191
0.000151 0.000186 0.000154
0.000140 0.000213 0.000124
0.000119 0.000214 0.000101
0.000099 0.000185 0.000080
0.000083 0.000122 0.000061
0.000048 0.000029 0.000033
0.000007 -0.000097 0.000009
-0.000042 -0.000253 -0.000004
-0.000119 -0.000426 -0.000019
-0.000242 -0.000596 -0.000052
-0.000397 -0.000741 -0.000102
-0.000560 -0.000840 -0.000160
-0.000713 -0.000873 -0.000216
-0.000862 -0.000822 -0.000285
-0.000986 -0.000688 -0.000359
-0.001071 -0.000486 -0.000431
-0.001109 -0.000244 -0.000496
-0.001090 -0.000009 -0.000536
-0.001019 0.000185 -0.000549
-0.000909 0.000318 -0.000540
-0.000764 0.000374 -0.000497
-0.000605 0.000373 -0.000439
-0.000442 0.000330 -0.000368
-0.000285 0.000251 -0.000275
-0.000138 0.000139 -0.000153
0.000000 0.000000 -0.000000
VECTORS ControlTorque float
0.000000 0.000001 -0.000000
0.000000 0.000001 -0.000000
0.000000 0.000001 -0.000000
0.000000 0.000001 -0.000000
0.000000 0.000001 -0.000000
0.000000 0.000000 -0.000000
0.000001 -0.000000 -0.000000
0.000001 -0.000001 0.000000
0.000001 -0.000001 0.000000
0.000001 -0.000001 0.000000
0.000001 -0.000001 0.000000
0.000001 -0.000001 0.000000
0.000001 -0.000001 0.000000
0.000001 -0.000001 0.000000
0.000001 -0.000001 0.000000
0.000001 -0.000001 0.000000
0.000002 -0.000001 0.000000
0.000002 -0.000001 0.000000
0.000002 -0.000001 0.000000
0.000002 -0.000001 0.000000
0.000002 -0.000001 0.000000
0.000002 -0.000001 0.000000
0.000002 -0.000002 0.000001
0.000001 -0.000001 0.000001
0.000001 -0.000002 0.000001
0.000001 -0.000001 0.000001
0.000000 -0.000001 0.000001
0.000000 -0.000001 0.000001
-0.000000 -0.000000 0.000001
-0.000001 0.000000 0.000001
-0.000001 -0.000000 0.000001
-0.000001 0.000001 0.000001
-0.000001 0.000000 0.000001
-0.000002 0.000002 -0.000000
-0.000000 -0.000000 0.000001
-0.000002 0.000002 -0.000000
-0.000001 0.000000 0.000001
-0.000002 0.000002 -0.000001
-0.000001 0.000001 0.000000
-0.000001 0.000002 -0.000001
-0.000001 0.000001 -0.000001
-0.000001 0.000001 -0.000001
-0.000001 0.000001 -0.000000
-0.000001 0.000001 -0.000001
-0.000001 0.000001 -0.000000
-0.000001 0.000001 -0.000000
-0.000001 0.000001 -0.000000
-0.000000 0.000001 0.000000
-0.000000 0.000001 0.000000
-0.000000 0.000001 0.000000
-0.000000 0.000001 0.000000
-0.000000 0.000001 0.000000
-0.000000 0.000001 0.000001
-0.000000 0.000001 0.000000
-0.000000 0.000001 0.000000
-0.000000 0.000001 0.000000
-0.000000 0.000001 0.000000
-0.000000 0.000001 0.000000
-0.000000 0.000001 -0.000000
-0.000000 0.000001 -0.000000
-0.000000 0.000001 -0.000001
-0.000000 0.000001 -0.000001
-0.000000 0.000000 -0.000001
-0.000000 0.000001 -0.000001
-0.000000 -0.000000 -0.000002
-0.000000 0.000001 -0.000001
-0.000000 0.000001 -0.000001
-0.000000 0.000000 -0.000001
-0.000000 0.000000 -0.000001
-0.000000 0.000002 -0.000001
-0.000000 0.000000 -0.000001
-0.000000 0.000002 -0.000001
-0.000000 0.000002 -0.000001
-0.000000 0.000003 -0.000001
0.000000 0.000001 -0.000001
0.000000 0.000004 -0.000002
0.000000 0.000002 -0.000001
0.000000 0.000002 -0.000002
0.000001 0.000002 -0.000002
0.000001 0.000000 -0.000001
0.000001 0.000002 -0.000002
0.000001 -0.000003 0.000000
0.000001 0.000001 -0.000001
0.000001 -0.000001 0.000000
0.000000 -0.000003 0.000001
0.000001 0.000000 -0.000000
0.000000 -0.000002 0.000001
-0.000000 -0.000002 0.000001
-0.000000 -0.000002 0.000001
-0.000000 -0.000002 0.000001
-0.000000 -0.000001 0.000001
-0.000000 -0.000003 0.000001
0.000000 0.000000 0.000000
-0.000000 -0.000003 0.000001
-0.000000 -0.000001 0.000000
-0.000000 -0.000002 0.000001
-0.000000 -0.000001 0.000000
-0.000000 -0.000002 0.000001
-0.000000 -0.000001 0.000000
-0.000001 -0.000002 0.000001
-0.000000 -0.000001 0.000001
-0.000000 -0.000002 0.000001
-0.000000 -0.000002 0.000001
-0.000000 -0.000002 0.000001
-0.000000 -0.000002 0.000001
-0.000000 -0.000002 0.000001
-0.000000 -0.000002 0.000001
-0.000000 -0.000002 0.000001
-0.000000 -0.000002 0.000001
-0.000000 -0.000002 0.000001
-0.000000 -0.000002 0.000001
-0.000000 -0.000002 0.000001
-0.000001 -0.000002 0.000001
-0.000001 -0.000001 0.000000
-0.000001 -0.000001 0.000000
-0.000001 -0.000000 -0.000000
-0.000001 0.000000 -0.000000
-0.000001 0.000001 -0.000000
-0.000000 0.000001 -0.000000
-0.000000 0.000002 -0.000001
0.000000 0.000002 -0.000001
0.000001 0.000002 -0.000001
0.000001 0.000002 -0.000001
0.000001 0.000002 -0.000001
0.000001 0.000002 -0.000001
0.000002 0.000002 -0.000001
0.000002 0.000002 -0.000001
0.000002 0.000002 -0.000001
VECTORS Curvature float
-3.645221 -111.768878 -6.145997
-13.819771 -354.146686 -19.263215
-38.220512 -749.696844 -41.221992
-75.497145 -1021.125752 -58.665022
-133.896022 -1216.826949 -74.369097
-217.417871 -1319.547899 -87.057289
-333.541600 -1335.834351 -96.791586
-467.755817 -1224.099377 -103.798526
-626.440804 -1021.833171 -108.400937
-816.509229 -770.556831 -111.285013
-1015.107247 -455.613700 -112.959283
-1235.453680 -121.011583 -114.025279
-1500.711445 223.465682 -115.002954
-1777.860739 560.894736 -116.197872
-2088.085811 889.213439 -117.939136
-2454.463609 1214.106068 -120.242988
-2847.798528 1529.548787 -123.192024
-3291.047931 1855.242461 -126.807722
-3747.945216 2184.116627 -130.943701
-4250.568979 2551.128448 -136.117136
-4754.877246 2945.199282 -141.742162
-5200.099216 3343.340847 -148.710653
-5645.059354 3792.067323 -157.108030
-6022.495009 4251.203238 -166.554604
-6332.927322 4721.888173 -177.860805
-6572.303604 5193.012076 -189.763851
-6651.998371 5582.243980 -202.092876
-6642.532629 5932.206912 -215.131764
-6553.703717 6232.659491 -226.824389
-6311.962657 6397.171231 -237.578614
-6029.083589 6524.708381 -247.167785
-5698.768554 6584.578745 -254.288182
-5374.032084 6651.549131 -258.574880
-4930.614065 6523.787925 -260.290999
-4513.489184 6426.204863 -256.241678
-4098.244675 6250.746350 -250.092693
-3639.807461 5992.029271 -236.511449
-3251.427156 5756.269392 -221.171430
-2826.328387 5416.977909 -199.988230
-2465.531520 5117.427836 -177.156647
-2082.229149 4714.705923 -151.311666
-1730.889287 4300.571247 -124.056076
-1431.216425 3952.065735 -95.609839
-1158.919143 3609.566471 -67.494761
-904.869914 3278.602480 -39.117833
-689.904072 3030.001252 -11.588720
-488.845481 2797.165419 15.304927
-312.283470 2662.741437 41.321099
-142.223565 2582.232189 66.381005
35.100646 2532.963868 90.742511
229.792461 2538.861189 114.556142
452.079478 2562.063721 138.095789
705.873989 2588.454817 161.697968
991.180144 2605.035239 185.705957
1307.319301 2605.507546 210.379180
1644.193514 2576.637854 235.956752
1988.083096 2506.437845 262.507801
2330.183880 2396.424164 290.027130
2653.815508 2240.788034 318.369361
2946.474533 2038.926733 347.267739
3171.515169 1781.816139 376.551006
3377.530885 1498.402015 405.403936
3474.702487 1166.023916 434.377901
3560.550583 810.047132 461.643720
3538.708976 435.386891 488.919735
3469.114089 43.909034 513.754962
3534.998331 -345.486948 537.670986
3489.012768 -735.493254 559.468909
3428.361441 -1097.683294 579.069245
3615.224317 -1528.641811 596.325734
3811.507272 -1937.978166 610.461759
4058.264994 -2356.531419 621.190133
4522.503471 -2878.389799 627.682990
5035.943051 -3444.175568 629.476416
5439.581354 -3949.431778 624.868419
5932.645286 -4568.286101 615.271779
6478.184127 -5292.970340 596.837731
6771.278439 -5895.602897 570.861585
6995.252690 -6512.097824 535.823682
7027.852930 -7005.408107 490.662228
7118.196836 -7602.852319 438.782368
6916.518125 -7881.463537 373.620613
6614.006757 -8005.901860 308.101111
6463.107493 -8238.298876 233.548965
5957.651356 -7928.041446 157.755443
5609.267410 -7713.629782 85.654107
5361.629858 -7552.192187 12.818043
4992.111211 -7144.380806 -52.520793
4684.736971 -6768.288504 -111.791084
4384.468292 -6367.534262 -163.211201
4133.020047 -6018.409682 -206.143683
3796.191822 -5540.210763 -241.093971
3566.013781 -5211.890625 -266.775133
3342.394238 -4900.179795 -285.785227
3054.442075 -4488.549021 -296.852953
2797.385122 -4120.516815 -302.437513
2538.778847 -3737.790099 -302.884012
2281.435198 -3345.300339 -299.769541
2060.968200 -2985.968469 -294.076703
1841.885825 -2615.194640 -286.910840
1557.606073 -2136.833806 -279.157404
1299.624318 -1695.600700 -271.334294
1013.852619 -1222.931751 -263.842040
725.077798 -758.721566 -256.658045
399.590473 -266.843685 -249.451238
42.853775 241.569361 -241.603509
-332.317048 756.022339 -232.258661
-721.138451 1275.602141 -220.549990
-1119.830226 1808.291801 -205.715759
-1499.818595 2326.697650 -187.184936
-1858.363761 2848.472892 -164.843531
-2167.051709 3350.657631 -138.974853
-2390.712639 3795.801231 -110.428851
-2545.449053 4218.104601 -80.443503
-2598.407420 4565.571205 -50.732456
-2546.625801 4822.671445 -22.957153
-2400.408626 4980.493711 1.227837
-2170.293688 5017.149503 20.646296
-1886.926983 4941.502610 34.627724
-1569.790540 4728.627292 42.975499
-1253.297790 4406.604564 46.389774
-957.672462 3970.323072 45.333297
-698.690426 3443.659901 41.216083
-485.433750 2842.510736 34.652052
-314.986171 2175.891977 26.770754
-187.081449 1491.179062 18.305174
-77.733875 681.073853 8.386431
-23.476370 218.824674 2.805853
VECTORS LocalRotation float
0.035551 -0.441766 -0.017723
0.035472 -0.443880 -0.017839
0.035237 -0.448858 -0.018111
0.034724 -0.456842 -0.018562
0.033774 -0.466995 -0.019165
0.032178 -0.478516 -0.019898
0.029683 -0.490545 -0.020731
0.026075 -0.502071 -0.021634
0.021104 -0.512275 -0.022599
0.014580 -0.520379 -0.023592
0.006296 -0.525924 -0.024606
-0.003917 -0.528541 -0.025636
-0.016319 -0.528076 -0.026674
-0.031117 -0.524536 -0.027718
-0.048650 -0.517960 -0.028779
-0.069205 -0.508442 -0.029857
-0.093207 -0.496022 -0.030959
-0.121003 -0.480696 -0.032091
-0.152870 -0.462409 -0.033258
-0.189144 -0.440935 -0.034469
-0.229836 -0.416099 -0.035725
-0.274917 -0.387621 -0.037040
-0.324083 -0.355273 -0.038427
-0.376918 -0.318851 -0.039892
-0.432907 -0.278188 -0.041453
-0.491247 -0.233367 -0.043115
-0.551008 -0.184673 -0.044886
-0.611226 -0.132517 -0.046775
-0.670915 -0.077494 -0.048774
-0.729163 -0.020313 -0.050877
-0.785217 0.038378 -0.053079
-0.838390 0.097814 -0.055352
-0.888573 0.157802 -0.057677
-0.935007 0.217173 -0.060015
-0.977958 0.276067 -0.062364
-1.016727 0.333138 -0.064643
-1.051939 0.388848 -0.066858
-1.083047 0.441882 -0.068924
-1.110648 0.492623 -0.070836
-1.134543 0.540189 -0.072539
-1.155105 0.584645 -0.074024
-1.172382 0.625492 -0.075272
-1.186751 0.662994 -0.076270
-1.198444 0.697129 -0.077007
-1.207802 0.728363 -0.077490
-1.215007 0.756865 -0.077719
-1.220342 0.783241 -0.077702
-1.223977 0.808009 -0.077445
-1.226031 0.831715 -0.076959
-1.226516 0.854894 -0.076247
-1.225316 0.877879 -0.075316
-1.222229 0.900971 -0.074172
-1.216987 0.924286 -0.072815
-1.209305 0.947797 -0.071243
-1.198895 0.971395 -0.069449
-1.185538 0.994847 -0.067429
-1.169093 1.017860 -0.065172
-1.149538 1.040063 -0.062670
-1.126968 1.061062 -0.059915
-1.101613 1.080439 -0.056901
-1.073905 1.097742 -0.053623
-1.044200 1.112621 -0.050076
-1.013258 1.124652 -0.046284
-0.981302 1.133628 -0.042214
-0.949342 1.139235 -0.037935
-0.917329 1.141424 -0.033355
-0.885673 1.140061 -0.028603
-0.854114 1.135204 -0.023673
-0.822698 1.126879 -0.018502
-0.790556 1.114894 -0.013139
-0.757159 1.099305 -0.007712
-0.721279 1.079726 -0.002096
-0.682435 1.056028 0.003557
-0.639343 1.027524 0.009225
-0.592195 0.994247 0.014870
-0.540368 0.955429 0.020522
-0.484431 0.910983 0.025985
-0.424588 0.860449 0.031259
-0.362261 0.804274 0.036269
-0.298637 0.742943 0.040927
-0.234340 0.676546 0.045151
-0.171223 0.606909 0.048805
-0.109525 0.534465 0.051913
-0.050551 0.461208 0.054356
0.005506 0.388247 0.056122
0.058374 0.316754 0.057235
0.107937 0.247789 0.057680
0.154740 0.181354 0.057500
0.198507 0.118428 0.056757
0.239529 0.059012 0.055513
0.278041 0.003009 0.053843
0.313859 -0.049203 0.051823
0.347462 -0.098279 0.049505
0.378522 -0.143743 0.047020
0.407529 -0.186317 0.044378
0.433946 -0.225181 0.041673
0.458213 -0.260917 0.038920
0.480019 -0.292960 0.036194
0.499811 -0.321817 0.033487
0.517303 -0.346920 0.030883
0.532696 -0.368438 0.028320
0.545636 -0.385795 0.025827
0.556162 -0.399074 0.023392
0.564057 -0.408071 0.021029
0.569129 -0.412696 0.018746
0.571130 -0.412810 0.016526
0.569819 -0.408293 0.014380
0.565044 -0.399085 0.012328
0.556699 -0.385105 0.010396
0.544847 -0.366397 0.008618
0.529620 -0.342932 0.007022
0.511429 -0.314918 0.005649
0.490781 -0.282542 0.004519
0.468409 -0.246221 0.003654
0.445124 -0.206460 0.003060
0.421826 -0.163947 0.002727
0.399434 -0.119574 0.002628
0.378739 -0.074308 0.002727
0.360369 -0.029219 0.002977
0.344725 0.014546 0.003329
0.331934 0.055937 0.003734
0.321929 0.093845 0.004149
0.314421 0.127452 0.004541
0.309064 0.155888 0.004884
0.305437 0.178631 0.005163
0.303168 0.195198 0.005366
0.301967 0.205055 0.005487
0.301510 0.209121 0.005538
VECTORS q1 float
0.987766 -0.004031 -0.155892
0.988037 -0.003866 -0.154170
0.988812 -0.003384 -0.149128
0.989977 -0.002635 -0.141204
0.991367 -0.001707 -0.131107
0.992819 -0.000686 -0.119622
0.994191 0.000333 -0.107631
0.995378 0.001255 -0.096030
0.996307 0.001934 -0.085844
0.996978 0.002307 -0.077645
0.997402 0.002271 -0.071999
0.997599 0.001738 -0.069238
0.997583 0.000635 -0.069485
0.997350 -0.001116 -0.072744
0.996877 -0.003603 -0.078892
0.996110 -0.006933 -0.087850
0.994975 -0.011238 -0.099487
0.993371 -0.016697 -0.113736
0.991158 -0.023545 -0.130582
0.988165 -0.032071 -0.150004
0.984149 -0.042683 -0.172132
0.978853 -0.055769 -0.196816
0.971946 -0.071809 -0.223973
0.963040 -0.091313 -0.253408
0.951760 -0.114667 -0.284613
0.937692 -0.142231 -0.317023
0.920550 -0.174050 -0.349706
0.900188 -0.209876 -0.381593
0.876479 -0.249408 -0.411802
0.849579 -0.291912 -0.439321
0.819820 -0.336475 -0.463336
0.787423 -0.382409 -0.483455
0.752877 -0.428761 -0.499340
0.716467 -0.474926 -0.511000
0.679281 -0.519507 -0.518353
0.641094 -0.562680 -0.521910
0.603264 -0.603050 -0.521923
0.565582 -0.640921 -0.518977
0.529101 -0.675471 -0.513606
0.493834 -0.706906 -0.506371
0.460421 -0.734951 -0.497855
0.429152 -0.759673 -0.488595
0.400187 -0.781257 -0.479048
0.373245 -0.800174 -0.469477
0.348508 -0.816551 -0.460203
0.325515 -0.830895 -0.451280
0.304036 -0.843513 -0.442773
0.283650 -0.854775 -0.434630
0.263802 -0.865068 -0.426693
0.244212 -0.874577 -0.418899
0.224511 -0.883498 -0.411127
0.204459 -0.891930 -0.403308
0.183957 -0.899879 -0.395445
0.163003 -0.907305 -0.387592
0.141695 -0.914128 -0.379859
0.120194 -0.920258 -0.372395
0.098781 -0.925592 -0.365406
0.077782 -0.930050 -0.359105
0.057575 -0.933581 -0.353710
0.038584 -0.936171 -0.349422
0.021267 -0.937843 -0.346408
0.006090 -0.938660 -0.344791
-0.006596 -0.938738 -0.344569
-0.016319 -0.938171 -0.345787
-0.022892 -0.937119 -0.348259
-0.026021 -0.935656 -0.351953
-0.025620 -0.933923 -0.356554
-0.021602 -0.931983 -0.361858
-0.014010 -0.929844 -0.367688
-0.002734 -0.927519 -0.373765
0.012622 -0.925017 -0.379716
0.031824 -0.922241 -0.385303
0.055561 -0.919141 -0.389990
0.084128 -0.915593 -0.393206
0.117792 -0.911435 -0.394222
0.156280 -0.906462 -0.392305
0.200434 -0.900406 -0.386129
0.249334 -0.892969 -0.374752
0.302135 -0.883827 -0.357162
0.357554 -0.872669 -0.332572
0.413919 -0.859250 -0.300599
0.469916 -0.843295 -0.260831
0.522331 -0.825167 -0.215104
0.570693 -0.804744 -0.163392
0.613101 -0.782612 -0.107821
0.648420 -0.759588 -0.050772
0.677255 -0.735709 0.007638
0.699369 -0.711762 0.065407
0.715275 -0.688191 0.121548
0.725657 -0.665326 0.175397
0.731251 -0.643393 0.226533
0.732787 -0.622541 0.274709
0.730956 -0.603146 0.319246
0.726424 -0.584710 0.361140
0.719796 -0.567802 0.399367
0.711606 -0.552200 0.434387
0.702425 -0.538174 0.465797
0.692665 -0.525543 0.493984
0.682840 -0.514568 0.518603
0.673197 -0.504962 0.540202
0.664271 -0.497169 0.558182
0.656347 -0.491141 0.572703
0.649739 -0.486986 0.583681
0.644667 -0.484710 0.591151
0.641316 -0.484345 0.595083
0.639818 -0.485964 0.595375
0.640229 -0.489582 0.591960
0.642528 -0.495206 0.584746
0.646618 -0.502830 0.573627
0.652318 -0.512437 0.558470
0.659309 -0.523943 0.539254
0.667257 -0.537304 0.515821
0.675634 -0.552294 0.488354
0.683926 -0.568694 0.456982
0.691584 -0.586189 0.422012
0.698066 -0.604326 0.384050
0.702947 -0.622622 0.343812
0.705945 -0.640535 0.302252
0.706972 -0.657550 0.260418
0.706141 -0.673214 0.219426
0.703746 -0.687145 0.180479
0.700211 -0.699148 0.144557
0.696057 -0.709084 0.112715
0.691793 -0.717001 0.085629
0.687924 -0.722953 0.064026
0.684842 -0.727092 0.048254
0.682878 -0.729506 0.038725
0.682200 -0.730302 0.035522
VECTORS q2 float
-0.019165 0.988950 -0.147005
-0.019080 0.988940 -0.147082
-0.018839 0.988905 -0.147349
-0.018464 0.988830 -0.147903
-0.017989 0.988689 -0.148898
-0.017454 0.988450 -0.150536
-0.016901 0.988074 -0.153053
-0.016362 0.987512 -0.156693
-0.015841 0.986725 -0.161626
-0.015374 0.985647 -0.168116
-0.014969 0.984219 -0.176318
-0.014647 0.982368 -0.186385
-0.014453 0.979983 -0.198555
-0.014450 0.976924 -0.213098
-0.014697 0.973045 -0.230147
-0.015320 0.968096 -0.250112
-0.016457 0.961806 -0.273237
-0.018292 0.953831 -0.299785
-0.021049 0.943768 -0.329939
-0.024982 0.931195 -0.363664
-0.030421 0.915586 -0.400969
-0.037636 0.896601 -0.441238
-0.046937 0.873882 -0.483866
-0.058629 0.847170 -0.528077
-0.072897 0.816497 -0.572729
-0.089910 0.781989 -0.616774
-0.109607 0.744193 -0.658910
-0.131732 0.703946 -0.697930
-0.156040 0.662017 -0.733065
-0.182000 0.619509 -0.763600
-0.208982 0.577526 -0.789170
-0.236555 0.536784 -0.809879
-0.264115 0.498103 -0.825916
-0.291322 0.461881 -0.837734
-0.317271 0.429018 -0.845744
-0.342162 0.399163 -0.850643
-0.365125 0.372975 -0.852979
-0.386422 0.349981 -0.853341
-0.405568 0.330360 -0.852277
-0.422719 0.313728 -0.850226
-0.437709 0.299958 -0.847606
-0.450569 0.288776 -0.844746
-0.461395 0.279885 -0.841890
-0.470430 0.272923 -0.839171
-0.477714 0.267690 -0.836739
-0.483464 0.263907 -0.834635
-0.487798 0.261383 -0.832906
-0.490842 0.259947 -0.831566
-0.492674 0.259467 -0.830632
-0.493263 0.259884 -0.830152
-0.492489 0.261178 -0.830205
-0.490145 0.263357 -0.830904
-0.485968 0.266437 -0.832374
-0.479663 0.270419 -0.834744
-0.470935 0.275277 -0.838119
-0.459510 0.280941 -0.842569
-0.445204 0.287296 -0.848089
-0.427910 0.294187 -0.854603
-0.407630 0.301436 -0.861960
-0.384502 0.308849 -0.869926
-0.358823 0.316241 -0.878201
-0.331040 0.323463 -0.886444
-0.301488 0.330410 -0.894391
-0.271018 0.337037 -0.901641
-0.239696 0.343334 -0.908112
-0.208679 0.349400 -0.913440
-0.177430 0.355256 -0.917775
-0.146098 0.361000 -0.921051
-0.114929 0.366784 -0.923180
-0.083217 0.372681 -0.924220
-0.049623 0.378698 -0.924189
-0.014283 0.385039 -0.922790
0.024327 0.391724 -0.919761
0.066737 0.398896 -0.914564
0.113162 0.406720 -0.906517
0.162782 0.415392 -0.894959
0.216152 0.425057 -0.878980
0.271407 0.435900 -0.858097
0.327011 0.448033 -0.832064
0.381286 0.461492 -0.801028
0.432613 0.476217 -0.765547
0.480240 0.492173 -0.726041
0.521991 0.508863 -0.684532
0.558526 0.526265 -0.641167
0.589253 0.543930 -0.597429
0.614160 0.561352 -0.554699
0.634382 0.578657 -0.512557
0.650159 0.595473 -0.471916
0.662087 0.611663 -0.433023
0.670723 0.627148 -0.396000
0.676563 0.641875 -0.360914
0.680037 0.655812 -0.327812
0.681562 0.668733 -0.297102
0.681436 0.681006 -0.268096
0.680056 0.692249 -0.241486
0.677674 0.702628 -0.216962
0.674650 0.711978 -0.194769
0.671158 0.720456 -0.174615
0.667523 0.727921 -0.156664
0.663777 0.734615 -0.140503
0.660316 0.740262 -0.126470
0.657276 0.744909 -0.114450
0.654889 0.748460 -0.104539
0.653320 0.750868 -0.096795
0.652744 0.752050 -0.091356
0.653355 0.751870 -0.088426
0.655252 0.750245 -0.088189
0.658462 0.747114 -0.090817
0.662919 0.742453 -0.096452
0.668447 0.736285 -0.105181
0.674743 0.728733 -0.116921
0.681440 0.719951 -0.131564
0.688057 0.710266 -0.148660
0.694142 0.700029 -0.167708
0.699296 0.689658 -0.188033
0.703223 0.679625 -0.208777
0.705797 0.670352 -0.229082
0.707066 0.662192 -0.248110
0.707231 0.655362 -0.265187
0.706589 0.649931 -0.279860
0.705466 0.645843 -0.291898
0.704157 0.642918 -0.301362
0.702887 0.640945 -0.308445
0.701797 0.639681 -0.313511
0.700955 0.638924 -0.316920
0.700373 0.638502 -0.319050
0.700039 0.638298 -0.320188
0.699931 0.638238 -0.320544
VECTORS q3 float
0.154762 0.148194 0.976774
0.153034 0.148264 0.977035
0.147973 0.148509 0.977778
0.140016 0.149028 0.978870
0.129878 0.149971 0.980123
0.118344 0.151543 0.981341
0.106297 0.153983 0.982339
0.094634 0.157540 0.982968
0.084392 0.162389 0.983111
0.076142 0.168801 0.982705
0.070462 0.176938 0.981697
0.067693 0.186951 0.980034
0.067968 0.199079 0.977624
0.071303 0.213584 0.974319
0.077594 0.230588 0.969953
0.086781 0.250485 0.964223
0.098758 0.273501 0.956788
0.113490 0.299878 0.947203
0.131008 0.329770 0.934927
0.151346 0.363107 0.919374
0.174716 0.399850 0.899775
0.201073 0.439314 0.875541
0.230472 0.480805 0.845996
0.262900 0.523417 0.810505
0.298058 0.565848 0.768750
0.335633 0.606848 0.720476
0.374932 0.644890 0.665990
0.415099 0.678537 0.606037
0.455452 0.706774 0.541326
0.495067 0.728695 0.473194
0.533125 0.743806 0.403150
0.569216 0.752081 0.332215
0.602843 0.753696 0.261768
0.633882 0.749074 0.192566
0.661753 0.738956 0.126600
0.686967 0.723920 0.063373
0.709053 0.705139 0.004814
0.728557 0.683178 -0.049723
0.745363 0.659243 -0.099155
0.759892 0.633923 -0.143893
0.772285 0.608171 -0.183587
0.782826 0.582670 -0.218356
0.791811 0.557944 -0.248462
0.799615 0.534073 -0.274559
0.806432 0.511455 -0.296786
0.812590 0.489863 -0.315802
0.818300 0.469217 -0.331994
0.823782 0.449208 -0.345825
0.829265 0.429343 -0.357749
0.834897 0.409360 -0.367929
0.840862 0.388866 -0.376476
0.847322 0.367565 -0.383330
0.854397 0.345295 -0.388299
0.862179 0.321979 -0.391122
0.870714 0.297647 -0.391490
0.880002 0.272391 -0.389100
0.889964 0.246456 -0.383698
0.900468 0.220137 -0.375095
0.911331 0.193810 -0.363200
0.922317 0.167919 -0.348043
0.933163 0.142976 -0.329794
0.943597 0.119539 -0.308764
0.953447 0.097984 -0.285197
0.962436 0.079000 -0.259761
0.970578 0.062688 -0.232483
0.977638 0.049677 -0.204343
0.983800 0.039750 -0.174808
0.989034 0.032970 -0.143959
0.993275 0.029324 -0.112005
0.996528 0.028576 -0.078204
0.998688 0.030508 -0.041122
0.999391 0.034870 -0.000919
0.998159 0.041616 0.044125
0.994218 0.050699 0.094662
0.986569 0.062170 0.151049
0.974207 0.076004 0.212473
0.955565 0.092715 0.279820
0.929608 0.112243 0.351043
0.895421 0.134599 0.424387
0.852512 0.159606 0.497745
0.800947 0.186832 0.568839
0.740641 0.215916 0.636264
0.674312 0.245270 0.696525
0.601962 0.274651 0.749806
0.526202 0.302750 0.794640
0.449844 0.328496 0.830500
0.372673 0.351977 0.858619
0.296944 0.372568 0.879214
0.223657 0.390206 0.893150
0.153469 0.405003 0.901343
0.086804 0.417183 0.904668
0.023919 0.427028 0.903922
-0.034294 0.434754 0.899896
-0.089180 0.440845 0.893142
-0.139345 0.445413 0.884415
-0.185406 0.448764 0.874206
-0.226818 0.451061 0.863190
-0.264126 0.452491 0.851756
-0.296888 0.453156 0.840540
-0.325892 0.453160 0.829723
-0.350324 0.452586 0.820023
-0.370401 0.451543 0.811734
-0.385953 0.450169 0.805225
-0.396959 0.448612 0.800731
-0.403285 0.447025 0.798455
-0.404673 0.445568 0.798567
-0.400939 0.444344 0.801128
-0.391899 0.443386 0.806117
-0.377391 0.442636 0.813418
-0.357294 0.441919 0.822829
-0.331712 0.440945 0.833987
-0.300676 0.439288 0.846534
-0.264757 0.436455 0.859890
-0.224526 0.431911 0.873522
-0.180821 0.425152 0.886876
-0.134841 0.415813 0.899399
-0.087844 0.403694 0.910667
-0.041226 0.388865 0.920372
0.003706 0.371656 0.928363
0.045794 0.352665 0.934629
0.084015 0.332744 0.939267
0.117758 0.312808 0.942488
0.146470 0.293921 0.944541
0.170013 0.276979 0.945716
0.188211 0.262896 0.946289
0.201168 0.252295 0.946509
0.208861 0.245758 0.946562
0.211423 0.243538 0.946567
