# vtk DataFile Version 2.0
VTK example
ASCII
DATASET UNSTRUCTURED_GRID
POINTS  128  float
-0.000449 -0.000115 -0.000208
-0.000447 -0.000116 -0.000200
-0.000444 -0.000117 -0.000191
-0.000442 -0.000118 -0.000182
-0.000439 -0.000119 -0.000174
-0.000436 -0.000120 -0.000165
-0.000433 -0.000121 -0.000157
-0.000429 -0.000122 -0.000149
-0.000424 -0.000123 -0.000141
-0.000419 -0.000124 -0.000134
-0.000413 -0.000125 -0.000127
-0.000407 -0.000126 -0.000121
-0.000400 -0.000127 -0.000115
-0.000392 -0.000127 -0.000110
-0.000384 -0.000127 -0.000106
-0.000375 -0.000127 -0.000103
-0.000367 -0.000127 -0.000101
-0.000358 -0.000126 -0.000099
-0.000349 -0.000125 -0.000098
-0.000340 -0.000125 -0.000098
-0.000331 -0.000123 -0.000099
-0.000322 -0.000122 -0.000101
-0.000313 -0.000121 -0.000103
-0.000305 -0.000120 -0.000105
-0.000296 -0.000118 -0.000108
-0.000288 -0.000117 -0.000111
-0.000280 -0.000115 -0.000115
-0.000272 -0.000114 -0.000119
-0.000264 -0.000113 -0.000123
-0.000256 -0.000112 -0.000128
-0.000248 -0.000110 -0.000132
-0.000241 -0.000109 -0.000137
-0.000233 -0.000108 -0.000142
-0.000226 -0.000107 -0.000147
-0.000218 -0.000106 -0.000152
-0.000211 -0.000105 -0.000157
-0.000203 -0.000104 -0.000162
-0.000196 -0.000102 -0.000167
-0.000188 -0.000101 -0.000172
-0.000181 -0.000100 -0.000176
-0.000173 -0.000098 -0.000181
-0.000165 -0.000097 -0.000185
-0.000157 -0.000096 -0.000190
-0.000149 -0.000094 -0.000194
-0.000141 -0.000093 -0.000197
-0.000133 -0.000091 -0.000200
-0.000124 -0.000089 -0.000203
-0.000116 -0.000088 -0.000206
-0.000107 -0.000086 -0.000207
-0.000098 -0.000084 -0.000209
-0.000089 -0.000082 -0.000209
-0.000081 -0.000079 -0.000209
-0.000072 -0.000077 -0.000208
-0.000064 -0.000074 -0.000207
-0.000055 -0.000071 -0.000204
-0.000047 -0.000068 -0.000201
-0.000040 -0.000065 -0.000198
-0.000033 -0.000062 -0.000193
-0.000026 -0.000058 -0.000189
-0.000020 -0.000054 -0.000183
-0.000014 -0.000050 -0.000177
-0.000009 -0.000046 -0.000171
-0.000004 -0.000042 -0.000165
0.000001 -0.000038 -0.000158
0.000004 -0.000034 -0.000151
0.000008 -0.000030 -0.000143
0.000011 -0.000026 -0.000136
0.000013 -0.000022 -0.000128
0.000015 -0.000019 -0.000120
0.000017 -0.000015 -0.000112
0.000019 -0.000011 -0.000104
0.000020 -0.000007 -0.000096
0.000022 -0.000004 -0.000087
0.000023 -0.000000 -0.000079
0.000024 0.000003 -0.000071
0.000025 0.000007 -0.000063
0.000025 0.000010 -0.000054
0.000026 0.000013 -0.000046
0.000027 0.000017 -0.000037
0.000027 0.000020 -0.000029
0.000028 0.000023 -0.000021
0.000029 0.000027 -0.000012
0.000029 0.000030 -0.000004
0.000030 0.000034 0.000004
0.000031 0.000038 0.000012
0.000032 0.000042 0.000020
0.000034 0.000046 0.000028
0.000036 0.000051 0.000036
0.000037 0.000056 0.000043
0.000040 0.000061 0.000050
0.000043 0.000066 0.000057
0.000046 0.000071 0.000063
0.000050 0.000077 0.000069
0.000054 0.000083 0.000075
0.000059 0.000089 0.000079
0.000064 0.000096 0.000083
0.000070 0.000102 0.000086
0.000077 0.000108 0.000089
0.000083 0.000114 0.000090
0.000090 0.000119 0.000091
0.000097 0.000125 0.000091
0.000105 0.000130 0.000091
0.000112 0.000135 0.000090
0.000120 0.000140 0.000088
0.000127 0.000144 0.000086
0.000135 0.000148 0.000084
0.000143 0.000152 0.000081
0.000150 0.000156 0.000077
0.000158 0.000159 0.000074
0.000165 0.000163 0.000070
0.000173 0.000166 0.000066
0.000180 0.000169 0.000061
0.000188 0.000171 0.000057
0.000195 0.000173 0.000052
0.000202 0.000176 0.000047
0.000210 0.000178 0.000042
0.000217 0.000179 0.000037
0.000224 0.000181 0.000032
0.000232 0.000182 0.000027
0.000239 0.000183 0.000022
0.000247 0.000184 0.000017
0.000254 0.000185 0.000012
0.000262 0.000185 0.000007
0.000269 0.000186 0.000002
0.000277 0.000186 -0.000003
0.000284 0.000187 -0.000008
0.000292 0.000187 -0.000012
0.000300 0.000187 -0.000017
CELLS  127 381
2 0 1 
2 1 2 
2 2 3 
2 3 4 
2 4 5 
2 5 6 
2 6 7 
2 7 8 
2 8 9 
2 9 10 
2 10 11 
2 11 12 
2 12 13 
2 13 14 
2 14 15 
2 15 16 
2 16 17 
2 17 18 
2 18 19 
2 19 20 
2 20 21 
2 21 22 
2 22 23 
2 23 24 
2 24 25 
2 25 26 
2 26 27 
2 27 28 
2 28 29 
2 29 30 
2 30 31 
2 31 32 
2 32 33 
2 33 34 
2 34 35 
2 35 36 
2 36 37 
2 37 38 
2 38 39 
2 39 40 
2 40 41 
2 41 42 
2 42 43 
2 43 44 
2 44 45 
2 45 46 
2 46 47 
2 47 48 
2 48 49 
2 49 50 
2 50 51 
2 51 52 
2 52 53 
2 53 54 
2 54 55 
2 55 56 
2 56 57 
2 57 58 
2 58 59 
2 59 60 
2 60 61 
2 61 62 
2 62 63 
2 63 64 
2 64 65 
2 65 66 
2 66 67 
2 67 68 
2 68 69 
2 69 70 
2 70 71 
2 71 72 
2 72 73 
2 73 74 
2 74 75 
2 75 76 
2 76 77 
2 77 78 
2 78 79 
2 79 80 
2 80 81 
2 81 82 
2 82 83 
2 83 84 
2 84 85 
2 85 86 
2 86 87 
2 87 88 
2 88 89 
2 89 90 
2 90 91 
2 91 92 
2 92 93 
2 93 94 
2 94 95 
2 95 96 
2 96 97 
2 97 98 
2 98 99 
2 99 100 
2 100 101 
2 101 102 
2 102 103 
2 103 104 
2 104 105 
2 105 106 
2 106 107 
2 107 108 
2 108 109 
2 109 110 
2 110 111 
2 111 112 
2 112 113 
2 113 114 
2 114 115 
2 115 116 
2 116 117 
2 117 118 
2 118 119 
2 119 120 
2 120 121 
2 121 122 
2 122 123 
2 123 124 
2 124 125 
2 125 126 
2 126 127 
CELL_TYPES  127
3
3
3
3
3
3
3
3
3
3
3
3
3
3
3
3
3
3
3
3
3
3
3
3
3
3
3
3
3
3
3
3
3
3
3
3
3
3
3
3
3
3
3
3
3
3
3
3
3
3
3
3
3
3
3
3
3
3
3
3
3
3
3
3
3
3
3
3
3
3
3
3
3
3
3
3
3
3
3
3
3
3
3
3
3
3
3
3
3
3
3
3
3
3
3
3
3
3
3
3
3
3
3
3
3
3
3
3
3
3
3
3
3
3
3
3
3
3
3
3
3
3
3
3
3
3
3
POINT_DATA  128
VECTORS Position float
-0.000449 -0.000115 -0.000208
-0.000447 -0.000116 -0.000200
-0.000444 -0.000117 -0.000191
-0.000442 -0.000118 -0.000182
-0.000439 -0.000119 -0.000174
-0.000436 -0.000120 -0.000165
-0.000433 -0.000121 -0.000157
-0.000429 -0.000122 -0.000149
-0.000424 -0.000123 -0.000141
-0.000419 -0.000124 -0.000134
-0.000413 -0.000125 -0.000127
-0.000407 -0.000126 -0.000121
-0.000400 -0.000127 -0.000115
-0.000392 -0.000127 -0.000110
-0.000384 -0.000127 -0.000106
-0.000375 -0.000127 -0.000103
-0.000367 -0.000127 -0.000101
-0.000358 -0.000126 -0.000099
-0.000349 -0.000125 -0.000098
-0.000340 -0.000125 -0.000098
-0.000331 -0.000123 -0.000099
-0.000322 -0.000122 -0.000101
-0.000313 -0.000121 -0.000103
-0.000305 -0.000120 -0.000105
-0.000296 -0.000118 -0.000108
-0.000288 -0.000117 -0.000111
-0.000280 -0.000115 -0.000115
-0.000272 -0.000114 -0.000119
-0.000264 -0.000113 -0.000123
-0.000256 -0.000112 -0.000128
-0.000248 -0.000110 -0.000132
-0.000241 -0.000109 -0.000137
-0.000233 -0.000108 -0.000142
-0.000226 -0.000107 -0.000147
-0.000218 -0.000106 -0.000152
-0.000211 -0.000105 -0.000157
-0.000203 -0.000104 -0.000162
-0.000196 -0.000102 -0.000167
-0.000188 -0.000101 -0.000172
-0.000181 -0.000100 -0.000176
-0.000173 -0.000098 -0.000181
-0.000165 -0.000097 -0.000185
-0.000157 -0.000096 -0.000190
-0.000149 -0.000094 -0.000194
-0.000141 -0.000093 -0.000197
-0.000133 -0.000091 -0.000200
-0.000124 -0.000089 -0.000203
-0.000116 -0.000088 -0.000206
-0.000107 -0.000086 -0.000207
-0.000098 -0.000084 -0.000209
-0.000089 -0.000082 -0.000209
-0.000081 -0.000079 -0.000209
-0.000072 -0.000077 -0.000208
-0.000064 -0.000074 -0.000207
-0.000055 -0.000071 -0.000204
-0.000047 -0.000068 -0.000201
-0.000040 -0.000065 -0.000198
-0.000033 -0.000062 -0.000193
-0.000026 -0.000058 -0.000189
-0.000020 -0.000054 -0.000183
-0.000014 -0.000050 -0.000177
-0.000009 -0.000046 -0.000171
-0.000004 -0.000042 -0.000165
0.000001 -0.000038 -0.000158
0.000004 -0.000034 -0.000151
0.000008 -0.000030 -0.000143
0.000011 -0.000026 -0.000136
0.000013 -0.000022 -0.000128
0.000015 -0.000019 -0.000120
0.000017 -0.000015 -0.000112
0.000019 -0.000011 -0.000104
0.000020 -0.000007 -0.000096
0.000022 -0.000004 -0.000087
0.000023 -0.000000 -0.000079
0.000024 0.000003 -0.000071
0.000025 0.000007 -0.000063
0.000025 0.000010 -0.000054
0.000026 0.000013 -0.000046
0.000027 0.000017 -0.000037
0.000027 0.000020 -0.000029
0.000028 0.000023 -0.000021
0.000029 0.000027 -0.000012
0.000029 0.000030 -0.000004
0.000030 0.000034 0.000004
0.000031 0.000038 0.000012
0.000032 0.000042 0.000020
0.000034 0.000046 0.000028
0.000036 0.000051 0.000036
0.000037 0.000056 0.000043
0.000040 0.000061 0.000050
0.000043 0.000066 0.000057
0.000046 0.000071 0.000063
0.000050 0.000077 0.000069
0.000054 0.000083 0.000075
0.000059 0.000089 0.000079
0.000064 0.000096 0.000083
0.000070 0.000102 0.000086
0.000077 0.000108 0.000089
0.000083 0.000114 0.000090
0.000090 0.000119 0.000091
0.000097 0.000125 0.000091
0.000105 0.000130 0.000091
0.000112 0.000135 0.000090
0.000120 0.000140 0.000088
0.000127 0.000144 0.000086
0.000135 0.000148 0.000084
0.000143 0.000152 0.000081
0.000150 0.000156 0.000077
0.000158 0.000159 0.000074
0.000165 0.000163 0.000070
0.000173 0.000166 0.000066
0.000180 0.000169 0.000061
0.000188 0.000171 0.000057
0.000195 0.000173 0.000052
0.000202 0.000176 0.000047
0.000210 0.000178 0.000042
0.000217 0.000179 0.000037
0.000224 0.000181 0.000032
0.000232 0.000182 0.000027
0.000239 0.000183 0.000022
0.000247 0.000184 0.000017
0.000254 0.000185 0.000012
0.000262 0.000185 0.000007
0.000269 0.000186 0.000002
0.000277 0.000186 -0.000003
0.000284 0.000187 -0.000008
0.000292 0.000187 -0.000012
0.000300 0.000187 -0.000017
VECTORS Rotation float
0.696498 -0.102143 -0.246455
0.696251 -0.102869 -0.251376
0.695461 -0.104932 -0.266279
0.694036 -0.107954 -0.291305
0.691873 -0.111331 -0.326524
0.688814 -0.114320 -0.372296
0.684739 -0.116056 -0.428889
0.679618 -0.115613 -0.496340
0.673778 -0.112126 -0.573027
0.667414 -0.104814 -0.658957
0.661116 -0.093211 -0.752205
0.655555 -0.077219 -0.850578
0.651327 -0.057042 -0.952434
0.648970 -0.033293 -1.055983
0.648902 -0.007240 -1.158360
0.651197 0.020008 -1.258658
0.655751 0.046999 -1.355304
0.662249 0.072424 -1.447341
0.670255 0.095182 -1.534108
0.679253 0.114406 -1.614967
0.688793 0.129709 -1.690086
0.698384 0.140849 -1.758932
0.707668 0.148004 -1.821627
0.716391 0.151593 -1.878425
0.724353 0.152185 -1.929380
0.731467 0.150452 -1.974823
0.737672 0.147093 -2.014827
0.742960 0.142791 -2.049466
0.747386 0.138138 -2.079059
0.751004 0.133675 -2.103748
0.753883 0.129852 -2.123726
0.756104 0.126999 -2.139336
0.757721 0.125374 -2.150756
0.758774 0.125113 -2.158186
0.759261 0.126234 -2.161599
0.759172 0.128654 -2.161076
0.758475 0.132104 -2.156614
0.757114 0.136349 -2.148110
0.755051 0.141011 -2.135656
0.752213 0.145865 -2.119065
0.748554 0.150699 -2.098341
0.744008 0.155481 -2.073307
0.738492 0.160344 -2.043680
0.731865 0.165632 -2.008768
0.724046 0.171701 -1.968507
0.714834 0.179080 -1.922138
0.704079 0.188200 -1.869576
0.691587 0.199455 -1.810706
0.677087 0.213173 -1.745285
0.660457 0.229350 -1.674087
0.641508 0.247903 -1.597554
0.620121 0.268525 -1.516405
0.596305 0.290685 -1.431670
0.570169 0.313741 -1.344392
0.541938 0.336981 -1.255643
0.511894 0.359721 -1.166312
0.480462 0.381266 -1.077403
0.448080 0.401030 -0.989687
0.415205 0.418515 -0.903825
0.382306 0.433321 -0.820391
0.349867 0.445144 -0.739942
0.318389 0.453788 -0.663047
0.288097 0.459228 -0.589704
0.259768 0.461484 -0.521128
0.233300 0.460791 -0.456754
0.209719 0.457515 -0.398464
0.188518 0.452020 -0.345046
0.169950 0.444791 -0.296949
0.154381 0.436469 -0.254950
0.141551 0.427519 -0.218591
0.130952 0.418215 -0.186911
0.122792 0.409223 -0.160441
0.116541 0.400723 -0.138197
0.112004 0.393079 -0.119862
0.108992 0.386627 -0.105115
0.107430 0.381748 -0.093830
0.107009 0.378610 -0.085491
0.107711 0.377538 -0.080060
0.109481 0.378807 -0.077461
0.112314 0.382696 -0.077721
0.116274 0.389495 -0.080991
0.121494 0.399602 -0.087632
0.128223 0.413060 -0.097942
0.136867 0.430460 -0.112827
0.147929 0.451804 -0.132981
0.162016 0.476878 -0.159155
0.180284 0.506158 -0.193220
0.203762 0.538888 -0.236215
0.233820 0.574279 -0.289652
0.271981 0.611115 -0.355075
0.319743 0.647699 -0.433835
0.378268 0.681888 -0.526789
0.447130 0.710906 -0.632588
0.527119 0.732991 -0.752400
0.613927 0.745533 -0.880229
0.704698 0.747562 -1.013032
0.793840 0.739060 -1.143980
0.878342 0.721043 -1.269954
0.954287 0.695684 -1.385940
1.022005 0.664579 -1.492849
1.079479 0.630754 -1.587275
1.128060 0.595824 -1.670768
1.168645 0.561346 -1.743978
1.202664 0.527968 -1.808535
1.231288 0.495934 -1.865772
1.255165 0.465598 -1.916103
1.275106 0.436739 -1.960435
1.291740 0.409032 -1.999473
1.305564 0.382104 -2.033786
1.316971 0.355587 -2.063835
1.326210 0.329361 -2.089780
1.333564 0.303151 -2.111969
1.339200 0.277086 -2.130419
1.343323 0.251175 -2.145306
1.346130 0.225512 -2.156786
1.347805 0.200337 -2.164991
1.348545 0.175869 -2.170105
1.348540 0.152400 -2.172343
1.347983 0.130215 -2.171981
1.347057 0.109605 -2.169376
1.345931 0.090888 -2.164988
1.344749 0.074275 -2.159355
1.343625 0.060022 -2.153111
1.342642 0.048227 -2.146876
1.341849 0.039030 -2.141290
1.341274 0.032432 -2.136860
1.340926 0.028494 -2.134032
1.340810 0.027178 -2.133055
VECTORS ControlForce float
0.000000 0.000000 0.000000
-0.000025 0.000250 0.000097
-0.000074 0.000455 0.000212
-0.000146 0.000589 0.000319
-0.000241 0.000632 0.000397
-0.000363 0.000576 0.000456
-0.000512 0.000423 0.000503
-0.000674 0.000189 0.000529
-0.000826 -0.000102 0.000511
-0.000924 -0.000409 0.000441
-0.000940 -0.000702 0.000324
-0.000835 -0.000937 0.000164
-0.000626 -0.001090 -0.000008
-0.000346 -0.001144 -0.000166
-0.000062 -0.001110 -0.000290
0.000177 -0.000998 -0.000373
0.000336 -0.000822 -0.000414
0.000398 -0.000605 -0.000420
0.000397 -0.000344 -0.000400
0.000356 -0.000063 -0.000356
0.000262 0.000184 -0.000295
0.000131 0.000374 -0.000234
-0.000002 0.000503 -0.000181
-0.000116 0.000566 -0.000139
-0.000196 0.000574 -0.000108
-0.000237 0.000540 -0.000085
-0.000233 0.000494 -0.000067
-0.000188 0.000457 -0.000050
-0.000124 0.000426 -0.000032
-0.000063 0.000392 -0.000019
-0.000021 0.000333 -0.000015
0.000006 0.000242 -0.000015
0.000031 0.000124 -0.000016
0.000060 -0.000007 -0.000014
0.000108 -0.000123 -0.000011
0.000163 -0.000202 0.000002
0.000204 -0.000234 0.000018
0.000204 -0.000222 0.000044
0.000125 -0.000190 0.000070
-0.000033 -0.000151 0.000099
-0.000230 -0.000096 0.000135
-0.000438 -0.000036 0.000172
-0.000597 0.000047 0.000219
-0.000699 0.000127 0.000270
-0.000721 0.000205 0.000318
-0.000626 0.000302 0.000366
-0.000427 0.000409 0.000398
-0.000176 0.000492 0.000401
0.000077 0.000522 0.000372
0.000313 0.000499 0.000311
0.000512 0.000431 0.000225
0.000644 0.000323 0.000122
0.000695 0.000189 0.000013
0.000669 0.000044 -0.000090
0.000578 -0.000101 -0.000175
0.000452 -0.000233 -0.000235
0.000324 -0.000336 -0.000272
0.000206 -0.000405 -0.000286
0.000105 -0.000443 -0.000280
0.000036 -0.000443 -0.000261
0.000004 -0.000401 -0.000239
0.000015 -0.000315 -0.000230
0.000048 -0.000198 -0.000235
0.000067 -0.000082 -0.000245
0.000065 0.000027 -0.000261
0.000029 0.000108 -0.000282
-0.000030 0.000164 -0.000295
-0.000100 0.000196 -0.000298
-0.000177 0.000198 -0.000296
-0.000244 0.000188 -0.000290
-0.000288 0.000187 -0.000280
-0.000304 0.000193 -0.000270
-0.000290 0.000205 -0.000248
-0.000254 0.000214 -0.000203
-0.000204 0.000220 -0.000148
-0.000147 0.000223 -0.000095
-0.000087 0.000236 -0.000044
-0.000022 0.000249 0.000010
0.000053 0.000267 0.000054
0.000143 0.000294 0.000084
0.000245 0.000314 0.000121
0.000351 0.000326 0.000162
0.000454 0.000320 0.000203
0.000540 0.000288 0.000251
0.000604 0.000221 0.000303
0.000634 0.000120 0.000347
0.000617 -0.000024 0.000410
0.000541 -0.000191 0.000473
0.000399 -0.000358 0.000518
0.000191 -0.000507 0.000534
-0.000072 -0.000630 0.000520
-0.000357 -0.000693 0.000458
-0.000626 -0.000677 0.000350
-0.000850 -0.000613 0.000228
-0.001007 -0.000505 0.000091
-0.001063 -0.000349 -0.000055
-0.001022 -0.000185 -0.000190
-0.000888 -0.000032 -0.000297
-0.000683 0.000080 -0.000360
-0.000427 0.000160 -0.000373
-0.000150 0.000191 -0.000356
0.000122 0.000187 -0.000320
0.000357 0.000147 -0.000271
0.000541 0.000107 -0.000205
0.000657 0.000081 -0.000120
0.000700 0.000070 -0.000033
0.000672 0.000059 0.000042
0.000585 0.000042 0.000098
0.000460 0.000018 0.000136
0.000325 0.000010 0.000163
0.000194 0.000010 0.000179
0.000077 0.000015 0.000187
-0.000010 0.000047 0.000191
-0.000080 0.000081 0.000185
-0.000129 0.000124 0.000176
-0.000165 0.000168 0.000159
-0.000185 0.000224 0.000138
-0.000187 0.000299 0.000117
-0.000165 0.000403 0.000101
-0.000124 0.000506 0.000086
-0.000068 0.000582 0.000068
-0.000002 0.000635 0.000056
0.000054 0.000631 0.000038
0.000089 0.000560 0.000017
0.000102 0.000455 0.000002
0.000091 0.000331 -0.000001
0.000055 0.000183 -0.000001
0.000000 -0.000000 -0.000000
VECTORS ControlTorque float
-0.000001 -0.000004 -0.000000
-0.000001 -0.000004 -0.000000
-0.000000 -0.000004 -0.000000
-0.000000 -0.000004 -0.000000
-0.000000 -0.000004 -0.000000
0.000000 -0.000004 -0.000001
0.000000 -0.000005 -0.000001
0.000001 -0.000003 -0.000001
0.000001 -0.000004 -0.000001
0.000001 -0.000003 -0.000001
0.000001 -0.000002 -0.000001
0.000001 -0.000002 -0.000001
0.000001 -0.000001 -0.000001
0.000000 0.000001 -0.000001
0.000000 0.000000 -0.000001
-0.000000 0.000002 -0.000000
-0.000000 0.000002 0.000000
-0.000000 0.000002 0.000001
-0.000000 0.000003 0.000001
-0.000000 0.000002 0.000001
-0.000000 0.000003 0.000002
-0.000000 0.000003 0.000001
-0.000000 0.000002 0.000001
-0.000000 0.000002 0.000001
-0.000000 0.000002 0.000001
-0.000000 0.000002 0.000001
-0.000000 0.000002 0.000000
-0.000000 0.000002 0.000000
-0.000000 0.000002 0.000000
-0.000000 0.000002 -0.000000
-0.000000 0.000002 -0.000000
-0.000000 0.000002 -0.000000
-0.000000 0.000002 -0.000000
-0.000001 0.000002 -0.000000
-0.000001 0.000002 -0.000000
-0.000000 0.000002 -0.000000
-0.000000 0.000002 -0.000000
-0.000000 0.000001 0.000000
-0.000000 0.000002 0.000000
-0.000000 0.000002 0.000000
-0.000000 0.000002 0.000000
-0.000000 0.000002 0.000000
-0.000001 0.000002 -0.000000
-0.000000 0.000002 -0.000000
-0.000001 0.000003 -0.000000
-0.000001 0.000002 -0.000001
-0.000001 0.000002 -0.000001
-0.000001 0.000003 -0.000001
-0.000001 0.000002 -0.000001
-0.000001 0.000002 -0.000001
-0.000000 0.000002 -0.000001
-0.000000 0.000001 -0.000001
0.000000 0.000001 -0.000001
0.000000 0.000000 -0.000001
0.000000 -0.000000 -0.000001
0.000001 -0.000001 -0.000000
0.000001 -0.000001 -0.000000
0.000001 -0.000001 0.000000
0.000000 -0.000001 0.000000
0.000000 -0.000001 0.000001
0.000000 -0.000002 0.000001
-0.000000 -0.000001 0.000001
0.000000 -0.000002 0.000001
-0.000000 -0.000000 0.000000
0.000000 -0.000003 0.000002
-0.000000 -0.000001 0.000001
-0.000000 -0.000002 0.000001
0.000000 -0.000002 0.000001
0.000000 -0.000002 0.000001
-0.000000 -0.000001 0.000000
0.000001 -0.000002 0.000001
0.000000 -0.000001 0.000000
0.000001 -0.000001 0.000001
0.000001 -0.000001 0.000000
0.000001 -0.000001 0.000000
0.000001 -0.000001 0.000000
0.000001 -0.000001 0.000000
0.000001 -0.000001 0.000000
0.000001 -0.000001 0.000000
0.000001 -0.000001 0.000000
0.000002 -0.000001 0.000000
0.000001 -0.000001 0.000000
0.000002 -0.000002 0.000001
0.000002 -0.000002 0.000001
0.000001 -0.000001 0.000001
0.000003 -0.000003 0.000001
0.000002 -0.000002 0.000001
0.000002 -0.000003 0.000001
0.000002 -0.000003 0.000001
0.000001 -0.000003 0.000001
0.000002 -0.000003 0.000002
-0.000000 -0.000001 0.000001
0.000002 -0.000004 0.000002
-0.000001 0.000000 0.000001
0.000001 -0.000002 0.000002
-0.000001 0.000001 0.000000
0.000000 -0.000001 0.000001
-0.000002 0.000002 -0.000001
0.000000 -0.000001 0.000001
-0.000002 0.000003 -0.000002
-0.000001 0.000001 -0.000001
-0.000002 0.000002 -0.000001
-0.000001 0.000002 -0.000001
-0.000001 0.000001 -0.000001
-0.000001 0.000002 -0.000001
-0.000001 0.000001 -0.000001
-0.000001 0.000001 -0.000000
-0.000001 0.000001 -0.000000
-0.000001 0.000001 0.000000
-0.000001 0.000001 -0.000000
-0.000000 0.000001 0.000000
-0.000000 0.000001 0.000000
-0.000000 0.000001 0.000000
-0.000000 0.000001 0.000000
-0.000000 0.000001 -0.000000
-0.000000 0.000001 -0.000000
-0.000000 0.000001 -0.000000
-0.000000 0.000001 -0.000000
-0.000000 0.000001 -0.000000
-0.000001 0.000001 -0.000001
-0.000001 0.000001 -0.000001
-0.000001 0.000000 -0.000001
-0.000001 0.000000 -0.000001
-0.000001 -0.000000 -0.000001
-0.000001 -0.000000 -0.000001
-0.000001 -0.000001 -0.000001
-0.000000 -0.000001 -0.000001
-0.000001 -0.000001 -0.000001
VECTORS Curvature float
-161.340338 266.310211 -16.466197
-531.106716 862.644269 -51.566203
-1200.190602 1898.289185 -111.573093
-1830.877547 2771.036796 -161.585211
-2542.992920 3641.153935 -209.304611
-3338.441405 4489.580719 -250.892952
-4267.232541 5364.027387 -285.243818
-5139.790134 6038.823445 -310.495328
-6017.571683 6600.626960 -325.748681
-6952.762907 7137.951364 -329.995574
-7687.748855 7399.814332 -322.575428
-8299.902403 7515.822332 -304.467851
-8855.921522 7577.218856 -277.256743
-9106.422693 7413.775082 -241.338434
-9126.103175 7129.706094 -203.028640
-9019.495169 6844.809319 -162.518323
-8662.623568 6478.073940 -124.938139
-8180.393936 6131.151272 -92.153638
-7541.270246 5767.201098 -65.648024
-6865.957802 5457.720490 -46.820635
-6152.998963 5169.038504 -34.131840
-5381.411467 4849.173868 -27.672481
-4682.568451 4574.122617 -25.332832
-4023.128002 4285.454630 -25.712985
-3427.092467 3986.547303 -27.445121
-2904.695028 3676.534619 -29.426219
-2418.997891 3307.696208 -30.973908
-2000.074478 2923.088342 -31.598142
-1642.946770 2527.415323 -31.174119
-1322.037404 2095.468708 -29.567932
-1055.136622 1668.462072 -26.731020
-829.553480 1244.980774 -22.643177
-634.015102 823.396868 -17.248889
-443.638164 399.119756 -10.425236
-251.891974 -25.091754 -2.197327
-52.720027 -421.524453 7.570575
176.556583 -811.685307 18.704852
424.709154 -1174.202352 31.182129
701.191163 -1516.455060 44.702454
1002.509117 -1860.258948 58.944958
1311.041645 -2190.269930 73.458076
1617.963265 -2533.646862 87.717030
1955.455836 -2970.598767 101.101124
2273.572644 -3456.756070 112.659992
2566.315390 -4007.417870 121.915724
2849.560742 -4663.474958 127.835289
3052.537493 -5315.508479 129.780376
3235.913064 -6063.646038 127.343840
3345.430754 -6798.030086 119.327882
3358.465799 -7447.435013 106.124575
3322.502873 -8073.094298 87.265911
3214.409680 -8584.247878 63.046743
3046.717913 -8957.042042 34.300946
2837.077684 -9182.817426 1.916427
2609.473736 -9282.388206 -32.561362
2378.185519 -9252.962509 -67.977681
2156.258106 -9095.445973 -102.441202
1964.194309 -8855.558129 -134.682178
1809.098876 -8543.947408 -163.414353
1697.572768 -8183.389854 -187.781478
1619.186192 -7738.899404 -207.433455
1599.348786 -7348.123276 -222.214848
1586.346233 -6846.887975 -233.119801
1615.571696 -6400.524633 -240.452247
1620.413268 -5851.970159 -245.528663
1615.780079 -5256.171593 -249.411378
1660.701026 -4876.711034 -252.738111
1622.045215 -4298.349511 -255.947771
1531.620033 -3674.501039 -259.815996
1490.468369 -3244.646317 -264.408369
1393.956799 -2778.820534 -268.985349
1253.977453 -2300.366096 -274.453673
1135.546700 -1948.892124 -279.779726
974.897604 -1596.641704 -285.103423
769.908773 -1247.606916 -290.087850
549.602310 -943.428434 -294.582633
314.850419 -681.652497 -298.165755
38.104108 -409.274368 -300.664390
-265.419591 -150.590632 -301.808402
-594.232782 108.468070 -301.324784
-987.058075 392.895579 -299.097787
-1387.461456 688.620971 -294.692237
-1834.846315 1028.617060 -288.315966
-2382.132047 1453.790989 -279.462031
-2848.776056 1867.452846 -267.616833
-3417.561914 2398.967160 -253.996963
-4062.027679 3042.071724 -236.556731
-4620.355485 3694.347959 -216.858507
-5181.242876 4422.042308 -194.503754
-5679.817661 5170.534058 -170.032410
-6157.631796 5978.831431 -144.965928
-6380.763737 6576.489794 -117.978208
-6668.199485 7304.754997 -96.741212
-6847.557928 7891.796383 -74.115020
-6787.157420 8224.387170 -60.178992
-6672.361598 8411.624208 -50.949023
-6459.291633 8440.131156 -47.005654
-6163.888442 8248.850311 -49.163803
-5909.734978 8058.723150 -49.508077
-5639.225359 7731.839248 -56.265696
-5167.290732 7083.653882 -58.375962
-4805.791363 6531.777672 -62.341896
-4412.665057 5927.001138 -64.344855
-4118.136421 5469.100774 -66.178003
-3786.799862 5002.501941 -68.240860
-3416.271877 4545.521893 -69.031943
-3073.245799 4191.919336 -69.351980
-2731.695237 3906.663539 -68.561624
-2407.036753 3707.705151 -66.215963
-2070.787282 3539.079799 -62.110094
-1737.042866 3415.994001 -55.304246
-1404.666095 3315.056014 -46.140396
-1059.887267 3193.956951 -34.032071
-729.127918 3094.543938 -19.499215
-404.255223 2976.425469 -3.058263
-92.450733 2836.309379 14.470132
198.796193 2675.038755 31.967445
462.225340 2484.724908 48.234794
689.524139 2273.792170 62.046874
865.595220 2034.223310 72.342250
983.869410 1780.727378 78.266096
1030.976591 1514.416483 79.372444
1005.960484 1245.428775 75.477527
908.229222 980.854627 66.920014
743.847717 721.455732 54.029836
534.982536 479.342257 38.434652
251.271961 214.850275 18.089478
82.029879 68.298013 5.680723
VECTORS LocalRotation float
0.940382 -0.251999 0.063517
0.937240 -0.246875 0.063208
0.929432 -0.234425 0.062472
0.915766 -0.213372 0.061241
0.895923 -0.184282 0.059558
0.869207 -0.147348 0.057468
0.834754 -0.102712 0.055039
0.792400 -0.051372 0.052357
0.741709 0.006053 0.049466
0.683066 0.068169 0.046501
0.616856 0.133914 0.043550
0.544303 0.201603 0.040705
0.466541 0.270015 0.038068
0.385466 0.337677 0.035727
0.302778 0.403636 0.033712
0.220671 0.466869 0.032058
0.140628 0.527178 0.030756
0.064364 0.584272 0.029773
-0.006810 0.638138 0.029059
-0.072149 0.689044 0.028549
-0.130977 0.737062 0.028183
-0.183211 0.782430 0.027903
-0.228835 0.825150 0.027663
-0.268257 0.865269 0.027432
-0.302018 0.902754 0.027191
-0.330642 0.937396 0.026934
-0.354700 0.968958 0.026661
-0.374716 0.997181 0.026378
-0.391194 1.021834 0.026094
-0.404618 1.042764 0.025819
-0.415415 1.059860 0.025563
-0.423960 1.073069 0.025339
-0.430593 1.082443 0.025158
-0.435449 1.087952 0.025034
-0.438613 1.089653 0.024976
-0.439984 1.087643 0.025000
-0.439420 1.082031 0.025120
-0.436706 1.073066 0.025345
-0.431593 1.060847 0.025690
-0.423900 1.045600 0.026158
-0.413440 1.027286 0.026756
-0.400169 1.005882 0.027487
-0.383930 0.980870 0.028345
-0.364840 0.951855 0.029310
-0.342893 0.918009 0.030373
-0.318424 0.878834 0.031502
-0.291709 0.833666 0.032668
-0.263184 0.782047 0.033834
-0.233437 0.723915 0.034949
-0.203059 0.659362 0.035971
-0.172782 0.589026 0.036847
-0.143189 0.513617 0.037528
-0.114846 0.434212 0.037968
-0.088210 0.352092 0.038132
-0.063543 0.268466 0.037993
-0.040972 0.184585 0.037538
-0.020442 0.101512 0.036767
-0.001783 0.020221 0.035693
0.015304 -0.058571 0.034343
0.031181 -0.134304 0.032753
0.046202 -0.206413 0.030963
0.060801 -0.274846 0.029014
0.075186 -0.338945 0.026958
0.089730 -0.399117 0.024807
0.104298 -0.454276 0.022619
0.119082 -0.505021 0.020358
0.133890 -0.550818 0.018089
0.148639 -0.592041 0.015803
0.162962 -0.628252 0.013461
0.176753 -0.659825 0.011069
0.189724 -0.686912 0.008670
0.201796 -0.710069 0.006193
0.212613 -0.729305 0.003684
0.222128 -0.745289 0.001137
0.229981 -0.758090 -0.001452
0.235994 -0.768076 -0.004116
0.239890 -0.775400 -0.006788
0.241484 -0.780327 -0.009493
0.240455 -0.782862 -0.012220
0.236555 -0.783053 -0.014957
0.229368 -0.780774 -0.017686
0.218689 -0.775911 -0.020356
0.203996 -0.768080 -0.023015
0.184978 -0.756885 -0.025575
0.161370 -0.741896 -0.028044
0.132729 -0.722396 -0.030428
0.098939 -0.697815 -0.032645
0.059691 -0.667364 -0.034694
0.015359 -0.630654 -0.036555
-0.033768 -0.587265 -0.038204
-0.087291 -0.536853 -0.039628
-0.143929 -0.480138 -0.040816
-0.203488 -0.416780 -0.041796
-0.264255 -0.348456 -0.042564
-0.326083 -0.275376 -0.043173
-0.386843 -0.200277 -0.043674
-0.446560 -0.123642 -0.044120
-0.503666 -0.048143 -0.044555
-0.558696 0.026185 -0.045005
-0.610456 0.096955 -0.045479
-0.659389 0.164041 -0.045998
-0.704558 0.225706 -0.046545
-0.746498 0.282389 -0.047121
-0.785230 0.334130 -0.047714
-0.820879 0.381354 -0.048320
-0.853449 0.424527 -0.048941
-0.882834 0.464090 -0.049567
-0.909145 0.500797 -0.050192
-0.932439 0.535314 -0.050803
-0.952698 0.568100 -0.051384
-0.969964 0.599637 -0.051916
-0.984161 0.630054 -0.052375
-0.995326 0.659542 -0.052738
-1.003435 0.688043 -0.052980
-1.008565 0.715524 -0.053083
-1.010814 0.741846 -0.053031
-1.010333 0.766793 -0.052821
-1.007340 0.790155 -0.052458
-1.002125 0.811700 -0.051958
-0.995087 0.831196 -0.051350
-0.986707 0.848482 -0.050668
-0.977590 0.863393 -0.049954
-0.968356 0.875903 -0.049252
-0.959697 0.885974 -0.048608
-0.952210 0.893689 -0.048060
-0.946433 0.899114 -0.047642
-0.942865 0.902264 -0.047386
-0.941359 0.903543 -0.047278
VECTORS q1 float
0.727955 -0.638192 -0.250584
0.726757 -0.637955 -0.254633
0.723040 -0.637215 -0.266776
0.716493 -0.635921 -0.286779
0.706630 -0.634031 -0.314132
0.692739 -0.631473 -0.348358
0.673972 -0.628216 -0.388723
0.649430 -0.624300 -0.434154
0.618789 -0.620025 -0.482358
0.581331 -0.615560 -0.532109
0.537293 -0.611333 -0.581023
0.487483 -0.607783 -0.626865
0.432863 -0.605256 -0.668053
0.374766 -0.604031 -0.703347
0.315362 -0.604296 -0.731692
0.255791 -0.606018 -0.753202
0.197463 -0.609081 -0.768133
0.141266 -0.613280 -0.777130
0.087741 -0.618374 -0.780970
0.037289 -0.624105 -0.780450
-0.010247 -0.630266 -0.776311
-0.054570 -0.636613 -0.769250
-0.095747 -0.642957 -0.759894
-0.133855 -0.649136 -0.748802
-0.168768 -0.654992 -0.736548
-0.200504 -0.660416 -0.723636
-0.228892 -0.665304 -0.710619
-0.253770 -0.669586 -0.698037
-0.275184 -0.673249 -0.686302
-0.293075 -0.676285 -0.675829
-0.307454 -0.678712 -0.666950
-0.318466 -0.680567 -0.659855
-0.326175 -0.681874 -0.654720
-0.330698 -0.682655 -0.651630
-0.332061 -0.682908 -0.650671
-0.330389 -0.682632 -0.651810
-0.325836 -0.681822 -0.654942
-0.318453 -0.680452 -0.659979
-0.308466 -0.678523 -0.666674
-0.295822 -0.676001 -0.674917
-0.280554 -0.672867 -0.684500
-0.262453 -0.669073 -0.695313
-0.241119 -0.664539 -0.707283
-0.215723 -0.659112 -0.720440
-0.185798 -0.652681 -0.734498
-0.150283 -0.645009 -0.749252
-0.108615 -0.635902 -0.764089
-0.060275 -0.625117 -0.778201
-0.004772 -0.612343 -0.790577
0.057302 -0.597414 -0.799883
0.125344 -0.580110 -0.804836
0.198195 -0.560307 -0.804223
0.274146 -0.538029 -0.797100
0.351299 -0.513426 -0.782932
0.427691 -0.486788 -0.761655
0.501612 -0.458478 -0.733610
0.571462 -0.429001 -0.699564
0.636120 -0.398863 -0.660500
0.694851 -0.368564 -0.617529
0.747275 -0.338581 -0.571788
0.793282 -0.309369 -0.524399
0.832976 -0.281355 -0.476435
0.866890 -0.254691 -0.428525
0.895102 -0.229987 -0.381965
0.918513 -0.207076 -0.336828
0.937145 -0.186774 -0.294747
0.952074 -0.168582 -0.255217
0.963751 -0.152677 -0.218801
0.972561 -0.139352 -0.186295
0.979125 -0.128381 -0.157584
0.984025 -0.119324 -0.132125
0.987510 -0.112371 -0.110440
0.989996 -0.107066 -0.091898
0.991723 -0.103246 -0.076321
0.992883 -0.100747 -0.063510
0.993604 -0.099505 -0.053382
0.994020 -0.099241 -0.045564
0.994190 -0.099932 -0.040008
0.994159 -0.101516 -0.036635
0.993949 -0.103971 -0.035427
0.993556 -0.107323 -0.036449
0.992946 -0.111647 -0.039904
0.992057 -0.117117 -0.045899
0.990760 -0.123994 -0.054962
0.988878 -0.132601 -0.067360
0.986166 -0.143312 -0.083302
0.982178 -0.156826 -0.103592
0.976420 -0.173677 -0.128221
0.968214 -0.194527 -0.157226
0.956743 -0.220019 -0.190355
0.941091 -0.250664 -0.226970
0.920340 -0.286728 -0.266012
0.894023 -0.327644 -0.305568
0.860974 -0.373851 -0.344904
0.821914 -0.423262 -0.381190
0.776881 -0.475066 -0.413242
0.727460 -0.527017 -0.439380
0.674481 -0.578121 -0.459186
0.620286 -0.626299 -0.472225
0.565188 -0.671584 -0.479101
0.512148 -0.712056 -0.480292
0.461793 -0.747883 -0.476883
0.415085 -0.779003 -0.469955
0.372054 -0.805957 -0.460445
0.332496 -0.829320 -0.449082
0.296516 -0.849412 -0.436552
0.263612 -0.866810 -0.423259
0.233246 -0.882013 -0.409450
0.204876 -0.895436 -0.395247
0.177999 -0.907406 -0.380698
0.152382 -0.918087 -0.365919
0.127640 -0.927670 -0.350909
0.103785 -0.936176 -0.335862
0.080715 -0.943669 -0.320896
0.058415 -0.950185 -0.306165
0.037001 -0.955735 -0.291892
0.016582 -0.960358 -0.278277
-0.002662 -0.964097 -0.265536
-0.020553 -0.967023 -0.253859
-0.036906 -0.969224 -0.243400
-0.051518 -0.970800 -0.234291
-0.064277 -0.971873 -0.226565
-0.075051 -0.972553 -0.220246
-0.083829 -0.972953 -0.215256
-0.090582 -0.973164 -0.211534
-0.095367 -0.973263 -0.208960
-0.098200 -0.973301 -0.207467
-0.099142 -0.973310 -0.206975
VECTORS q2 float
0.641233 0.763095 -0.080660
0.640786 0.763196 -0.083215
0.639318 0.763536 -0.091026
0.636483 0.764196 -0.104376
0.631713 0.765285 -0.123600
0.624112 0.766961 -0.149181
0.612487 0.769374 -0.181450
0.595384 0.772620 -0.220398
0.571684 0.776563 -0.264816
0.539681 0.781114 -0.314014
0.498527 0.785881 -0.365871
0.448026 0.790347 -0.417880
0.388383 0.793987 -0.467700
0.320656 0.796265 -0.512974
0.247518 0.796727 -0.551326
0.170998 0.795199 -0.581737
0.094007 0.791715 -0.603614
0.019088 0.786544 -0.617239
-0.051642 0.780116 -0.623500
-0.116472 0.772956 -0.623677
-0.174788 0.765529 -0.619205
-0.225876 0.758298 -0.611526
-0.269900 0.751572 -0.601908
-0.307383 0.745531 -0.591353
-0.338871 0.740272 -0.580658
-0.365155 0.735789 -0.570331
-0.386867 0.732045 -0.560753
-0.404606 0.728974 -0.552168
-0.419025 0.726481 -0.544649
-0.430613 0.724483 -0.538235
-0.439808 0.722899 -0.532903
-0.447043 0.721655 -0.528551
-0.452597 0.720702 -0.525113
-0.456678 0.720008 -0.522527
-0.459291 0.719574 -0.520832
-0.460436 0.719411 -0.520045
-0.459951 0.719561 -0.520266
-0.457636 0.720075 -0.521595
-0.453304 0.721009 -0.524082
-0.446695 0.722424 -0.527794
-0.437655 0.724370 -0.532679
-0.426029 0.726885 -0.538644
-0.411709 0.729998 -0.545526
-0.394489 0.733749 -0.553165
-0.374567 0.738116 -0.561146
-0.351895 0.743125 -0.569153
-0.326830 0.748749 -0.576677
-0.299781 0.754965 -0.583232
-0.271155 0.761759 -0.588386
-0.241834 0.769033 -0.591697
-0.212530 0.776701 -0.592930
-0.183999 0.784644 -0.592012
-0.156973 0.792704 -0.589050
-0.132003 0.800717 -0.584318
-0.109433 0.808527 -0.578194
-0.089357 0.816018 -0.571078
-0.071712 0.823105 -0.563343
-0.056253 0.829773 -0.555259
-0.042647 0.836060 -0.546978
-0.030536 0.842055 -0.538526
-0.019593 0.847871 -0.529841
-0.009556 0.853621 -0.520808
-0.000202 0.859451 -0.511218
0.008513 0.865352 -0.501092
0.016692 0.871436 -0.490226
0.024242 0.877496 -0.478971
0.031238 0.883629 -0.467144
0.037646 0.889696 -0.454999
0.043451 0.895472 -0.442992
0.048710 0.900896 -0.431294
0.053481 0.905991 -0.419904
0.057824 0.910522 -0.409396
0.061796 0.914533 -0.399763
0.065454 0.917946 -0.391269
0.068848 0.920690 -0.384174
0.072048 0.922665 -0.378813
0.075034 0.923864 -0.375292
0.077849 0.924188 -0.373921
0.080489 0.923544 -0.374951
0.082929 0.921816 -0.378652
0.085119 0.918855 -0.385306
0.086932 0.914425 -0.395309
0.088328 0.908378 -0.408715
0.089030 0.900275 -0.426120
0.088834 0.889835 -0.447551
0.087477 0.876797 -0.472836
0.084386 0.860438 -0.502518
0.079124 0.840524 -0.535965
0.071109 0.816738 -0.572610
0.059735 0.788903 -0.611608
0.044436 0.757055 -0.651838
0.024774 0.721498 -0.691973
0.000848 0.683276 -0.730160
-0.027938 0.642298 -0.765946
-0.060498 0.600560 -0.797288
-0.096545 0.558670 -0.823752
-0.134712 0.518194 -0.844587
-0.174465 0.479534 -0.860005
-0.214288 0.443828 -0.870113
-0.254310 0.410636 -0.875617
-0.292729 0.381008 -0.877008
-0.329403 0.354592 -0.875076
-0.363805 0.331335 -0.870553
-0.395924 0.310871 -0.864062
-0.425748 0.292902 -0.856123
-0.452901 0.277374 -0.847316
-0.477389 0.264048 -0.838080
-0.499227 0.252726 -0.828796
-0.518459 0.243229 -0.819780
-0.535149 0.235400 -0.811297
-0.549245 0.229139 -0.803633
-0.560847 0.224297 -0.796958
-0.569904 0.220777 -0.791497
-0.576476 0.218440 -0.787375
-0.580630 0.217141 -0.784677
-0.582445 0.216725 -0.783446
-0.582043 0.217026 -0.783661
-0.579588 0.217876 -0.785244
-0.575300 0.219103 -0.788051
-0.569475 0.220546 -0.791870
-0.562514 0.222055 -0.796410
-0.554873 0.223510 -0.801348
-0.547112 0.224817 -0.806304
-0.539768 0.225917 -0.810933
-0.533409 0.226780 -0.814890
-0.528475 0.227393 -0.817928
-0.525370 0.227759 -0.819825
-0.524303 0.227880 -0.820474
VECTORS q3 float
0.242696 -0.101966 0.964729
0.247422 -0.102688 0.963451
0.261696 -0.104740 0.959450
0.285530 -0.107745 0.952294
0.318767 -0.111101 0.941299
0.361381 -0.114071 0.925414
0.413063 -0.115796 0.903311
0.473031 -0.115356 0.873461
0.538774 -0.111891 0.834987
0.608932 -0.104622 0.786292
0.680284 -0.093076 0.727015
0.749422 -0.077143 0.657584
0.813504 -0.057011 0.578758
0.869902 -0.033287 0.492099
0.916123 -0.007240 0.400832
0.951489 0.020007 0.307033
0.975793 0.046981 0.213592
0.989788 0.072361 0.122819
0.994804 0.095038 0.036514
0.992494 0.114156 -0.043868
0.984553 0.129345 -0.118007
0.972626 0.140384 -0.185176
0.958116 0.147465 -0.245495
0.942124 0.151013 -0.299327
0.925572 0.151599 -0.346892
0.909099 0.149885 -0.388683
0.893276 0.146563 -0.424943
0.878575 0.142306 -0.455911
0.865270 0.137699 -0.482024
0.853627 0.133277 -0.503545
0.843825 0.129487 -0.520761
0.835902 0.126658 -0.534066
0.829919 0.125046 -0.543689
0.825884 0.124786 -0.549858
0.823886 0.125899 -0.552595
0.823919 0.128300 -0.551994
0.826000 0.131720 -0.548064
0.830155 0.135927 -0.540709
0.836280 0.140544 -0.529984
0.844365 0.145348 -0.515675
0.854253 0.150130 -0.497708
0.865805 0.154855 -0.475817
0.878839 0.159658 -0.449613
0.893220 0.164875 -0.418300
0.908393 0.170859 -0.381613
0.923897 0.178124 -0.338654
0.938821 0.187091 -0.289157
0.952102 0.198135 -0.232904
0.962524 0.211562 -0.169675
0.968624 0.227344 -0.100407
0.969082 0.245372 -0.025936
0.962737 0.265310 0.052416
0.948791 0.286609 0.132860
0.926911 0.308619 0.213517
0.897276 0.330639 0.292529
0.860465 0.352013 0.368356
0.817489 0.372096 0.439609
0.769537 0.390367 0.505397
0.717888 0.406404 0.565219
0.663812 0.419888 0.618908
0.608539 0.430588 0.666539
0.553226 0.438373 0.708357
0.498499 0.443256 0.744998
0.445779 0.445277 0.776536
0.395038 0.444656 0.803882
0.348098 0.441720 0.826868
0.304269 0.436783 0.846546
0.264134 0.430269 0.863193
0.228554 0.422742 0.876956
0.197336 0.414614 0.888343
0.169809 0.406130 0.897899
0.146563 0.397897 0.905648
0.126845 0.390084 0.912000
0.110455 0.383035 0.917106
0.097177 0.377067 0.921074
0.086948 0.372544 0.923933
0.079340 0.369629 0.925786
0.074342 0.368633 0.926597
0.071897 0.369813 0.926320
0.072026 0.373423 0.924861
0.074843 0.379721 0.922069
0.080624 0.389052 0.917681
0.089561 0.401414 0.911507
0.102317 0.417289 0.902996
0.119285 0.436589 0.891718
0.140802 0.459008 0.877204
0.167943 0.484821 0.858338
0.200858 0.513182 0.834446
0.239801 0.543229 0.804610
0.284737 0.573781 0.767920
0.335221 0.603353 0.723596
0.390335 0.630260 0.671127
0.448020 0.652521 0.611142
0.507881 0.669096 0.542557
0.566389 0.678363 0.468002
0.622202 0.679853 0.388155
0.672796 0.673593 0.305969
0.717383 0.660168 0.222575
0.754537 0.640911 0.141092
0.784786 0.616728 0.061296
0.807474 0.589754 -0.013307
0.823554 0.561191 -0.082607
0.833876 0.532326 -0.145873
0.839536 0.503779 -0.203437
0.841537 0.475854 -0.255692
0.840808 0.448957 -0.302454
0.838218 0.422987 -0.344199
0.834487 0.397721 -0.381378
0.830196 0.372873 -0.414415
0.825792 0.348140 -0.443696
0.821650 0.323438 -0.469338
0.818022 0.298529 -0.491651
0.815131 0.273554 -0.510617
0.813118 0.248542 -0.526371
0.812069 0.223605 -0.539022
0.812027 0.198999 -0.548645
0.812989 0.174964 -0.555371
0.814905 0.151811 -0.559359
0.817684 0.129848 -0.560831
0.821180 0.109386 -0.560088
0.825181 0.090763 -0.557529
0.829448 0.074206 -0.553633
0.833688 0.059986 -0.548968
0.837630 0.048208 -0.544107
0.840993 0.039020 -0.539636
0.843575 0.032426 -0.536031
0.845188 0.028490 -0.533709
0.845741 0.027174 -0.532902
