# vtk DataFile Version 2.0
VTK example
ASCII
DATASET UNSTRUCTURED_GRID
POINTS  128  float
-0.000277 -0.000078 -0.000149
-0.000269 -0.000080 -0.000153
-0.000261 -0.000083 -0.000157
-0.000254 -0.000085 -0.000162
-0.000246 -0.000087 -0.000166
-0.000239 -0.000090 -0.000170
-0.000231 -0.000092 -0.000174
-0.000223 -0.000095 -0.000178
-0.000215 -0.000097 -0.000182
-0.000208 -0.000099 -0.000186
-0.000200 -0.000101 -0.000190
-0.000192 -0.000103 -0.000194
-0.000183 -0.000105 -0.000197
-0.000175 -0.000106 -0.000201
-0.000167 -0.000107 -0.000204
-0.000158 -0.000108 -0.000207
-0.000150 -0.000108 -0.000210
-0.000141 -0.000108 -0.000212
-0.000132 -0.000108 -0.000214
-0.000123 -0.000107 -0.000216
-0.000114 -0.000106 -0.000217
-0.000105 -0.000104 -0.000218
-0.000097 -0.000102 -0.000218
-0.000088 -0.000100 -0.000217
-0.000079 -0.000097 -0.000216
-0.000071 -0.000094 -0.000215
-0.000063 -0.000090 -0.000212
-0.000055 -0.000087 -0.000209
-0.000048 -0.000083 -0.000206
-0.000041 -0.000078 -0.000201
-0.000035 -0.000074 -0.000197
-0.000029 -0.000069 -0.000191
-0.000024 -0.000065 -0.000186
-0.000019 -0.000060 -0.000179
-0.000015 -0.000056 -0.000173
-0.000011 -0.000051 -0.000166
-0.000008 -0.000046 -0.000159
-0.000005 -0.000042 -0.000152
-0.000002 -0.000038 -0.000144
0.000000 -0.000033 -0.000137
0.000002 -0.000029 -0.000129
0.000004 -0.000024 -0.000121
0.000006 -0.000020 -0.000113
0.000007 -0.000016 -0.000106
0.000009 -0.000012 -0.000098
0.000010 -0.000008 -0.000090
0.000011 -0.000003 -0.000082
0.000012 0.000001 -0.000074
0.000013 0.000005 -0.000066
0.000014 0.000009 -0.000058
0.000015 0.000013 -0.000050
0.000016 0.000017 -0.000041
0.000016 0.000020 -0.000033
0.000017 0.000024 -0.000025
0.000018 0.000028 -0.000017
0.000019 0.000032 -0.000009
0.000019 0.000036 -0.000001
0.000020 0.000040 0.000007
0.000021 0.000044 0.000015
0.000022 0.000048 0.000023
0.000024 0.000053 0.000031
0.000026 0.000057 0.000039
0.000028 0.000062 0.000046
0.000030 0.000068 0.000053
0.000033 0.000073 0.000059
0.000037 0.000079 0.000065
0.000040 0.000085 0.000071
0.000045 0.000091 0.000076
0.000049 0.000098 0.000080
0.000055 0.000104 0.000083
0.000060 0.000111 0.000086
0.000066 0.000117 0.000088
0.000072 0.000124 0.000090
0.000079 0.000130 0.000091
0.000086 0.000136 0.000091
0.000093 0.000142 0.000090
0.000100 0.000147 0.000089
0.000107 0.000152 0.000088
0.000115 0.000157 0.000086
0.000123 0.000161 0.000084
0.000130 0.000165 0.000081
0.000138 0.000168 0.000078
0.000146 0.000171 0.000075
0.000154 0.000174 0.000071
0.000162 0.000177 0.000068
0.000170 0.000179 0.000064
0.000177 0.000181 0.000060
0.000185 0.000183 0.000055
0.000193 0.000184 0.000051
0.000201 0.000185 0.000047
0.000209 0.000186 0.000043
0.000217 0.000187 0.000038
0.000225 0.000187 0.000034
0.000233 0.000187 0.000030
0.000241 0.000188 0.000026
0.000249 0.000188 0.000023
0.000258 0.000188 0.000019
0.000266 0.000188 0.000016
0.000275 0.000188 0.000013
0.000283 0.000187 0.000010
0.000292 0.000187 0.000008
0.000301 0.000187 0.000006
0.000310 0.000187 0.000004
0.000319 0.000187 0.000003
0.000328 0.000188 0.000003
0.000337 0.000188 0.000003
0.000346 0.000189 0.000004
0.000355 0.000190 0.000005
0.000364 0.000191 0.000007
0.000372 0.000192 0.000009
0.000381 0.000194 0.000012
0.000389 0.000196 0.000016
0.000396 0.000199 0.000020
0.000404 0.000202 0.000024
0.000410 0.000205 0.000030
0.000416 0.000209 0.000035
0.000422 0.000212 0.000041
0.000427 0.000216 0.000048
0.000432 0.000220 0.000054
0.000436 0.000225 0.000061
0.000439 0.000229 0.000068
0.000443 0.000233 0.000076
0.000446 0.000237 0.000083
0.000448 0.000242 0.000091
0.000451 0.000246 0.000098
0.000453 0.000250 0.000106
0.000455 0.000254 0.000114
0.000458 0.000258 0.000122
CELLS  127 381
2 0 1 
2 1 2 
2 2 3 
2 3 4 
2 4 5 
2 5 6 
2 6 7 
2 7 8 
2 8 9 
2 9 10 
2 10 11 
2 11 12 
2 12 13 
2 13 14 
2 14 15 
2 15 16 
2 16 17 
2 17 18 
2 18 19 
2 19 20 
2 20 21 
2 21 22 
2 22 23 
2 23 24 
2 24 25 
2 25 26 
2 26 27 
2 27 28 
2 28 29 
2 29 30 
2 30 31 
2 31 32 
2 32 33 
2 33 34 
2 34 35 
2 35 36 
2 36 37 
2 37 38 
2 38 39 
2 39 40 
2 40 41 
2 41 42 
2 42 43 
2 43 44 
2 44 45 
2 45 46 
2 46 47 
2 47 48 
2 48 49 
2 49 50 
2 50 51 
2 51 52 
2 52 53 
2 53 54 
2 54 55 
2 55 56 
2 56 57 
2 57 58 
2 58 59 
2 59 60 
2 60 61 
2 61 62 
2 62 63 
2 63 64 
2 64 65 
2 65 66 
2 66 67 
2 67 68 
2 68 69 
2 69 70 
2 70 71 
2 71 72 
2 72 73 
2 73 74 
2 74 75 
2 75 76 
2 76 77 
2 77 78 
2 78 79 
2 79 80 
2 80 81 
2 81 82 
2 82 83 
2 83 84 
2 84 85 
2 85 86 
2 86 87 
2 87 88 
2 88 89 
2 89 90 
2 90 91 
2 91 92 
2 92 93 
2 93 94 
2 94 95 
2 95 96 
2 96 97 
2 97 98 
2 98 99 
2 99 100 
2 100 101 
2 101 102 
2 102 103 
2 103 104 
2 104 105 
2 105 106 
2 106 107 
2 107 108 
2 108 109 
2 109 110 
2 110 111 
2 111 112 
2 112 113 
2 113 114 
2 114 115 
2 115 116 
2 116 117 
2 117 118 
2 118 119 
2 119 120 
2 120 121 
2 121 122 
2 122 123 
2 123 124 
2 124 125 
2 125 126 
2 126 127 
CELL_TYPES  127
3
3
3
3
3
3
3
3
3
3
3
3
3
3
3
3
3
3
3
3
3
3
3
3
3
3
3
3
3
3
3
3
3
3
3
3
3
3
3
3
3
3
3
3
3
3
3
3
3
3
3
3
3
3
3
3
3
3
3
3
3
3
3
3
3
3
3
3
3
3
3
3
3
3
3
3
3
3
3
3
3
3
3
3
3
3
3
3
3
3
3
3
3
3
3
3
3
3
3
3
3
3
3
3
3
3
3
3
3
3
3
3
3
3
3
3
3
3
3
3
3
3
3
3
3
3
3
POINT_DATA  128
VECTORS Position float
-0.000277 -0.000078 -0.000149
-0.000269 -0.000080 -0.000153
-0.000261 -0.000083 -0.000157
-0.000254 -0.000085 -0.000162
-0.000246 -0.000087 -0.000166
-0.000239 -0.000090 -0.000170
-0.000231 -0.000092 -0.000174
-0.000223 -0.000095 -0.000178
-0.000215 -0.000097 -0.000182
-0.000208 -0.000099 -0.000186
-0.000200 -0.000101 -0.000190
-0.000192 -0.000103 -0.000194
-0.000183 -0.000105 -0.000197
-0.000175 -0.000106 -0.000201
-0.000167 -0.000107 -0.000204
-0.000158 -0.000108 -0.000207
-0.000150 -0.000108 -0.000210
-0.000141 -0.000108 -0.000212
-0.000132 -0.000108 -0.000214
-0.000123 -0.000107 -0.000216
-0.000114 -0.000106 -0.000217
-0.000105 -0.000104 -0.000218
-0.000097 -0.000102 -0.000218
-0.000088 -0.000100 -0.000217
-0.000079 -0.000097 -0.000216
-0.000071 -0.000094 -0.000215
-0.000063 -0.000090 -0.000212
-0.000055 -0.000087 -0.000209
-0.000048 -0.000083 -0.000206
-0.000041 -0.000078 -0.000201
-0.000035 -0.000074 -0.000197
-0.000029 -0.000069 -0.000191
-0.000024 -0.000065 -0.000186
-0.000019 -0.000060 -0.000179
-0.000015 -0.000056 -0.000173
-0.000011 -0.000051 -0.000166
-0.000008 -0.000046 -0.000159
-0.000005 -0.000042 -0.000152
-0.000002 -0.000038 -0.000144
0.000000 -0.000033 -0.000137
0.000002 -0.000029 -0.000129
0.000004 -0.000024 -0.000121
0.000006 -0.000020 -0.000113
0.000007 -0.000016 -0.000106
0.000009 -0.000012 -0.000098
0.000010 -0.000008 -0.000090
0.000011 -0.000003 -0.000082
0.000012 0.000001 -0.000074
0.000013 0.000005 -0.000066
0.000014 0.000009 -0.000058
0.000015 0.000013 -0.000050
0.000016 0.000017 -0.000041
0.000016 0.000020 -0.000033
0.000017 0.000024 -0.000025
0.000018 0.000028 -0.000017
0.000019 0.000032 -0.000009
0.000019 0.000036 -0.000001
0.000020 0.000040 0.000007
0.000021 0.000044 0.000015
0.000022 0.000048 0.000023
0.000024 0.000053 0.000031
0.000026 0.000057 0.000039
0.000028 0.000062 0.000046
0.000030 0.000068 0.000053
0.000033 0.000073 0.000059
0.000037 0.000079 0.000065
0.000040 0.000085 0.000071
0.000045 0.000091 0.000076
0.000049 0.000098 0.000080
0.000055 0.000104 0.000083
0.000060 0.000111 0.000086
0.000066 0.000117 0.000088
0.000072 0.000124 0.000090
0.000079 0.000130 0.000091
0.000086 0.000136 0.000091
0.000093 0.000142 0.000090
0.000100 0.000147 0.000089
0.000107 0.000152 0.000088
0.000115 0.000157 0.000086
0.000123 0.000161 0.000084
0.000130 0.000165 0.000081
0.000138 0.000168 0.000078
0.000146 0.000171 0.000075
0.000154 0.000174 0.000071
0.000162 0.000177 0.000068
0.000170 0.000179 0.000064
0.000177 0.000181 0.000060
0.000185 0.000183 0.000055
0.000193 0.000184 0.000051
0.000201 0.000185 0.000047
0.000209 0.000186 0.000043
0.000217 0.000187 0.000038
0.000225 0.000187 0.000034
0.000233 0.000187 0.000030
0.000241 0.000188 0.000026
0.000249 0.000188 0.000023
0.000258 0.000188 0.000019
0.000266 0.000188 0.000016
0.000275 0.000188 0.000013
0.000283 0.000187 0.000010
0.000292 0.000187 0.000008
0.000301 0.000187 0.000006
0.000310 0.000187 0.000004
0.000319 0.000187 0.000003
0.000328 0.000188 0.000003
0.000337 0.000188 0.000003
0.000346 0.000189 0.000004
0.000355 0.000190 0.000005
0.000364 0.000191 0.000007
0.000372 0.000192 0.000009
0.000381 0.000194 0.000012
0.000389 0.000196 0.000016
0.000396 0.000199 0.000020
0.000404 0.000202 0.000024
0.000410 0.000205 0.000030
0.000416 0.000209 0.000035
0.000422 0.000212 0.000041
0.000427 0.000216 0.000048
0.000432 0.000220 0.000054
0.000436 0.000225 0.000061
0.000439 0.000229 0.000068
0.000443 0.000233 0.000076
0.000446 0.000237 0.000083
0.000448 0.000242 0.000091
0.000451 0.000246 0.000098
0.000453 0.000250 0.000106
0.000455 0.000254 0.000114
0.000458 0.000258 0.000122
VECTORS Rotation float
0.817971 -0.278486 -2.082282
0.817779 -0.278506 -2.081936
0.817238 -0.278455 -2.080808
0.816415 -0.278007 -2.078675
0.815386 -0.276667 -2.075254
0.814256 -0.273816 -2.070223
0.813127 -0.268775 -2.063283
0.812083 -0.260873 -2.054188
0.811056 -0.249672 -2.042927
0.810123 -0.234598 -2.029247
0.809191 -0.215457 -2.013142
0.808147 -0.192239 -1.994594
0.806908 -0.164936 -1.973406
0.805346 -0.133703 -1.949334
0.803197 -0.099186 -1.922356
0.800292 -0.061590 -1.891980
0.796332 -0.021495 -1.857926
0.790990 0.020623 -1.819790
0.783885 0.064315 -1.777149
0.774584 0.109057 -1.729701
0.762619 0.154664 -1.676838
0.747510 0.200436 -1.618587
0.728795 0.245942 -1.554726
0.706037 0.290715 -1.485078
0.678944 0.333994 -1.409903
0.647290 0.375121 -1.329274
0.611163 0.413125 -1.243886
0.570978 0.447013 -1.154773
0.527247 0.476076 -1.062695
0.481000 0.499576 -0.969256
0.433565 0.517106 -0.876327
0.386112 0.528766 -0.785255
0.340087 0.534932 -0.697964
0.296488 0.536373 -0.615589
0.256849 0.534106 -0.540588
0.221045 0.529222 -0.472327
0.190020 0.522924 -0.412630
0.163195 0.516054 -0.360384
0.140681 0.509420 -0.316035
0.121842 0.503387 -0.278504
0.106330 0.498172 -0.247320
0.093627 0.493723 -0.221606
0.083198 0.489813 -0.200404
0.074438 0.486078 -0.182542
0.066966 0.482215 -0.167307
0.060332 0.477905 -0.153778
0.054262 0.472990 -0.141409
0.048563 0.467434 -0.129799
0.043124 0.461318 -0.118714
0.038003 0.454948 -0.108302
0.033313 0.448721 -0.098847
0.029253 0.443162 -0.090847
0.026080 0.438895 -0.084972
0.024085 0.436596 -0.081983
0.023584 0.436968 -0.082686
0.024918 0.440710 -0.087899
0.028465 0.448488 -0.098404
0.034667 0.460893 -0.114963
0.044062 0.478392 -0.138311
0.057312 0.501241 -0.169184
0.075229 0.529394 -0.208326
0.098773 0.562414 -0.256496
0.129296 0.599670 -0.314907
0.167735 0.639456 -0.383888
0.216048 0.680518 -0.465390
0.274015 0.719625 -0.558028
0.343596 0.755151 -0.664062
0.423989 0.784066 -0.782006
0.511572 0.803496 -0.907127
0.603074 0.811996 -1.035827
0.695685 0.808839 -1.165459
0.782166 0.794436 -1.287361
0.860915 0.769837 -1.400267
0.929696 0.736809 -1.501587
0.987911 0.697402 -1.590503
1.035587 0.654174 -1.666583
1.075140 0.607819 -1.732980
1.107389 0.560341 -1.790271
1.133680 0.512912 -1.839923
1.155163 0.466414 -1.883194
1.172753 0.421489 -1.921039
1.187284 0.378030 -1.954520
1.199013 0.337365 -1.983187
1.208591 0.298598 -2.007921
1.216288 0.262201 -2.028422
1.222427 0.228516 -2.044438
1.227379 0.196596 -2.056320
1.231446 0.166717 -2.063894
1.234933 0.138786 -2.067217
1.238124 0.112760 -2.066402
1.241268 0.088678 -2.061590
1.244573 0.066650 -2.052913
1.248258 0.047087 -2.040586
1.252315 0.029691 -2.024331
1.256939 0.015065 -2.004519
1.262088 0.003165 -1.980870
1.267810 -0.005758 -1.953626
1.273969 -0.011745 -1.922410
1.280522 -0.014669 -1.887617
1.287168 -0.014528 -1.848392
1.293844 -0.011227 -1.805814
1.300230 -0.004606 -1.759517
1.306035 0.005495 -1.709742
1.310848 0.019382 -1.656190
1.314207 0.037379 -1.598622
1.315691 0.059520 -1.537640
1.314778 0.085903 -1.473305
1.310933 0.116424 -1.405773
1.303632 0.150757 -1.335204
1.292382 0.188340 -1.261700
1.276882 0.228091 -1.185868
1.256837 0.269046 -1.107653
1.232363 0.309585 -1.028003
1.203703 0.348342 -0.947402
1.171390 0.383962 -0.866575
1.136343 0.415153 -0.786730
1.099684 0.441014 -0.709078
1.062741 0.460996 -0.635057
1.026855 0.475024 -0.566024
0.993248 0.483457 -0.503184
0.962953 0.487021 -0.447592
0.936598 0.486740 -0.399723
0.914586 0.483789 -0.359955
0.896934 0.479365 -0.328070
0.883572 0.474615 -0.303914
0.874243 0.470478 -0.286992
0.868771 0.467711 -0.277061
0.866965 0.466735 -0.273773
VECTORS ControlForce float
-0.000000 -0.000000 0.000000
-0.000281 0.000026 -0.000025
-0.000495 0.000083 -0.000029
-0.000622 0.000157 -0.000020
-0.000666 0.000223 -0.000013
-0.000639 0.000259 -0.000006
-0.000549 0.000268 0.000013
-0.000433 0.000218 0.000034
-0.000294 0.000134 0.000054
-0.000152 0.000026 0.000073
-0.000043 -0.000117 0.000082
0.000036 -0.000264 0.000082
0.000092 -0.000383 0.000083
0.000108 -0.000481 0.000083
0.000106 -0.000526 0.000085
0.000077 -0.000535 0.000087
0.000040 -0.000496 0.000094
0.000016 -0.000408 0.000107
0.000002 -0.000293 0.000124
-0.000000 -0.000173 0.000143
0.000037 -0.000046 0.000164
0.000114 0.000066 0.000179
0.000214 0.000143 0.000182
0.000330 0.000184 0.000172
0.000430 0.000176 0.000151
0.000514 0.000140 0.000123
0.000576 0.000099 0.000087
0.000600 0.000068 0.000045
0.000599 0.000082 -0.000008
0.000583 0.000159 -0.000075
0.000536 0.000271 -0.000151
0.000458 0.000388 -0.000220
0.000357 0.000474 -0.000270
0.000248 0.000506 -0.000297
0.000144 0.000486 -0.000320
0.000034 0.000399 -0.000329
-0.000093 0.000251 -0.000327
-0.000236 0.000066 -0.000306
-0.000383 -0.000121 -0.000268
-0.000521 -0.000286 -0.000209
-0.000633 -0.000414 -0.000131
-0.000702 -0.000488 -0.000044
-0.000715 -0.000489 0.000036
-0.000670 -0.000421 0.000110
-0.000571 -0.000302 0.000178
-0.000424 -0.000143 0.000235
-0.000243 0.000022 0.000290
-0.000041 0.000191 0.000328
0.000164 0.000342 0.000356
0.000357 0.000470 0.000368
0.000520 0.000566 0.000370
0.000637 0.000625 0.000376
0.000700 0.000658 0.000378
0.000710 0.000675 0.000373
0.000672 0.000680 0.000358
0.000596 0.000671 0.000334
0.000495 0.000642 0.000301
0.000380 0.000569 0.000277
0.000261 0.000442 0.000270
0.000151 0.000273 0.000267
0.000057 0.000076 0.000256
-0.000023 -0.000154 0.000244
-0.000090 -0.000398 0.000220
-0.000143 -0.000628 0.000164
-0.000180 -0.000814 0.000077
-0.000210 -0.000952 -0.000037
-0.000225 -0.001006 -0.000158
-0.000228 -0.000965 -0.000278
-0.000217 -0.000828 -0.000402
-0.000202 -0.000622 -0.000504
-0.000184 -0.000368 -0.000566
-0.000167 -0.000088 -0.000594
-0.000155 0.000176 -0.000580
-0.000146 0.000409 -0.000529
-0.000152 0.000573 -0.000462
-0.000174 0.000645 -0.000398
-0.000193 0.000630 -0.000335
-0.000210 0.000533 -0.000283
-0.000204 0.000389 -0.000246
-0.000190 0.000201 -0.000227
-0.000159 0.000013 -0.000214
-0.000124 -0.000153 -0.000198
-0.000078 -0.000267 -0.000182
-0.000030 -0.000316 -0.000153
0.000014 -0.000297 -0.000118
0.000042 -0.000221 -0.000083
0.000039 -0.000123 -0.000038
0.000015 -0.000001 0.000019
-0.000033 0.000107 0.000074
-0.000096 0.000173 0.000120
-0.000155 0.000191 0.000156
-0.000197 0.000163 0.000180
-0.000205 0.000120 0.000200
-0.000182 0.000076 0.000230
-0.000138 0.000036 0.000257
-0.000088 0.000006 0.000278
-0.000041 0.000003 0.000292
-0.000017 0.000013 0.000304
-0.000031 0.000015 0.000315
-0.000077 0.000023 0.000338
-0.000150 0.000019 0.000355
-0.000234 -0.000008 0.000363
-0.000303 -0.000029 0.000370
-0.000331 -0.000024 0.000389
-0.000301 0.000017 0.000421
-0.000220 0.000050 0.000451
-0.000091 0.000052 0.000471
0.000080 0.000040 0.000477
0.000277 0.000030 0.000467
0.000472 -0.000004 0.000441
0.000644 -0.000042 0.000397
0.000773 -0.000065 0.000339
0.000838 -0.000091 0.000271
0.000830 -0.000093 0.000198
0.000744 -0.000088 0.000135
0.000586 -0.000068 0.000089
0.000370 -0.000035 0.000064
0.000113 0.000025 0.000049
-0.000162 0.000096 0.000045
-0.000426 0.000146 0.000057
-0.000651 0.000179 0.000077
-0.000808 0.000185 0.000103
-0.000879 0.000169 0.000126
-0.000854 0.000135 0.000141
-0.000736 0.000091 0.000140
-0.000538 0.000049 0.000116
-0.000281 0.000015 0.000069
-0.000000 -0.000000 -0.000000
VECTORS ControlTorque float
-0.000000 0.000000 0.000000
-0.000000 0.000000 0.000000
-0.000000 0.000000 -0.000000
-0.000000 0.000001 -0.000000
-0.000000 0.000001 -0.000001
-0.000000 0.000001 -0.000001
-0.000000 0.000001 -0.000001
-0.000001 0.000001 -0.000001
-0.000001 0.000001 -0.000002
-0.000001 0.000001 -0.000002
-0.000001 0.000001 -0.000002
-0.000001 0.000001 -0.000002
-0.000001 0.000001 -0.000002
-0.000000 0.000001 -0.000001
-0.000000 0.000002 -0.000001
-0.000000 0.000001 -0.000001
-0.000000 0.000002 -0.000001
-0.000000 0.000002 -0.000001
-0.000000 0.000002 -0.000000
-0.000000 0.000002 -0.000001
-0.000000 0.000002 -0.000000
-0.000000 0.000002 -0.000000
-0.000000 0.000002 -0.000000
-0.000000 0.000001 -0.000000
-0.000000 0.000001 -0.000000
-0.000000 0.000001 0.000000
-0.000000 0.000000 0.000001
-0.000000 0.000000 0.000000
-0.000000 -0.000000 0.000001
-0.000000 -0.000001 0.000001
-0.000000 -0.000001 0.000001
0.000000 -0.000002 0.000001
-0.000000 -0.000001 0.000001
0.000001 -0.000003 0.000002
0.000000 -0.000001 0.000001
0.000001 -0.000003 0.000002
0.000001 -0.000001 0.000001
0.000001 -0.000003 0.000001
0.000001 -0.000002 0.000001
0.000001 -0.000002 0.000001
0.000001 -0.000002 0.000001
0.000001 -0.000001 0.000001
0.000000 -0.000001 0.000000
0.000000 -0.000001 0.000000
-0.000000 -0.000000 0.000000
-0.000000 -0.000000 0.000000
-0.000000 -0.000000 0.000000
-0.000000 -0.000000 0.000000
-0.000000 -0.000000 0.000000
0.000000 -0.000000 0.000000
0.000000 -0.000000 0.000000
0.000001 -0.000001 0.000000
0.000001 -0.000001 0.000000
0.000001 -0.000001 0.000000
0.000001 -0.000002 0.000001
0.000002 -0.000002 0.000001
0.000002 -0.000002 0.000001
0.000002 -0.000002 0.000001
0.000002 -0.000002 0.000001
0.000003 -0.000002 0.000001
0.000002 -0.000002 0.000001
0.000003 -0.000003 0.000001
0.000002 -0.000001 0.000001
0.000003 -0.000003 0.000001
-0.000000 -0.000000 0.000000
0.000002 -0.000002 0.000001
0.000001 -0.000001 0.000001
-0.000001 0.000000 0.000001
-0.000001 0.000001 0.000001
0.000001 -0.000001 0.000002
-0.000003 0.000002 0.000000
-0.000001 0.000000 0.000002
-0.000001 0.000001 0.000001
-0.000001 0.000001 0.000001
-0.000002 0.000003 -0.000000
-0.000000 0.000001 0.000001
-0.000001 0.000002 -0.000000
-0.000001 0.000001 -0.000000
-0.000001 0.000001 -0.000001
-0.000001 0.000001 -0.000001
-0.000000 0.000001 -0.000000
-0.000001 0.000002 -0.000002
-0.000000 0.000001 -0.000000
-0.000001 0.000001 -0.000001
-0.000001 0.000002 -0.000001
-0.000000 0.000001 -0.000000
-0.000001 0.000002 -0.000001
-0.000001 0.000002 -0.000001
-0.000000 0.000002 -0.000001
-0.000000 0.000002 -0.000001
-0.000000 0.000002 -0.000001
-0.000001 0.000001 -0.000001
-0.000000 0.000002 -0.000000
-0.000001 0.000001 -0.000001
-0.000000 0.000002 -0.000001
-0.000000 0.000001 -0.000001
-0.000000 0.000002 -0.000001
-0.000000 0.000001 -0.000001
-0.000000 0.000003 -0.000001
-0.000000 0.000001 -0.000001
-0.000000 0.000002 -0.000001
-0.000000 0.000001 -0.000001
-0.000000 0.000002 -0.000001
-0.000000 0.000002 -0.000002
-0.000000 0.000001 -0.000002
-0.000000 0.000001 -0.000002
-0.000000 0.000001 -0.000002
-0.000000 0.000001 -0.000002
-0.000000 0.000001 -0.000002
0.000000 0.000000 -0.000001
0.000000 0.000001 -0.000001
0.000000 -0.000000 -0.000000
-0.000000 -0.000000 -0.000000
-0.000000 -0.000001 0.000000
-0.000000 -0.000001 0.000001
-0.000000 -0.000001 0.000001
-0.000001 -0.000002 0.000002
-0.000001 -0.000002 0.000002
-0.000001 -0.000002 0.000002
-0.000001 -0.000003 0.000002
-0.000000 -0.000002 0.000002
-0.000000 -0.000003 0.000002
0.000000 -0.000002 0.000001
0.000001 -0.000002 0.000001
0.000001 -0.000002 0.000001
0.000001 -0.000002 0.000001
0.000001 -0.000002 0.000001
0.000001 -0.000002 0.000001
VECTORS Curvature float
16.329845 -11.867315 18.351424
52.180352 -46.442988 58.187044
111.079618 -131.455823 126.834760
150.277329 -262.571833 186.397230
171.916386 -462.501905 246.373458
168.349555 -737.369476 303.179681
135.011690 -1103.048830 356.201312
67.444973 -1505.194820 404.527036
-28.498482 -1958.565556 447.585394
-142.857862 -2477.520772 485.042306
-262.520284 -2979.318520 516.566454
-372.491623 -3490.451663 542.564863
-463.551237 -4053.475766 563.299285
-510.237409 -4559.626453 578.473671
-506.463822 -5046.260850 589.301759
-451.437406 -5561.161119 594.914252
-336.722151 -6029.635758 595.755508
-170.828406 -6511.278046 591.572042
37.444523 -6950.966811 581.736673
277.774704 -7427.813115 567.349834
534.019840 -7890.555206 546.567861
788.474015 -8261.529313 521.457422
1037.531163 -8658.778899 492.009854
1265.016281 -8989.357499 458.494491
1471.543761 -9265.660323 423.308443
1658.767834 -9487.944778 386.343985
1810.149242 -9529.544195 349.477311
1949.611628 -9490.078643 314.627717
2079.897177 -9372.441005 281.440748
2172.617289 -9057.653667 251.416379
2254.058624 -8691.738924 224.910445
2299.578033 -8245.407140 200.915161
2322.865845 -7790.332703 179.596966
2241.855847 -7129.520256 159.856596
2131.535193 -6492.898796 141.236459
1958.945245 -5826.786786 123.702524
1730.489338 -5097.937976 106.668159
1499.854369 -4459.885060 91.190495
1244.043472 -3788.390813 77.042220
1023.391718 -3227.235935 65.153168
817.935380 -2673.499888 55.580103
662.369574 -2203.790789 48.588172
570.749679 -1846.946868 44.126514
532.151113 -1570.027842 42.092994
538.395018 -1360.395154 42.052371
584.383261 -1233.004828 43.685576
639.764291 -1137.469470 46.547621
701.691701 -1085.484557 50.271955
742.129201 -1036.875683 54.641759
739.854077 -962.747086 59.445892
690.177714 -855.739087 64.702263
575.073980 -688.030978 70.475718
386.944680 -446.542326 76.915842
122.407544 -125.233539 84.197988
-221.152512 277.603018 92.429796
-643.467715 757.015539 101.615907
-1141.363856 1302.950769 111.605190
-1710.345977 1904.744419 122.103082
-2337.867731 2546.712774 132.737962
-3010.699709 3218.289621 143.038871
-3675.860738 3872.455090 153.021855
-4381.507384 4576.298724 161.377165
-4974.535469 5182.397057 170.748987
-5571.153650 5845.833181 176.157219
-5956.579892 6336.561629 185.622703
-6181.701712 6756.286558 187.840346
-6504.090791 7367.776110 191.550326
-6423.580052 7629.672097 191.121493
-6070.390322 7657.793386 182.213770
-5862.467641 7981.609821 167.158282
-5436.299998 8042.408977 143.297883
-4835.620621 7930.223478 113.906825
-4382.241733 8010.994597 79.255862
-3856.962400 7956.480299 43.427158
-3284.692718 7648.398237 5.360898
-2807.721067 7420.444507 -26.787222
-2463.663319 7292.273628 -60.783754
-2108.270753 6929.028230 -89.419019
-1837.557268 6598.102857 -115.429562
-1598.511042 6192.752012 -138.747247
-1420.997487 5925.298011 -158.580375
-1217.673064 5504.989550 -179.181687
-991.971407 5060.887223 -196.353277
-773.059164 4783.125904 -216.014713
-482.309805 4270.887719 -236.624265
-174.088110 3888.485250 -259.077208
155.237627 3588.611152 -285.466993
504.270383 3205.264330 -314.654928
855.627871 2861.411134 -347.372845
1196.923224 2515.032477 -383.093624
1539.432999 2181.882364 -421.166840
1818.809941 1796.051597 -460.773073
2143.980503 1435.606993 -501.030304
2455.845088 1068.125562 -540.062484
2735.975219 650.993304 -577.003148
3021.205764 245.913837 -610.209980
3325.617200 -179.870876 -638.469806
3603.926992 -587.446773 -660.036346
3969.947453 -1026.372731 -673.588327
4324.275050 -1456.488378 -677.650252
4559.045252 -1863.232686 -671.007724
4857.943512 -2299.631590 -652.778116
5123.587155 -2747.087584 -621.892301
5489.086152 -3281.068297 -577.893082
5793.001476 -3818.585960 -521.382258
6009.378311 -4336.051368 -451.773874
6223.016389 -4879.664612 -370.171883
6388.723551 -5404.863633 -277.996122
6544.858460 -5926.113979 -177.193711
6610.800965 -6345.984321 -71.726867
6642.482084 -6692.129907 36.890940
6618.669722 -6916.763782 141.988372
6486.372381 -6943.684318 241.788245
6351.604721 -6869.346820 331.059004
6153.859320 -6626.216335 405.826088
5903.608136 -6229.466865 463.502439
5615.366253 -5711.827087 501.590850
5280.811730 -5090.304309 519.436198
4918.109207 -4417.117837 517.297452
4502.424037 -3709.595228 496.622140
4054.755511 -3020.825161 460.020759
3561.205653 -2374.656707 410.413621
3031.545520 -1796.009777 351.218068
2469.408792 -1301.119713 285.626140
1872.873941 -884.591099 215.674336
1275.566596 -550.505685 146.011423
580.558056 -236.797428 66.821213
186.211888 -73.285358 20.703456
VECTORS LocalRotation float
-0.003021 0.658655 -0.078863
-0.002710 0.658390 -0.078516
-0.001974 0.657588 -0.077681
-0.000795 0.655812 -0.076269
0.000666 0.652522 -0.074306
0.002212 0.647072 -0.071809
0.003586 0.638735 -0.068822
0.004498 0.626991 -0.065397
0.004675 0.611255 -0.061526
0.003900 0.591198 -0.057309
0.002067 0.566520 -0.052780
-0.000815 0.537159 -0.047973
-0.004605 0.502965 -0.042961
-0.009000 0.464089 -0.037807
-0.013611 0.420524 -0.032511
-0.017945 0.372527 -0.027153
-0.021513 0.320058 -0.021763
-0.023811 0.263273 -0.016386
-0.024415 0.202328 -0.011075
-0.022986 0.137119 -0.005864
-0.019317 0.067901 -0.000830
-0.013328 -0.005244 0.004006
-0.005050 -0.081952 0.008601
0.005376 -0.161868 0.012905
0.017777 -0.244592 0.016901
0.031928 -0.329370 0.020561
0.047605 -0.415311 0.023886
0.064635 -0.501461 0.026895
0.082861 -0.586779 0.029591
0.102114 -0.670220 0.032003
0.122220 -0.750838 0.034167
0.142865 -0.827630 0.036097
0.163815 -0.900306 0.037822
0.184384 -0.967537 0.039351
0.204274 -1.029490 0.040721
0.222689 -1.084952 0.041913
0.239478 -1.134665 0.042962
0.254060 -1.177810 0.043855
0.266521 -1.215268 0.044619
0.276759 -1.246946 0.045261
0.285084 -1.273626 0.045807
0.291791 -1.295725 0.046279
0.297395 -1.314132 0.046700
0.302374 -1.329557 0.047089
0.307228 -1.342845 0.047471
0.312301 -1.354562 0.047858
0.317842 -1.365292 0.048267
0.323927 -1.375375 0.048706
0.330453 -1.384968 0.049180
0.337168 -1.394029 0.049697
0.343649 -1.402270 0.050260
0.349377 -1.409259 0.050872
0.353732 -1.414395 0.051539
0.356037 -1.416983 0.052268
0.355590 -1.416293 0.053068
0.351677 -1.411611 0.053946
0.343597 -1.402285 0.054912
0.330683 -1.387759 0.055970
0.312351 -1.367601 0.057124
0.288135 -1.341500 0.058373
0.257853 -1.309387 0.059713
0.221306 -1.271065 0.061139
0.179058 -1.226998 0.062639
0.131157 -1.176906 0.064215
0.079261 -1.122062 0.065844
0.023810 -1.062251 0.067550
-0.033525 -0.998415 0.069264
-0.091609 -0.931032 0.070984
-0.148353 -0.861601 0.072679
-0.202805 -0.790235 0.074274
-0.253615 -0.718176 0.075670
-0.300446 -0.645355 0.076842
-0.342174 -0.573191 0.077717
-0.379319 -0.501205 0.078270
-0.411462 -0.430971 0.078489
-0.439227 -0.362297 0.078392
-0.462986 -0.295985 0.077997
-0.483635 -0.231753 0.077319
-0.501500 -0.170510 0.076391
-0.517090 -0.112476 0.075238
-0.530814 -0.057397 0.073887
-0.542681 -0.005993 0.072368
-0.552756 0.042186 0.070655
-0.560716 0.086580 0.068796
-0.566382 0.127442 0.066753
-0.569382 0.164736 0.064487
-0.569467 0.198515 0.062027
-0.566486 0.229226 0.059314
-0.560335 0.256665 0.056320
-0.551051 0.280984 0.053016
-0.538678 0.302221 0.049379
-0.523509 0.320190 0.045395
-0.505421 0.334940 0.041006
-0.484741 0.346197 0.036325
-0.461198 0.353993 0.031259
-0.435208 0.358041 0.025900
-0.406346 0.358342 0.020221
-0.374997 0.354871 0.014347
-0.340476 0.347515 0.008269
-0.303304 0.336387 0.002213
-0.263079 0.321355 -0.003894
-0.220429 0.302501 -0.009890
-0.175017 0.279541 -0.015689
-0.126833 0.252172 -0.021136
-0.075953 0.220154 -0.026094
-0.022587 0.183281 -0.030494
0.032802 0.141552 -0.034216
0.089964 0.094938 -0.037154
0.148593 0.043573 -0.039217
0.208114 -0.011949 -0.040343
0.268207 -0.071067 -0.040501
0.328134 -0.132565 -0.039693
0.387505 -0.195359 -0.037954
0.445690 -0.257963 -0.035358
0.502297 -0.319052 -0.032022
0.556898 -0.377267 -0.028086
0.609037 -0.431318 -0.023717
0.658372 -0.480227 -0.019094
0.704549 -0.523273 -0.014400
0.747184 -0.560052 -0.009812
0.785956 -0.590547 -0.005477
0.820420 -0.614963 -0.001538
0.850305 -0.633869 0.001914
0.875189 -0.647879 0.004795
0.894867 -0.657784 0.007067
0.909091 -0.664268 0.008701
0.917514 -0.667840 0.009667
0.920978 -0.669241 0.010062
VECTORS q1 float
-0.509591 -0.701645 -0.498008
-0.509468 -0.701514 -0.498317
-0.508979 -0.701168 -0.499303
-0.507795 -0.700717 -0.501140
-0.505449 -0.700306 -0.504077
-0.501362 -0.700124 -0.508392
-0.494917 -0.700359 -0.514350
-0.485501 -0.701167 -0.522162
-0.472769 -0.702535 -0.531916
-0.456099 -0.704530 -0.543702
-0.435234 -0.706996 -0.557430
-0.410006 -0.709689 -0.572918
-0.380125 -0.712351 -0.589967
-0.345373 -0.714635 -0.608288
-0.306026 -0.716043 -0.627400
-0.261786 -0.716199 -0.646937
-0.212786 -0.714631 -0.666352
-0.159064 -0.710898 -0.685071
-0.100684 -0.704576 -0.702449
-0.037927 -0.695264 -0.717753
0.029294 -0.682571 -0.730232
0.100159 -0.666205 -0.739013
0.174111 -0.645931 -0.743275
0.250440 -0.621598 -0.742224
0.327876 -0.593271 -0.735206
0.405327 -0.561094 -0.721722
0.481163 -0.525545 -0.701630
0.553719 -0.487352 -0.675192
0.621911 -0.447205 -0.642833
0.684436 -0.406122 -0.605485
0.740349 -0.365181 -0.564381
0.789459 -0.325159 -0.520602
0.831554 -0.286970 -0.475569
0.867024 -0.251134 -0.430350
0.895833 -0.218654 -0.386876
0.919205 -0.189256 -0.345319
0.937408 -0.163637 -0.307390
0.951600 -0.141313 -0.272927
0.962338 -0.122414 -0.242736
0.970459 -0.106464 -0.216508
0.976511 -0.093231 -0.194255
0.981011 -0.082325 -0.175611
0.984379 -0.073331 -0.160063
0.986969 -0.065755 -0.146863
0.988994 -0.059286 -0.135556
0.990649 -0.053540 -0.125490
0.992043 -0.048281 -0.116271
0.993250 -0.043336 -0.107592
0.994311 -0.038604 -0.099270
0.995228 -0.034129 -0.091415
0.995992 -0.030010 -0.084253
0.996588 -0.026423 -0.078193
0.996994 -0.023605 -0.073800
0.997186 -0.021824 -0.071718
0.997131 -0.021366 -0.072624
0.996763 -0.022535 -0.077171
0.995971 -0.025646 -0.085925
0.994570 -0.031044 -0.099327
0.992285 -0.039102 -0.117653
0.988738 -0.050234 -0.140971
0.983461 -0.064870 -0.169102
0.975910 -0.083423 -0.201593
0.965427 -0.106439 -0.237954
0.951516 -0.133964 -0.276895
0.933402 -0.166619 -0.317802
0.911093 -0.203505 -0.358463
0.883770 -0.245302 -0.398469
0.851406 -0.291290 -0.436185
0.814723 -0.339842 -0.469823
0.773956 -0.390247 -0.498698
0.728810 -0.442446 -0.522568
0.681186 -0.493857 -0.540455
0.630834 -0.544578 -0.552706
0.578579 -0.593558 -0.559406
0.525232 -0.639945 -0.560894
0.472234 -0.682582 -0.557742
0.418962 -0.722106 -0.550484
0.366699 -0.757737 -0.539784
0.316016 -0.789394 -0.526299
0.267394 -0.817141 -0.510667
0.221238 -0.841144 -0.493488
0.177303 -0.861878 -0.475110
0.136933 -0.879162 -0.456424
0.099223 -0.893739 -0.437477
0.064708 -0.905764 -0.418813
0.033778 -0.915496 -0.400907
0.005539 -0.923472 -0.383627
-0.019728 -0.929897 -0.367291
-0.042130 -0.935048 -0.352009
-0.061749 -0.939171 -0.337854
-0.078614 -0.942477 -0.324895
-0.092690 -0.945156 -0.313191
-0.103688 -0.947383 -0.302844
-0.111851 -0.949293 -0.293822
-0.116743 -0.951042 -0.286165
-0.118364 -0.952722 -0.279840
-0.116553 -0.954434 -0.274720
-0.111280 -0.956203 -0.270725
-0.102525 -0.958062 -0.267592
-0.090102 -0.959945 -0.265306
-0.074172 -0.961833 -0.263394
-0.054502 -0.963610 -0.261699
-0.030990 -0.965140 -0.259891
-0.003261 -0.966222 -0.257691
0.029072 -0.966586 -0.254690
0.065894 -0.965923 -0.250300
0.107255 -0.963839 -0.243949
0.152946 -0.959883 -0.235016
0.202479 -0.953583 -0.222892
0.255091 -0.944490 -0.207045
0.309366 -0.932328 -0.187237
0.364157 -0.916902 -0.163344
0.417569 -0.898433 -0.135849
0.468196 -0.877316 -0.105399
0.514788 -0.854211 -0.072924
0.556282 -0.830046 -0.039670
0.592140 -0.805806 -0.006859
0.622193 -0.782487 0.024290
0.646676 -0.760936 0.052785
0.666098 -0.741785 0.077899
0.681107 -0.725439 0.099156
0.692456 -0.711993 0.116497
0.700827 -0.701383 0.130011
0.706856 -0.693342 0.140114
0.711038 -0.687568 0.147226
0.713765 -0.683718 0.151885
0.715297 -0.681535 0.154472
0.715790 -0.680827 0.155304
VECTORS q2 float
-0.193302 0.657362 -0.728361
-0.192941 0.657493 -0.728339
-0.191873 0.657882 -0.728269
-0.190159 0.658543 -0.728121
-0.187920 0.659515 -0.727823
-0.185341 0.660838 -0.727284
-0.182668 0.662556 -0.726396
-0.180187 0.664710 -0.725047
-0.178167 0.667378 -0.723093
-0.176871 0.670525 -0.720495
-0.176465 0.674128 -0.717225
-0.177006 0.678114 -0.713324
-0.178459 0.682347 -0.708911
-0.180657 0.686678 -0.704156
-0.183239 0.690997 -0.699247
-0.185848 0.695176 -0.694399
-0.188015 0.699172 -0.689789
-0.189276 0.702992 -0.685548
-0.189210 0.706712 -0.681731
-0.187483 0.710466 -0.678298
-0.183874 0.714399 -0.675148
-0.178325 0.718701 -0.672063
-0.170898 0.723530 -0.668804
-0.161765 0.729010 -0.665114
-0.151224 0.735231 -0.660732
-0.139557 0.742250 -0.655430
-0.127121 0.750081 -0.649014
-0.114269 0.758701 -0.641339
-0.101228 0.768097 -0.632282
-0.088318 0.778186 -0.621793
-0.075860 0.788825 -0.609919
-0.064077 0.799865 -0.596750
-0.053288 0.811030 -0.582572
-0.043677 0.822063 -0.567719
-0.035584 0.832488 -0.552899
-0.028860 0.842197 -0.538396
-0.023645 0.850769 -0.525008
-0.019661 0.858217 -0.512911
-0.016797 0.864403 -0.502520
-0.014778 0.869460 -0.493783
-0.013412 0.873496 -0.486647
-0.012503 0.876718 -0.480843
-0.011890 0.879369 -0.475993
-0.011436 0.881723 -0.471628
-0.011071 0.883984 -0.467386
-0.010735 0.886345 -0.462901
-0.010416 0.888900 -0.457983
-0.010119 0.891675 -0.452563
-0.009862 0.894634 -0.446690
-0.009691 0.897635 -0.440633
-0.009643 0.900503 -0.434744
-0.009757 0.903014 -0.429500
-0.010069 0.904914 -0.425475
-0.010616 0.905933 -0.423287
-0.011442 0.905787 -0.423579
-0.012617 0.904168 -0.426991
-0.014259 0.900739 -0.434127
-0.016555 0.895117 -0.445523
-0.019781 0.886875 -0.461587
-0.024313 0.875547 -0.482521
-0.030619 0.860672 -0.508238
-0.039231 0.841847 -0.538288
-0.050747 0.818631 -0.572073
-0.065568 0.791159 -0.608086
-0.084228 0.759177 -0.645411
-0.106435 0.723996 -0.681544
-0.132447 0.685606 -0.715822
-0.161685 0.645354 -0.746576
-0.192845 0.605321 -0.772268
-0.224996 0.566676 -0.792625
-0.257627 0.529914 -0.807972
-0.288826 0.497059 -0.818237
-0.318336 0.467968 -0.824420
-0.345480 0.442947 -0.827310
-0.369888 0.421916 -0.827750
-0.391193 0.404728 -0.826537
-0.410087 0.390425 -0.824255
-0.426625 0.378641 -0.821354
-0.441146 0.368855 -0.818130
-0.453955 0.360641 -0.814778
-0.465254 0.353692 -0.811444
-0.475242 0.347761 -0.808212
-0.483583 0.342799 -0.805380
-0.490307 0.338658 -0.803063
-0.495066 0.335265 -0.801565
-0.497548 0.332491 -0.801184
-0.497591 0.330221 -0.802096
-0.495020 0.328259 -0.804488
-0.489761 0.326415 -0.808448
-0.481815 0.324496 -0.813976
-0.471242 0.322325 -0.820998
-0.458112 0.319757 -0.829391
-0.442658 0.316623 -0.838930
-0.424468 0.312987 -0.849627
-0.403943 0.308695 -0.861126
-0.380712 0.303827 -0.873354
-0.354938 0.298367 -0.886000
-0.326127 0.292468 -0.898946
-0.294525 0.286185 -0.911786
-0.259185 0.279811 -0.924407
-0.221002 0.273408 -0.936166
-0.179568 0.267274 -0.946742
-0.135097 0.261675 -0.955654
-0.087388 0.256982 -0.962457
-0.036391 0.253605 -0.966623
0.017075 0.251900 -0.967603
0.072541 0.252297 -0.964927
0.129318 0.255209 -0.958199
0.186584 0.261003 -0.947134
0.243466 0.269971 -0.931579
0.298677 0.282197 -0.911678
0.351482 0.297717 -0.887595
0.400618 0.316226 -0.859946
0.445434 0.337348 -0.829328
0.485464 0.360557 -0.796444
0.520358 0.385159 -0.762154
0.550133 0.410451 -0.727244
0.574978 0.435695 -0.692510
0.595292 0.460215 -0.658658
0.611577 0.483400 -0.626337
0.624344 0.504697 -0.596217
0.634186 0.523717 -0.568796
0.641573 0.540101 -0.544678
0.647006 0.553676 -0.524239
0.650825 0.564274 -0.507958
0.653359 0.571872 -0.496070
0.654782 0.576412 -0.488886
0.655246 0.577926 -0.486470
VECTORS q3 float
0.838422 -0.274900 -0.470615
0.838580 -0.274920 -0.470322
0.839122 -0.274871 -0.469383
0.840229 -0.274440 -0.467652
0.842145 -0.273151 -0.464953
0.845154 -0.270407 -0.461081
0.849523 -0.265551 -0.455843
0.855466 -0.257924 -0.449059
0.862987 -0.247086 -0.440684
0.872176 -0.232452 -0.430437
0.882854 -0.213794 -0.418163
0.894742 -0.191057 -0.403650
0.907556 -0.164190 -0.386503
0.920913 -0.133305 -0.366264
0.934222 -0.099024 -0.342670
0.947063 -0.061552 -0.315092
0.958839 -0.021493 -0.283135
0.968955 0.020621 -0.246377
0.976761 0.064271 -0.204468
0.981535 0.108841 -0.157297
0.982513 0.154048 -0.104580
0.978861 0.199097 -0.046816
0.969783 0.243470 0.015586
0.954522 0.286637 0.082021
0.932539 0.327819 0.151348
0.903457 0.366385 0.222550
0.867365 0.401473 0.294103
0.824826 0.432274 0.364418
0.776518 0.458295 0.432418
0.723704 0.479053 0.496750
0.667928 0.494367 0.556303
0.610450 0.504468 0.610625
0.552882 0.509782 0.659124
0.496349 0.511022 0.701780
0.442963 0.509072 0.737990
0.392721 0.504862 0.768690
0.347428 0.499415 0.793648
0.306711 0.493452 0.813900
0.271337 0.487671 0.829791
0.240815 0.482395 0.842201
0.215052 0.477821 0.851728
0.193547 0.473908 0.859041
0.175659 0.470461 0.864760
0.160504 0.467162 0.869482
0.147539 0.463743 0.873599
0.136011 0.459920 0.877482
0.125465 0.455550 0.881325
0.115550 0.450597 0.885218
0.106055 0.445128 0.889164
0.097096 0.439416 0.893021
0.088917 0.433814 0.896604
0.081959 0.428798 0.899675
0.076826 0.424939 0.901956
0.074209 0.422857 0.903153
0.074832 0.423194 0.902944
0.079397 0.426582 0.900957
0.088529 0.433603 0.896744
0.102740 0.444748 0.889743
0.122393 0.460352 0.879259
0.147666 0.480514 0.864466
0.178511 0.505010 0.844452
0.214617 0.533230 0.818295
0.255687 0.564370 0.784927
0.300529 0.596759 0.744017
0.348806 0.629196 0.694584
0.398223 0.659103 0.637967
0.448785 0.685398 0.573429
0.498964 0.706164 0.502361
0.546843 0.719787 0.427632
0.591920 0.725662 0.350779
0.634400 0.723486 0.272221
0.672730 0.713469 0.195951
0.707609 0.696018 0.121852
0.738844 0.671928 0.051217
0.766364 0.642228 -0.015104
0.789913 0.608504 -0.075895
0.810123 0.571079 -0.132553
0.826754 0.531475 -0.184422
0.839955 0.490717 -0.231674
0.849956 0.449686 -0.274513
0.857084 0.409119 -0.313096
0.861805 0.369091 -0.347942
0.864521 0.331002 -0.378207
0.865883 0.294180 -0.404604
0.866442 0.259207 -0.426719
0.866779 0.226532 -0.444272
0.867394 0.195332 -0.457682
0.868657 0.165946 -0.466794
0.870838 0.138340 -0.471702
0.874094 0.112521 -0.472544
0.878494 0.088562 -0.469474
0.884048 0.066600 -0.462626
0.890675 0.047070 -0.452197
0.898508 0.029687 -0.437952
0.907304 0.015064 -0.420204
0.917087 0.003165 -0.398675
0.927596 -0.005758 -0.373540
0.938753 -0.011744 -0.344390
0.950128 -0.014668 -0.311514
0.961616 -0.014528 -0.274015
0.972449 -0.011226 -0.232846
0.982235 -0.004606 -0.187600
0.990348 0.005495 -0.138497
0.996169 0.019380 -0.085274
0.998915 0.037370 -0.027803
0.997681 0.059485 0.033092
0.991582 0.085797 0.096978
0.979737 0.116161 0.163163
0.961347 0.150187 0.230771
0.935763 0.187229 0.298819
0.902820 0.226119 0.365767
0.862468 0.265811 0.430690
0.815562 0.304663 0.491974
0.763139 0.341340 0.548732
0.706624 0.374597 0.600299
0.647903 0.403330 0.646179
0.588833 0.426857 0.686345
0.531297 0.444841 0.721000
0.476904 0.457360 0.750589
0.426952 0.464843 0.775650
0.382475 0.467995 0.796676
0.343967 0.467747 0.814187
0.311809 0.465137 0.828506
0.285899 0.461216 0.839965
0.266180 0.456996 0.848707
0.252313 0.453313 0.854895
0.244153 0.450844 0.858562
0.241448 0.449973 0.859783
