# vtk DataFile Version 2.0
VTK example
ASCII
DATASET UNSTRUCTURED_GRID
POINTS  128  float
-0.000017 -0.000023 -0.000157
-0.000017 -0.000022 -0.000148
-0.000017 -0.000021 -0.000139
-0.000017 -0.000019 -0.000130
-0.000017 -0.000018 -0.000121
-0.000016 -0.000017 -0.000112
-0.000016 -0.000016 -0.000103
-0.000015 -0.000015 -0.000094
-0.000015 -0.000014 -0.000085
-0.000014 -0.000013 -0.000076
-0.000014 -0.000012 -0.000068
-0.000013 -0.000010 -0.000059
-0.000013 -0.000009 -0.000050
-0.000012 -0.000008 -0.000041
-0.000011 -0.000007 -0.000032
-0.000011 -0.000005 -0.000023
-0.000010 -0.000003 -0.000014
-0.000009 -0.000001 -0.000005
-0.000008 0.000002 0.000003
-0.000006 0.000004 0.000012
-0.000005 0.000008 0.000020
-0.000003 0.000012 0.000028
-0.000001 0.000016 0.000036
0.000001 0.000021 0.000043
0.000003 0.000026 0.000050
0.000006 0.000031 0.000057
0.000009 0.000038 0.000063
0.000013 0.000044 0.000068
0.000017 0.000051 0.000072
0.000021 0.000058 0.000076
0.000026 0.000065 0.000079
0.000031 0.000072 0.000081
0.000036 0.000080 0.000083
0.000041 0.000087 0.000084
0.000047 0.000094 0.000085
0.000053 0.000100 0.000084
0.000059 0.000107 0.000084
0.000066 0.000113 0.000082
0.000072 0.000119 0.000081
0.000079 0.000125 0.000079
0.000086 0.000130 0.000076
0.000093 0.000135 0.000074
0.000100 0.000140 0.000071
0.000108 0.000144 0.000068
0.000115 0.000149 0.000065
0.000122 0.000153 0.000061
0.000130 0.000156 0.000058
0.000137 0.000160 0.000054
0.000145 0.000163 0.000050
0.000152 0.000167 0.000047
0.000160 0.000170 0.000043
0.000168 0.000173 0.000039
0.000176 0.000175 0.000036
0.000184 0.000178 0.000032
0.000191 0.000180 0.000029
0.000200 0.000183 0.000025
0.000208 0.000185 0.000022
0.000216 0.000187 0.000018
0.000224 0.000188 0.000015
0.000233 0.000190 0.000012
0.000241 0.000192 0.000009
0.000250 0.000193 0.000007
0.000258 0.000194 0.000004
0.000267 0.000195 0.000002
0.000276 0.000196 0.000000
0.000285 0.000197 -0.000002
0.000294 0.000197 -0.000003
0.000302 0.000198 -0.000005
0.000311 0.000199 -0.000006
0.000320 0.000199 -0.000006
0.000329 0.000200 -0.000007
0.000339 0.000200 -0.000007
0.000348 0.000201 -0.000006
0.000357 0.000202 -0.000006
0.000365 0.000203 -0.000005
0.000374 0.000204 -0.000003
0.000383 0.000205 -0.000001
0.000392 0.000207 0.000002
0.000400 0.000208 0.000005
0.000408 0.000210 0.000009
0.000416 0.000212 0.000013
0.000423 0.000214 0.000018
0.000429 0.000217 0.000024
0.000435 0.000220 0.000030
0.000441 0.000223 0.000037
0.000445 0.000226 0.000044
0.000449 0.000229 0.000051
0.000452 0.000232 0.000059
0.000455 0.000235 0.000068
0.000456 0.000238 0.000076
0.000457 0.000241 0.000084
0.000458 0.000244 0.000093
0.000457 0.000247 0.000102
0.000457 0.000250 0.000110
0.000455 0.000253 0.000118
0.000454 0.000256 0.000127
0.000452 0.000259 0.000135
0.000449 0.000263 0.000143
0.000446 0.000266 0.000151
0.000443 0.000270 0.000158
0.000440 0.000274 0.000166
0.000437 0.000278 0.000173
0.000434 0.000282 0.000181
0.000430 0.000286 0.000188
0.000427 0.000291 0.000195
0.000423 0.000295 0.000202
0.000420 0.000299 0.000209
0.000417 0.000304 0.000217
0.000413 0.000308 0.000224
0.000411 0.000312 0.000232
0.000408 0.000316 0.000239
0.000405 0.000320 0.000247
0.000403 0.000323 0.000255
0.000401 0.000326 0.000263
0.000399 0.000329 0.000272
0.000398 0.000332 0.000280
0.000397 0.000335 0.000289
0.000397 0.000337 0.000298
0.000396 0.000339 0.000306
0.000396 0.000341 0.000315
0.000397 0.000343 0.000324
0.000397 0.000345 0.000333
0.000398 0.000347 0.000342
0.000400 0.000349 0.000350
0.000401 0.000351 0.000359
0.000402 0.000353 0.000368
0.000404 0.000355 0.000377
0.000405 0.000357 0.000385
CELLS  127 381
2 0 1 
2 1 2 
2 2 3 
2 3 4 
2 4 5 
2 5 6 
2 6 7 
2 7 8 
2 8 9 
2 9 10 
2 10 11 
2 11 12 
2 12 13 
2 13 14 
2 14 15 
2 15 16 
2 16 17 
2 17 18 
2 18 19 
2 19 20 
2 20 21 
2 21 22 
2 22 23 
2 23 24 
2 24 25 
2 25 26 
2 26 27 
2 27 28 
2 28 29 
2 29 30 
2 30 31 
2 31 32 
2 32 33 
2 33 34 
2 34 35 
2 35 36 
2 36 37 
2 37 38 
2 38 39 
2 39 40 
2 40 41 
2 41 42 
2 42 43 
2 43 44 
2 44 45 
2 45 46 
2 46 47 
2 47 48 
2 48 49 
2 49 50 
2 50 51 
2 51 52 
2 52 53 
2 53 54 
2 54 55 
2 55 56 
2 56 57 
2 57 58 
2 58 59 
2 59 60 
2 60 61 
2 61 62 
2 62 63 
2 63 64 
2 64 65 
2 65 66 
2 66 67 
2 67 68 
2 68 69 
2 69 70 
2 70 71 
2 71 72 
2 72 73 
2 73 74 
2 74 75 
2 75 76 
2 76 77 
2 77 78 
2 78 79 
2 79 80 
2 80 81 
2 81 82 
2 82 83 
2 83 84 
2 84 85 
2 85 86 
2 86 87 
2 87 88 
2 88 89 
2 89 90 
2 90 91 
2 91 92 
2 92 93 
2 93 94 
2 94 95 
2 95 96 
2 96 97 
2 97 98 
2 98 99 
2 99 100 
2 100 101 
2 101 102 
2 102 103 
2 103 104 
2 104 105 
2 105 106 
2 106 107 
2 107 108 
2 108 109 
2 109 110 
2 110 111 
2 111 112 
2 112 113 
2 113 114 
2 114 115 
2 115 116 
2 116 117 
2 117 118 
2 118 119 
2 119 120 
2 120 121 
2 121 122 
2 122 123 
2 123 124 
2 124 125 
2 125 126 
2 126 127 
CELL_TYPES  127
3
3
3
3
3
3
3
3
3
3
3
3
3
3
3
3
3
3
3
3
3
3
3
3
3
3
3
3
3
3
3
3
3
3
3
3
3
3
3
3
3
3
3
3
3
3
3
3
3
3
3
3
3
3
3
3
3
3
3
3
3
3
3
3
3
3
3
3
3
3
3
3
3
3
3
3
3
3
3
3
3
3
3
3
3
3
3
3
3
3
3
3
3
3
3
3
3
3
3
3
3
3
3
3
3
3
3
3
3
3
3
3
3
3
3
3
3
3
3
3
3
3
3
3
3
3
3
POINT_DATA  128
VECTORS Position float
-0.000017 -0.000023 -0.000157
-0.000017 -0.000022 -0.000148
-0.000017 -0.000021 -0.000139
-0.000017 -0.000019 -0.000130
-0.000017 -0.000018 -0.000121
-0.000016 -0.000017 -0.000112
-0.000016 -0.000016 -0.000103
-0.000015 -0.000015 -0.000094
-0.000015 -0.000014 -0.000085
-0.000014 -0.000013 -0.000076
-0.000014 -0.000012 -0.000068
-0.000013 -0.000010 -0.000059
-0.000013 -0.000009 -0.000050
-0.000012 -0.000008 -0.000041
-0.000011 -0.000007 -0.000032
-0.000011 -0.000005 -0.000023
-0.000010 -0.000003 -0.000014
-0.000009 -0.000001 -0.000005
-0.000008 0.000002 0.000003
-0.000006 0.000004 0.000012
-0.000005 0.000008 0.000020
-0.000003 0.000012 0.000028
-0.000001 0.000016 0.000036
0.000001 0.000021 0.000043
0.000003 0.000026 0.000050
0.000006 0.000031 0.000057
0.000009 0.000038 0.000063
0.000013 0.000044 0.000068
0.000017 0.000051 0.000072
0.000021 0.000058 0.000076
0.000026 0.000065 0.000079
0.000031 0.000072 0.000081
0.000036 0.000080 0.000083
0.000041 0.000087 0.000084
0.000047 0.000094 0.000085
0.000053 0.000100 0.000084
0.000059 0.000107 0.000084
0.000066 0.000113 0.000082
0.000072 0.000119 0.000081
0.000079 0.000125 0.000079
0.000086 0.000130 0.000076
0.000093 0.000135 0.000074
0.000100 0.000140 0.000071
0.000108 0.000144 0.000068
0.000115 0.000149 0.000065
0.000122 0.000153 0.000061
0.000130 0.000156 0.000058
0.000137 0.000160 0.000054
0.000145 0.000163 0.000050
0.000152 0.000167 0.000047
0.000160 0.000170 0.000043
0.000168 0.000173 0.000039
0.000176 0.000175 0.000036
0.000184 0.000178 0.000032
0.000191 0.000180 0.000029
0.000200 0.000183 0.000025
0.000208 0.000185 0.000022
0.000216 0.000187 0.000018
0.000224 0.000188 0.000015
0.000233 0.000190 0.000012
0.000241 0.000192 0.000009
0.000250 0.000193 0.000007
0.000258 0.000194 0.000004
0.000267 0.000195 0.000002
0.000276 0.000196 0.000000
0.000285 0.000197 -0.000002
0.000294 0.000197 -0.000003
0.000302 0.000198 -0.000005
0.000311 0.000199 -0.000006
0.000320 0.000199 -0.000006
0.000329 0.000200 -0.000007
0.000339 0.000200 -0.000007
0.000348 0.000201 -0.000006
0.000357 0.000202 -0.000006
0.000365 0.000203 -0.000005
0.000374 0.000204 -0.000003
0.000383 0.000205 -0.000001
0.000392 0.000207 0.000002
0.000400 0.000208 0.000005
0.000408 0.000210 0.000009
0.000416 0.000212 0.000013
0.000423 0.000214 0.000018
0.000429 0.000217 0.000024
0.000435 0.000220 0.000030
0.000441 0.000223 0.000037
0.000445 0.000226 0.000044
0.000449 0.000229 0.000051
0.000452 0.000232 0.000059
0.000455 0.000235 0.000068
0.000456 0.000238 0.000076
0.000457 0.000241 0.000084
0.000458 0.000244 0.000093
0.000457 0.000247 0.000102
0.000457 0.000250 0.000110
0.000455 0.000253 0.000118
0.000454 0.000256 0.000127
0.000452 0.000259 0.000135
0.000449 0.000263 0.000143
0.000446 0.000266 0.000151
0.000443 0.000270 0.000158
0.000440 0.000274 0.000166
0.000437 0.000278 0.000173
0.000434 0.000282 0.000181
0.000430 0.000286 0.000188
0.000427 0.000291 0.000195
0.000423 0.000295 0.000202
0.000420 0.000299 0.000209
0.000417 0.000304 0.000217
0.000413 0.000308 0.000224
0.000411 0.000312 0.000232
0.000408 0.000316 0.000239
0.000405 0.000320 0.000247
0.000403 0.000323 0.000255
0.000401 0.000326 0.000263
0.000399 0.000329 0.000272
0.000398 0.000332 0.000280
0.000397 0.000335 0.000289
0.000397 0.000337 0.000298
0.000396 0.000339 0.000306
0.000396 0.000341 0.000315
0.000397 0.000343 0.000324
0.000397 0.000345 0.000333
0.000398 0.000347 0.000342
0.000400 0.000349 0.000350
0.000401 0.000351 0.000359
0.000402 0.000353 0.000368
0.000404 0.000355 0.000377
0.000405 0.000357 0.000385
VECTORS Rotation float
-0.017977 0.140693 -0.017032
-0.017798 0.140069 -0.017932
-0.017273 0.138244 -0.020566
-0.016443 0.135382 -0.024700
-0.015366 0.131766 -0.029957
-0.014101 0.127745 -0.035934
-0.012706 0.123770 -0.042200
-0.011224 0.120378 -0.048362
-0.009675 0.118234 -0.054007
-0.008060 0.117970 -0.059047
-0.006354 0.120285 -0.063478
-0.004512 0.125851 -0.067510
-0.002477 0.135349 -0.071581
-0.000168 0.149407 -0.076283
0.002544 0.168395 -0.082261
0.005822 0.192821 -0.090305
0.009911 0.222882 -0.101164
0.015147 0.258708 -0.115593
0.021983 0.300310 -0.134338
0.031002 0.347452 -0.158094
0.043003 0.400069 -0.187769
0.058900 0.457314 -0.224060
0.079896 0.518418 -0.268013
0.107527 0.582345 -0.320972
0.143537 0.647399 -0.384349
0.190126 0.711757 -0.460097
0.249369 0.772791 -0.549866
0.322819 0.827481 -0.654716
0.411319 0.872980 -0.775130
0.513063 0.906332 -0.908737
0.623314 0.925430 -1.050241
0.735786 0.929570 -1.193033
0.842860 0.919403 -1.329056
0.939163 0.896790 -1.452760
1.020219 0.864870 -1.559086
1.087247 0.825952 -1.649597
1.140188 0.783492 -1.723765
1.182218 0.738893 -1.785222
1.214899 0.694444 -1.835394
1.240552 0.650842 -1.876950
1.260500 0.609225 -1.911228
1.275911 0.570159 -1.939473
1.287645 0.533983 -1.962570
1.296449 0.500501 -1.981349
1.302699 0.470093 -1.996054
1.306857 0.442403 -2.007188
1.309222 0.417371 -2.015011
1.310064 0.394697 -2.019803
1.309622 0.373867 -2.021827
1.308070 0.354566 -2.021276
1.305567 0.336266 -2.018336
1.302250 0.318472 -2.013156
1.298240 0.300771 -2.005885
1.293649 0.282823 -1.996646
1.288573 0.264422 -1.985532
1.283097 0.245487 -1.972580
1.277296 0.226133 -1.957828
1.271238 0.206579 -1.941292
1.264983 0.187134 -1.922996
1.258592 0.168150 -1.903011
1.252116 0.149992 -1.881477
1.245597 0.133000 -1.858596
1.239062 0.117344 -1.834417
1.232514 0.103416 -1.809349
1.225958 0.091211 -1.783097
1.219332 0.081204 -1.756251
1.212652 0.073335 -1.727988
1.205880 0.067858 -1.698188
1.198931 0.065053 -1.667028
1.191769 0.065057 -1.633950
1.184389 0.068023 -1.597885
1.176636 0.073961 -1.559415
1.168446 0.083020 -1.517293
1.159648 0.095171 -1.471144
1.150025 0.110311 -1.420575
1.139343 0.128064 -1.365824
1.127221 0.148613 -1.305125
1.113316 0.171339 -1.238830
1.097235 0.195713 -1.166660
1.078591 0.221030 -1.088467
1.057071 0.246377 -1.004353
1.032244 0.270952 -0.913683
1.004718 0.292990 -0.819525
0.974257 0.311936 -0.720798
0.941836 0.326655 -0.620273
0.908772 0.336600 -0.521024
0.875326 0.342117 -0.422527
0.842845 0.343729 -0.327707
0.812086 0.342552 -0.237889
0.783509 0.339988 -0.153892
0.757284 0.337527 -0.076069
0.733348 0.336561 -0.004380
0.711750 0.338244 0.060665
0.691660 0.343404 0.121134
0.673279 0.352273 0.176028
0.656133 0.364879 0.226438
0.640316 0.380575 0.271991
0.625611 0.398732 0.313302
0.612367 0.418062 0.349703
0.600460 0.437872 0.381763
0.590647 0.456453 0.408184
0.583222 0.472922 0.428781
0.578653 0.486267 0.443021
0.577242 0.495813 0.450642
0.579210 0.501004 0.451444
0.584656 0.501388 0.445404
0.593454 0.496772 0.432748
0.605292 0.487158 0.413916
0.619709 0.472761 0.389515
0.636147 0.453999 0.360242
0.653939 0.431641 0.327038
0.672528 0.406467 0.290558
0.691284 0.379698 0.251831
0.709761 0.352433 0.211540
0.727602 0.325762 0.170327
0.744521 0.300746 0.128914
0.760344 0.278198 0.087891
0.774957 0.258725 0.047888
0.788305 0.242646 0.009483
0.800366 0.230009 -0.026764
0.811119 0.220653 -0.060245
0.820564 0.214178 -0.090512
0.828665 0.210101 -0.116990
0.835400 0.207834 -0.139345
0.840711 0.206814 -0.157116
0.844559 0.206514 -0.170083
0.846885 0.206517 -0.177922
0.847665 0.206549 -0.180559
VECTORS ControlForce float
0.000000 -0.000000 0.000000
-0.000149 0.000105 0.000008
-0.000282 0.000207 0.000034
-0.000385 0.000310 0.000055
-0.000443 0.000409 0.000069
-0.000444 0.000499 0.000072
-0.000383 0.000571 0.000082
-0.000264 0.000625 0.000096
-0.000095 0.000658 0.000113
0.000102 0.000667 0.000133
0.000301 0.000646 0.000164
0.000476 0.000594 0.000196
0.000605 0.000509 0.000239
0.000678 0.000404 0.000280
0.000692 0.000291 0.000316
0.000653 0.000182 0.000350
0.000574 0.000089 0.000374
0.000470 0.000012 0.000390
0.000358 -0.000052 0.000393
0.000250 -0.000124 0.000399
0.000158 -0.000212 0.000401
0.000087 -0.000321 0.000388
0.000041 -0.000450 0.000358
0.000019 -0.000580 0.000304
0.000010 -0.000707 0.000241
0.000004 -0.000813 0.000173
-0.000005 -0.000864 0.000097
-0.000019 -0.000831 0.000011
-0.000038 -0.000697 -0.000076
-0.000085 -0.000505 -0.000147
-0.000163 -0.000284 -0.000197
-0.000259 -0.000052 -0.000226
-0.000337 0.000202 -0.000238
-0.000387 0.000433 -0.000233
-0.000400 0.000615 -0.000222
-0.000367 0.000730 -0.000203
-0.000298 0.000764 -0.000182
-0.000209 0.000716 -0.000158
-0.000119 0.000593 -0.000133
-0.000041 0.000432 -0.000108
0.000023 0.000270 -0.000087
0.000072 0.000129 -0.000076
0.000123 0.000042 -0.000067
0.000193 0.000027 -0.000047
0.000267 0.000036 -0.000027
0.000333 0.000032 -0.000010
0.000391 0.000012 -0.000000
0.000449 0.000005 0.000011
0.000487 -0.000004 0.000023
0.000492 -0.000021 0.000031
0.000464 -0.000028 0.000039
0.000402 -0.000011 0.000050
0.000291 -0.000006 0.000054
0.000140 -0.000015 0.000046
-0.000017 -0.000006 0.000033
-0.000155 0.000024 0.000015
-0.000260 0.000052 -0.000011
-0.000310 0.000102 -0.000039
-0.000302 0.000168 -0.000066
-0.000255 0.000225 -0.000095
-0.000196 0.000247 -0.000126
-0.000146 0.000237 -0.000155
-0.000128 0.000183 -0.000181
-0.000148 0.000091 -0.000205
-0.000193 -0.000011 -0.000221
-0.000241 -0.000097 -0.000236
-0.000281 -0.000176 -0.000235
-0.000297 -0.000226 -0.000221
-0.000292 -0.000265 -0.000213
-0.000264 -0.000286 -0.000204
-0.000226 -0.000297 -0.000180
-0.000193 -0.000324 -0.000146
-0.000163 -0.000342 -0.000090
-0.000137 -0.000353 -0.000012
-0.000102 -0.000340 0.000075
-0.000048 -0.000310 0.000157
0.000033 -0.000270 0.000242
0.000155 -0.000220 0.000317
0.000325 -0.000136 0.000365
0.000520 -0.000026 0.000377
0.000706 0.000107 0.000355
0.000841 0.000256 0.000302
0.000886 0.000414 0.000216
0.000812 0.000569 0.000115
0.000619 0.000721 0.000003
0.000327 0.000844 -0.000107
-0.000004 0.000913 -0.000188
-0.000314 0.000911 -0.000225
-0.000551 0.000836 -0.000221
-0.000680 0.000695 -0.000184
-0.000692 0.000505 -0.000131
-0.000590 0.000273 -0.000060
-0.000390 0.000013 0.000024
-0.000125 -0.000247 0.000125
0.000175 -0.000488 0.000223
0.000466 -0.000692 0.000304
0.000697 -0.000839 0.000345
0.000839 -0.000921 0.000359
0.000901 -0.000940 0.000374
0.000873 -0.000896 0.000393
0.000767 -0.000802 0.000400
0.000616 -0.000679 0.000404
0.000431 -0.000540 0.000401
0.000243 -0.000399 0.000410
0.000062 -0.000260 0.000431
-0.000123 -0.000116 0.000447
-0.000290 0.000028 0.000458
-0.000443 0.000173 0.000462
-0.000590 0.000312 0.000448
-0.000714 0.000430 0.000427
-0.000811 0.000512 0.000391
-0.000868 0.000540 0.000346
-0.000862 0.000502 0.000306
-0.000791 0.000401 0.000276
-0.000681 0.000254 0.000249
-0.000541 0.000081 0.000219
-0.000370 -0.000104 0.000208
-0.000188 -0.000278 0.000211
-0.000016 -0.000423 0.000210
0.000137 -0.000533 0.000219
0.000254 -0.000595 0.000217
0.000330 -0.000609 0.000205
0.000364 -0.000580 0.000189
0.000356 -0.000518 0.000176
0.000310 -0.000428 0.000159
0.000229 -0.000310 0.000129
0.000121 -0.000163 0.000071
0.000000 0.000000 -0.000000
VECTORS ControlTorque float
-0.000001 -0.000001 0.000000
-0.000001 -0.000001 0.000000
-0.000000 -0.000001 0.000000
-0.000000 -0.000000 0.000000
-0.000000 -0.000000 0.000000
0.000000 -0.000000 0.000000
0.000000 -0.000000 0.000000
0.000001 0.000000 -0.000000
0.000001 0.000000 -0.000000
0.000001 0.000000 -0.000000
0.000001 0.000000 -0.000000
0.000002 0.000000 -0.000000
0.000002 -0.000000 -0.000000
0.000002 -0.000000 -0.000000
0.000002 -0.000001 -0.000000
0.000002 -0.000001 -0.000000
0.000002 -0.000001 0.000000
0.000003 -0.000002 0.000000
0.000002 -0.000002 0.000000
0.000003 -0.000002 0.000000
0.000002 -0.000002 0.000000
0.000002 -0.000002 0.000000
0.000002 -0.000002 0.000000
0.000001 -0.000002 0.000001
0.000001 -0.000002 0.000001
0.000000 -0.000001 0.000001
-0.000000 -0.000001 0.000001
-0.000000 -0.000001 0.000001
-0.000001 -0.000000 0.000001
-0.000002 0.000000 0.000001
-0.000001 0.000000 0.000002
-0.000002 0.000001 0.000001
-0.000001 0.000001 0.000002
-0.000003 0.000002 0.000000
-0.000001 0.000001 0.000002
-0.000003 0.000003 -0.000001
-0.000001 0.000001 0.000001
-0.000002 0.000002 -0.000001
-0.000001 0.000001 -0.000000
-0.000001 0.000001 -0.000001
-0.000001 0.000001 -0.000001
-0.000001 0.000001 -0.000001
-0.000001 0.000001 -0.000001
-0.000001 0.000001 -0.000001
-0.000001 0.000001 -0.000001
-0.000001 0.000001 -0.000001
-0.000001 0.000001 -0.000001
-0.000001 0.000001 -0.000000
-0.000001 0.000001 -0.000000
-0.000000 0.000001 -0.000000
-0.000000 0.000001 -0.000000
-0.000000 0.000001 0.000000
-0.000000 0.000001 0.000000
-0.000000 0.000001 0.000000
-0.000000 0.000001 0.000000
-0.000000 0.000001 0.000000
-0.000000 0.000001 0.000000
-0.000000 0.000001 0.000000
-0.000000 0.000001 -0.000000
-0.000000 0.000001 -0.000000
-0.000000 0.000000 -0.000001
-0.000000 0.000001 -0.000000
-0.000000 0.000000 -0.000001
-0.000000 0.000001 -0.000000
-0.000000 -0.000000 -0.000001
-0.000000 0.000001 -0.000001
-0.000000 0.000001 -0.000001
-0.000000 0.000000 -0.000001
-0.000000 0.000000 -0.000001
-0.000000 0.000002 -0.000001
-0.000000 0.000000 -0.000001
-0.000000 0.000002 -0.000001
0.000000 0.000002 -0.000001
0.000000 0.000002 -0.000002
0.000000 0.000001 -0.000001
0.000000 0.000003 -0.000002
0.000000 0.000002 -0.000001
0.000000 0.000002 -0.000001
0.000000 0.000002 -0.000001
0.000000 0.000001 -0.000000
-0.000000 0.000004 -0.000001
-0.000000 -0.000001 0.000001
-0.000000 0.000003 -0.000001
-0.000000 0.000000 0.000000
-0.000000 -0.000002 0.000001
-0.000001 0.000001 -0.000000
-0.000000 -0.000002 0.000001
0.000000 -0.000002 0.000001
0.000001 -0.000002 0.000001
0.000001 -0.000002 0.000001
0.000001 -0.000002 0.000001
0.000002 -0.000003 0.000001
0.000002 -0.000000 0.000000
0.000002 -0.000003 0.000001
0.000002 -0.000001 0.000001
0.000001 -0.000002 0.000001
0.000001 -0.000001 0.000001
0.000000 -0.000002 0.000001
0.000001 -0.000001 0.000001
-0.000001 -0.000003 0.000001
-0.000001 -0.000002 0.000001
-0.000002 -0.000002 0.000001
-0.000002 -0.000002 0.000000
-0.000002 -0.000002 0.000000
-0.000002 -0.000002 0.000000
-0.000002 -0.000002 0.000000
-0.000002 -0.000002 0.000000
-0.000002 -0.000002 0.000000
-0.000002 -0.000002 0.000000
-0.000001 -0.000001 0.000000
-0.000001 -0.000002 0.000000
-0.000000 -0.000001 0.000000
-0.000000 -0.000001 0.000000
0.000000 -0.000001 0.000000
0.000001 -0.000000 0.000000
0.000001 -0.000000 0.000000
0.000002 0.000000 0.000000
0.000002 0.000000 -0.000000
0.000002 0.000001 -0.000000
0.000002 0.000001 -0.000000
0.000001 0.000001 -0.000000
0.000001 0.000002 -0.000001
0.000001 0.000001 -0.000001
0.000000 0.000002 -0.000001
0.000000 0.000002 -0.000001
0.000000 0.000002 -0.000001
-0.000000 0.000002 -0.000001
-0.000000 0.000002 -0.000001
VECTORS Curvature float
40.857454 56.269355 -3.419852
129.502315 178.287981 -10.814365
273.997865 377.515301 -23.737437
371.800960 514.514640 -35.350452
437.267266 614.197100 -47.704732
458.551075 669.318059 -60.523039
428.603880 686.574602 -74.094211
325.593542 649.127699 -88.762922
150.090200 583.430015 -104.588198
-96.298081 520.274665 -121.639583
-419.996308 460.150578 -139.490598
-814.248427 436.695357 -157.517718
-1293.811221 473.248730 -174.611692
-1817.538463 570.893282 -189.350568
-2389.218651 742.574091 -200.254648
-3014.680102 995.108031 -205.683766
-3647.857128 1312.605516 -204.213848
-4306.509819 1696.287641 -194.832655
-4941.800139 2118.228358 -176.615752
-5599.752185 2591.871101 -150.132061
-6229.874107 3086.457229 -114.689741
-6759.899109 3563.895942 -72.170817
-7271.144990 4064.928819 -23.861289
-7678.277161 4547.291797 28.887560
-7981.772428 5020.440944 82.000590
-8173.794745 5484.521581 133.493998
-8140.128436 5866.084637 178.809704
-7965.578041 6222.692175 212.394368
-7662.422064 6549.456121 232.391838
-7153.369177 6758.783639 235.013975
-6578.410434 6952.667851 220.781857
-5947.647851 7086.640417 193.612142
-5318.850489 7228.334495 159.760969
-4602.387471 7142.608954 122.276085
-3937.380823 7064.885372 91.835950
-3343.500629 6878.506884 62.766458
-2769.551219 6580.196803 45.198440
-2330.402768 6300.266702 30.623367
-1923.153249 5906.036913 25.089130
-1614.931185 5562.141556 23.319226
-1321.898973 5111.289497 27.130845
-1062.634794 4648.789642 34.617135
-830.283097 4248.911935 45.623197
-603.044574 3840.218001 58.542266
-372.360386 3421.072620 73.679610
-151.773030 3062.449369 89.735271
67.820927 2694.221663 106.606634
284.982409 2402.612620 123.734861
500.322662 2154.932757 140.825255
712.745417 1944.429593 157.659734
930.690650 1803.473442 174.096477
1150.140591 1709.637368 190.063645
1369.236667 1656.532407 205.587896
1586.904774 1632.138811 220.830691
1806.839341 1623.328152 236.019375
2024.876217 1610.122531 251.580372
2234.361330 1573.974367 267.944788
2436.287095 1507.681662 285.634570
2622.472139 1403.969902 305.091845
2788.189631 1263.475562 326.604298
2907.011183 1084.967669 350.370175
3029.321223 890.019312 375.864966
3080.773482 667.710913 403.345425
3152.053825 428.885898 430.978467
3159.120252 172.354814 459.360326
3152.230648 -112.358383 485.670791
3285.287059 -428.586364 509.899786
3314.029090 -771.733407 530.076476
3302.687692 -1119.579143 545.001604
3484.357881 -1563.924530 553.756551
3618.751538 -2000.326058 554.882545
3740.031012 -2446.187459 548.273807
4016.531859 -2984.285545 533.064602
4305.096631 -3540.506017 509.938184
4510.849276 -4003.691147 477.964950
4831.819470 -4549.655822 440.720612
5270.693503 -5176.819863 396.063922
5602.981627 -5668.340420 348.428813
5994.195148 -6171.078855 298.676071
6331.526438 -6564.017000 248.789641
6837.351790 -7063.462274 203.741222
7126.563699 -7278.750733 160.141313
7353.516047 -7356.521438 128.517199
7726.974695 -7535.087207 101.340974
7613.343931 -7214.251080 83.464598
7580.875217 -6976.550471 73.148782
7542.035271 -6792.485679 65.708742
7177.591202 -6400.378969 60.869620
6736.373574 -6067.939148 55.016035
6161.849584 -5756.616983 46.540793
5532.031911 -5547.391826 34.453557
4718.302156 -5268.005239 18.329735
3978.968889 -5183.402252 -0.906589
3250.356177 -5138.417769 -23.386503
2461.106506 -5004.686353 -46.805397
1772.693382 -4879.576234 -72.073254
1141.428756 -4693.862102 -96.567970
622.550335 -4409.430456 -121.908902
199.629037 -4092.600501 -144.975584
-109.937680 -3668.034602 -168.607499
-322.713345 -3016.542517 -189.931070
-440.364856 -2347.416436 -211.023563
-479.862306 -1583.525554 -231.183253
-466.341225 -795.336731 -251.081644
-403.513020 41.774518 -270.979688
-308.020915 888.112327 -291.329995
-204.931312 1713.748490 -312.504938
-109.232397 2495.304495 -334.587079
-38.901131 3230.226955 -357.281513
-9.775295 3857.708780 -380.384326
-35.134753 4393.617780 -402.478481
-123.729492 4802.851947 -423.160510
-275.252854 5037.286201 -440.295161
-485.680254 5166.443274 -452.828887
-738.405198 5147.494342 -459.455307
-1012.861708 4994.280460 -458.913090
-1286.042878 4732.142538 -450.754768
-1531.120482 4372.694757 -434.660873
-1729.998684 3954.654712 -410.965027
-1855.024042 3483.919536 -380.305663
-1901.824455 2999.479576 -343.563658
-1855.159438 2510.997033 -301.849772
-1719.699073 2036.535671 -256.227934
-1498.330882 1586.062044 -207.794440
-1197.224642 1157.003871 -156.996937
-846.720787 764.734507 -106.505241
-393.864418 341.906326 -48.820052
-127.813612 108.621240 -15.221397
VECTORS LocalRotation float
0.030688 -0.580524 -0.047769
0.031462 -0.579460 -0.047833
0.033281 -0.576953 -0.047989
0.036193 -0.572931 -0.048255
0.039863 -0.567811 -0.048632
0.043933 -0.561980 -0.049124
0.047951 -0.555838 -0.049734
0.051347 -0.549824 -0.050467
0.053508 -0.544225 -0.051345
0.053751 -0.539234 -0.052368
0.051417 -0.534801 -0.053549
0.045815 -0.530731 -0.054897
0.036260 -0.526606 -0.056402
0.022217 -0.521893 -0.058045
0.003138 -0.515936 -0.059812
-0.021314 -0.508074 -0.061649
-0.051473 -0.497627 -0.063505
-0.087490 -0.484003 -0.065311
-0.129359 -0.466734 -0.066993
-0.177166 -0.445373 -0.068475
-0.230620 -0.419715 -0.069671
-0.289444 -0.389599 -0.070518
-0.353053 -0.355014 -0.070953
-0.420749 -0.316015 -0.070930
-0.491714 -0.272658 -0.070428
-0.564746 -0.225169 -0.069454
-0.638470 -0.173875 -0.068042
-0.711422 -0.119119 -0.066270
-0.782109 -0.061348 -0.064258
-0.849187 -0.001096 -0.062142
-0.911557 0.061182 -0.060072
-0.968349 0.124834 -0.058193
-1.019410 0.189712 -0.056592
-1.064117 0.254470 -0.055321
-1.102955 0.319084 -0.054347
-1.135732 0.381855 -0.053651
-1.163550 0.443099 -0.053160
-1.186572 0.501243 -0.052817
-1.205888 0.556676 -0.052564
-1.221864 0.608459 -0.052346
-1.235143 0.656718 -0.052118
-1.245947 0.700940 -0.051838
-1.254549 0.741373 -0.051473
-1.261019 0.777889 -0.051003
-1.265442 0.810815 -0.050404
-1.267810 0.840108 -0.049665
-1.268190 0.866164 -0.048777
-1.266590 0.889285 -0.047732
-1.263040 0.909884 -0.046536
-1.257543 0.928460 -0.045183
-1.250096 0.945445 -0.043680
-1.240675 0.961349 -0.042031
-1.229271 0.976587 -0.040240
-1.215888 0.991475 -0.038310
-1.200519 1.006218 -0.036241
-1.183178 1.020851 -0.034034
-1.163895 1.035267 -0.031682
-1.142743 1.049223 -0.029175
-1.119835 1.062408 -0.026500
-1.095339 1.074485 -0.023640
-1.069546 1.085120 -0.020574
-1.042620 1.094079 -0.017280
-1.015029 1.101113 -0.013762
-0.986718 1.106094 -0.009972
-0.958306 1.108800 -0.005964
-0.929474 1.109074 -0.001647
-0.900379 1.106630 0.002853
-0.870728 1.101237 0.007526
-0.840677 1.092647 0.012408
-0.809707 1.080401 0.017422
-0.777765 1.064373 0.022408
-0.744215 1.044101 0.027437
-0.709102 1.019518 0.032332
-0.671585 0.990102 0.037034
-0.631907 0.956147 0.041481
-0.589329 0.917167 0.045667
-0.543796 0.873328 0.049439
-0.494684 0.824345 0.052801
-0.442178 0.770743 0.055731
-0.386255 0.712963 0.058215
-0.326400 0.651023 0.060272
-0.263601 0.586523 0.061908
-0.197574 0.519788 0.063225
-0.129565 0.452631 0.064261
-0.060332 0.386065 0.065095
0.009116 0.321203 0.065811
0.077436 0.259000 0.066438
0.143975 0.199362 0.067011
0.206906 0.142970 0.067535
0.265248 0.089485 0.067994
0.318122 0.038373 0.068360
0.364424 -0.010482 0.068599
0.404121 -0.058185 0.068678
0.436624 -0.104592 0.068569
0.462523 -0.150586 0.068251
0.481636 -0.195207 0.067714
0.494888 -0.238743 0.066947
0.502868 -0.279925 0.065959
0.506615 -0.318676 0.064742
0.507017 -0.353458 0.063337
0.505058 -0.383726 0.061714
0.501602 -0.408020 0.059898
0.497416 -0.425904 0.057886
0.493120 -0.436705 0.055696
0.489197 -0.440103 0.053342
0.485979 -0.435899 0.050799
0.483657 -0.424117 0.048065
0.482233 -0.405040 0.045132
0.481561 -0.379086 0.041996
0.481341 -0.347018 0.038658
0.481137 -0.309604 0.035109
0.480420 -0.268046 0.031378
0.478612 -0.223466 0.027466
0.475163 -0.177220 0.023418
0.469622 -0.130533 0.019288
0.461692 -0.084607 0.015130
0.451286 -0.040582 0.011012
0.438531 0.000642 0.007003
0.423766 0.038346 0.003175
0.407541 0.072011 -0.000406
0.390519 0.101386 -0.003686
0.373517 0.126323 -0.006607
0.357313 0.146937 -0.009137
0.342756 0.163324 -0.011236
0.330540 0.175755 -0.012889
0.321306 0.184437 -0.014079
0.315676 0.189459 -0.014784
0.313319 0.191494 -0.015074
VECTORS q1 float
0.999650 0.017798 -0.019549
0.999636 0.017622 -0.020413
0.999590 0.017107 -0.022942
0.999505 0.016292 -0.026912
0.999373 0.015232 -0.031967
0.999191 0.013986 -0.037717
0.998963 0.012608 -0.043752
0.998703 0.011142 -0.049686
0.998434 0.009608 -0.055117
0.998169 0.008004 -0.059958
0.997917 0.006308 -0.064195
0.997674 0.004477 -0.068023
0.997412 0.002454 -0.071853
0.997090 0.000166 -0.076234
0.996650 -0.002508 -0.081743
0.996009 -0.005714 -0.089070
0.995060 -0.009666 -0.098807
0.993660 -0.014642 -0.111474
0.991622 -0.020998 -0.127458
0.988716 -0.029145 -0.146938
0.984640 -0.039595 -0.170046
0.979088 -0.052817 -0.196463
0.971695 -0.069324 -0.225836
0.962070 -0.089631 -0.257658
0.949858 -0.114100 -0.291122
0.934674 -0.143101 -0.325433
0.916259 -0.176695 -0.359511
0.894471 -0.214688 -0.392213
0.869144 -0.256902 -0.422599
0.840371 -0.302675 -0.449627
0.808393 -0.351108 -0.472466
0.773352 -0.401479 -0.490653
0.735698 -0.452629 -0.503860
0.695728 -0.503706 -0.512097
0.654633 -0.552870 -0.515548
0.612286 -0.600141 -0.514720
0.570237 -0.643780 -0.510271
0.528369 -0.684105 -0.502818
0.487856 -0.720256 -0.493181
0.448734 -0.752584 -0.481929
0.411681 -0.780927 -0.469758
0.377025 -0.805479 -0.457227
0.344996 -0.826510 -0.444814
0.315406 -0.844532 -0.432765
0.288599 -0.859678 -0.421503
0.264286 -0.872429 -0.411120
0.242434 -0.883062 -0.401781
0.222807 -0.891913 -0.393507
0.204995 -0.899352 -0.386191
0.188744 -0.905617 -0.379781
0.173630 -0.910984 -0.374113
0.159253 -0.915675 -0.369023
0.145275 -0.919852 -0.364374
0.131417 -0.923627 -0.360058
0.117514 -0.927058 -0.356026
0.103520 -0.930151 -0.352283
0.089552 -0.932867 -0.348913
0.075833 -0.935152 -0.346035
0.062664 -0.936954 -0.343788
0.050385 -0.938237 -0.342306
0.039331 -0.938987 -0.341696
0.029802 -0.939218 -0.342024
0.022002 -0.938977 -0.343275
0.016204 -0.938286 -0.345480
0.012569 -0.937218 -0.348517
0.011369 -0.935776 -0.352412
0.012899 -0.934032 -0.356957
0.017488 -0.932004 -0.362026
0.025371 -0.929680 -0.367492
0.036924 -0.927060 -0.373091
0.052729 -0.924127 -0.378430
0.072593 -0.920795 -0.383232
0.097135 -0.916974 -0.386942
0.126437 -0.912514 -0.389014
0.160483 -0.907226 -0.388826
0.198701 -0.900921 -0.385824
0.241727 -0.893267 -0.379001
0.288564 -0.884032 -0.367721
0.338457 -0.872960 -0.351266
0.390367 -0.859853 -0.329039
0.442950 -0.844620 -0.300686
0.495210 -0.827133 -0.265741
0.544227 -0.808043 -0.225574
0.589623 -0.787361 -0.180022
0.629536 -0.765879 -0.130818
0.662821 -0.744487 -0.080045
0.690016 -0.723258 -0.027834
0.710912 -0.702870 0.024040
0.726054 -0.683560 0.074774
0.736146 -0.665370 0.123982
0.741891 -0.648190 0.171603
0.743899 -0.631807 0.217796
0.742687 -0.616151 0.262249
0.738595 -0.600577 0.306243
0.732024 -0.585261 0.348727
0.723257 -0.569895 0.390024
0.712807 -0.554702 0.429199
0.701074 -0.539655 0.466119
0.688807 -0.525302 0.499603
0.676422 -0.511716 0.529717
0.664908 -0.499884 0.554989
0.654839 -0.490270 0.575171
0.646818 -0.483502 0.589790
0.641238 -0.480001 0.598676
0.638359 -0.480092 0.601673
0.638258 -0.483981 0.598656
0.640823 -0.491631 0.589614
0.645763 -0.502809 0.574608
0.652642 -0.517093 0.553781
0.660914 -0.533918 0.527374
0.669872 -0.552523 0.495974
0.678899 -0.572208 0.460080
0.687248 -0.592120 0.420813
0.694380 -0.611599 0.379188
0.699887 -0.630102 0.336348
0.703504 -0.647205 0.293611
0.705189 -0.662674 0.252135
0.705063 -0.676398 0.213009
0.703401 -0.688385 0.177069
0.700573 -0.698712 0.144909
0.696992 -0.707479 0.116938
0.693072 -0.714816 0.093219
0.689182 -0.720823 0.073774
0.685631 -0.725607 0.058350
0.682659 -0.729239 0.046765
0.680429 -0.731792 0.038697
0.679054 -0.733301 0.033983
0.678590 -0.733801 0.032425
VECTORS q2 float
-0.020361 0.989959 -0.139880
-0.020297 0.990049 -0.139248
-0.020102 0.990312 -0.137400
-0.019770 0.990716 -0.134504
-0.019293 0.991214 -0.130850
-0.018668 0.991753 -0.126797
-0.017902 0.992270 -0.122799
-0.017016 0.992701 -0.119396
-0.016028 0.992972 -0.117258
-0.014992 0.993017 -0.117012
-0.013953 0.992754 -0.119348
-0.012969 0.992081 -0.124928
-0.012121 0.990851 -0.134413
-0.011511 0.988859 -0.148406
-0.011236 0.985852 -0.167242
-0.011483 0.981451 -0.191369
-0.012462 0.975217 -0.220901
-0.014458 0.966610 -0.255842
-0.017827 0.955014 -0.296024
-0.022972 0.939792 -0.340975
-0.030402 0.920183 -0.390307
-0.040541 0.895686 -0.442836
-0.053838 0.865833 -0.497428
-0.070673 0.830352 -0.552739
-0.091207 0.789453 -0.606997
-0.115472 0.743571 -0.658611
-0.143128 0.693819 -0.705783
-0.173515 0.641776 -0.747005
-0.205900 0.588954 -0.781498
-0.239232 0.537242 -0.808789
-0.272406 0.488380 -0.829023
-0.304612 0.443432 -0.842959
-0.334994 0.403386 -0.851504
-0.363094 0.368521 -0.855777
-0.388138 0.339407 -0.856827
-0.410443 0.315153 -0.855696
-0.429623 0.295725 -0.853212
-0.446239 0.280069 -0.849960
-0.460355 0.267738 -0.846398
-0.472435 0.257984 -0.842763
-0.482647 0.250407 -0.839254
-0.491157 0.244657 -0.836007
-0.498046 0.240489 -0.833136
-0.503391 0.237689 -0.830724
-0.507121 0.236163 -0.828888
-0.509256 0.235768 -0.827690
-0.509783 0.236403 -0.827185
-0.508701 0.237968 -0.827402
-0.505985 0.240378 -0.828370
-0.501631 0.243559 -0.830088
-0.495592 0.247449 -0.832561
-0.487813 0.251988 -0.835788
-0.478252 0.257110 -0.839744
-0.466868 0.262743 -0.844394
-0.453621 0.268812 -0.849687
-0.438455 0.275240 -0.855570
-0.421368 0.281939 -0.861951
-0.402374 0.288824 -0.868721
-0.381531 0.295813 -0.875745
-0.358966 0.302825 -0.882859
-0.334891 0.309796 -0.889873
-0.309592 0.316676 -0.896588
-0.283183 0.323443 -0.902880
-0.256193 0.330094 -0.908517
-0.228404 0.336639 -0.913513
-0.200568 0.343138 -0.917621
-0.171979 0.349595 -0.920981
-0.142684 0.356050 -0.923510
-0.113027 0.362586 -0.925071
-0.082639 0.369234 -0.925655
-0.050694 0.375991 -0.925235
-0.017868 0.382983 -0.923583
0.016781 0.390234 -0.920563
0.053405 0.397854 -0.915893
0.092143 0.405982 -0.909224
0.132596 0.414766 -0.900215
0.175831 0.424441 -0.888219
0.221193 0.435221 -0.872729
0.268407 0.447352 -0.853132
0.316998 0.461074 -0.828808
0.366230 0.476586 -0.799213
0.415683 0.494182 -0.763539
0.462891 0.513471 -0.722551
0.507732 0.534672 -0.675525
0.548280 0.557196 -0.623636
0.583029 0.580219 -0.568703
0.612085 0.603613 -0.510884
0.634640 0.626422 -0.452579
0.650829 0.648015 -0.395599
0.661215 0.667890 -0.341640
0.666675 0.685701 -0.292161
0.668280 0.701256 -0.248279
0.667192 0.714315 -0.211208
0.664478 0.725220 -0.180345
0.661154 0.733773 -0.156375
0.657962 0.740194 -0.138561
0.655509 0.744531 -0.126417
0.654083 0.747017 -0.118917
0.653840 0.747816 -0.115170
0.654682 0.747235 -0.114154
0.656464 0.745547 -0.114959
0.658932 0.743078 -0.116809
0.661816 0.740155 -0.119039
0.664870 0.737064 -0.121180
0.667891 0.734042 -0.122901
0.670744 0.731262 -0.123929
0.673368 0.728808 -0.124157
0.675778 0.726671 -0.123590
0.678052 0.724758 -0.122355
0.680320 0.722907 -0.120711
0.682744 0.720897 -0.119036
0.685457 0.718514 -0.117841
0.688571 0.715556 -0.117687
0.692101 0.711896 -0.119166
0.695967 0.707497 -0.122797
0.700004 0.702404 -0.128933
0.703978 0.696739 -0.137730
0.707634 0.690672 -0.149088
0.710734 0.684394 -0.162670
0.713105 0.678103 -0.177927
0.714668 0.671990 -0.194112
0.715437 0.666230 -0.210443
0.715539 0.660998 -0.226021
0.715150 0.656444 -0.240088
0.714511 0.652721 -0.251852
0.713842 0.649951 -0.260755
0.713357 0.648246 -0.266266
0.713178 0.647670 -0.268142
VECTORS q3 float
0.016863 0.140229 0.989976
0.017756 0.139612 0.990047
0.020369 0.137805 0.990250
0.024471 0.134969 0.990548
0.029693 0.131385 0.990887
0.035633 0.127398 0.991211
0.041865 0.123454 0.991467
0.047993 0.120087 0.991603
0.053604 0.117958 0.991571
0.058603 0.117697 0.991319
0.062977 0.119995 0.990775
0.066925 0.125520 0.989831
0.070866 0.134936 0.988317
0.075360 0.148852 0.985984
0.081006 0.167600 0.982521
0.088511 0.191628 0.977468
0.098493 0.221041 0.970278
0.111498 0.255832 0.960270
0.127940 0.295816 0.946638
0.148029 0.340503 0.928518
0.171927 0.389482 0.904845
0.199358 0.441540 0.874814
0.230020 0.495507 0.837594
0.263489 0.549984 0.792522
0.299085 0.603113 0.739461
0.336230 0.653165 0.678472
0.374144 0.698136 0.610428
0.412086 0.736229 0.536798
0.449659 0.766247 0.458990
0.486359 0.787247 0.379073
0.521820 0.798879 0.299159
0.556002 0.801363 0.220634
0.588666 0.795240 0.145143
0.619779 0.781327 0.073498
0.648695 0.761011 0.007597
0.675754 0.735194 -0.053360
0.700181 0.705757 -0.107949
0.722286 0.673470 -0.157295
0.741667 0.639959 -0.200955
0.758580 0.605856 -0.239781
0.773027 0.572232 -0.273824
0.785249 0.539766 -0.303375
0.795568 0.508966 -0.328673
0.804436 0.479865 -0.350161
0.812120 0.452970 -0.367804
0.819031 0.428112 -0.381980
0.825437 0.405359 -0.392858
0.831613 0.384529 -0.400696
0.837828 0.365218 -0.405782
0.844241 0.347184 -0.408315
0.851024 0.329965 -0.408512
0.858299 0.313116 -0.406548
0.866124 0.296256 -0.402569
0.874508 0.279067 -0.396683
0.883413 0.261351 -0.388943
0.892772 0.243029 -0.379336
0.902457 0.224211 -0.367832
0.912329 0.205113 -0.354379
0.922229 0.186043 -0.338941
0.931990 0.167359 -0.321538
0.941436 0.149430 -0.302274
0.950402 0.132608 -0.281337
0.958813 0.117075 -0.258786
0.966490 0.103231 -0.235034
0.973485 0.091084 -0.209833
0.979614 0.081115 -0.183786
0.985016 0.073269 -0.156124
0.989614 0.067806 -0.126755
0.993268 0.065007 -0.095879
0.995895 0.065011 -0.062978
0.997321 0.067971 -0.027022
0.997202 0.073893 0.011350
0.995130 0.082925 0.053293
0.990536 0.095028 0.099037
0.982728 0.110087 0.148748
0.971049 0.127715 0.201873
0.954281 0.148067 0.259663
0.931560 0.170501 0.321131
0.901889 0.194466 0.385718
0.864365 0.219235 0.452559
0.818334 0.243892 0.520429
0.762873 0.267648 0.588549
0.699677 0.288816 0.653481
0.628135 0.306902 0.715023
0.550521 0.320876 0.770691
0.469836 0.330280 0.818639
0.386302 0.335482 0.859199
0.303045 0.337000 0.891400
0.221961 0.335891 0.915374
0.144511 0.333475 0.931617
0.071708 0.331155 0.940848
0.004134 0.330243 0.943887
-0.057192 0.331831 0.941603
-0.113782 0.336694 0.934714
-0.164366 0.345032 0.924087
-0.209728 0.356836 0.910320
-0.249428 0.371455 0.894319
-0.284025 0.388250 0.876694
-0.313112 0.405990 0.858565
-0.337409 0.424013 0.840457
-0.356305 0.440767 0.823876
-0.370129 0.455489 0.809651
-0.378981 0.467329 0.798735
-0.383096 0.475747 0.791772
-0.382649 0.480307 0.789231
-0.377795 0.480643 0.791361
-0.368676 0.476590 0.798085
-0.355409 0.468117 0.809044
-0.338088 0.455346 0.823624
-0.316792 0.438563 0.841015
-0.291776 0.418361 0.860140
-0.263145 0.395367 0.880023
-0.231430 0.370640 0.899481
-0.197061 0.345183 0.917614
-0.160590 0.320031 0.933697
-0.122787 0.296233 0.947190
-0.084403 0.274623 0.957840
-0.046277 0.255849 0.965609
-0.009205 0.240272 0.970662
0.026057 0.227987 0.973316
0.058749 0.218866 0.973985
0.088323 0.212545 0.973151
0.114157 0.208558 0.971325
0.135906 0.206341 0.968996
0.153136 0.205343 0.966635
0.165667 0.205049 0.964629
0.173224 0.205052 0.963300
0.175762 0.205084 0.962833
