# vtk DataFile Version 2.0
VTK example
ASCII
DATASET UNSTRUCTURED_GRID
POINTS  128  float
-0.000102 -0.000106 -0.000209
-0.000095 -0.000101 -0.000207
-0.000088 -0.000096 -0.000204
-0.000081 -0.000091 -0.000202
-0.000074 -0.000086 -0.000199
-0.000067 -0.000081 -0.000196
-0.000060 -0.000076 -0.000193
-0.000054 -0.000071 -0.000189
-0.000048 -0.000065 -0.000185
-0.000042 -0.000060 -0.000180
-0.000036 -0.000055 -0.000175
-0.000031 -0.000050 -0.000169
-0.000026 -0.000045 -0.000164
-0.000022 -0.000040 -0.000157
-0.000018 -0.000036 -0.000150
-0.000015 -0.000031 -0.000143
-0.000012 -0.000027 -0.000136
-0.000010 -0.000023 -0.000128
-0.000008 -0.000020 -0.000120
-0.000006 -0.000016 -0.000111
-0.000005 -0.000013 -0.000103
-0.000004 -0.000010 -0.000095
-0.000003 -0.000007 -0.000086
-0.000002 -0.000004 -0.000077
-0.000002 -0.000002 -0.000069
-0.000001 0.000001 -0.000060
-0.000001 0.000003 -0.000052
0.000000 0.000006 -0.000043
0.000001 0.000009 -0.000034
0.000001 0.000012 -0.000026
0.000002 0.000015 -0.000017
0.000004 0.000018 -0.000009
0.000005 0.000022 -0.000001
0.000007 0.000025 0.000007
0.000009 0.000030 0.000015
0.000011 0.000034 0.000023
0.000014 0.000039 0.000030
0.000017 0.000044 0.000037
0.000020 0.000049 0.000043
0.000024 0.000055 0.000049
0.000028 0.000061 0.000054
0.000033 0.000067 0.000059
0.000038 0.000074 0.000063
0.000043 0.000080 0.000066
0.000049 0.000087 0.000069
0.000055 0.000093 0.000071
0.000061 0.000100 0.000072
0.000067 0.000106 0.000073
0.000073 0.000113 0.000073
0.000080 0.000119 0.000073
0.000087 0.000125 0.000072
0.000094 0.000131 0.000071
0.000101 0.000136 0.000070
0.000108 0.000142 0.000068
0.000115 0.000147 0.000066
0.000122 0.000152 0.000064
0.000130 0.000156 0.000062
0.000137 0.000161 0.000059
0.000145 0.000165 0.000057
0.000153 0.000169 0.000054
0.000160 0.000173 0.000052
0.000168 0.000176 0.000049
0.000176 0.000179 0.000046
0.000185 0.000182 0.000044
0.000193 0.000185 0.000041
0.000201 0.000188 0.000038
0.000209 0.000190 0.000035
0.000218 0.000192 0.000032
0.000226 0.000194 0.000030
0.000235 0.000195 0.000027
0.000243 0.000196 0.000024
0.000252 0.000197 0.000021
0.000260 0.000198 0.000018
0.000269 0.000199 0.000016
0.000277 0.000199 0.000013
0.000286 0.000200 0.000011
0.000295 0.000200 0.000009
0.000304 0.000200 0.000007
0.000313 0.000200 0.000005
0.000322 0.000200 0.000004
0.000331 0.000199 0.000003
0.000340 0.000199 0.000003
0.000349 0.000199 0.000003
0.000358 0.000199 0.000004
0.000367 0.000200 0.000006
0.000376 0.000200 0.000008
0.000384 0.000201 0.000011
0.000392 0.000202 0.000015
0.000400 0.000204 0.000019
0.000407 0.000205 0.000024
0.000414 0.000208 0.000029
0.000420 0.000210 0.000035
0.000426 0.000213 0.000042
0.000431 0.000217 0.000049
0.000435 0.000220 0.000056
0.000439 0.000224 0.000063
0.000442 0.000228 0.000071
0.000444 0.000233 0.000078
0.000446 0.000237 0.000086
0.000447 0.000242 0.000094
0.000447 0.000246 0.000102
0.000447 0.000251 0.000109
0.000447 0.000255 0.000117
0.000446 0.000260 0.000125
0.000444 0.000264 0.000133
0.000443 0.000268 0.000141
0.000441 0.000273 0.000148
0.000438 0.000277 0.000156
0.000436 0.000281 0.000164
0.000433 0.000285 0.000171
0.000430 0.000289 0.000179
0.000426 0.000293 0.000186
0.000423 0.000297 0.000194
0.000420 0.000301 0.000201
0.000416 0.000305 0.000208
0.000413 0.000309 0.000216
0.000409 0.000313 0.000223
0.000406 0.000316 0.000231
0.000402 0.000320 0.000238
0.000399 0.000324 0.000246
0.000396 0.000327 0.000254
0.000393 0.000331 0.000261
0.000390 0.000334 0.000269
0.000387 0.000337 0.000277
0.000384 0.000340 0.000285
0.000382 0.000343 0.000293
0.000379 0.000346 0.000302
0.000376 0.000349 0.000310
CELLS  127 381
2 0 1 
2 1 2 
2 2 3 
2 3 4 
2 4 5 
2 5 6 
2 6 7 
2 7 8 
2 8 9 
2 9 10 
2 10 11 
2 11 12 
2 12 13 
2 13 14 
2 14 15 
2 15 16 
2 16 17 
2 17 18 
2 18 19 
2 19 20 
2 20 21 
2 21 22 
2 22 23 
2 23 24 
2 24 25 
2 25 26 
2 26 27 
2 27 28 
2 28 29 
2 29 30 
2 30 31 
2 31 32 
2 32 33 
2 33 34 
2 34 35 
2 35 36 
2 36 37 
2 37 38 
2 38 39 
2 39 40 
2 40 41 
2 41 42 
2 42 43 
2 43 44 
2 44 45 
2 45 46 
2 46 47 
2 47 48 
2 48 49 
2 49 50 
2 50 51 
2 51 52 
2 52 53 
2 53 54 
2 54 55 
2 55 56 
2 56 57 
2 57 58 
2 58 59 
2 59 60 
2 60 61 
2 61 62 
2 62 63 
2 63 64 
2 64 65 
2 65 66 
2 66 67 
2 67 68 
2 68 69 
2 69 70 
2 70 71 
2 71 72 
2 72 73 
2 73 74 
2 74 75 
2 75 76 
2 76 77 
2 77 78 
2 78 79 
2 79 80 
2 80 81 
2 81 82 
2 82 83 
2 83 84 
2 84 85 
2 85 86 
2 86 87 
2 87 88 
2 88 89 
2 89 90 
2 90 91 
2 91 92 
2 92 93 
2 93 94 
2 94 95 
2 95 96 
2 96 97 
2 97 98 
2 98 99 
2 99 100 
2 100 101 
2 101 102 
2 102 103 
2 103 104 
2 104 105 
2 105 106 
2 106 107 
2 107 108 
2 108 109 
2 109 110 
2 110 111 
2 111 112 
2 112 113 
2 113 114 
2 114 115 
2 115 116 
2 116 117 
2 117 118 
2 118 119 
2 119 120 
2 120 121 
2 121 122 
2 122 123 
2 123 124 
2 124 125 
2 125 126 
2 126 127 
CELL_TYPES  127
3
3
3
3
3
3
3
3
3
3
3
3
3
3
3
3
3
3
3
3
3
3
3
3
3
3
3
3
3
3
3
3
3
3
3
3
3
3
3
3
3
3
3
3
3
3
3
3
3
3
3
3
3
3
3
3
3
3
3
3
3
3
3
3
3
3
3
3
3
3
3
3
3
3
3
3
3
3
3
3
3
3
3
3
3
3
3
3
3
3
3
3
3
3
3
3
3
3
3
3
3
3
3
3
3
3
3
3
3
3
3
3
3
3
3
3
3
3
3
3
3
3
3
3
3
3
3
POINT_DATA  128
VECTORS Position float
-0.000102 -0.000106 -0.000209
-0.000095 -0.000101 -0.000207
-0.000088 -0.000096 -0.000204
-0.000081 -0.000091 -0.000202
-0.000074 -0.000086 -0.000199
-0.000067 -0.000081 -0.000196
-0.000060 -0.000076 -0.000193
-0.000054 -0.000071 -0.000189
-0.000048 -0.000065 -0.000185
-0.000042 -0.000060 -0.000180
-0.000036 -0.000055 -0.000175
-0.000031 -0.000050 -0.000169
-0.000026 -0.000045 -0.000164
-0.000022 -0.000040 -0.000157
-0.000018 -0.000036 -0.000150
-0.000015 -0.000031 -0.000143
-0.000012 -0.000027 -0.000136
-0.000010 -0.000023 -0.000128
-0.000008 -0.000020 -0.000120
-0.000006 -0.000016 -0.000111
-0.000005 -0.000013 -0.000103
-0.000004 -0.000010 -0.000095
-0.000003 -0.000007 -0.000086
-0.000002 -0.000004 -0.000077
-0.000002 -0.000002 -0.000069
-0.000001 0.000001 -0.000060
-0.000001 0.000003 -0.000052
0.000000 0.000006 -0.000043
0.000001 0.000009 -0.000034
0.000001 0.000012 -0.000026
0.000002 0.000015 -0.000017
0.000004 0.000018 -0.000009
0.000005 0.000022 -0.000001
0.000007 0.000025 0.000007
0.000009 0.000030 0.000015
0.000011 0.000034 0.000023
0.000014 0.000039 0.000030
0.000017 0.000044 0.000037
0.000020 0.000049 0.000043
0.000024 0.000055 0.000049
0.000028 0.000061 0.000054
0.000033 0.000067 0.000059
0.000038 0.000074 0.000063
0.000043 0.000080 0.000066
0.000049 0.000087 0.000069
0.000055 0.000093 0.000071
0.000061 0.000100 0.000072
0.000067 0.000106 0.000073
0.000073 0.000113 0.000073
0.000080 0.000119 0.000073
0.000087 0.000125 0.000072
0.000094 0.000131 0.000071
0.000101 0.000136 0.000070
0.000108 0.000142 0.000068
0.000115 0.000147 0.000066
0.000122 0.000152 0.000064
0.000130 0.000156 0.000062
0.000137 0.000161 0.000059
0.000145 0.000165 0.000057
0.000153 0.000169 0.000054
0.000160 0.000173 0.000052
0.000168 0.000176 0.000049
0.000176 0.000179 0.000046
0.000185 0.000182 0.000044
0.000193 0.000185 0.000041
0.000201 0.000188 0.000038
0.000209 0.000190 0.000035
0.000218 0.000192 0.000032
0.000226 0.000194 0.000030
0.000235 0.000195 0.000027
0.000243 0.000196 0.000024
0.000252 0.000197 0.000021
0.000260 0.000198 0.000018
0.000269 0.000199 0.000016
0.000277 0.000199 0.000013
0.000286 0.000200 0.000011
0.000295 0.000200 0.000009
0.000304 0.000200 0.000007
0.000313 0.000200 0.000005
0.000322 0.000200 0.000004
0.000331 0.000199 0.000003
0.000340 0.000199 0.000003
0.000349 0.000199 0.000003
0.000358 0.000199 0.000004
0.000367 0.000200 0.000006
0.000376 0.000200 0.000008
0.000384 0.000201 0.000011
0.000392 0.000202 0.000015
0.000400 0.000204 0.000019
0.000407 0.000205 0.000024
0.000414 0.000208 0.000029
0.000420 0.000210 0.000035
0.000426 0.000213 0.000042
0.000431 0.000217 0.000049
0.000435 0.000220 0.000056
0.000439 0.000224 0.000063
0.000442 0.000228 0.000071
0.000444 0.000233 0.000078
0.000446 0.000237 0.000086
0.000447 0.000242 0.000094
0.000447 0.000246 0.000102
0.000447 0.000251 0.000109
0.000447 0.000255 0.000117
0.000446 0.000260 0.000125
0.000444 0.000264 0.000133
0.000443 0.000268 0.000141
0.000441 0.000273 0.000148
0.000438 0.000277 0.000156
0.000436 0.000281 0.000164
0.000433 0.000285 0.000171
0.000430 0.000289 0.000179
0.000426 0.000293 0.000186
0.000423 0.000297 0.000194
0.000420 0.000301 0.000201
0.000416 0.000305 0.000208
0.000413 0.000309 0.000216
0.000409 0.000313 0.000223
0.000406 0.000316 0.000231
0.000402 0.000320 0.000238
0.000399 0.000324 0.000246
0.000396 0.000327 0.000254
0.000393 0.000331 0.000261
0.000390 0.000334 0.000269
0.000387 0.000337 0.000277
0.000384 0.000340 0.000285
0.000382 0.000343 0.000293
0.000379 0.000346 0.000302
0.000376 0.000349 0.000310
VECTORS Rotation float
0.645903 0.579492 -1.254633
0.642915 0.580434 -1.249516
0.633928 0.583175 -1.234148
0.618995 0.587403 -1.208726
0.598269 0.592592 -1.173672
0.571796 0.598072 -1.129181
0.539714 0.602986 -1.075542
0.502329 0.606316 -1.013210
0.460843 0.606941 -0.944103
0.415761 0.603861 -0.868608
0.368637 0.596254 -0.788826
0.321195 0.583695 -0.707052
0.274871 0.566109 -0.625066
0.231037 0.543836 -0.544680
0.191220 0.517896 -0.468374
0.155898 0.489222 -0.396968
0.125521 0.459147 -0.331651
0.100090 0.428969 -0.273060
0.079351 0.399904 -0.221557
0.062928 0.373080 -0.177419
0.050247 0.349225 -0.140445
0.040881 0.329145 -0.110775
0.034337 0.313291 -0.088194
0.030186 0.301955 -0.072407
0.028106 0.295361 -0.063140
0.027844 0.293602 -0.060015
0.029253 0.296726 -0.062674
0.032268 0.304709 -0.070743
0.036931 0.317537 -0.083949
0.043363 0.335117 -0.102068
0.051786 0.357307 -0.124999
0.062587 0.384091 -0.152974
0.076247 0.415250 -0.186268
0.093484 0.450682 -0.225581
0.114845 0.489433 -0.270984
0.141678 0.531626 -0.324198
0.174534 0.575495 -0.385030
0.215125 0.620658 -0.455542
0.263975 0.664950 -0.535535
0.322379 0.707071 -0.626346
0.390103 0.744726 -0.727096
0.466238 0.775992 -0.836416
0.548708 0.799298 -0.951762
0.635273 0.813795 -1.070791
0.721305 0.819001 -1.188101
0.803787 0.815406 -1.300586
0.879227 0.804036 -1.404276
0.945637 0.786298 -1.496919
1.002518 0.763547 -1.577968
1.049574 0.737286 -1.646843
1.087638 0.708631 -1.704368
1.117766 0.678480 -1.751617
1.141057 0.647572 -1.789715
1.158611 0.616440 -1.819845
1.171437 0.585465 -1.843126
1.180447 0.554851 -1.860637
1.186415 0.524758 -1.873330
1.190026 0.495202 -1.882123
1.191868 0.466118 -1.887868
1.192428 0.437389 -1.891344
1.192097 0.408895 -1.893228
1.191172 0.380542 -1.894084
1.189879 0.352059 -1.894368
1.188348 0.323687 -1.894411
1.186687 0.295010 -1.894425
1.184888 0.266760 -1.894490
1.182990 0.238325 -1.894553
1.180953 0.209989 -1.894415
1.178699 0.182397 -1.893752
1.176203 0.155572 -1.892114
1.173485 0.129211 -1.888908
1.170505 0.104298 -1.883588
1.167348 0.080576 -1.875367
1.164094 0.058431 -1.863549
1.160855 0.038270 -1.847449
1.157727 0.020760 -1.826638
1.154881 0.005926 -1.800003
1.152391 -0.005547 -1.767338
1.150299 -0.013167 -1.728251
1.148568 -0.016446 -1.682483
1.147059 -0.014929 -1.629968
1.145549 -0.008178 -1.570188
1.143601 0.003918 -1.505003
1.140799 0.021793 -1.433399
1.136588 0.045223 -1.356984
1.130499 0.073659 -1.277600
1.121976 0.107339 -1.194231
1.110669 0.145191 -1.108745
1.096328 0.186319 -1.021885
1.078828 0.229640 -0.934216
1.058170 0.273898 -0.846158
1.034462 0.317734 -0.758005
1.008328 0.359268 -0.671063
0.979286 0.398207 -0.583379
0.948591 0.432450 -0.497340
0.916333 0.461582 -0.412277
0.883660 0.484735 -0.329759
0.850749 0.502051 -0.249392
0.818833 0.513522 -0.172861
0.787482 0.519899 -0.098908
0.758295 0.521720 -0.030017
0.731188 0.519932 0.034198
0.706481 0.515481 0.093300
0.683993 0.509237 0.147644
0.663558 0.501952 0.197509
0.645353 0.494351 0.242517
0.629236 0.486927 0.282834
0.615108 0.480008 0.318554
0.602899 0.473761 0.349731
0.592561 0.468202 0.376404
0.584159 0.463271 0.398412
0.577652 0.458766 0.415824
0.573115 0.454467 0.428504
0.570529 0.450068 0.436501
0.569856 0.445229 0.439904
0.571013 0.439629 0.438885
0.573849 0.432965 0.433739
0.578137 0.425016 0.424907
0.583576 0.415667 0.412975
0.589804 0.404965 0.398673
0.596411 0.393167 0.382886
0.602998 0.380691 0.366524
0.609166 0.368201 0.350613
0.614609 0.356407 0.336045
0.619056 0.346160 0.323740
0.622349 0.338172 0.314365
0.624355 0.333126 0.308537
0.625032 0.331391 0.306549
VECTORS ControlForce float
-0.000000 -0.000000 0.000000
0.000157 0.000052 0.000047
0.000297 0.000081 0.000100
0.000421 0.000082 0.000151
0.000527 0.000054 0.000189
0.000616 0.000012 0.000218
0.000689 -0.000024 0.000248
0.000757 -0.000020 0.000273
0.000830 0.000054 0.000275
0.000899 0.000193 0.000252
0.000938 0.000362 0.000208
0.000933 0.000523 0.000150
0.000888 0.000652 0.000091
0.000819 0.000736 0.000035
0.000749 0.000783 -0.000030
0.000683 0.000790 -0.000104
0.000617 0.000755 -0.000177
0.000534 0.000670 -0.000229
0.000432 0.000549 -0.000248
0.000315 0.000420 -0.000241
0.000191 0.000307 -0.000218
0.000061 0.000209 -0.000179
-0.000066 0.000134 -0.000139
-0.000185 0.000078 -0.000099
-0.000285 0.000031 -0.000046
-0.000352 -0.000005 0.000014
-0.000374 -0.000023 0.000069
-0.000346 -0.000026 0.000115
-0.000279 -0.000028 0.000166
-0.000185 -0.000025 0.000208
-0.000082 -0.000021 0.000242
0.000011 -0.000029 0.000280
0.000084 -0.000048 0.000316
0.000123 -0.000093 0.000350
0.000122 -0.000169 0.000373
0.000076 -0.000274 0.000382
-0.000009 -0.000397 0.000366
-0.000125 -0.000530 0.000334
-0.000255 -0.000655 0.000282
-0.000363 -0.000729 0.000207
-0.000432 -0.000742 0.000114
-0.000457 -0.000707 0.000016
-0.000439 -0.000637 -0.000074
-0.000375 -0.000532 -0.000145
-0.000285 -0.000412 -0.000194
-0.000197 -0.000308 -0.000219
-0.000101 -0.000187 -0.000229
0.000001 -0.000039 -0.000227
0.000090 0.000117 -0.000211
0.000144 0.000241 -0.000187
0.000171 0.000337 -0.000161
0.000175 0.000397 -0.000136
0.000168 0.000422 -0.000115
0.000177 0.000441 -0.000096
0.000205 0.000456 -0.000078
0.000245 0.000460 -0.000062
0.000297 0.000471 -0.000046
0.000336 0.000469 -0.000034
0.000344 0.000435 -0.000028
0.000321 0.000384 -0.000027
0.000271 0.000323 -0.000031
0.000204 0.000266 -0.000036
0.000120 0.000202 -0.000042
0.000026 0.000128 -0.000052
-0.000064 0.000047 -0.000065
-0.000157 -0.000062 -0.000088
-0.000234 -0.000168 -0.000101
-0.000302 -0.000269 -0.000107
-0.000366 -0.000365 -0.000120
-0.000425 -0.000444 -0.000133
-0.000477 -0.000489 -0.000128
-0.000523 -0.000497 -0.000111
-0.000564 -0.000480 -0.000072
-0.000606 -0.000460 -0.000014
-0.000629 -0.000403 0.000055
-0.000627 -0.000312 0.000122
-0.000609 -0.000220 0.000190
-0.000573 -0.000133 0.000250
-0.000498 -0.000012 0.000296
-0.000382 0.000141 0.000325
-0.000254 0.000274 0.000335
-0.000115 0.000397 0.000330
0.000033 0.000522 0.000299
0.000173 0.000615 0.000250
0.000291 0.000640 0.000180
0.000395 0.000591 0.000092
0.000498 0.000486 0.000007
0.000601 0.000320 -0.000070
0.000699 0.000109 -0.000138
0.000785 -0.000108 -0.000203
0.000829 -0.000324 -0.000254
0.000821 -0.000488 -0.000299
0.000745 -0.000589 -0.000324
0.000610 -0.000610 -0.000315
0.000433 -0.000543 -0.000286
0.000236 -0.000407 -0.000242
0.000037 -0.000234 -0.000193
-0.000141 -0.000064 -0.000132
-0.000286 0.000087 -0.000071
-0.000381 0.000199 -0.000002
-0.000423 0.000268 0.000053
-0.000416 0.000292 0.000088
-0.000380 0.000284 0.000095
-0.000316 0.000244 0.000095
-0.000224 0.000182 0.000105
-0.000112 0.000109 0.000117
-0.000000 0.000037 0.000119
0.000099 -0.000032 0.000114
0.000171 -0.000096 0.000104
0.000213 -0.000156 0.000099
0.000223 -0.000211 0.000099
0.000212 -0.000261 0.000112
0.000183 -0.000305 0.000137
0.000127 -0.000338 0.000161
0.000034 -0.000357 0.000176
-0.000083 -0.000361 0.000191
-0.000230 -0.000343 0.000198
-0.000408 -0.000301 0.000192
-0.000601 -0.000233 0.000175
-0.000796 -0.000143 0.000145
-0.000961 -0.000043 0.000109
-0.001070 0.000051 0.000073
-0.001103 0.000125 0.000038
-0.001036 0.000165 0.000020
-0.000881 0.000168 0.000005
-0.000648 0.000136 -0.000006
-0.000343 0.000076 -0.000008
0.000000 -0.000000 -0.000000
VECTORS ControlTorque float
-0.000002 0.000003 -0.000001
-0.000002 0.000003 -0.000001
-0.000002 0.000003 -0.000001
-0.000001 0.000003 -0.000001
-0.000002 0.000003 -0.000001
-0.000001 0.000002 -0.000001
-0.000002 0.000003 -0.000001
-0.000001 0.000001 -0.000000
-0.000002 0.000002 -0.000001
-0.000001 0.000001 -0.000000
-0.000001 0.000001 0.000000
-0.000001 0.000001 0.000000
-0.000001 0.000001 0.000000
0.000000 -0.000001 0.000001
-0.000000 -0.000000 0.000000
0.000001 -0.000001 0.000001
0.000001 -0.000002 0.000001
0.000001 -0.000002 0.000001
0.000002 -0.000002 0.000001
0.000001 -0.000002 0.000001
0.000002 -0.000003 0.000001
0.000002 -0.000002 0.000001
0.000002 -0.000002 0.000001
0.000002 -0.000002 0.000001
0.000002 -0.000002 0.000001
0.000002 -0.000002 0.000001
0.000002 -0.000002 0.000000
0.000002 -0.000002 0.000000
0.000002 -0.000002 0.000000
0.000002 -0.000002 0.000000
0.000002 -0.000002 0.000000
0.000002 -0.000001 0.000000
0.000003 -0.000002 0.000000
0.000001 -0.000001 0.000000
0.000003 -0.000003 0.000001
0.000001 -0.000001 0.000000
0.000003 -0.000002 0.000001
0.000000 -0.000001 0.000000
0.000002 -0.000002 0.000001
0.000000 -0.000001 0.000000
0.000000 -0.000000 0.000001
-0.000001 0.000000 0.000000
-0.000000 -0.000000 0.000001
-0.000002 0.000001 0.000000
-0.000001 0.000001 0.000001
-0.000002 0.000002 0.000000
-0.000002 0.000002 0.000000
-0.000002 0.000001 0.000000
-0.000002 0.000002 0.000000
-0.000002 0.000002 0.000000
-0.000002 0.000002 0.000000
-0.000001 0.000002 0.000000
-0.000001 0.000002 0.000000
-0.000001 0.000002 0.000000
-0.000001 0.000001 0.000000
-0.000001 0.000001 -0.000000
-0.000001 0.000001 -0.000000
-0.000001 0.000001 -0.000000
-0.000000 0.000001 -0.000000
-0.000000 0.000001 0.000000
-0.000000 0.000000 -0.000000
-0.000000 0.000000 0.000000
-0.000000 0.000000 -0.000000
0.000000 0.000000 0.000001
-0.000000 -0.000000 -0.000001
0.000000 -0.000000 0.000000
-0.000000 0.000000 0.000000
-0.000000 0.000000 -0.000000
-0.000000 0.000000 -0.000000
-0.000000 0.000001 0.000000
-0.000000 0.000001 -0.000001
-0.000000 0.000001 -0.000000
-0.000000 0.000001 -0.000001
-0.000000 0.000002 -0.000001
-0.000000 0.000002 -0.000001
-0.000000 0.000003 -0.000001
-0.000000 0.000002 -0.000001
-0.000000 0.000003 -0.000002
-0.000000 0.000003 -0.000002
-0.000000 0.000002 -0.000002
-0.000000 0.000004 -0.000002
0.000000 0.000001 -0.000002
0.000000 0.000004 -0.000003
0.000000 0.000002 -0.000002
0.000000 -0.000000 -0.000002
0.000001 0.000003 -0.000003
0.000001 0.000000 -0.000002
0.000001 0.000000 -0.000002
0.000001 -0.000000 -0.000001
0.000001 -0.000001 -0.000001
0.000001 -0.000000 -0.000000
0.000000 -0.000003 0.000001
0.000001 0.000001 -0.000001
-0.000001 -0.000003 0.000002
-0.000000 -0.000000 0.000001
-0.000001 -0.000002 0.000002
-0.000001 -0.000000 0.000001
-0.000001 -0.000003 0.000002
-0.000001 0.000000 -0.000000
-0.000001 -0.000003 0.000002
-0.000001 -0.000001 0.000001
-0.000001 -0.000002 0.000001
-0.000000 -0.000001 0.000001
-0.000000 -0.000001 0.000000
0.000000 -0.000002 0.000001
0.000000 -0.000001 0.000001
0.000000 -0.000001 0.000001
0.000000 -0.000001 0.000001
0.000000 -0.000001 0.000001
0.000000 -0.000002 0.000001
-0.000000 -0.000001 0.000001
-0.000000 -0.000002 0.000001
-0.000000 -0.000002 0.000001
-0.000000 -0.000002 0.000001
-0.000001 -0.000001 0.000000
-0.000001 -0.000001 0.000000
-0.000001 -0.000001 0.000000
-0.000001 -0.000001 0.000000
-0.000001 -0.000001 0.000000
-0.000000 -0.000001 0.000000
-0.000000 -0.000000 -0.000000
0.000000 0.000000 -0.000000
0.000000 0.000000 -0.000000
0.000001 0.000001 -0.000000
0.000001 0.000001 -0.000000
0.000001 0.000001 -0.000000
0.000001 0.000001 -0.000000
0.000002 0.000002 -0.000000
VECTORS Curvature float
114.711981 -252.196586 11.699666
372.051355 -813.561546 37.429922
815.307545 -1779.694557 80.986561
1184.874699 -2573.230214 117.548763
1554.523495 -3342.682088 152.532337
1924.123376 -4071.417633 182.750666
2327.720251 -4807.024734 206.929312
2676.987897 -5359.237619 223.458671
3024.111941 -5816.916138 231.470859
3406.273352 -6270.960614 230.239251
3703.545840 -6505.627445 220.054264
3959.051740 -6634.323848 201.480514
4203.066605 -6729.340679 175.889713
4313.258202 -6624.293674 146.168355
4322.355539 -6386.336671 112.470452
4269.551853 -6100.609725 78.727000
4088.629037 -5673.223908 45.869439
3829.657280 -5182.741791 15.851763
3472.241898 -4599.773532 -9.994814
3067.755266 -3987.663402 -31.432600
2612.257924 -3339.116561 -47.414829
2095.788853 -2638.585993 -58.893189
1572.844058 -1957.784309 -66.064766
1031.360967 -1284.515276 -69.802500
480.422042 -635.023168 -71.096761
-74.820628 -20.135437 -70.898927
-630.320284 554.749818 -70.129400
-1185.212115 1087.767642 -69.572356
-1743.538371 1586.801933 -69.808964
-2281.859198 2038.558650 -71.143910
-2832.950827 2482.592518 -73.977873
-3379.641994 2914.747432 -77.766335
-3973.575952 3390.324034 -83.169527
-4465.912247 3790.018921 -87.488938
-5011.698495 4260.373120 -94.424334
-5488.334116 4693.223896 -96.848866
-5904.459829 5115.969512 -101.979536
-6301.695441 5547.648248 -100.857033
-6559.707365 5903.319181 -100.682493
-6790.041849 6260.953002 -94.955495
-6804.297266 6458.463725 -87.982139
-6677.221122 6544.634252 -78.624855
-6522.843366 6641.108408 -69.165674
-6232.299395 6613.160171 -58.361542
-5801.322701 6475.789229 -49.049268
-5348.030926 6328.177157 -39.853244
-4756.466084 6043.923947 -31.402960
-4180.748997 5798.590221 -22.649067
-3578.651419 5521.605408 -14.606628
-2949.175114 5198.923833 -6.030556
-2365.107512 4919.436061 2.498715
-1807.714964 4640.344390 11.241239
-1289.030311 4366.872535 20.507845
-816.457906 4103.303926 30.506583
-393.861951 3860.463878 41.544245
-23.081504 3637.012547 53.703583
294.912855 3431.844678 67.125305
558.336181 3261.565932 81.692413
767.788605 3126.922801 97.211130
927.402138 3031.653341 113.376615
1035.210452 2953.848135 129.874261
1117.280181 2940.260911 146.276889
1152.415255 2910.916923 162.337952
1180.003833 2934.390654 177.612189
1173.720519 2914.377163 192.106999
1158.341112 2874.997603 205.455544
1198.914641 2937.119905 217.662005
1215.222540 2860.698137 228.652798
1239.069767 2699.671198 238.585005
1369.448683 2625.112730 247.248282
1519.031431 2445.732463 255.012740
1707.756101 2172.512970 261.451993
2004.690914 1916.871315 266.967181
2352.894683 1560.572193 271.212106
2679.480095 1106.612941 274.565992
3098.780935 592.186413 275.904590
3604.732146 20.226442 276.202403
4046.815683 -636.270046 274.283650
4526.128806 -1356.002488 270.262517
4954.140288 -2107.803199 263.547347
5503.588335 -2982.251212 254.344051
5864.633428 -3790.433030 240.738682
6159.295803 -4610.181903 224.274169
6567.555330 -5553.256453 201.745518
6555.826406 -6179.200416 171.460970
6614.306436 -6895.640592 136.966069
6686.973946 -7643.742276 89.845047
6505.526463 -8113.564728 35.126540
6303.176936 -8511.465773 -29.521119
6039.009687 -8749.751071 -102.505012
5804.027893 -8912.567492 -180.378951
5438.160090 -8706.651160 -263.950629
5252.949697 -8589.441122 -339.355526
5109.689777 -8354.666402 -416.586368
4925.146614 -7852.776153 -477.089091
4812.904950 -7342.049352 -528.827494
4734.759602 -6770.484916 -562.318713
4641.586542 -6171.450806 -582.281248
4632.141615 -5668.870677 -585.067314
4589.336133 -5199.580712 -575.187749
4378.515506 -4600.602746 -552.091027
4207.930738 -4153.985996 -519.508711
3968.571714 -3725.492516 -479.697700
3770.334829 -3421.247283 -435.330398
3498.588490 -3118.984322 -388.294154
3160.430843 -2808.219894 -340.932075
2825.446395 -2530.452195 -294.732315
2480.292722 -2251.702175 -251.405939
2149.272328 -1974.309347 -212.226869
1817.022612 -1668.085699 -177.931833
1505.064276 -1339.986699 -149.132330
1219.058834 -988.184895 -125.669379
952.034562 -602.678637 -107.371430
729.113464 -203.451677 -93.513443
542.582934 210.758771 -83.309644
395.960705 627.584916 -75.798955
290.433174 1032.061682 -69.999842
222.784145 1404.984591 -65.019940
188.938637 1729.792700 -60.118708
180.000185 1975.080656 -54.807642
187.049739 2129.213324 -48.792136
198.185970 2164.281091 -42.140884
204.054625 2075.968402 -34.943350
196.201026 1858.414883 -27.609529
170.121143 1516.047056 -20.255398
127.720089 1087.988203 -13.399371
61.453690 510.265099 -6.061691
20.413077 166.353066 -1.757537
VECTORS LocalRotation float
-0.386649 0.140384 -0.017891
-0.384440 0.135547 -0.017668
-0.379086 0.123853 -0.017134
-0.370068 0.104227 -0.016239
-0.357640 0.077388 -0.015013
-0.341838 0.043709 -0.013490
-0.322577 0.003491 -0.011725
-0.300044 -0.042282 -0.009787
-0.274143 -0.093058 -0.007720
-0.245069 -0.147711 -0.005633
-0.212916 -0.205492 -0.003596
-0.178142 -0.265122 -0.001683
-0.141146 -0.325695 0.000027
-0.102707 -0.385968 0.001481
-0.063542 -0.444974 0.002654
-0.024665 -0.501476 0.003519
0.013171 -0.554773 0.004083
0.049024 -0.603929 0.004362
0.082081 -0.648215 0.004389
0.111741 -0.687160 0.004201
0.137407 -0.720267 0.003845
0.158727 -0.747338 0.003363
0.175359 -0.768175 0.002797
0.187151 -0.782857 0.002181
0.194002 -0.791556 0.001543
0.195836 -0.794517 0.000901
0.192649 -0.792101 0.000264
0.184425 -0.784661 -0.000369
0.171178 -0.772564 -0.000999
0.152953 -0.756150 -0.001638
0.129722 -0.735615 -0.002297
0.101555 -0.711144 -0.002985
0.068229 -0.682569 -0.003714
0.030199 -0.650213 -0.004483
-0.012904 -0.613601 -0.005310
-0.060174 -0.573293 -0.006172
-0.112017 -0.528656 -0.007076
-0.167117 -0.480519 -0.007992
-0.225525 -0.428516 -0.008907
-0.285803 -0.373591 -0.009791
-0.347269 -0.316081 -0.010618
-0.408353 -0.257165 -0.011373
-0.468337 -0.197246 -0.012044
-0.525916 -0.137413 -0.012620
-0.580483 -0.078061 -0.013107
-0.630855 -0.020213 -0.013509
-0.676592 0.035787 -0.013831
-0.717133 0.089507 -0.014076
-0.752204 0.140673 -0.014245
-0.781785 0.189252 -0.014338
-0.805868 0.235107 -0.014354
-0.824759 0.278385 -0.014292
-0.838777 0.319158 -0.014148
-0.848309 0.357503 -0.013917
-0.853790 0.393570 -0.013591
-0.855677 0.427499 -0.013160
-0.854446 0.459503 -0.012613
-0.850582 0.489815 -0.011939
-0.844577 0.518744 -0.011129
-0.836902 0.546627 -0.010175
-0.828014 0.573734 -0.009074
-0.818250 0.600469 -0.007821
-0.808001 0.626891 -0.006428
-0.797407 0.653442 -0.004884
-0.786811 0.679772 -0.003219
-0.776157 0.706219 -0.001403
-0.765503 0.732488 0.000509
-0.754657 0.758537 0.002515
-0.743510 0.783791 0.004637
-0.731607 0.808089 0.006854
-0.718617 0.830892 0.009112
-0.703906 0.851947 0.011467
-0.687100 0.870460 0.013859
-0.667455 0.886137 0.016285
-0.644805 0.898141 0.018742
-0.618472 0.905883 0.021250
-0.588258 0.908643 0.023739
-0.553699 0.905861 0.026225
-0.514886 0.896841 0.028691
-0.471873 0.881125 0.031113
-0.424340 0.857990 0.033466
-0.373215 0.827532 0.035693
-0.318387 0.789226 0.037813
-0.260993 0.743392 0.039735
-0.201765 0.690441 0.041419
-0.141569 0.630681 0.042829
-0.081478 0.564997 0.043853
-0.021843 0.493767 0.044418
0.036090 0.418574 0.044444
0.091916 0.340498 0.043846
0.145465 0.260637 0.042567
0.196248 0.181048 0.040560
0.245045 0.102104 0.037807
0.291635 0.025923 0.034408
0.337139 -0.047570 0.030355
0.381099 -0.116164 0.025814
0.424518 -0.180343 0.020852
0.466935 -0.238890 0.015674
0.509204 -0.292857 0.010354
0.550533 -0.341567 0.005154
0.591140 -0.385943 0.000049
0.630029 -0.425593 -0.004804
0.667229 -0.461442 -0.009350
0.702365 -0.493890 -0.013505
0.735146 -0.523385 -0.017219
0.765256 -0.550185 -0.020516
0.792360 -0.574359 -0.023395
0.816408 -0.596034 -0.025870
0.837395 -0.615191 -0.027972
0.855339 -0.631670 -0.029737
0.870403 -0.645309 -0.031220
0.882713 -0.655830 -0.032462
0.892549 -0.663038 -0.033517
0.900168 -0.666691 -0.034428
0.905925 -0.666658 -0.035228
0.910175 -0.662862 -0.035949
0.913281 -0.655350 -0.036609
0.915605 -0.644315 -0.037220
0.917469 -0.630122 -0.037787
0.919139 -0.613355 -0.038307
0.920802 -0.594759 -0.038776
0.922545 -0.575329 -0.039188
0.924369 -0.556109 -0.039537
0.926179 -0.538311 -0.039820
0.927839 -0.523018 -0.040037
0.929185 -0.511254 -0.040189
0.930043 -0.504001 -0.040277
0.930413 -0.500945 -0.040313
VECTORS q1 float
0.561562 -0.503651 -0.656493
0.564689 -0.501343 -0.655578
0.574010 -0.494415 -0.652737
0.589200 -0.482963 -0.647758
0.609673 -0.467183 -0.640343
0.634873 -0.447213 -0.630029
0.664115 -0.423264 -0.616279
0.696577 -0.395648 -0.598534
0.730729 -0.365277 -0.576722
0.765949 -0.332459 -0.550267
0.800911 -0.298165 -0.519268
0.834419 -0.263431 -0.484096
0.865668 -0.229079 -0.445131
0.893959 -0.195951 -0.403040
0.918514 -0.165133 -0.359253
0.939263 -0.137054 -0.314643
0.956133 -0.112225 -0.270583
0.969339 -0.090870 -0.228308
0.979268 -0.073013 -0.188951
0.986400 -0.058561 -0.153578
0.991310 -0.047194 -0.122790
0.994501 -0.038675 -0.097327
0.996458 -0.032659 -0.077489
0.997575 -0.028816 -0.063359
0.998129 -0.026886 -0.054909
0.998296 -0.026649 -0.051913
0.998145 -0.027970 -0.054071
0.997664 -0.030777 -0.060992
0.996766 -0.035076 -0.072305
0.995313 -0.040938 -0.087612
0.993125 -0.048493 -0.106544
0.989959 -0.057989 -0.128916
0.985538 -0.069699 -0.154457
0.979503 -0.084027 -0.183065
0.971582 -0.101140 -0.214009
0.961211 -0.121716 -0.247504
0.948203 -0.145678 -0.282292
0.931942 -0.173656 -0.318321
0.912360 -0.205330 -0.354172
0.889083 -0.240871 -0.389247
0.862301 -0.279612 -0.422201
0.832306 -0.320840 -0.452027
0.799592 -0.363655 -0.477920
0.764433 -0.407513 -0.499575
0.727898 -0.450998 -0.516493
0.690385 -0.493605 -0.528889
0.652737 -0.534401 -0.536982
0.615518 -0.572855 -0.541271
0.578931 -0.608849 -0.542348
0.543494 -0.641993 -0.540795
0.509296 -0.672343 -0.537189
0.476387 -0.699994 -0.532038
0.444830 -0.725033 -0.525789
0.414628 -0.747605 -0.518817
0.385756 -0.767871 -0.511436
0.358116 -0.786040 -0.503878
0.331629 -0.802294 -0.496333
0.306126 -0.816855 -0.488911
0.281390 -0.829949 -0.481669
0.257172 -0.841788 -0.474612
0.233235 -0.852548 -0.467721
0.209383 -0.862360 -0.460970
0.185296 -0.871385 -0.454262
0.161094 -0.879575 -0.447657
0.136401 -0.887080 -0.441004
0.111815 -0.893688 -0.434532
0.086887 -0.899575 -0.428037
0.061947 -0.904650 -0.421629
0.037680 -0.908780 -0.415570
0.014307 -0.912004 -0.409931
-0.008171 -0.914418 -0.404689
-0.028686 -0.915943 -0.400282
-0.047112 -0.916729 -0.396723
-0.062808 -0.916863 -0.394230
-0.075104 -0.916473 -0.392985
-0.083190 -0.915696 -0.393167
-0.086518 -0.914731 -0.394692
-0.084314 -0.913724 -0.397492
-0.075881 -0.912807 -0.401280
-0.060581 -0.912055 -0.405569
-0.037899 -0.911457 -0.409646
-0.007199 -0.910906 -0.412550
0.030798 -0.910124 -0.413189
0.076717 -0.908751 -0.410227
0.129344 -0.906276 -0.402410
0.186913 -0.902172 -0.388779
0.249318 -0.895774 -0.368007
0.313997 -0.886568 -0.339709
0.378947 -0.874140 -0.303774
0.442129 -0.858267 -0.260576
0.501605 -0.838975 -0.210983
0.555704 -0.816561 -0.156269
0.602584 -0.791932 -0.098670
0.642698 -0.765151 -0.038514
0.674697 -0.737789 0.021238
0.699311 -0.710347 0.079818
0.716796 -0.684008 0.135416
0.728310 -0.659004 0.187825
0.734605 -0.636149 0.235946
0.736943 -0.614954 0.280617
0.735969 -0.596197 0.320779
0.732604 -0.579512 0.357011
0.727529 -0.564806 0.389481
0.721306 -0.551716 0.418721
0.714339 -0.539946 0.445172
0.706977 -0.529469 0.468877
0.699503 -0.520126 0.490066
0.692164 -0.511835 0.508855
0.685190 -0.504579 0.525276
0.678798 -0.498383 0.539302
0.673230 -0.493367 0.550772
0.668676 -0.489596 0.559614
0.665342 -0.487211 0.565637
0.663373 -0.486296 0.568729
0.662870 -0.486915 0.568786
0.663868 -0.489089 0.565748
0.666328 -0.492776 0.559624
0.670123 -0.497847 0.550530
0.675046 -0.504091 0.538707
0.680809 -0.511211 0.524559
0.687054 -0.518821 0.508705
0.693417 -0.526513 0.491891
0.699493 -0.533833 0.475112
0.704956 -0.540401 0.459351
0.709489 -0.545846 0.445731
0.712891 -0.549929 0.435161
0.714981 -0.552437 0.428504
0.715689 -0.553287 0.426219
VECTORS q2 float
-0.228464 0.668185 -0.708048
-0.227124 0.669273 -0.707452
-0.223122 0.672539 -0.705626
-0.216592 0.677944 -0.702481
-0.207757 0.685422 -0.697878
-0.196776 0.694964 -0.691595
-0.183811 0.706569 -0.683355
-0.169035 0.720237 -0.672820
-0.152975 0.735707 -0.659799
-0.135699 0.753024 -0.643848
-0.117738 0.771857 -0.624800
-0.099670 0.791758 -0.602648
-0.081962 0.812311 -0.577436
-0.065125 0.832993 -0.549437
-0.049823 0.853026 -0.519485
-0.036293 0.871994 -0.488169
-0.024798 0.889378 -0.456499
-0.015386 0.904844 -0.425466
-0.007956 0.918200 -0.396038
-0.002301 0.929366 -0.369153
0.001893 0.938452 -0.345404
0.004916 0.945529 -0.325502
0.007068 0.950764 -0.309836
0.008598 0.954322 -0.298656
0.009687 0.956319 -0.292163
0.010439 0.956837 -0.290438
0.010885 0.955890 -0.293524
0.010987 0.953438 -0.301390
0.010630 0.949359 -0.314012
0.009646 0.943484 -0.331277
0.007812 0.935586 -0.353012
0.004829 0.925324 -0.379146
0.000362 0.912357 -0.409395
-0.006019 0.896220 -0.443570
-0.014603 0.876786 -0.480660
-0.026017 0.853347 -0.520694
-0.040372 0.826178 -0.561961
-0.058264 0.794745 -0.604141
-0.079569 0.759688 -0.645401
-0.104494 0.721102 -0.684903
-0.132556 0.680033 -0.721099
-0.163157 0.637547 -0.752936
-0.195487 0.594859 -0.779697
-0.228969 0.552767 -0.801262
-0.262262 0.512859 -0.817432
-0.294702 0.475777 -0.828726
-0.325259 0.442472 -0.835718
-0.353210 0.413445 -0.839230
-0.378182 0.388776 -0.840138
-0.399674 0.368623 -0.839272
-0.417583 0.352733 -0.837379
-0.431917 0.340755 -0.835065
-0.442764 0.332286 -0.832794
-0.450300 0.326876 -0.830892
-0.454754 0.324071 -0.829564
-0.456399 0.323427 -0.828912
-0.455537 0.324530 -0.828955
-0.452497 0.326992 -0.829652
-0.447633 0.330462 -0.830915
-0.441301 0.334629 -0.832632
-0.433843 0.339234 -0.834686
-0.425577 0.344062 -0.836962
-0.416711 0.348970 -0.839388
-0.407560 0.353813 -0.841850
-0.398134 0.358545 -0.844355
-0.388748 0.363087 -0.846784
-0.379142 0.367469 -0.849245
-0.369247 0.371695 -0.851762
-0.359015 0.375788 -0.854337
-0.348065 0.379790 -0.857094
-0.335767 0.383715 -0.860246
-0.321992 0.387569 -0.863778
-0.305951 0.391318 -0.867908
-0.287167 0.394907 -0.872687
-0.265176 0.398264 -0.878105
-0.239837 0.401336 -0.883973
-0.210167 0.404020 -0.890280
-0.176223 0.406298 -0.896587
-0.137837 0.408179 -0.902436
-0.094969 0.409739 -0.907246
-0.047779 0.411125 -0.910326
0.003927 0.412532 -0.910935
0.058217 0.414317 -0.908269
0.115498 0.416769 -0.901645
0.173911 0.420262 -0.890581
0.231421 0.425052 -0.875085
0.288080 0.431406 -0.854926
0.341911 0.439390 -0.830682
0.391924 0.448959 -0.803014
0.437488 0.459961 -0.772684
0.478328 0.472185 -0.740435
0.514491 0.485411 -0.706877
0.545921 0.499228 -0.672860
0.573700 0.513986 -0.637720
0.597619 0.529174 -0.602351
0.618266 0.545029 -0.566295
0.635701 0.561250 -0.529984
0.650195 0.578046 -0.493061
0.661748 0.594971 -0.456179
0.670500 0.612396 -0.418809
0.676515 0.629424 -0.382300
0.680008 0.646014 -0.346777
0.681271 0.661809 -0.312856
0.680603 0.676714 -0.280781
0.678328 0.690626 -0.250813
0.674904 0.703242 -0.223505
0.670718 0.714512 -0.199021
0.666135 0.724415 -0.177444
0.661473 0.732972 -0.158759
0.656990 0.740242 -0.142850
0.652923 0.746250 -0.129622
0.649385 0.751123 -0.118798
0.646484 0.754930 -0.110182
0.644225 0.757805 -0.103467
0.642564 0.759896 -0.098335
0.641421 0.761349 -0.094479
0.640683 0.762324 -0.091580
0.640226 0.762973 -0.089344
0.639927 0.763438 -0.087501
0.639684 0.763831 -0.085831
0.639427 0.764230 -0.084180
0.639119 0.764673 -0.082468
0.638764 0.765158 -0.080705
0.638385 0.765656 -0.078964
0.638026 0.766117 -0.077380
0.637729 0.766493 -0.076097
0.637535 0.766737 -0.075265
0.637466 0.766822 -0.074975
VECTORS q3 float
0.795268 0.547599 0.260162
0.793437 0.548387 0.264064
0.787863 0.550677 0.275729
0.778416 0.554201 0.294839
0.764942 0.558513 0.320823
0.747138 0.563050 0.353213
0.724683 0.567105 0.391442
0.697286 0.569844 0.434822
0.665308 0.570358 0.481724
0.628417 0.567825 0.531664
0.587094 0.561547 0.583083
0.542043 0.551111 0.634402
0.493864 0.536352 0.684416
0.443392 0.517422 0.731900
0.392236 0.495053 0.775289
0.341273 0.469939 0.814058
0.291882 0.443183 0.847581
0.245245 0.415934 0.875702
0.202411 0.389330 0.898583
0.164348 0.364486 0.916591
0.131534 0.342170 0.930386
0.104615 0.323234 0.940519
0.083792 0.308191 0.947627
0.069071 0.297387 0.952255
0.060365 0.291085 0.954791
0.057413 0.289402 0.955484
0.059896 0.292391 0.954421
0.067427 0.300016 0.951548
0.079658 0.312228 0.946662
0.096223 0.328879 0.939457
0.116799 0.349753 0.929533
0.141276 0.374716 0.916313
0.169454 0.403419 0.899188
0.201339 0.435580 0.877344
0.236254 0.470125 0.850392
0.274584 0.506936 0.817080
0.315089 0.544250 0.777503
0.357897 0.581570 0.730538
0.401581 0.617019 0.676772
0.445660 0.649610 0.615950
0.488739 0.677770 0.549329
0.529761 0.700425 0.478287
0.567836 0.716867 0.404555
0.602674 0.726899 0.329246
0.633548 0.730464 0.255029
0.660697 0.728004 0.183003
0.684209 0.720162 0.114999
0.704543 0.707743 0.052145
0.722369 0.691488 -0.005181
0.738156 0.672281 -0.056243
0.752491 0.650795 -0.101114
0.765835 0.627610 -0.140008
0.778515 0.603252 -0.173208
0.790768 0.578134 -0.201115
0.802740 0.552587 -0.224180
0.814526 0.526816 -0.242924
0.826141 0.501003 -0.257851
0.837576 0.475210 -0.269524
0.848790 0.449422 -0.278524
0.859719 0.423576 -0.285425
0.870277 0.397596 -0.290751
0.880365 0.371424 -0.294959
0.889954 0.344831 -0.298453
0.898857 0.318065 -0.301482
0.907130 0.290749 -0.304271
0.914534 0.263607 -0.306821
0.921250 0.236075 -0.309138
0.927264 0.208449 -0.311014
0.932571 0.181388 -0.312106
0.937361 0.154945 -0.312003
0.941910 0.128852 -0.310166
0.946308 0.104109 -0.306044
0.950881 0.080489 -0.298910
0.955819 0.058398 -0.288096
0.961271 0.038260 -0.272937
0.967242 0.020759 -0.253005
0.973830 0.005926 -0.227201
0.980733 -0.005547 -0.195275
0.987544 -0.013167 -0.156791
0.993635 -0.016445 -0.111439
0.998139 -0.014928 -0.059130
0.999966 -0.008178 0.000608
0.997829 0.003918 0.065745
0.990341 0.021791 0.136933
0.976230 0.045208 0.211970
0.954729 0.073593 0.288230
0.924581 0.107133 0.365612
0.885721 0.144682 0.441095
0.838328 0.185243 0.512728
0.783024 0.227627 0.578844
0.720829 0.270486 0.638155
0.653063 0.312415 0.689859
0.582119 0.351589 0.733160
0.507748 0.387766 0.769305
0.433169 0.419096 0.797949
0.358763 0.445365 0.820328
0.286511 0.465974 0.837126
0.216357 0.481224 0.849478
0.149817 0.491248 0.858038
0.085699 0.496792 0.863628
0.026020 0.498372 0.866573
-0.029673 0.496821 0.867346
-0.081059 0.492954 0.866271
-0.128443 0.487511 0.863618
-0.172022 0.481138 0.859602
-0.211395 0.474460 0.854517
-0.246642 0.467912 0.848661
-0.277800 0.461787 0.842366
-0.304906 0.456236 0.835991
-0.328020 0.451283 0.829908
-0.347063 0.446877 0.824529
-0.362176 0.442842 0.820195
-0.373334 0.438984 0.817260
-0.380670 0.435026 0.815992
-0.384337 0.430665 0.816586
-0.384523 0.425604 0.819148
-0.381486 0.419564 0.823671
-0.375560 0.412335 0.830021
-0.367161 0.403800 0.837937
-0.356797 0.393986 0.847036
-0.345094 0.383116 0.856815
-0.332716 0.371562 0.866742
-0.320453 0.359938 0.876216
-0.309033 0.348909 0.884738
-0.299245 0.339288 0.891816
-0.291700 0.331763 0.897131
-0.286971 0.326999 0.900399
-0.285351 0.325359 0.901508
