# vtk DataFile Version 2.0
VTK example
ASCII
DATASET UNSTRUCTURED_GRID
POINTS  128  float
-0.000023 -0.000020 -0.000159
-0.000022 -0.000019 -0.000150
-0.000021 -0.000019 -0.000141
-0.000020 -0.000018 -0.000133
-0.000019 -0.000018 -0.000123
-0.000018 -0.000017 -0.000114
-0.000018 -0.000016 -0.000105
-0.000017 -0.000016 -0.000097
-0.000016 -0.000015 -0.000087
-0.000016 -0.000014 -0.000079
-0.000015 -0.000012 -0.000070
-0.000015 -0.000011 -0.000061
-0.000014 -0.000009 -0.000052
-0.000014 -0.000008 -0.000043
-0.000013 -0.000006 -0.000034
-0.000012 -0.000003 -0.000025
-0.000011 -0.000001 -0.000017
-0.000010 0.000002 -0.000008
-0.000009 0.000005 0.000000
-0.000008 0.000008 0.000009
-0.000006 0.000012 0.000017
-0.000004 0.000016 0.000025
-0.000002 0.000021 0.000032
0.000001 0.000025 0.000039
0.000004 0.000031 0.000046
0.000007 0.000036 0.000053
0.000010 0.000042 0.000058
0.000014 0.000048 0.000064
0.000018 0.000055 0.000068
0.000023 0.000062 0.000073
0.000028 0.000068 0.000076
0.000033 0.000075 0.000079
0.000038 0.000082 0.000081
0.000044 0.000089 0.000082
0.000050 0.000096 0.000083
0.000056 0.000102 0.000083
0.000063 0.000109 0.000083
0.000069 0.000115 0.000082
0.000076 0.000121 0.000081
0.000083 0.000127 0.000080
0.000090 0.000132 0.000078
0.000097 0.000137 0.000075
0.000104 0.000142 0.000073
0.000111 0.000147 0.000070
0.000118 0.000151 0.000067
0.000126 0.000156 0.000064
0.000133 0.000160 0.000060
0.000140 0.000164 0.000057
0.000148 0.000167 0.000053
0.000155 0.000171 0.000049
0.000163 0.000174 0.000046
0.000171 0.000177 0.000042
0.000178 0.000180 0.000038
0.000186 0.000182 0.000034
0.000194 0.000185 0.000031
0.000202 0.000187 0.000027
0.000210 0.000189 0.000023
0.000218 0.000191 0.000020
0.000227 0.000192 0.000017
0.000235 0.000193 0.000013
0.000243 0.000195 0.000011
0.000252 0.000196 0.000008
0.000261 0.000196 0.000005
0.000269 0.000197 0.000003
0.000278 0.000198 0.000001
0.000287 0.000198 -0.000001
0.000296 0.000199 -0.000003
0.000305 0.000200 -0.000004
0.000314 0.000200 -0.000005
0.000323 0.000201 -0.000006
0.000332 0.000201 -0.000006
0.000341 0.000202 -0.000006
0.000350 0.000202 -0.000006
0.000359 0.000203 -0.000005
0.000368 0.000204 -0.000003
0.000377 0.000205 -0.000001
0.000385 0.000206 0.000001
0.000394 0.000207 0.000004
0.000402 0.000208 0.000008
0.000410 0.000209 0.000012
0.000417 0.000211 0.000018
0.000424 0.000213 0.000023
0.000430 0.000215 0.000030
0.000435 0.000217 0.000037
0.000440 0.000219 0.000044
0.000444 0.000222 0.000052
0.000447 0.000225 0.000059
0.000450 0.000228 0.000068
0.000452 0.000231 0.000076
0.000453 0.000234 0.000084
0.000454 0.000238 0.000092
0.000454 0.000241 0.000101
0.000453 0.000245 0.000109
0.000453 0.000249 0.000117
0.000451 0.000253 0.000125
0.000450 0.000257 0.000133
0.000448 0.000261 0.000141
0.000445 0.000265 0.000149
0.000443 0.000269 0.000157
0.000440 0.000273 0.000164
0.000437 0.000277 0.000171
0.000433 0.000282 0.000179
0.000430 0.000286 0.000186
0.000427 0.000290 0.000193
0.000423 0.000294 0.000200
0.000420 0.000299 0.000208
0.000416 0.000303 0.000215
0.000413 0.000307 0.000222
0.000410 0.000311 0.000230
0.000407 0.000315 0.000237
0.000404 0.000319 0.000245
0.000401 0.000323 0.000252
0.000399 0.000327 0.000260
0.000397 0.000331 0.000268
0.000395 0.000335 0.000276
0.000394 0.000339 0.000284
0.000393 0.000342 0.000293
0.000393 0.000346 0.000301
0.000393 0.000349 0.000309
0.000393 0.000352 0.000318
0.000394 0.000355 0.000327
0.000395 0.000357 0.000335
0.000396 0.000360 0.000344
0.000398 0.000362 0.000352
0.000400 0.000364 0.000361
0.000402 0.000366 0.000369
0.000404 0.000368 0.000378
0.000406 0.000370 0.000387
CELLS  127 381
2 0 1 
2 1 2 
2 2 3 
2 3 4 
2 4 5 
2 5 6 
2 6 7 
2 7 8 
2 8 9 
2 9 10 
2 10 11 
2 11 12 
2 12 13 
2 13 14 
2 14 15 
2 15 16 
2 16 17 
2 17 18 
2 18 19 
2 19 20 
2 20 21 
2 21 22 
2 22 23 
2 23 24 
2 24 25 
2 25 26 
2 26 27 
2 27 28 
2 28 29 
2 29 30 
2 30 31 
2 31 32 
2 32 33 
2 33 34 
2 34 35 
2 35 36 
2 36 37 
2 37 38 
2 38 39 
2 39 40 
2 40 41 
2 41 42 
2 42 43 
2 43 44 
2 44 45 
2 45 46 
2 46 47 
2 47 48 
2 48 49 
2 49 50 
2 50 51 
2 51 52 
2 52 53 
2 53 54 
2 54 55 
2 55 56 
2 56 57 
2 57 58 
2 58 59 
2 59 60 
2 60 61 
2 61 62 
2 62 63 
2 63 64 
2 64 65 
2 65 66 
2 66 67 
2 67 68 
2 68 69 
2 69 70 
2 70 71 
2 71 72 
2 72 73 
2 73 74 
2 74 75 
2 75 76 
2 76 77 
2 77 78 
2 78 79 
2 79 80 
2 80 81 
2 81 82 
2 82 83 
2 83 84 
2 84 85 
2 85 86 
2 86 87 
2 87 88 
2 88 89 
2 89 90 
2 90 91 
2 91 92 
2 92 93 
2 93 94 
2 94 95 
2 95 96 
2 96 97 
2 97 98 
2 98 99 
2 99 100 
2 100 101 
2 101 102 
2 102 103 
2 103 104 
2 104 105 
2 105 106 
2 106 107 
2 107 108 
2 108 109 
2 109 110 
2 110 111 
2 111 112 
2 112 113 
2 113 114 
2 114 115 
2 115 116 
2 116 117 
2 117 118 
2 118 119 
2 119 120 
2 120 121 
2 121 122 
2 122 123 
2 123 124 
2 124 125 
2 125 126 
2 126 127 
CELL_TYPES  127
3
3
3
3
3
3
3
3
3
3
3
3
3
3
3
3
3
3
3
3
3
3
3
3
3
3
3
3
3
3
3
3
3
3
3
3
3
3
3
3
3
3
3
3
3
3
3
3
3
3
3
3
3
3
3
3
3
3
3
3
3
3
3
3
3
3
3
3
3
3
3
3
3
3
3
3
3
3
3
3
3
3
3
3
3
3
3
3
3
3
3
3
3
3
3
3
3
3
3
3
3
3
3
3
3
3
3
3
3
3
3
3
3
3
3
3
3
3
3
3
3
3
3
3
3
3
3
POINT_DATA  128
VECTORS Position float
-0.000023 -0.000020 -0.000159
-0.000022 -0.000019 -0.000150
-0.000021 -0.000019 -0.000141
-0.000020 -0.000018 -0.000133
-0.000019 -0.000018 -0.000123
-0.000018 -0.000017 -0.000114
-0.000018 -0.000016 -0.000105
-0.000017 -0.000016 -0.000097
-0.000016 -0.000015 -0.000087
-0.000016 -0.000014 -0.000079
-0.000015 -0.000012 -0.000070
-0.000015 -0.000011 -0.000061
-0.000014 -0.000009 -0.000052
-0.000014 -0.000008 -0.000043
-0.000013 -0.000006 -0.000034
-0.000012 -0.000003 -0.000025
-0.000011 -0.000001 -0.000017
-0.000010 0.000002 -0.000008
-0.000009 0.000005 0.000000
-0.000008 0.000008 0.000009
-0.000006 0.000012 0.000017
-0.000004 0.000016 0.000025
-0.000002 0.000021 0.000032
0.000001 0.000025 0.000039
0.000004 0.000031 0.000046
0.000007 0.000036 0.000053
0.000010 0.000042 0.000058
0.000014 0.000048 0.000064
0.000018 0.000055 0.000068
0.000023 0.000062 0.000073
0.000028 0.000068 0.000076
0.000033 0.000075 0.000079
0.000038 0.000082 0.000081
0.000044 0.000089 0.000082
0.000050 0.000096 0.000083
0.000056 0.000102 0.000083
0.000063 0.000109 0.000083
0.000069 0.000115 0.000082
0.000076 0.000121 0.000081
0.000083 0.000127 0.000080
0.000090 0.000132 0.000078
0.000097 0.000137 0.000075
0.000104 0.000142 0.000073
0.000111 0.000147 0.000070
0.000118 0.000151 0.000067
0.000126 0.000156 0.000064
0.000133 0.000160 0.000060
0.000140 0.000164 0.000057
0.000148 0.000167 0.000053
0.000155 0.000171 0.000049
0.000163 0.000174 0.000046
0.000171 0.000177 0.000042
0.000178 0.000180 0.000038
0.000186 0.000182 0.000034
0.000194 0.000185 0.000031
0.000202 0.000187 0.000027
0.000210 0.000189 0.000023
0.000218 0.000191 0.000020
0.000227 0.000192 0.000017
0.000235 0.000193 0.000013
0.000243 0.000195 0.000011
0.000252 0.000196 0.000008
0.000261 0.000196 0.000005
0.000269 0.000197 0.000003
0.000278 0.000198 0.000001
0.000287 0.000198 -0.000001
0.000296 0.000199 -0.000003
0.000305 0.000200 -0.000004
0.000314 0.000200 -0.000005
0.000323 0.000201 -0.000006
0.000332 0.000201 -0.000006
0.000341 0.000202 -0.000006
0.000350 0.000202 -0.000006
0.000359 0.000203 -0.000005
0.000368 0.000204 -0.000003
0.000377 0.000205 -0.000001
0.000385 0.000206 0.000001
0.000394 0.000207 0.000004
0.000402 0.000208 0.000008
0.000410 0.000209 0.000012
0.000417 0.000211 0.000018
0.000424 0.000213 0.000023
0.000430 0.000215 0.000030
0.000435 0.000217 0.000037
0.000440 0.000219 0.000044
0.000444 0.000222 0.000052
0.000447 0.000225 0.000059
0.000450 0.000228 0.000068
0.000452 0.000231 0.000076
0.000453 0.000234 0.000084
0.000454 0.000238 0.000092
0.000454 0.000241 0.000101
0.000453 0.000245 0.000109
0.000453 0.000249 0.000117
0.000451 0.000253 0.000125
0.000450 0.000257 0.000133
0.000448 0.000261 0.000141
0.000445 0.000265 0.000149
0.000443 0.000269 0.000157
0.000440 0.000273 0.000164
0.000437 0.000277 0.000171
0.000433 0.000282 0.000179
0.000430 0.000286 0.000186
0.000427 0.000290 0.000193
0.000423 0.000294 0.000200
0.000420 0.000299 0.000208
0.000416 0.000303 0.000215
0.000413 0.000307 0.000222
0.000410 0.000311 0.000230
0.000407 0.000315 0.000237
0.000404 0.000319 0.000245
0.000401 0.000323 0.000252
0.000399 0.000327 0.000260
0.000397 0.000331 0.000268
0.000395 0.000335 0.000276
0.000394 0.000339 0.000284
0.000393 0.000342 0.000293
0.000393 0.000346 0.000301
0.000393 0.000349 0.000309
0.000393 0.000352 0.000318
0.000394 0.000355 0.000327
0.000395 0.000357 0.000335
0.000396 0.000360 0.000344
0.000398 0.000362 0.000352
0.000400 0.000364 0.000361
0.000402 0.000366 0.000369
0.000404 0.000368 0.000378
0.000406 0.000370 0.000387
VECTORS Rotation float
-0.007007 0.055061 -0.107574
-0.006986 0.055895 -0.106497
-0.006929 0.058411 -0.103345
-0.006841 0.062617 -0.098401
-0.006726 0.068512 -0.092125
-0.006591 0.076156 -0.085033
-0.006434 0.085628 -0.077715
-0.006239 0.097009 -0.070790
-0.005939 0.110166 -0.064990
-0.005488 0.125315 -0.060817
-0.004784 0.142424 -0.058805
-0.003703 0.161492 -0.059387
-0.002106 0.182698 -0.062902
0.000179 0.206246 -0.069631
0.003343 0.232095 -0.079708
0.007620 0.260625 -0.093350
0.013271 0.291965 -0.110661
0.020615 0.326295 -0.131801
0.030040 0.363745 -0.156998
0.042008 0.404258 -0.186522
0.057184 0.447927 -0.220999
0.076244 0.494194 -0.260869
0.100120 0.542586 -0.306983
0.129972 0.592442 -0.360458
0.167028 0.642627 -0.422365
0.212783 0.691962 -0.494157
0.268473 0.738709 -0.576840
0.334858 0.780882 -0.670888
0.412292 0.816640 -0.776515
0.499475 0.843977 -0.892059
0.593487 0.861343 -1.014210
0.690682 0.867999 -1.139159
0.786193 0.863963 -1.261680
0.876106 0.850086 -1.377749
0.956053 0.828231 -1.482312
1.025918 0.799934 -1.575636
1.084141 0.767768 -1.655469
1.132515 0.732946 -1.724025
1.171605 0.697431 -1.781529
1.203206 0.661949 -1.830060
1.228396 0.627548 -1.870626
1.248338 0.594744 -1.904471
1.264009 0.563780 -1.932668
1.276331 0.534348 -1.956361
1.285780 0.506583 -1.975988
1.292907 0.479949 -1.992236
1.298004 0.454227 -2.005366
1.301316 0.429060 -2.015588
1.303052 0.403985 -2.023060
1.303325 0.378915 -2.027755
1.302260 0.353649 -2.029649
1.299970 0.328123 -2.028662
1.296566 0.302432 -2.024700
1.292187 0.276729 -2.017706
1.286993 0.251242 -2.007695
1.281163 0.226205 -1.994747
1.274879 0.201947 -1.979039
1.268314 0.178786 -1.960798
1.261620 0.157049 -1.940305
1.254918 0.137063 -1.917873
1.248293 0.119139 -1.893844
1.241790 0.103548 -1.868574
1.235429 0.090361 -1.842206
1.229180 0.079771 -1.815240
1.223026 0.071566 -1.787378
1.216862 0.065765 -1.759216
1.210674 0.061972 -1.729804
1.204379 0.059937 -1.698863
1.197854 0.059426 -1.666350
1.191017 0.060226 -1.631408
1.183817 0.062266 -1.592599
1.176057 0.065524 -1.550254
1.167634 0.070227 -1.502765
1.158353 0.076629 -1.449591
1.147981 0.085034 -1.390333
1.136245 0.095637 -1.325540
1.122839 0.108954 -1.253600
1.107451 0.124964 -1.175620
1.089789 0.143638 -1.092122
1.069632 0.164754 -1.003874
1.046880 0.187879 -0.911901
1.021442 0.212670 -0.816293
0.993904 0.237782 -0.720780
0.964356 0.263076 -0.624410
0.933583 0.287538 -0.529686
0.902591 0.310397 -0.438941
0.871518 0.331908 -0.350906
0.841214 0.351659 -0.267309
0.812132 0.369688 -0.188490
0.784557 0.386117 -0.114514
0.758634 0.401090 -0.045293
0.734404 0.414733 0.019342
0.712188 0.426998 0.078813
0.691289 0.438252 0.134746
0.672284 0.448254 0.185886
0.654834 0.457157 0.232942
0.639216 0.464846 0.275359
0.625176 0.471391 0.313641
0.613023 0.476685 0.347227
0.602397 0.480844 0.376802
0.593868 0.483782 0.401393
0.587421 0.485613 0.421068
0.583261 0.486443 0.435520
0.581487 0.486402 0.444607
0.582222 0.485604 0.448125
0.585613 0.484137 0.445854
0.591701 0.482020 0.437693
0.600473 0.479195 0.423602
0.611851 0.475523 0.403608
0.625695 0.470795 0.377794
0.641726 0.464799 0.346516
0.659686 0.457252 0.309983
0.679073 0.447965 0.268956
0.699422 0.436724 0.224086
0.720191 0.423384 0.176226
0.740743 0.407940 0.126556
0.760485 0.390499 0.076271
0.778859 0.371350 0.026700
0.795432 0.350938 -0.020916
0.809923 0.329848 -0.065458
0.822176 0.308815 -0.105913
0.832241 0.288550 -0.141660
0.840215 0.269882 -0.172114
0.846330 0.253473 -0.197120
0.850783 0.240028 -0.216479
0.853806 0.230007 -0.230288
0.855540 0.223867 -0.238500
0.856109 0.221788 -0.241239
VECTORS ControlForce float
-0.000000 0.000000 0.000000
0.000190 0.000012 -0.000034
0.000360 0.000023 -0.000044
0.000498 0.000032 -0.000047
0.000596 0.000037 -0.000065
0.000643 0.000032 -0.000074
0.000642 0.000020 -0.000073
0.000602 0.000005 -0.000066
0.000530 -0.000008 -0.000046
0.000438 -0.000008 -0.000018
0.000338 0.000014 0.000002
0.000238 0.000055 0.000023
0.000144 0.000104 0.000060
0.000064 0.000150 0.000110
0.000004 0.000188 0.000159
-0.000033 0.000204 0.000206
-0.000044 0.000198 0.000244
-0.000029 0.000165 0.000267
0.000006 0.000104 0.000281
0.000054 0.000018 0.000287
0.000105 -0.000080 0.000282
0.000147 -0.000181 0.000267
0.000169 -0.000281 0.000248
0.000166 -0.000370 0.000226
0.000134 -0.000446 0.000204
0.000071 -0.000506 0.000185
-0.000022 -0.000554 0.000163
-0.000123 -0.000562 0.000125
-0.000235 -0.000548 0.000079
-0.000343 -0.000511 0.000022
-0.000424 -0.000433 -0.000046
-0.000472 -0.000325 -0.000112
-0.000484 -0.000191 -0.000165
-0.000471 -0.000055 -0.000200
-0.000437 0.000076 -0.000223
-0.000376 0.000200 -0.000231
-0.000295 0.000304 -0.000231
-0.000210 0.000357 -0.000218
-0.000108 0.000379 -0.000197
0.000009 0.000381 -0.000163
0.000126 0.000344 -0.000124
0.000240 0.000287 -0.000085
0.000344 0.000223 -0.000043
0.000422 0.000156 0.000007
0.000443 0.000060 0.000052
0.000420 -0.000025 0.000095
0.000365 -0.000081 0.000134
0.000278 -0.000124 0.000161
0.000177 -0.000141 0.000181
0.000062 -0.000155 0.000184
-0.000054 -0.000160 0.000171
-0.000144 -0.000126 0.000153
-0.000199 -0.000050 0.000133
-0.000225 0.000055 0.000111
-0.000242 0.000139 0.000077
-0.000243 0.000221 0.000041
-0.000229 0.000304 0.000004
-0.000214 0.000356 -0.000040
-0.000188 0.000381 -0.000085
-0.000144 0.000386 -0.000128
-0.000081 0.000357 -0.000168
-0.000001 0.000296 -0.000200
0.000074 0.000178 -0.000225
0.000126 0.000000 -0.000245
0.000155 -0.000183 -0.000250
0.000147 -0.000363 -0.000248
0.000092 -0.000523 -0.000225
0.000004 -0.000620 -0.000184
-0.000117 -0.000663 -0.000144
-0.000251 -0.000648 -0.000101
-0.000379 -0.000590 -0.000041
-0.000480 -0.000491 0.000027
-0.000535 -0.000353 0.000113
-0.000534 -0.000190 0.000212
-0.000472 -0.000003 0.000303
-0.000351 0.000196 0.000370
-0.000187 0.000375 0.000415
0.000024 0.000548 0.000423
0.000255 0.000678 0.000386
0.000485 0.000751 0.000304
0.000686 0.000769 0.000183
0.000811 0.000704 0.000052
0.000842 0.000588 -0.000091
0.000766 0.000440 -0.000219
0.000600 0.000267 -0.000315
0.000384 0.000083 -0.000371
0.000176 -0.000085 -0.000374
0.000017 -0.000220 -0.000338
-0.000075 -0.000304 -0.000286
-0.000099 -0.000347 -0.000219
-0.000069 -0.000357 -0.000147
-0.000020 -0.000334 -0.000097
0.000023 -0.000297 -0.000070
0.000057 -0.000270 -0.000034
0.000089 -0.000253 0.000009
0.000119 -0.000240 0.000055
0.000133 -0.000213 0.000086
0.000139 -0.000167 0.000113
0.000145 -0.000104 0.000150
0.000141 -0.000027 0.000195
0.000140 0.000050 0.000238
0.000136 0.000111 0.000273
0.000127 0.000145 0.000305
0.000104 0.000147 0.000340
0.000078 0.000119 0.000392
0.000061 0.000070 0.000458
0.000060 0.000012 0.000535
0.000051 -0.000039 0.000603
0.000022 -0.000078 0.000658
-0.000017 -0.000109 0.000709
-0.000067 -0.000143 0.000755
-0.000131 -0.000188 0.000793
-0.000211 -0.000245 0.000812
-0.000303 -0.000306 0.000807
-0.000398 -0.000357 0.000779
-0.000484 -0.000383 0.000729
-0.000547 -0.000368 0.000662
-0.000576 -0.000306 0.000587
-0.000557 -0.000211 0.000525
-0.000502 -0.000088 0.000464
-0.000421 0.000047 0.000396
-0.000324 0.000171 0.000327
-0.000222 0.000259 0.000266
-0.000131 0.000292 0.000222
-0.000065 0.000276 0.000179
-0.000026 0.000211 0.000135
-0.000008 0.000114 0.000072
0.000000 0.000000 -0.000000
VECTORS ControlTorque float
0.000001 0.000001 -0.000000
0.000001 0.000001 -0.000000
0.000001 0.000001 -0.000000
0.000001 0.000001 -0.000000
0.000001 0.000000 -0.000000
0.000001 0.000000 -0.000000
0.000001 -0.000000 -0.000000
0.000001 -0.000001 0.000000
0.000001 -0.000001 0.000000
0.000001 -0.000001 0.000000
0.000001 -0.000001 0.000000
0.000001 -0.000001 0.000000
0.000001 -0.000001 0.000000
0.000001 -0.000001 0.000000
0.000001 -0.000001 0.000000
0.000001 -0.000001 0.000000
0.000001 -0.000001 0.000000
0.000001 -0.000001 0.000000
0.000001 -0.000001 0.000000
0.000002 -0.000001 0.000000
0.000001 -0.000001 0.000000
0.000001 -0.000001 0.000000
0.000001 -0.000001 0.000000
0.000001 -0.000001 0.000001
0.000001 -0.000001 0.000001
0.000001 -0.000001 0.000001
0.000000 -0.000001 0.000001
0.000000 -0.000001 0.000001
-0.000000 -0.000000 0.000001
-0.000001 0.000000 0.000001
-0.000001 -0.000000 0.000001
-0.000001 0.000001 0.000001
-0.000001 0.000000 0.000001
-0.000002 0.000002 -0.000000
-0.000000 0.000000 0.000001
-0.000003 0.000002 -0.000001
-0.000001 0.000001 0.000001
-0.000002 0.000002 -0.000001
-0.000001 0.000001 -0.000000
-0.000001 0.000002 -0.000001
-0.000001 0.000001 -0.000001
-0.000001 0.000001 -0.000001
-0.000001 0.000001 -0.000000
-0.000001 0.000001 -0.000001
-0.000001 0.000001 -0.000000
-0.000001 0.000001 -0.000000
-0.000001 0.000001 -0.000000
-0.000000 0.000001 0.000000
-0.000000 0.000001 0.000000
-0.000000 0.000001 0.000000
-0.000000 0.000001 0.000000
-0.000000 0.000001 0.000000
-0.000000 0.000001 0.000000
-0.000000 0.000001 0.000000
-0.000000 0.000001 -0.000000
-0.000000 0.000001 -0.000000
-0.000000 0.000001 -0.000000
-0.000000 0.000001 -0.000000
-0.000000 0.000001 -0.000001
-0.000000 0.000001 -0.000001
-0.000000 0.000000 -0.000001
-0.000000 0.000001 -0.000001
-0.000000 -0.000000 -0.000001
-0.000000 0.000001 -0.000001
-0.000000 -0.000000 -0.000001
-0.000000 0.000001 -0.000001
-0.000000 0.000001 -0.000001
-0.000000 0.000000 -0.000001
-0.000000 0.000001 -0.000001
-0.000000 0.000002 -0.000001
-0.000000 0.000001 -0.000001
-0.000000 0.000003 -0.000001
-0.000000 0.000002 -0.000001
-0.000000 0.000003 -0.000001
0.000000 0.000001 -0.000001
-0.000000 0.000004 -0.000002
0.000000 0.000002 -0.000001
0.000000 0.000002 -0.000002
0.000001 0.000002 -0.000002
0.000001 0.000001 -0.000001
0.000001 0.000003 -0.000002
0.000001 -0.000002 0.000000
0.000001 0.000001 -0.000001
0.000001 -0.000001 -0.000000
0.000001 -0.000003 0.000001
0.000001 -0.000000 -0.000000
0.000001 -0.000003 0.000001
0.000000 -0.000002 0.000001
0.000000 -0.000002 0.000001
0.000000 -0.000002 0.000001
0.000000 -0.000001 0.000001
-0.000000 -0.000003 0.000001
0.000000 -0.000000 0.000000
-0.000000 -0.000003 0.000001
-0.000000 -0.000001 0.000001
-0.000001 -0.000002 0.000001
-0.000000 -0.000001 0.000000
-0.000001 -0.000002 0.000001
-0.000000 -0.000001 0.000000
-0.000001 -0.000002 0.000001
-0.000001 -0.000001 0.000001
-0.000001 -0.000002 0.000001
-0.000001 -0.000002 0.000001
-0.000001 -0.000002 0.000001
-0.000001 -0.000002 0.000001
-0.000001 -0.000002 0.000001
-0.000001 -0.000002 0.000001
-0.000001 -0.000002 0.000001
-0.000001 -0.000002 0.000001
-0.000001 -0.000002 0.000001
-0.000001 -0.000002 0.000001
-0.000001 -0.000002 0.000001
-0.000001 -0.000001 0.000000
-0.000001 -0.000001 0.000000
-0.000001 -0.000001 0.000000
-0.000000 -0.000001 0.000000
-0.000000 -0.000000 -0.000000
-0.000000 0.000000 -0.000000
-0.000000 0.000001 -0.000000
0.000000 0.000001 -0.000001
0.000000 0.000001 -0.000001
0.000001 0.000002 -0.000001
0.000001 0.000002 -0.000001
0.000001 0.000002 -0.000001
0.000001 0.000002 -0.000001
0.000002 0.000002 -0.000001
0.000001 0.000002 -0.000001
0.000002 0.000002 -0.000001
VECTORS Curvature float
-52.941990 -68.426876 -5.204738
-171.977354 -216.703400 -16.278668
-380.466668 -458.321062 -35.058773
-561.153380 -623.017782 -50.424168
-749.251812 -739.423268 -64.816998
-944.728530 -795.475584 -77.182917
-1163.221139 -792.496346 -87.466558
-1359.858089 -703.168962 -95.740095
-1559.867287 -545.492744 -101.929205
-1789.254247 -339.382888 -106.390796
-1994.821977 -74.862705 -109.134399
-2211.578522 224.831263 -110.375884
-2474.607125 559.711929 -110.351833
-2726.576959 905.719642 -109.147290
-2997.323750 1260.798754 -107.346032
-3319.220972 1626.703346 -105.123720
-3647.386751 1981.953212 -103.130855
-4014.267936 2340.632584 -101.892980
-4379.305964 2683.365169 -101.681102
-4784.416062 3045.164037 -103.529581
-5187.249468 3409.425810 -106.760169
-5528.314962 3750.825810 -112.518729
-5879.140952 4128.270003 -120.618380
-6174.647622 4506.125325 -130.455083
-6421.344035 4897.443446 -142.694091
-6619.295696 5302.656597 -155.804653
-6679.346033 5647.200003 -169.539725
-6669.089161 5979.973637 -184.074789
-6591.537709 6289.383677 -197.389488
-6363.380143 6481.250170 -209.964894
-6087.044968 6644.697850 -221.377813
-5748.831554 6736.013091 -230.261019
-5396.551843 6821.172897 -235.095546
-4909.175244 6687.233954 -235.930103
-4433.295687 6561.564779 -227.717516
-3959.458836 6341.093252 -215.586997
-3448.268166 6024.961737 -193.533700
-3023.238643 5735.068065 -169.139207
-2584.160640 5349.991364 -138.907143
-2228.567441 5022.219526 -108.005292
-1872.121459 4613.726588 -75.565423
-1557.156385 4216.517158 -43.370162
-1292.575118 3905.546862 -11.621556
-1049.500124 3618.994146 18.500937
-812.483559 3356.893837 47.853503
-591.388708 3178.358619 75.772476
-357.799296 3002.641944 102.802688
-118.808157 2906.030870 129.000846
135.142953 2834.950333 154.453369
406.053496 2762.791834 179.409464
696.627912 2717.027961 203.875082
1004.905087 2659.356519 227.807573
1325.045443 2579.851332 251.087853
1647.059026 2472.789011 273.568487
1963.738651 2339.336644 295.018537
2261.302433 2174.162938 315.344053
2525.892579 1973.108236 334.428077
2754.332981 1743.695957 352.335522
2938.016688 1486.148939 369.172493
3076.300589 1203.886263 385.099971
3147.476663 898.600893 400.385887
3211.195038 588.070265 414.927713
3196.710859 274.622398 429.402430
3203.278583 -37.633157 443.064198
3157.841066 -325.427190 457.074520
3118.986436 -599.764634 470.461066
3251.491577 -880.923959 484.226831
3322.190210 -1129.079388 498.144389
3395.966046 -1347.572651 512.758629
3717.437901 -1654.157534 528.532079
4026.580291 -1953.897171 545.715636
4353.569286 -2281.894327 564.934764
4867.506230 -2736.441860 586.343067
5393.060185 -3254.658903 609.940153
5774.079034 -3736.593596 634.916558
6241.252671 -4342.614160 661.962578
6775.276870 -5061.851427 687.336032
7069.057520 -5673.916276 709.882062
7320.632075 -6305.882479 726.231987
7395.483610 -6823.418221 732.191962
7544.050309 -7447.669159 726.590741
7376.106268 -7760.838110 699.600188
7076.501853 -7921.261626 658.672887
6899.530355 -8184.160846 594.238295
6301.313040 -7902.221980 511.260531
5827.313140 -7709.428508 415.778359
5428.550964 -7564.764571 306.395528
4886.270442 -7169.639480 194.259014
4406.311439 -6802.419359 82.527747
3946.055805 -6406.475056 -22.522724
3551.271167 -6057.579638 -116.129436
3117.628650 -5572.659881 -196.301969
2801.437802 -5232.453465 -259.105472
2523.662817 -4902.997609 -307.190919
2221.938239 -4468.759218 -337.825607
1971.764891 -4074.187850 -355.115337
1740.930582 -3660.110653 -359.603219
1530.962988 -3235.061018 -354.785518
1357.956583 -2839.756134 -342.761755
1194.345510 -2435.992924 -326.797664
990.969716 -1933.450088 -309.103888
804.038309 -1469.422349 -292.278025
595.945626 -977.941031 -278.109866
381.042477 -492.041311 -267.504477
141.163011 16.205358 -260.345676
-116.294458 533.804101 -255.581266
-381.438997 1054.621373 -251.418816
-648.451907 1576.421885 -245.719131
-916.675005 2109.632625 -236.374179
-1169.110903 2622.618020 -221.764079
-1411.554296 3133.733508 -200.964083
-1631.483671 3618.773363 -174.167507
-1808.679076 4039.171665 -142.255070
-1958.699782 4435.636135 -107.049588
-2055.208979 4754.975655 -71.011123
-2090.039359 4982.089679 -36.562283
-2061.430643 5108.652718 -6.169361
-1965.499250 5113.068078 18.355533
-1815.038818 5005.845384 35.876859
-1613.516021 4763.769901 46.004781
-1383.932102 4416.941684 49.572894
-1140.182938 3961.694462 47.456946
-900.235171 3422.584678 41.691650
-677.939575 2815.935903 33.557256
-477.002413 2150.213659 24.733875
-305.250640 1471.159827 16.175569
-133.627502 671.358413 7.190675
-41.801125 215.623334 2.384720
VECTORS LocalRotation float
0.131164 -0.503133 -0.045443
0.130143 -0.504427 -0.045540
0.127652 -0.507471 -0.045772
0.123407 -0.512346 -0.046157
0.117462 -0.518528 -0.046680
0.109767 -0.525500 -0.047325
0.100218 -0.532693 -0.048071
0.088858 -0.539427 -0.048896
0.075593 -0.545100 -0.049794
0.060450 -0.549101 -0.050736
0.043337 -0.550974 -0.051710
0.024248 -0.550294 -0.052707
0.003007 -0.546738 -0.053707
-0.020468 -0.540123 -0.054698
-0.046428 -0.530298 -0.055680
-0.075009 -0.517232 -0.056641
-0.106546 -0.500897 -0.057584
-0.141237 -0.481324 -0.058512
-0.179236 -0.458580 -0.059434
-0.220794 -0.432600 -0.060364
-0.265853 -0.403434 -0.061315
-0.314378 -0.371009 -0.062308
-0.366094 -0.335290 -0.063365
-0.420677 -0.296190 -0.064502
-0.477757 -0.253577 -0.065739
-0.536708 -0.207467 -0.067089
-0.596806 -0.157983 -0.068559
-0.657268 -0.105318 -0.070161
-0.717248 -0.049822 -0.071886
-0.775900 0.007997 -0.073730
-0.832450 0.067615 -0.075690
-0.886113 0.128282 -0.077737
-0.936625 0.189725 -0.079846
-0.983065 0.250596 -0.081969
-1.025553 0.310850 -0.084077
-1.063336 0.368936 -0.086073
-1.097045 0.425208 -0.087935
-1.126259 0.478294 -0.089572
-1.151724 0.528635 -0.090971
-1.173455 0.575469 -0.092086
-1.191996 0.619037 -0.092916
-1.207533 0.659046 -0.093455
-1.220483 0.695955 -0.093705
-1.231056 0.729922 -0.093674
-1.239499 0.761554 -0.093373
-1.245842 0.791080 -0.092814
-1.250138 0.819058 -0.092006
-1.252300 0.845861 -0.090954
-1.252226 0.871809 -0.089673
-1.249774 0.897175 -0.088160
-1.244777 0.922009 -0.086423
-1.237074 0.946348 -0.084469
-1.226527 0.970064 -0.082301
-1.213072 0.992938 -0.079926
-1.196719 1.014731 -0.077351
-1.177599 1.035157 -0.074589
-1.155925 1.053934 -0.071647
-1.132013 1.070765 -0.068537
-1.106236 1.085391 -0.065270
-1.079006 1.097571 -0.061855
-1.050820 1.107092 -0.058297
-1.021978 1.113836 -0.054599
-0.993042 1.117731 -0.050787
-0.963972 1.118808 -0.046824
-0.935335 1.117173 -0.042771
-0.906661 1.112947 -0.038534
-0.877869 1.106255 -0.034219
-0.848333 1.097224 -0.029806
-0.817821 1.085975 -0.025214
-0.785361 1.072278 -0.020463
-0.750537 1.056053 -0.015632
-0.712331 1.036741 -0.010568
-0.670588 1.014024 -0.005357
-0.624331 0.987014 0.000037
-0.574070 0.955548 0.005639
-0.519312 0.918729 0.011550
-0.460645 0.876341 0.017631
-0.398116 0.827852 0.023942
-0.332967 0.773614 0.030444
-0.266198 0.714045 0.037061
-0.198295 0.649180 0.043691
-0.131196 0.580784 0.050105
-0.065294 0.509276 0.056299
-0.002266 0.436645 0.061949
0.057312 0.364045 0.066938
0.112747 0.292689 0.071176
0.163597 0.223686 0.074438
0.210225 0.157080 0.076701
0.252254 0.093886 0.077953
0.290034 0.034139 0.078225
0.323933 -0.022217 0.077598
0.354057 -0.074753 0.076186
0.381074 -0.124071 0.074108
0.405016 -0.169640 0.071562
0.426535 -0.212137 0.068637
0.445466 -0.250702 0.065509
0.462350 -0.285875 0.062258
0.477152 -0.317067 0.059027
0.490319 -0.344756 0.055847
0.501758 -0.368400 0.052846
0.511653 -0.388186 0.049967
0.519783 -0.403597 0.047243
0.526152 -0.414732 0.044648
0.530588 -0.421406 0.042171
0.532943 -0.423552 0.039791
0.533056 -0.421065 0.037458
0.530802 -0.413873 0.035162
0.526134 -0.401947 0.032909
0.519039 -0.385238 0.030723
0.509602 -0.363828 0.028651
0.497901 -0.337727 0.026734
0.484150 -0.307213 0.025039
0.468564 -0.272519 0.023605
0.451490 -0.234110 0.022475
0.433320 -0.192507 0.021669
0.414549 -0.148414 0.021182
0.395758 -0.102740 0.020989
0.377525 -0.056459 0.021044
0.360408 -0.010644 0.021289
0.344892 0.033571 0.021660
0.331310 0.075168 0.022093
0.319888 0.113083 0.022532
0.310639 0.146556 0.022936
0.303500 0.174776 0.023277
0.298266 0.197282 0.023541
0.294732 0.213643 0.023726
0.292740 0.223365 0.023832
0.291948 0.227373 0.023875
VECTORS q1 float
0.994154 0.006997 -0.107747
0.994269 0.006975 -0.106681
0.994599 0.006917 -0.103561
0.995097 0.006828 -0.098666
0.995695 0.006711 -0.092451
0.996323 0.006572 -0.085429
0.996918 0.006410 -0.078184
0.997433 0.006209 -0.071332
0.997829 0.005903 -0.065595
0.998095 0.005445 -0.061463
0.998220 0.004735 -0.059449
0.998195 0.003655 -0.059946
0.997996 0.002071 -0.063242
0.997579 -0.000175 -0.069538
0.996881 -0.003253 -0.078856
0.995800 -0.007362 -0.091257
0.994218 -0.012709 -0.106629
0.991985 -0.019526 -0.124842
0.988926 -0.028070 -0.145729
0.984852 -0.038611 -0.169046
0.979510 -0.051514 -0.194696
0.972678 -0.067056 -0.222264
0.964072 -0.085597 -0.251473
0.953368 -0.107518 -0.282008
0.940270 -0.133089 -0.313335
0.924422 -0.162608 -0.344969
0.905573 -0.196116 -0.376134
0.883577 -0.233427 -0.405959
0.858257 -0.274356 -0.433732
0.829712 -0.318270 -0.458566
0.798223 -0.364309 -0.479707
0.763994 -0.411769 -0.496749
0.727564 -0.459581 -0.509350
0.689307 -0.506983 -0.517517
0.650468 -0.552386 -0.521307
0.610921 -0.595857 -0.521276
0.572147 -0.635934 -0.517915
0.533952 -0.672960 -0.511878
0.497362 -0.706230 -0.503856
0.462293 -0.736101 -0.494409
0.429237 -0.762481 -0.484126
0.398319 -0.785601 -0.473469
0.369526 -0.805776 -0.462792
0.342430 -0.823559 -0.452209
0.317079 -0.839131 -0.441950
0.292949 -0.852990 -0.431960
0.269836 -0.865372 -0.422278
0.247434 -0.876538 -0.412866
0.225355 -0.886740 -0.403617
0.203544 -0.896031 -0.394587
0.181856 -0.904494 -0.385772
0.160280 -0.912143 -0.377233
0.138939 -0.918945 -0.369102
0.118020 -0.924860 -0.361532
0.097764 -0.929858 -0.354692
0.078425 -0.933934 -0.348735
0.060321 -0.937096 -0.343820
0.043759 -0.939384 -0.340063
0.029042 -0.940861 -0.337546
0.016461 -0.941609 -0.336304
0.006283 -0.941722 -0.336334
-0.001283 -0.941295 -0.337583
-0.006141 -0.940437 -0.339913
-0.008228 -0.939218 -0.343223
-0.007582 -0.937729 -0.347286
-0.004366 -0.935989 -0.352003
0.001431 -0.934057 -0.357121
0.009709 -0.931941 -0.362481
0.020293 -0.929615 -0.367972
0.033342 -0.927063 -0.373421
0.049383 -0.924259 -0.378560
0.068329 -0.921116 -0.383245
0.091065 -0.917558 -0.387034
0.118086 -0.913456 -0.389428
0.149842 -0.908642 -0.389765
0.186246 -0.902914 -0.387374
0.228213 -0.895989 -0.380948
0.274965 -0.887586 -0.369574
0.325748 -0.877399 -0.352220
0.379356 -0.865148 -0.328037
0.434159 -0.850630 -0.296538
0.488786 -0.833648 -0.257139
0.540067 -0.814578 -0.211637
0.587323 -0.793412 -0.159841
0.628597 -0.770759 -0.103906
0.662732 -0.747425 -0.046289
0.690163 -0.723538 0.012918
0.710710 -0.699833 0.071593
0.724904 -0.676724 0.128683
0.733468 -0.654497 0.183461
0.737193 -0.633334 0.235446
0.736869 -0.613332 0.284337
0.733276 -0.594817 0.329392
0.727097 -0.577281 0.371586
0.719040 -0.561248 0.409857
0.709672 -0.546487 0.444654
0.699616 -0.533265 0.475568
0.689306 -0.521412 0.502977
0.679266 -0.511204 0.526562
0.669743 -0.502367 0.546874
0.661220 -0.495356 0.563392
0.653936 -0.490142 0.576306
0.648135 -0.486863 0.585564
0.643974 -0.485563 0.591207
0.641570 -0.486311 0.593203
0.640969 -0.489191 0.591482
0.642158 -0.494221 0.585986
0.645060 -0.501391 0.576632
0.649541 -0.510658 0.563317
0.655404 -0.521946 0.545910
0.662326 -0.535077 0.524421
0.669988 -0.549908 0.498716
0.677892 -0.566100 0.469033
0.685573 -0.583352 0.435534
0.692533 -0.601295 0.398550
0.698275 -0.619459 0.358725
0.702403 -0.637384 0.316814
0.704657 -0.654586 0.273817
0.704958 -0.670638 0.230822
0.703422 -0.685191 0.188972
0.700354 -0.697971 0.149467
0.696185 -0.708872 0.113260
0.691452 -0.717827 0.081354
0.686679 -0.724925 0.054358
0.682393 -0.730244 0.032921
0.678998 -0.733936 0.017322
0.676840 -0.736087 0.007918
0.676097 -0.736798 0.004760
VECTORS q2 float
-0.012875 0.998460 -0.053962
-0.012885 0.998414 -0.054805
-0.012914 0.998271 -0.057350
-0.012955 0.998017 -0.061600
-0.012996 0.997631 -0.067548
-0.013029 0.997080 -0.075246
-0.013054 0.996316 -0.084764
-0.013073 0.995279 -0.096171
-0.013067 0.993920 -0.109324
-0.013074 0.992143 -0.124421
-0.013118 0.989863 -0.141415
-0.013240 0.986982 -0.160287
-0.013522 0.983355 -0.181192
-0.014070 0.978807 -0.204303
-0.014983 0.973181 -0.229551
-0.016433 0.966201 -0.257266
-0.018594 0.957596 -0.287514
-0.021681 0.947035 -0.320397
-0.025936 0.934149 -0.355939
-0.031609 0.918583 -0.393961
-0.039020 0.899873 -0.434402
-0.048389 0.877794 -0.476589
-0.059972 0.852088 -0.519952
-0.074007 0.822583 -0.563809
-0.090604 0.789384 -0.607177
-0.109878 0.752630 -0.649211
-0.131729 0.712853 -0.688831
-0.155890 0.670841 -0.725032
-0.182125 0.627301 -0.757181
-0.209908 0.583317 -0.784653
-0.238589 0.540024 -0.807124
-0.267692 0.498218 -0.824694
-0.296523 0.458851 -0.837574
-0.324643 0.422445 -0.846255
-0.351059 0.389986 -0.851275
-0.375926 0.361137 -0.853381
-0.398402 0.336473 -0.853265
-0.418816 0.315404 -0.851536
-0.436834 0.297916 -0.848777
-0.452748 0.283468 -0.845379
-0.466556 0.271779 -0.841702
-0.478401 0.262485 -0.837994
-0.488426 0.255261 -0.834435
-0.496851 0.249771 -0.831116
-0.503668 0.245860 -0.828174
-0.508964 0.243333 -0.825679
-0.512677 0.242102 -0.823741
-0.514721 0.242099 -0.822466
-0.514971 0.243260 -0.821967
-0.513267 0.245546 -0.822353
-0.509427 0.248901 -0.823731
-0.503257 0.253255 -0.826192
-0.494583 0.258515 -0.829794
-0.483274 0.264555 -0.834540
-0.469278 0.271218 -0.840368
-0.452615 0.278325 -0.847157
-0.433426 0.285691 -0.854706
-0.411927 0.293142 -0.862777
-0.388411 0.300530 -0.871102
-0.363235 0.307738 -0.879407
-0.336813 0.314695 -0.887425
-0.309587 0.321372 -0.894917
-0.281766 0.327773 -0.901761
-0.253934 0.333945 -0.907743
-0.225827 0.339930 -0.912935
-0.198071 0.345842 -0.917149
-0.169730 0.351713 -0.920592
-0.140524 0.357629 -0.923230
-0.110391 0.363714 -0.924946
-0.078531 0.370043 -0.925690
-0.043667 0.376662 -0.925321
-0.006214 0.383742 -0.923419
0.035063 0.391362 -0.919569
0.080309 0.399673 -0.913133
0.129396 0.408847 -0.903383
0.181240 0.419080 -0.889677
0.236382 0.430557 -0.871059
0.292968 0.443458 -0.847062
0.349553 0.457908 -0.817394
0.404525 0.473941 -0.782138
0.456242 0.491471 -0.741822
0.503849 0.510373 -0.696890
0.544915 0.530075 -0.649683
0.579988 0.550337 -0.600619
0.608364 0.570532 -0.551712
0.630100 0.589970 -0.504885
0.646574 0.608536 -0.460029
0.658332 0.625767 -0.418348
0.666324 0.641475 -0.380161
0.671431 0.655599 -0.345499
0.674395 0.668176 -0.314216
0.675804 0.679307 -0.286062
0.676144 0.688971 -0.261053
0.675672 0.697616 -0.238327
0.674715 0.705104 -0.218146
0.673394 0.711702 -0.200051
0.671913 0.717404 -0.184021
0.670299 0.722426 -0.169709
0.668714 0.726732 -0.157106
0.667099 0.730544 -0.145890
0.665707 0.733673 -0.136228
0.664605 0.736141 -0.128048
0.663953 0.737850 -0.121420
0.663875 0.738729 -0.116404
0.664496 0.738683 -0.113100
0.665947 0.737600 -0.111625
0.668274 0.735424 -0.112076
0.671458 0.732138 -0.114533
0.675411 0.727767 -0.119058
0.679981 0.722374 -0.125703
0.684950 0.716080 -0.134437
0.690074 0.709008 -0.145276
0.695053 0.701375 -0.158032
0.699603 0.693393 -0.172517
0.703456 0.685309 -0.188418
0.706392 0.677410 -0.205248
0.708283 0.669961 -0.222459
0.709112 0.663204 -0.239418
0.708977 0.657313 -0.255521
0.708073 0.652382 -0.270241
0.706655 0.648431 -0.283154
0.704987 0.645388 -0.294054
0.703312 0.643148 -0.302842
0.701803 0.641560 -0.309634
0.700580 0.640491 -0.314579
0.699691 0.639814 -0.317916
0.699161 0.639446 -0.319817
0.698984 0.639328 -0.320437
VECTORS q3 float
0.107204 0.055034 0.992713
0.106130 0.055866 0.992782
0.102985 0.058378 0.992968
0.098050 0.062576 0.993212
0.091779 0.068458 0.993423
0.084685 0.076083 0.993499
0.077352 0.085523 0.993329
0.070398 0.096857 0.992806
0.064551 0.109944 0.991839
0.060302 0.124988 0.990324
0.058176 0.141943 0.988164
0.058579 0.160791 0.985248
0.061814 0.181684 0.981412
0.068100 0.204787 0.976435
0.077488 0.230017 0.970097
0.090066 0.257685 0.962022
0.105762 0.287834 0.951822
0.124485 0.320535 0.939021
0.146124 0.355777 0.923077
0.170494 0.393337 0.903448
0.197580 0.433098 0.879425
0.227060 0.474322 0.850566
0.258783 0.516352 0.816341
0.292595 0.558388 0.776267
0.328150 0.599300 0.730176
0.365201 0.638049 0.677880
0.403219 0.673334 0.619706
0.441576 0.703906 0.556351
0.479818 0.728850 0.488419
0.517221 0.747292 0.417178
0.553096 0.758718 0.344139
0.587073 0.763037 0.270408
0.618648 0.760422 0.197567
0.647660 0.751337 0.126605
0.673535 0.736736 0.059754
0.696746 0.717310 -0.003372
0.716885 0.694531 -0.060846
0.734498 0.669062 -0.113436
0.749538 0.642251 -0.160333
0.762434 0.614655 -0.202223
0.773357 0.587161 -0.239083
0.782608 0.560297 -0.271280
0.790500 0.534385 -0.299237
0.797421 0.509280 -0.323657
0.803604 0.485192 -0.344687
0.809405 0.461734 -0.362857
0.815077 0.438768 -0.378329
0.820877 0.416017 -0.391269
0.827055 0.393085 -0.401825
0.833743 0.369913 -0.409923
0.841078 0.346323 -0.415510
0.849142 0.322267 -0.418451
0.857953 0.297842 -0.418577
0.867478 0.273211 -0.415738
0.877622 0.248607 -0.409847
0.888251 0.224280 -0.400885
0.899168 0.200577 -0.388929
0.910166 0.177835 -0.374130
0.921029 0.156405 -0.356713
0.931552 0.136634 -0.336960
0.941550 0.118857 -0.315207
0.950870 0.103363 -0.291825
0.959463 0.090238 -0.266996
0.967187 0.079687 -0.241247
0.974138 0.071505 -0.214342
0.980178 0.065718 -0.186902
0.985489 0.061932 -0.158035
0.990030 0.059901 -0.127487
0.993681 0.059391 -0.095240
0.996354 0.060189 -0.060465
0.997825 0.062226 -0.021759
0.997644 0.065477 0.020497
0.995228 0.070170 0.067812
0.989751 0.076554 0.120554
0.980206 0.084931 0.178837
0.965642 0.095491 0.241696
0.944480 0.108738 0.310055
0.915732 0.124639 0.381969
0.878465 0.143145 0.455860
0.832135 0.164009 0.529766
0.776755 0.186776 0.601470
0.712197 0.211071 0.669496
0.641401 0.235548 0.730152
0.564505 0.260052 0.783395
0.484519 0.283592 0.827537
0.404672 0.305437 0.861945
0.324987 0.325848 0.887810
0.247973 0.344456 0.905461
0.174717 0.361324 0.915925
0.105852 0.376594 0.920311
0.041684 0.390422 0.919692
-0.017701 0.402946 0.915053
-0.071663 0.414141 0.907387
-0.121643 0.424357 0.897287
-0.166558 0.433392 0.885680
-0.207136 0.441399 0.873076
-0.243043 0.448285 0.860216
-0.274876 0.454126 0.847474
-0.302356 0.458836 0.835494
-0.326225 0.462528 0.824406
-0.345865 0.465131 0.814881
-0.361481 0.466751 0.807140
-0.372944 0.467484 0.801481
-0.380220 0.467448 0.798076
-0.383187 0.466743 0.797069
-0.381671 0.465444 0.798554
-0.375557 0.463570 0.802533
-0.364749 0.461065 0.808936
-0.349166 0.457803 0.817618
-0.328741 0.453595 0.828360
-0.303593 0.448243 0.840779
-0.273705 0.441484 0.854504
-0.239506 0.433132 0.868927
-0.201358 0.422974 0.883486
-0.159835 0.410848 0.897584
-0.115861 0.396720 0.910599
-0.070461 0.380650 0.922031
-0.024877 0.362874 0.931506
0.019639 0.343779 0.938845
0.061885 0.323899 0.944065
0.100715 0.303930 0.947356
0.135350 0.284562 0.949055
0.165066 0.266618 0.949562
0.189588 0.250767 0.949301
0.208634 0.237730 0.948660
0.222247 0.227984 0.947961
0.230350 0.222001 0.947446
0.233054 0.219974 0.947258
