# vtk DataFile Version 2.0
VTK example
ASCII
DATASET UNSTRUCTURED_GRID
POINTS  128  float
-0.000368 -0.000124 -0.000112
-0.000359 -0.000121 -0.000113
-0.000350 -0.000119 -0.000114
-0.000341 -0.000117 -0.000115
-0.000333 -0.000115 -0.000116
-0.000324 -0.000113 -0.000118
-0.000315 -0.000111 -0.000119
-0.000307 -0.000109 -0.000121
-0.000298 -0.000108 -0.000123
-0.000289 -0.000106 -0.000126
-0.000281 -0.000105 -0.000129
-0.000272 -0.000104 -0.000132
-0.000264 -0.000104 -0.000135
-0.000256 -0.000103 -0.000139
-0.000248 -0.000102 -0.000143
-0.000240 -0.000102 -0.000147
-0.000232 -0.000102 -0.000152
-0.000224 -0.000101 -0.000156
-0.000216 -0.000101 -0.000161
-0.000208 -0.000101 -0.000165
-0.000201 -0.000101 -0.000170
-0.000193 -0.000101 -0.000175
-0.000185 -0.000101 -0.000179
-0.000177 -0.000101 -0.000184
-0.000169 -0.000101 -0.000188
-0.000161 -0.000101 -0.000192
-0.000153 -0.000100 -0.000195
-0.000144 -0.000100 -0.000199
-0.000136 -0.000099 -0.000202
-0.000127 -0.000098 -0.000204
-0.000118 -0.000097 -0.000207
-0.000110 -0.000096 -0.000208
-0.000101 -0.000094 -0.000210
-0.000092 -0.000092 -0.000210
-0.000083 -0.000090 -0.000211
-0.000075 -0.000088 -0.000210
-0.000066 -0.000085 -0.000209
-0.000058 -0.000082 -0.000208
-0.000049 -0.000078 -0.000206
-0.000042 -0.000075 -0.000203
-0.000034 -0.000071 -0.000200
-0.000027 -0.000066 -0.000197
-0.000020 -0.000062 -0.000193
-0.000014 -0.000057 -0.000188
-0.000008 -0.000052 -0.000183
-0.000002 -0.000048 -0.000178
0.000003 -0.000043 -0.000173
0.000008 -0.000038 -0.000167
0.000012 -0.000033 -0.000160
0.000015 -0.000028 -0.000153
0.000018 -0.000023 -0.000146
0.000021 -0.000019 -0.000139
0.000023 -0.000014 -0.000131
0.000025 -0.000010 -0.000123
0.000026 -0.000006 -0.000115
0.000027 -0.000003 -0.000107
0.000027 0.000001 -0.000099
0.000027 0.000004 -0.000090
0.000027 0.000007 -0.000082
0.000027 0.000009 -0.000073
0.000026 0.000012 -0.000064
0.000026 0.000015 -0.000056
0.000025 0.000017 -0.000047
0.000024 0.000019 -0.000038
0.000024 0.000022 -0.000030
0.000023 0.000024 -0.000021
0.000022 0.000027 -0.000012
0.000022 0.000030 -0.000004
0.000022 0.000033 0.000005
0.000021 0.000037 0.000013
0.000021 0.000040 0.000021
0.000022 0.000045 0.000030
0.000022 0.000049 0.000037
0.000023 0.000054 0.000045
0.000025 0.000060 0.000052
0.000027 0.000065 0.000058
0.000030 0.000072 0.000064
0.000033 0.000078 0.000070
0.000037 0.000085 0.000075
0.000041 0.000091 0.000079
0.000046 0.000098 0.000082
0.000052 0.000105 0.000085
0.000058 0.000111 0.000087
0.000065 0.000117 0.000088
0.000071 0.000123 0.000089
0.000079 0.000129 0.000089
0.000086 0.000134 0.000088
0.000094 0.000139 0.000088
0.000101 0.000143 0.000086
0.000109 0.000148 0.000085
0.000117 0.000151 0.000083
0.000125 0.000155 0.000081
0.000133 0.000158 0.000079
0.000141 0.000161 0.000076
0.000150 0.000164 0.000073
0.000158 0.000167 0.000070
0.000166 0.000169 0.000067
0.000174 0.000171 0.000064
0.000182 0.000173 0.000060
0.000190 0.000175 0.000056
0.000198 0.000176 0.000053
0.000206 0.000178 0.000049
0.000214 0.000179 0.000045
0.000222 0.000180 0.000041
0.000230 0.000181 0.000037
0.000238 0.000182 0.000033
0.000247 0.000182 0.000029
0.000255 0.000183 0.000025
0.000263 0.000183 0.000022
0.000272 0.000184 0.000018
0.000280 0.000184 0.000015
0.000289 0.000184 0.000013
0.000298 0.000185 0.000010
0.000306 0.000185 0.000008
0.000315 0.000186 0.000007
0.000324 0.000186 0.000006
0.000333 0.000187 0.000005
0.000342 0.000188 0.000005
0.000351 0.000189 0.000005
0.000360 0.000190 0.000006
0.000369 0.000192 0.000008
0.000378 0.000193 0.000010
0.000386 0.000195 0.000012
0.000395 0.000197 0.000014
0.000403 0.000199 0.000017
0.000412 0.000201 0.000020
0.000420 0.000203 0.000023
0.000428 0.000205 0.000027
CELLS  127 381
2 0 1 
2 1 2 
2 2 3 
2 3 4 
2 4 5 
2 5 6 
2 6 7 
2 7 8 
2 8 9 
2 9 10 
2 10 11 
2 11 12 
2 12 13 
2 13 14 
2 14 15 
2 15 16 
2 16 17 
2 17 18 
2 18 19 
2 19 20 
2 20 21 
2 21 22 
2 22 23 
2 23 24 
2 24 25 
2 25 26 
2 26 27 
2 27 28 
2 28 29 
2 29 30 
2 30 31 
2 31 32 
2 32 33 
2 33 34 
2 34 35 
2 35 36 
2 36 37 
2 37 38 
2 38 39 
2 39 40 
2 40 41 
2 41 42 
2 42 43 
2 43 44 
2 44 45 
2 45 46 
2 46 47 
2 47 48 
2 48 49 
2 49 50 
2 50 51 
2 51 52 
2 52 53 
2 53 54 
2 54 55 
2 55 56 
2 56 57 
2 57 58 
2 58 59 
2 59 60 
2 60 61 
2 61 62 
2 62 63 
2 63 64 
2 64 65 
2 65 66 
2 66 67 
2 67 68 
2 68 69 
2 69 70 
2 70 71 
2 71 72 
2 72 73 
2 73 74 
2 74 75 
2 75 76 
2 76 77 
2 77 78 
2 78 79 
2 79 80 
2 80 81 
2 81 82 
2 82 83 
2 83 84 
2 84 85 
2 85 86 
2 86 87 
2 87 88 
2 88 89 
2 89 90 
2 90 91 
2 91 92 
2 92 93 
2 93 94 
2 94 95 
2 95 96 
2 96 97 
2 97 98 
2 98 99 
2 99 100 
2 100 101 
2 101 102 
2 102 103 
2 103 104 
2 104 105 
2 105 106 
2 106 107 
2 107 108 
2 108 109 
2 109 110 
2 110 111 
2 111 112 
2 112 113 
2 113 114 
2 114 115 
2 115 116 
2 116 117 
2 117 118 
2 118 119 
2 119 120 
2 120 121 
2 121 122 
2 122 123 
2 123 124 
2 124 125 
2 125 126 
2 126 127 
CELL_TYPES  127
3
3
3
3
3
3
3
3
3
3
3
3
3
3
3
3
3
3
3
3
3
3
3
3
3
3
3
3
3
3
3
3
3
3
3
3
3
3
3
3
3
3
3
3
3
3
3
3
3
3
3
3
3
3
3
3
3
3
3
3
3
3
3
3
3
3
3
3
3
3
3
3
3
3
3
3
3
3
3
3
3
3
3
3
3
3
3
3
3
3
3
3
3
3
3
3
3
3
3
3
3
3
3
3
3
3
3
3
3
3
3
3
3
3
3
3
3
3
3
3
3
3
3
3
3
3
3
POINT_DATA  128
VECTORS Position float
-0.000368 -0.000124 -0.000112
-0.000359 -0.000121 -0.000113
-0.000350 -0.000119 -0.000114
-0.000341 -0.000117 -0.000115
-0.000333 -0.000115 -0.000116
-0.000324 -0.000113 -0.000118
-0.000315 -0.000111 -0.000119
-0.000307 -0.000109 -0.000121
-0.000298 -0.000108 -0.000123
-0.000289 -0.000106 -0.000126
-0.000281 -0.000105 -0.000129
-0.000272 -0.000104 -0.000132
-0.000264 -0.000104 -0.000135
-0.000256 -0.000103 -0.000139
-0.000248 -0.000102 -0.000143
-0.000240 -0.000102 -0.000147
-0.000232 -0.000102 -0.000152
-0.000224 -0.000101 -0.000156
-0.000216 -0.000101 -0.000161
-0.000208 -0.000101 -0.000165
-0.000201 -0.000101 -0.000170
-0.000193 -0.000101 -0.000175
-0.000185 -0.000101 -0.000179
-0.000177 -0.000101 -0.000184
-0.000169 -0.000101 -0.000188
-0.000161 -0.000101 -0.000192
-0.000153 -0.000100 -0.000195
-0.000144 -0.000100 -0.000199
-0.000136 -0.000099 -0.000202
-0.000127 -0.000098 -0.000204
-0.000118 -0.000097 -0.000207
-0.000110 -0.000096 -0.000208
-0.000101 -0.000094 -0.000210
-0.000092 -0.000092 -0.000210
-0.000083 -0.000090 -0.000211
-0.000075 -0.000088 -0.000210
-0.000066 -0.000085 -0.000209
-0.000058 -0.000082 -0.000208
-0.000049 -0.000078 -0.000206
-0.000042 -0.000075 -0.000203
-0.000034 -0.000071 -0.000200
-0.000027 -0.000066 -0.000197
-0.000020 -0.000062 -0.000193
-0.000014 -0.000057 -0.000188
-0.000008 -0.000052 -0.000183
-0.000002 -0.000048 -0.000178
0.000003 -0.000043 -0.000173
0.000008 -0.000038 -0.000167
0.000012 -0.000033 -0.000160
0.000015 -0.000028 -0.000153
0.000018 -0.000023 -0.000146
0.000021 -0.000019 -0.000139
0.000023 -0.000014 -0.000131
0.000025 -0.000010 -0.000123
0.000026 -0.000006 -0.000115
0.000027 -0.000003 -0.000107
0.000027 0.000001 -0.000099
0.000027 0.000004 -0.000090
0.000027 0.000007 -0.000082
0.000027 0.000009 -0.000073
0.000026 0.000012 -0.000064
0.000026 0.000015 -0.000056
0.000025 0.000017 -0.000047
0.000024 0.000019 -0.000038
0.000024 0.000022 -0.000030
0.000023 0.000024 -0.000021
0.000022 0.000027 -0.000012
0.000022 0.000030 -0.000004
0.000022 0.000033 0.000005
0.000021 0.000037 0.000013
0.000021 0.000040 0.000021
0.000022 0.000045 0.000030
0.000022 0.000049 0.000037
0.000023 0.000054 0.000045
0.000025 0.000060 0.000052
0.000027 0.000065 0.000058
0.000030 0.000072 0.000064
0.000033 0.000078 0.000070
0.000037 0.000085 0.000075
0.000041 0.000091 0.000079
0.000046 0.000098 0.000082
0.000052 0.000105 0.000085
0.000058 0.000111 0.000087
0.000065 0.000117 0.000088
0.000071 0.000123 0.000089
0.000079 0.000129 0.000089
0.000086 0.000134 0.000088
0.000094 0.000139 0.000088
0.000101 0.000143 0.000086
0.000109 0.000148 0.000085
0.000117 0.000151 0.000083
0.000125 0.000155 0.000081
0.000133 0.000158 0.000079
0.000141 0.000161 0.000076
0.000150 0.000164 0.000073
0.000158 0.000167 0.000070
0.000166 0.000169 0.000067
0.000174 0.000171 0.000064
0.000182 0.000173 0.000060
0.000190 0.000175 0.000056
0.000198 0.000176 0.000053
0.000206 0.000178 0.000049
0.000214 0.000179 0.000045
0.000222 0.000180 0.000041
0.000230 0.000181 0.000037
0.000238 0.000182 0.000033
0.000247 0.000182 0.000029
0.000255 0.000183 0.000025
0.000263 0.000183 0.000022
0.000272 0.000184 0.000018
0.000280 0.000184 0.000015
0.000289 0.000184 0.000013
0.000298 0.000185 0.000010
0.000306 0.000185 0.000008
0.000315 0.000186 0.000007
0.000324 0.000186 0.000006
0.000333 0.000187 0.000005
0.000342 0.000188 0.000005
0.000351 0.000189 0.000005
0.000360 0.000190 0.000006
0.000369 0.000192 0.000008
0.000378 0.000193 0.000010
0.000386 0.000195 0.000012
0.000395 0.000197 0.000014
0.000403 0.000199 0.000017
0.000412 0.000201 0.000020
0.000420 0.000203 0.000023
0.000428 0.000205 0.000027
VECTORS Rotation float
0.639622 0.257491 -1.671412
0.640545 0.255422 -1.674389
0.643256 0.249305 -1.683274
0.647556 0.239495 -1.697794
0.653140 0.226574 -1.717462
0.659673 0.211113 -1.741839
0.666780 0.193725 -1.770373
0.674083 0.175011 -1.802398
0.681166 0.155872 -1.836541
0.687801 0.136589 -1.872312
0.693756 0.117717 -1.908543
0.698906 0.099685 -1.944150
0.703229 0.082687 -1.978374
0.706759 0.066875 -2.010449
0.709572 0.052531 -2.039286
0.711796 0.039660 -2.064345
0.713569 0.028404 -2.084858
0.715037 0.018895 -2.100204
0.716336 0.011312 -2.109875
0.717585 0.005906 -2.113486
0.718862 0.002930 -2.110856
0.720217 0.002690 -2.101993
0.721644 0.005433 -2.087082
0.723085 0.011342 -2.066413
0.724443 0.020484 -2.040429
0.725569 0.032858 -2.009469
0.726288 0.048320 -1.973995
0.726408 0.066633 -1.934449
0.725675 0.087646 -1.890943
0.723844 0.111091 -1.843769
0.720656 0.136726 -1.793195
0.715774 0.164532 -1.739151
0.708916 0.194350 -1.681949
0.699719 0.226212 -1.621583
0.688200 0.259467 -1.559338
0.673804 0.294487 -1.494391
0.656836 0.330136 -1.428474
0.636773 0.366527 -1.360674
0.613930 0.402442 -1.292167
0.587955 0.437483 -1.222247
0.559048 0.470497 -1.151358
0.527264 0.500563 -1.079413
0.492693 0.526799 -1.006262
0.455064 0.548634 -0.930953
0.415009 0.565120 -0.854155
0.372567 0.575840 -0.775272
0.328555 0.580341 -0.695038
0.283808 0.578471 -0.614111
0.239092 0.570279 -0.532976
0.195813 0.556158 -0.453350
0.154981 0.536727 -0.376382
0.117527 0.512858 -0.303332
0.084197 0.485670 -0.235474
0.055388 0.456384 -0.173779
0.031182 0.426252 -0.118946
0.011361 0.396420 -0.071294
-0.004447 0.367990 -0.030976
-0.016764 0.341879 0.002191
-0.026154 0.318865 0.028608
-0.033159 0.299609 0.048847
-0.038257 0.284697 0.063569
-0.041828 0.274647 0.073454
-0.044151 0.269847 0.079179
-0.045373 0.270729 0.081165
-0.045519 0.277645 0.079699
-0.044523 0.290700 0.074828
-0.042109 0.310435 0.066165
-0.037894 0.336949 0.053169
-0.031369 0.369789 0.035255
-0.021698 0.408922 0.011287
-0.007569 0.454696 -0.020584
0.012128 0.505034 -0.061069
0.039598 0.559760 -0.112879
0.077112 0.616977 -0.178135
0.127178 0.674193 -0.259057
0.191389 0.727660 -0.356391
0.272757 0.775072 -0.473503
0.370038 0.811913 -0.608021
0.479681 0.834841 -0.755669
0.594997 0.841824 -0.909014
0.707653 0.832751 -1.058984
0.811464 0.809131 -1.199189
0.899485 0.774706 -1.321148
0.972640 0.732268 -1.426262
1.031047 0.685551 -1.513982
1.076516 0.637865 -1.585679
1.112664 0.590023 -1.645779
1.141325 0.543915 -1.696022
1.164461 0.500347 -1.738704
1.183595 0.459719 -1.775735
1.199847 0.422151 -1.808609
1.214010 0.387563 -1.838443
1.226534 0.356133 -1.865684
1.237949 0.326763 -1.891508
1.248321 0.299788 -1.915553
1.257845 0.274476 -1.938204
1.266552 0.250757 -1.959099
1.274501 0.228008 -1.978277
1.281696 0.206265 -1.995175
1.288152 0.184820 -2.009813
1.293915 0.164165 -2.021365
1.299028 0.144097 -2.029512
1.303576 0.124813 -2.033764
1.307637 0.106398 -2.033709
1.311303 0.089082 -2.028924
1.314744 0.073415 -2.019127
1.318074 0.059815 -2.004112
1.321388 0.048733 -1.983801
1.324733 0.040600 -1.958238
1.328092 0.035783 -1.927561
1.331416 0.034577 -1.892210
1.334538 0.037111 -1.852399
1.337301 0.043341 -1.808854
1.339470 0.053058 -1.762036
1.340796 0.065882 -1.712430
1.341070 0.081223 -1.660675
1.340105 0.098385 -1.607306
1.337797 0.116554 -1.552999
1.334129 0.134903 -1.498475
1.329198 0.152641 -1.444609
1.323256 0.169048 -1.392563
1.316633 0.183628 -1.343462
1.309820 0.195987 -1.298824
1.303291 0.206005 -1.259889
1.297596 0.213624 -1.228132
1.293153 0.218961 -1.204521
1.290355 0.222086 -1.190076
1.289394 0.223120 -1.185188
VECTORS ControlForce float
0.000000 0.000000 0.000000
-0.000258 0.000134 0.000059
-0.000480 0.000247 0.000121
-0.000671 0.000303 0.000172
-0.000838 0.000277 0.000201
-0.000951 0.000192 0.000213
-0.001033 0.000052 0.000216
-0.001079 -0.000108 0.000211
-0.001068 -0.000245 0.000196
-0.001005 -0.000342 0.000179
-0.000918 -0.000410 0.000159
-0.000816 -0.000445 0.000139
-0.000718 -0.000454 0.000127
-0.000634 -0.000438 0.000126
-0.000587 -0.000409 0.000125
-0.000556 -0.000351 0.000129
-0.000516 -0.000252 0.000138
-0.000459 -0.000121 0.000148
-0.000376 0.000024 0.000153
-0.000260 0.000162 0.000154
-0.000107 0.000276 0.000155
0.000047 0.000334 0.000148
0.000178 0.000331 0.000131
0.000272 0.000282 0.000114
0.000322 0.000207 0.000100
0.000333 0.000136 0.000095
0.000292 0.000070 0.000088
0.000215 0.000029 0.000079
0.000142 0.000040 0.000074
0.000090 0.000099 0.000068
0.000087 0.000200 0.000061
0.000116 0.000294 0.000051
0.000181 0.000356 0.000040
0.000251 0.000346 0.000025
0.000317 0.000254 0.000001
0.000384 0.000109 -0.000028
0.000425 -0.000079 -0.000067
0.000391 -0.000305 -0.000101
0.000296 -0.000518 -0.000125
0.000160 -0.000677 -0.000130
-0.000004 -0.000770 -0.000115
-0.000183 -0.000795 -0.000078
-0.000345 -0.000750 -0.000014
-0.000448 -0.000629 0.000073
-0.000473 -0.000450 0.000170
-0.000426 -0.000251 0.000270
-0.000303 -0.000041 0.000351
-0.000118 0.000165 0.000395
0.000094 0.000346 0.000399
0.000295 0.000483 0.000363
0.000450 0.000565 0.000298
0.000539 0.000599 0.000212
0.000556 0.000601 0.000111
0.000490 0.000565 0.000024
0.000353 0.000511 -0.000044
0.000164 0.000467 -0.000101
-0.000054 0.000428 -0.000131
-0.000268 0.000404 -0.000143
-0.000443 0.000401 -0.000156
-0.000549 0.000407 -0.000169
-0.000566 0.000401 -0.000171
-0.000492 0.000378 -0.000159
-0.000340 0.000343 -0.000132
-0.000133 0.000308 -0.000112
0.000094 0.000270 -0.000090
0.000317 0.000218 -0.000063
0.000506 0.000147 -0.000016
0.000641 0.000052 0.000039
0.000717 -0.000073 0.000082
0.000734 -0.000216 0.000111
0.000699 -0.000375 0.000146
0.000613 -0.000527 0.000165
0.000477 -0.000648 0.000171
0.000281 -0.000754 0.000178
0.000025 -0.000848 0.000174
-0.000270 -0.000913 0.000134
-0.000554 -0.000904 0.000050
-0.000798 -0.000833 -0.000069
-0.000966 -0.000689 -0.000217
-0.001033 -0.000480 -0.000373
-0.000996 -0.000229 -0.000509
-0.000856 0.000070 -0.000609
-0.000642 0.000384 -0.000666
-0.000409 0.000641 -0.000669
-0.000197 0.000808 -0.000633
-0.000007 0.000903 -0.000577
0.000144 0.000919 -0.000493
0.000243 0.000848 -0.000390
0.000297 0.000710 -0.000281
0.000326 0.000537 -0.000175
0.000339 0.000347 -0.000076
0.000335 0.000147 0.000006
0.000336 -0.000013 0.000075
0.000322 -0.000152 0.000140
0.000286 -0.000271 0.000190
0.000231 -0.000363 0.000224
0.000158 -0.000432 0.000239
0.000083 -0.000462 0.000251
0.000007 -0.000462 0.000264
-0.000082 -0.000467 0.000281
-0.000176 -0.000457 0.000289
-0.000267 -0.000411 0.000287
-0.000357 -0.000358 0.000274
-0.000425 -0.000274 0.000268
-0.000462 -0.000159 0.000279
-0.000466 -0.000031 0.000293
-0.000439 0.000081 0.000298
-0.000369 0.000193 0.000298
-0.000265 0.000281 0.000293
-0.000135 0.000329 0.000282
0.000014 0.000349 0.000269
0.000175 0.000367 0.000260
0.000329 0.000340 0.000245
0.000464 0.000272 0.000227
0.000583 0.000221 0.000214
0.000678 0.000215 0.000204
0.000736 0.000245 0.000192
0.000757 0.000342 0.000175
0.000738 0.000491 0.000149
0.000681 0.000660 0.000114
0.000595 0.000819 0.000071
0.000495 0.000939 0.000025
0.000386 0.000967 -0.000015
0.000280 0.000891 -0.000040
0.000187 0.000726 -0.000046
0.000114 0.000511 -0.000039
0.000053 0.000258 -0.000023
-0.000000 -0.000000 -0.000000
VECTORS ControlTorque float
0.000001 -0.000002 0.000002
0.000001 -0.000002 0.000002
0.000001 -0.000002 0.000001
0.000001 -0.000002 0.000001
0.000001 -0.000002 0.000001
0.000001 -0.000002 0.000001
0.000000 -0.000002 0.000001
0.000000 -0.000001 -0.000000
0.000000 -0.000001 0.000000
-0.000000 -0.000000 -0.000000
-0.000000 0.000000 -0.000000
-0.000000 0.000000 -0.000000
-0.000000 0.000001 -0.000000
-0.000000 0.000002 -0.000001
-0.000000 0.000001 -0.000000
-0.000000 0.000002 -0.000001
-0.000000 0.000002 -0.000001
-0.000000 0.000002 -0.000001
-0.000000 0.000003 -0.000001
-0.000000 0.000003 -0.000001
-0.000001 0.000003 -0.000001
-0.000001 0.000002 -0.000001
-0.000001 0.000002 -0.000001
-0.000001 0.000002 -0.000001
-0.000001 0.000002 -0.000001
-0.000001 0.000002 -0.000001
-0.000000 0.000002 -0.000001
-0.000000 0.000002 -0.000001
-0.000000 0.000001 -0.000001
-0.000000 0.000001 -0.000001
-0.000000 0.000001 -0.000001
-0.000000 0.000001 -0.000001
-0.000000 0.000002 -0.000001
0.000000 -0.000001 -0.000000
-0.000000 0.000002 -0.000002
0.000000 -0.000001 0.000000
-0.000000 0.000001 -0.000001
0.000000 -0.000001 0.000000
-0.000000 0.000000 -0.000001
0.000000 -0.000001 0.000000
-0.000000 -0.000000 0.000000
-0.000000 -0.000001 0.000001
-0.000001 0.000001 0.000000
-0.000001 -0.000001 0.000001
-0.000001 0.000001 0.000001
-0.000001 -0.000000 0.000001
-0.000001 -0.000000 0.000001
-0.000001 0.000000 0.000000
-0.000001 -0.000000 0.000001
-0.000001 -0.000000 0.000001
-0.000001 -0.000001 0.000001
-0.000000 -0.000001 0.000001
0.000000 -0.000001 0.000001
0.000000 -0.000002 0.000001
0.000001 -0.000002 0.000001
0.000001 -0.000002 0.000001
0.000001 -0.000002 0.000001
0.000001 -0.000002 0.000001
0.000002 -0.000002 0.000001
0.000002 -0.000002 0.000001
0.000002 -0.000002 0.000001
0.000002 -0.000002 0.000001
0.000002 -0.000001 0.000001
0.000003 -0.000001 0.000001
0.000002 -0.000001 0.000001
0.000003 -0.000001 0.000001
0.000003 -0.000002 0.000001
0.000002 -0.000002 0.000001
0.000002 -0.000002 0.000001
0.000004 -0.000003 0.000001
0.000001 -0.000002 0.000001
0.000003 -0.000003 0.000002
0.000002 -0.000003 0.000002
0.000002 -0.000003 0.000002
-0.000001 -0.000001 0.000001
0.000002 -0.000003 0.000002
-0.000001 -0.000001 0.000002
-0.000001 -0.000001 0.000002
-0.000001 -0.000000 0.000001
-0.000002 0.000001 0.000001
-0.000001 -0.000000 0.000002
-0.000003 0.000003 -0.000001
-0.000001 0.000001 0.000001
-0.000002 0.000002 -0.000001
-0.000002 0.000003 -0.000002
-0.000001 0.000001 -0.000000
-0.000001 0.000002 -0.000002
-0.000001 0.000001 -0.000001
-0.000001 0.000001 -0.000001
-0.000001 0.000001 -0.000001
-0.000000 0.000001 -0.000001
-0.000001 0.000001 -0.000002
0.000000 -0.000000 -0.000000
-0.000001 0.000001 -0.000001
-0.000000 0.000000 -0.000000
-0.000001 0.000001 -0.000001
-0.000000 0.000000 -0.000000
-0.000001 0.000001 -0.000001
0.000000 0.000000 0.000000
-0.000001 0.000001 -0.000001
-0.000000 0.000001 -0.000000
-0.000000 0.000002 -0.000000
-0.000000 0.000002 -0.000000
-0.000000 0.000002 -0.000000
-0.000000 0.000002 -0.000001
-0.000000 0.000002 -0.000001
-0.000001 0.000002 -0.000001
-0.000001 0.000002 -0.000001
-0.000001 0.000002 -0.000001
-0.000001 0.000002 -0.000001
-0.000001 0.000002 -0.000001
-0.000000 0.000001 -0.000001
-0.000000 0.000001 -0.000001
-0.000000 0.000001 -0.000001
-0.000000 0.000001 -0.000001
-0.000000 0.000001 -0.000001
-0.000000 0.000000 -0.000000
-0.000000 0.000000 -0.000000
-0.000000 -0.000000 0.000000
-0.000000 -0.000001 0.000000
-0.000000 -0.000001 0.000001
0.000000 -0.000002 0.000001
0.000000 -0.000002 0.000001
0.000000 -0.000003 0.000001
0.000000 -0.000003 0.000001
0.000000 -0.000004 0.000001
0.000000 -0.000004 0.000001
0.000000 -0.000004 0.000001
VECTORS Curvature float
-3.097955 224.841628 -10.944893
-13.503919 721.944610 -33.553342
-44.578743 1565.989298 -71.531365
-100.998752 2231.164682 -100.783620
-190.939384 2840.107228 -125.764861
-312.996285 3370.758990 -143.983085
-465.441791 3854.539449 -155.225562
-614.865430 4140.071783 -160.441881
-754.657978 4301.641696 -159.264073
-881.626304 4417.837261 -154.388652
-957.922025 4344.021603 -146.691877
-991.216569 4180.712999 -137.892241
-988.092899 3979.499635 -129.673550
-921.864602 3650.017461 -123.499734
-801.852164 3237.703039 -119.612786
-641.374703 2789.521992 -118.850160
-433.304884 2255.321213 -120.773548
-195.485279 1671.177987 -125.031402
59.005278 1030.089991 -131.066011
316.013352 349.446379 -138.456492
557.525670 -359.046058 -147.155973
766.585264 -1077.187083 -157.465065
944.944158 -1793.473024 -169.962534
1085.779836 -2484.472786 -185.302359
1197.307417 -3147.568468 -203.764675
1289.316342 -3781.848229 -225.373711
1354.610519 -4339.922776 -249.585927
1415.129740 -4867.300092 -275.043242
1476.409933 -5376.631077 -300.632183
1518.062041 -5803.155337 -324.728791
1556.553975 -6237.266893 -345.305670
1573.312357 -6644.656797 -362.099016
1572.378464 -7097.929807 -372.443825
1498.430029 -7355.233278 -378.821574
1401.161857 -7659.562986 -375.100883
1265.897737 -7857.289181 -368.670784
1105.255141 -7950.900589 -350.696957
961.229376 -8047.141403 -329.419060
834.060605 -7997.537280 -298.218588
768.332921 -7988.317137 -262.990735
760.638763 -7818.374803 -221.596035
829.809878 -7606.942382 -176.914308
999.239596 -7503.692037 -129.825393
1238.546088 -7381.100798 -84.502678
1543.396105 -7243.156831 -40.707454
1903.099114 -7199.861350 -2.136240
2259.628990 -7078.456547 30.772523
2639.541875 -7050.297263 56.409546
2983.588205 -6993.096419 74.957427
3256.214700 -6843.942313 86.381180
3480.056024 -6679.622686 91.914954
3617.397260 -6419.739626 93.117991
3662.053773 -6056.126629 91.605943
3615.167508 -5593.303015 89.239900
3489.039186 -5052.950989 87.321751
3285.911568 -4447.874074 87.026421
3007.984316 -3795.413912 88.370795
2671.750521 -3137.504445 91.042424
2279.774471 -2497.004921 94.013046
1834.840248 -1895.840023 95.958370
1333.799052 -1342.129094 95.443777
791.799832 -854.316224 91.243336
208.174091 -414.914935 82.496743
-432.002314 -3.028787 68.936910
-1077.158579 381.638995 50.575746
-1757.236721 781.869375 28.146533
-2526.737676 1245.810042 2.591361
-3236.493137 1731.407009 -24.496933
-3854.648333 2228.862742 -52.164452
-4653.495419 2921.705019 -80.391451
-5304.091107 3610.607758 -103.861444
-5829.744427 4329.968630 -127.055407
-6445.771376 5215.097938 -143.853213
-6914.078902 6115.117275 -156.197441
-7064.395378 6810.528554 -158.791644
-7180.488863 7586.215140 -161.404845
-7275.669907 8384.445717 -151.549773
-7016.940812 8846.390178 -141.599674
-6671.080730 9207.390474 -130.997767
-6154.953131 9313.854291 -125.146269
-5681.614504 9494.085085 -122.525930
-5032.845554 9267.598353 -128.774446
-4316.421138 8879.105877 -132.357343
-3778.531809 8658.247409 -142.186667
-3099.891623 7929.654408 -153.974411
-2588.073583 7374.048604 -164.219527
-2227.449211 6935.980682 -181.057875
-1900.435861 6325.565092 -197.905590
-1690.000502 5799.335338 -217.065381
-1555.558795 5296.722375 -237.287890
-1496.796083 4877.391967 -257.841211
-1443.395632 4395.936873 -279.141421
-1448.592136 4074.835046 -298.380736
-1457.141467 3808.971213 -318.592854
-1423.965475 3509.330398 -336.154729
-1373.229486 3281.826314 -353.615254
-1281.139985 3082.026993 -368.979692
-1140.891093 2897.765251 -383.961308
-962.513036 2775.773912 -396.948076
-733.831970 2657.375929 -409.857378
-422.396297 2450.506724 -421.324971
-77.469913 2276.717730 -432.608982
318.810081 2059.976247 -443.356721
765.997886 1847.789366 -453.876727
1244.557401 1570.160919 -464.032460
1730.602642 1224.929546 -473.816208
2226.867897 840.185086 -482.979666
2711.329153 409.783013 -491.092081
3191.940846 -58.337565 -497.584492
3619.784508 -549.502617 -501.727510
4021.183931 -1056.693205 -502.788763
4375.255152 -1554.173033 -499.949262
4644.715670 -2014.168993 -492.404013
4897.054489 -2441.212058 -479.455836
5091.445544 -2801.815273 -460.754970
5232.178044 -3081.103648 -435.992417
5324.609670 -3270.877372 -405.482417
5350.883925 -3357.113495 -369.737715
5315.830752 -3347.512373 -329.809486
5176.292977 -3228.312659 -287.155782
4939.860891 -3022.207815 -243.186025
4572.175717 -2729.414868 -199.866028
4076.175442 -2369.411937 -158.400678
3450.009235 -1955.840443 -120.254542
2697.401357 -1496.564925 -85.527377
1878.229045 -1025.229190 -55.249353
865.845733 -468.163284 -24.612765
279.770338 -150.282715 -7.369084
VECTORS LocalRotation float
0.086210 0.216406 0.080060
0.086135 0.220703 0.079858
0.085873 0.231020 0.079385
0.085217 0.248141 0.078608
0.083892 0.271148 0.077580
0.081603 0.299360 0.076354
0.078077 0.332090 0.074999
0.073213 0.368085 0.073578
0.066991 0.406438 0.072125
0.059593 0.445862 0.070707
0.051273 0.485486 0.069346
0.042428 0.524172 0.068054
0.033456 0.561160 0.066841
0.024836 0.595596 0.065699
0.017018 0.626834 0.064596
0.010488 0.654106 0.063517
0.005623 0.676943 0.062432
0.002776 0.694722 0.061319
0.002158 0.706951 0.060160
0.003859 0.713207 0.058938
0.007806 0.713164 0.057647
0.013802 0.706660 0.056268
0.021561 0.693646 0.054783
0.030757 0.674274 0.053174
0.041103 0.648752 0.051411
0.052344 0.617427 0.049471
0.064292 0.580724 0.047325
0.076838 0.539019 0.044949
0.089917 0.492685 0.042345
0.103474 0.442069 0.039514
0.117439 0.387381 0.036470
0.131629 0.328976 0.033263
0.145886 0.266693 0.029934
0.159724 0.201564 0.026549
0.172911 0.133279 0.023120
0.184918 0.063424 0.019771
0.195707 -0.008512 0.016498
0.205036 -0.080729 0.013428
0.213189 -0.153593 0.010578
0.220424 -0.225774 0.008043
0.227337 -0.297243 0.005852
0.234544 -0.367134 0.004047
0.242855 -0.435800 0.002653
0.252957 -0.502994 0.001685
0.265572 -0.569307 0.001118
0.281143 -0.634560 0.000924
0.299985 -0.699189 0.001054
0.322209 -0.763280 0.001449
0.347624 -0.826754 0.002043
0.375900 -0.889456 0.002774
0.406427 -0.950742 0.003582
0.438558 -1.010044 0.004420
0.471510 -1.066519 0.005256
0.504454 -1.119257 0.006075
0.536628 -1.167472 0.006874
0.567288 -1.210467 0.007663
0.595784 -1.247789 0.008457
0.621504 -1.279185 0.009270
0.643927 -1.304700 0.010108
0.662556 -1.324589 0.010968
0.676906 -1.339253 0.011835
0.686547 -1.349216 0.012682
0.691063 -1.354947 0.013466
0.690046 -1.356845 0.014154
0.683252 -1.355141 0.014692
0.670304 -1.349826 0.015052
0.650942 -1.340661 0.015190
0.625048 -1.327285 0.015092
0.592842 -1.309298 0.014744
0.554018 -1.285795 0.014139
0.509239 -1.256420 0.013310
0.458478 -1.220218 0.012258
0.402909 -1.177008 0.011031
0.342679 -1.125928 0.009679
0.279764 -1.067753 0.008261
0.214846 -1.002142 0.006802
0.149690 -0.930160 0.005391
0.085136 -0.852336 0.004067
0.023164 -0.770598 0.002833
-0.035029 -0.686565 0.001671
-0.088828 -0.601079 0.000545
-0.137014 -0.516704 -0.000585
-0.179645 -0.433957 -0.001776
-0.216151 -0.354869 -0.003014
-0.247195 -0.280005 -0.004351
-0.273192 -0.210057 -0.005805
-0.294947 -0.145409 -0.007365
-0.313607 -0.085462 -0.009078
-0.329846 -0.030622 -0.010955
-0.344526 0.019568 -0.013010
-0.358328 0.065571 -0.015249
-0.371609 0.107460 -0.017674
-0.384809 0.146123 -0.020310
-0.397873 0.181568 -0.023084
-0.410938 0.214754 -0.026053
-0.423565 0.245411 -0.029167
-0.435636 0.274351 -0.032453
-0.446593 0.301403 -0.035859
-0.456180 0.327262 -0.039419
-0.463783 0.351612 -0.043034
-0.469018 0.374741 -0.046798
-0.471282 0.396151 -0.050666
-0.470184 0.415882 -0.054651
-0.465259 0.433624 -0.058725
-0.456192 0.449038 -0.062864
-0.442739 0.461676 -0.067105
-0.424820 0.471027 -0.071437
-0.402437 0.476693 -0.075852
-0.375677 0.478286 -0.080334
-0.344859 0.475536 -0.084855
-0.310213 0.468253 -0.089410
-0.272270 0.456455 -0.093941
-0.231405 0.440288 -0.098437
-0.188160 0.420096 -0.102842
-0.142946 0.396362 -0.107098
-0.096197 0.369723 -0.111158
-0.048413 0.340971 -0.114967
-0.000077 0.310962 -0.118477
0.048218 0.280605 -0.121645
0.095702 0.250845 -0.124437
0.141538 0.222524 -0.126840
0.184583 0.196497 -0.128845
0.223785 0.173384 -0.130469
0.257830 0.153818 -0.131729
0.285690 0.138172 -0.132662
0.306361 0.126779 -0.133298
0.318813 0.120003 -0.133660
0.323989 0.117209 -0.133805
VECTORS q1 float
0.070643 -0.577214 -0.813532
0.067276 -0.578244 -0.813086
0.057245 -0.581260 -0.811701
0.040927 -0.586021 -0.809262
0.018983 -0.592152 -0.805603
-0.007949 -0.599252 -0.800521
-0.039092 -0.606890 -0.793824
-0.073552 -0.614647 -0.785366
-0.109695 -0.622065 -0.775243
-0.146908 -0.628927 -0.763459
-0.183912 -0.635004 -0.750297
-0.219607 -0.640187 -0.736162
-0.253311 -0.644474 -0.721447
-0.284408 -0.647921 -0.706619
-0.312033 -0.650611 -0.692345
-0.335914 -0.652681 -0.679094
-0.355567 -0.654272 -0.667458
-0.370635 -0.655528 -0.657961
-0.380800 -0.656584 -0.651068
-0.385759 -0.657556 -0.647156
-0.385299 -0.658526 -0.646443
-0.379237 -0.659545 -0.648983
-0.367474 -0.660610 -0.654643
-0.349968 -0.661659 -0.663122
-0.326802 -0.662580 -0.673935
-0.298020 -0.663203 -0.686546
-0.263844 -0.663324 -0.700277
-0.224569 -0.662714 -0.714408
-0.180277 -0.661094 -0.728324
-0.131296 -0.658187 -0.741317
-0.078004 -0.653720 -0.752706
-0.020479 -0.647340 -0.761927
0.040754 -0.638755 -0.768330
0.105419 -0.627595 -0.771369
0.171797 -0.613887 -0.770473
0.240225 -0.597103 -0.765350
0.308271 -0.577640 -0.755844
0.376106 -0.555109 -0.741888
0.441744 -0.530059 -0.723809
0.505041 -0.502423 -0.701787
0.564843 -0.472750 -0.676357
0.620673 -0.441438 -0.647995
0.672299 -0.408871 -0.617121
0.720185 -0.375015 -0.583693
0.763904 -0.340511 -0.548182
0.803965 -0.305306 -0.510322
0.840253 -0.269846 -0.470274
0.872810 -0.234455 -0.428058
0.901759 -0.199344 -0.383527
0.926792 -0.165241 -0.337270
0.947865 -0.132656 -0.289749
0.964949 -0.102171 -0.241734
0.978118 -0.074372 -0.194304
0.987646 -0.049693 -0.148611
0.993981 -0.028388 -0.105809
0.997708 -0.010480 -0.066854
0.999461 0.004150 -0.032570
0.999869 0.015793 -0.003430
0.999483 0.024832 0.020400
0.998736 0.031676 0.039028
0.997932 0.036708 0.052759
0.997263 0.040248 0.062013
0.996826 0.042540 0.067290
0.996666 0.043705 0.068903
0.996786 0.043761 0.067099
0.997167 0.042641 0.061963
0.997778 0.040085 0.053227
0.998536 0.035755 0.040599
0.999286 0.029244 0.023902
0.999798 0.019908 0.002658
0.999691 0.006800 -0.023905
0.998421 -0.010614 -0.055170
0.995225 -0.033546 -0.091665
0.989149 -0.062832 -0.132803
0.979109 -0.099085 -0.177563
0.964193 -0.142046 -0.223953
0.943037 -0.192442 -0.271381
0.915128 -0.248856 -0.317193
0.880247 -0.309800 -0.359428
0.838724 -0.373355 -0.396419
0.791438 -0.437383 -0.426992
0.739042 -0.500547 -0.450855
0.684415 -0.559558 -0.467409
0.627826 -0.614542 -0.477674
0.571402 -0.664027 -0.482253
0.517091 -0.707214 -0.482147
0.464472 -0.745243 -0.478413
0.414804 -0.777981 -0.471894
0.368418 -0.805973 -0.463332
0.325407 -0.829833 -0.453308
0.285711 -0.850165 -0.442254
0.249157 -0.867528 -0.430485
0.215940 -0.882259 -0.418318
0.184893 -0.895106 -0.405708
0.156507 -0.906152 -0.392930
0.130082 -0.915815 -0.379950
0.105693 -0.924235 -0.366905
0.082776 -0.931671 -0.353747
0.061506 -0.938183 -0.340631
0.041198 -0.943967 -0.327460
0.022474 -0.948980 -0.314534
0.005166 -0.953314 -0.301937
-0.010496 -0.957006 -0.289879
-0.024414 -0.960113 -0.278545
-0.036363 -0.962688 -0.268160
-0.045835 -0.964791 -0.258992
-0.052456 -0.966504 -0.251234
-0.055831 -0.967908 -0.245024
-0.055584 -0.969080 -0.240406
-0.051393 -0.970070 -0.237324
-0.043038 -0.970904 -0.235568
-0.030395 -0.971551 -0.234872
-0.013600 -0.971950 -0.234794
0.007101 -0.971993 -0.234901
0.031277 -0.971554 -0.234743
0.058245 -0.970519 -0.233883
0.087214 -0.968801 -0.231988
0.117240 -0.966377 -0.228846
0.147345 -0.963292 -0.224404
0.176570 -0.959668 -0.218772
0.203972 -0.955698 -0.212220
0.228853 -0.951602 -0.205134
0.250539 -0.947643 -0.197999
0.268681 -0.944041 -0.191302
0.282930 -0.941024 -0.185537
0.293203 -0.938742 -0.181095
0.299353 -0.937333 -0.178311
0.301412 -0.936854 -0.177359
VECTORS q2 float
-0.263238 0.775871 -0.573350
-0.263284 0.775758 -0.573482
-0.263495 0.775410 -0.573855
-0.264072 0.774797 -0.574418
-0.265297 0.773881 -0.575087
-0.267482 0.772649 -0.575732
-0.270891 0.771118 -0.576190
-0.275676 0.769345 -0.576291
-0.281741 0.767421 -0.575923
-0.288987 0.765448 -0.574957
-0.297079 0.763529 -0.573383
-0.305605 0.761746 -0.571269
-0.314174 0.760152 -0.568738
-0.322375 0.758771 -0.565987
-0.329724 0.757594 -0.563324
-0.335893 0.756594 -0.561018
-0.340543 0.755726 -0.559383
-0.343429 0.754934 -0.558687
-0.344397 0.754168 -0.559125
-0.343405 0.753383 -0.560792
-0.340498 0.752553 -0.563672
-0.335847 0.751660 -0.567639
-0.329664 0.750710 -0.572500
-0.322169 0.749720 -0.578038
-0.313597 0.748711 -0.584028
-0.304090 0.747718 -0.590294
-0.293784 0.746772 -0.596677
-0.282766 0.745906 -0.603048
-0.271004 0.745180 -0.609314
-0.258534 0.744647 -0.615354
-0.245440 0.744361 -0.621037
-0.231801 0.744395 -0.626214
-0.217905 0.744778 -0.630732
-0.204057 0.745533 -0.634462
-0.190878 0.746536 -0.637377
-0.178527 0.747813 -0.639456
-0.167514 0.749163 -0.640854
-0.157781 0.750614 -0.641626
-0.149353 0.752087 -0.641919
-0.141885 0.753713 -0.641705
-0.135006 0.755645 -0.640916
-0.128250 0.758162 -0.639330
-0.121173 0.761609 -0.636608
-0.113361 0.766406 -0.632274
-0.104669 0.772835 -0.625916
-0.094997 0.781195 -0.617017
-0.084538 0.791543 -0.605238
-0.073597 0.803805 -0.590323
-0.062529 0.817806 -0.572087
-0.051893 0.833060 -0.550744
-0.042133 0.849087 -0.526570
-0.033650 0.865335 -0.500063
-0.026744 0.881230 -0.471931
-0.021558 0.896276 -0.442973
-0.018083 0.910079 -0.414039
-0.016171 0.922390 -0.385922
-0.015587 0.933043 -0.359427
-0.016029 0.941994 -0.335247
-0.017176 0.949267 -0.314001
-0.018710 0.954927 -0.296252
-0.020341 0.959045 -0.282524
-0.021817 0.961679 -0.273308
-0.022933 0.962872 -0.268981
-0.023547 0.962585 -0.269956
-0.023560 0.960707 -0.276562
-0.022977 0.957094 -0.288865
-0.021826 0.951357 -0.307318
-0.020274 0.943090 -0.331918
-0.018611 0.931945 -0.362122
-0.017208 0.917334 -0.397747
-0.016607 0.898369 -0.438927
-0.017422 0.875094 -0.483640
-0.020427 0.846718 -0.531649
-0.026399 0.813208 -0.581375
-0.036023 0.774902 -0.631054
-0.049551 0.733098 -0.678315
-0.067554 0.687962 -0.722596
-0.089606 0.641536 -0.761842
-0.115043 0.595535 -0.795049
-0.142845 0.551634 -0.821764
-0.171751 0.511287 -0.842073
-0.200844 0.475110 -0.856699
-0.228161 0.444507 -0.866231
-0.253528 0.418770 -0.871983
-0.276127 0.397811 -0.874929
-0.295565 0.381117 -0.876009
-0.312568 0.367498 -0.875926
-0.327346 0.356300 -0.875154
-0.340457 0.346795 -0.873969
-0.352474 0.338395 -0.872497
-0.363899 0.330676 -0.870764
-0.375107 0.323361 -0.868753
-0.386171 0.316324 -0.866493
-0.397468 0.309447 -0.863865
-0.408630 0.302780 -0.861014
-0.419627 0.296343 -0.857959
-0.430030 0.290204 -0.854901
-0.439624 0.284422 -0.851959
-0.447876 0.279046 -0.849435
-0.454576 0.274146 -0.847469
-0.459107 0.269681 -0.846459
-0.461107 0.265653 -0.846645
-0.460166 0.261997 -0.848295
-0.455900 0.258661 -0.851616
-0.447936 0.255573 -0.856759
-0.436071 0.252581 -0.863739
-0.420111 0.249593 -0.872474
-0.399957 0.246538 -0.882753
-0.375595 0.243387 -0.894255
-0.347065 0.240175 -0.906566
-0.314677 0.236959 -0.919146
-0.278518 0.233906 -0.931513
-0.239159 0.231162 -0.943063
-0.196950 0.228946 -0.953307
-0.152302 0.227483 -0.961798
-0.105800 0.226960 -0.968140
-0.057979 0.227544 -0.972040
-0.009531 0.229330 -0.973302
0.038793 0.232334 -0.971862
0.086108 0.236473 -0.967815
0.131317 0.241527 -0.961468
0.173410 0.247208 -0.953319
0.211136 0.253084 -0.944124
0.243566 0.258737 -0.934736
0.269661 0.263681 -0.926151
0.288837 0.267546 -0.919235
0.300473 0.269982 -0.914782
0.304393 0.270820 -0.913237
VECTORS q3 float
0.962141 0.254655 -0.097135
0.962370 0.252654 -0.100053
0.962961 0.246730 -0.108771
0.963634 0.237213 -0.123042
0.963980 0.224641 -0.142406
0.963530 0.209549 -0.166431
0.961816 0.192516 -0.194546
0.958433 0.174119 -0.226030
0.953199 0.155241 -0.259444
0.945994 0.136164 -0.294202
0.936974 0.117445 -0.329069
0.926487 0.099520 -0.362929
0.914947 0.082593 -0.395032
0.902877 0.066825 -0.424674
0.891021 0.052507 -0.450916
0.879965 0.039649 -0.473382
0.870404 0.028400 -0.491519
0.862952 0.018894 -0.504932
0.858127 0.011311 -0.513313
0.856308 0.005906 -0.516432
0.857675 0.002930 -0.514185
0.862198 0.002690 -0.506564
0.869646 0.005433 -0.493646
0.879619 0.011342 -0.475544
0.891548 0.020482 -0.452463
0.904828 0.032852 -0.424509
0.918737 0.048301 -0.391905
0.932530 0.066584 -0.354901
0.945546 0.087533 -0.313498
0.957038 0.110862 -0.267933
0.966268 0.136301 -0.218512
0.972548 0.163791 -0.165298
0.975119 0.193128 -0.108835
0.973266 0.224288 -0.049471
0.966463 0.256566 0.011075
0.954159 0.290249 0.073045
0.936434 0.324172 0.134182
0.913044 0.358375 0.194725
0.884622 0.391667 0.253064
0.851353 0.423660 0.309370
0.814079 0.453329 0.362997
0.773510 0.479920 0.413956
0.730295 0.502769 0.462485
0.684458 0.521522 0.509442
0.636785 0.535517 0.554731
0.587040 0.544539 0.599050
0.535563 0.548309 0.642284
0.482479 0.546744 0.684313
0.427692 0.539867 0.724999
0.371972 0.527927 0.763499
0.315875 0.511326 0.799230
0.260273 0.490669 0.831566
0.206325 0.466801 0.859958
0.155209 0.440705 0.884132
0.108048 0.413461 0.904088
0.065710 0.386119 0.920106
0.028897 0.359741 0.932605
-0.002064 0.335258 0.942124
-0.027162 0.313489 0.949203
-0.046653 0.295147 0.954312
-0.060969 0.280866 0.957808
-0.070637 0.271207 0.959926
-0.076234 0.266584 0.960792
-0.078123 0.267434 0.960404
-0.076565 0.274092 0.958651
-0.071622 0.286623 0.955363
-0.062957 0.305473 0.950117
-0.050156 0.330609 0.942434
-0.032865 0.361418 0.931824
-0.010357 0.397621 0.917491
0.018491 0.439189 0.898204
0.053412 0.483837 0.873527
0.095449 0.530983 0.841990
0.144526 0.578572 0.802725
0.200122 0.624267 0.755144
0.260531 0.665124 0.699810
0.325758 0.699768 0.635773
0.393080 0.725605 0.564788
0.460358 0.741190 0.488578
0.525488 0.745859 0.409337
0.586624 0.739785 0.329530
0.643023 0.723687 0.250595
0.692473 0.699506 0.176558
0.735906 0.668558 0.107111
0.772822 0.633099 0.043954
0.803280 0.595482 -0.011956
0.828593 0.556380 -0.062247
0.848989 0.517490 -0.106874
0.865076 0.479730 -0.146634
0.877424 0.443696 -0.182379
0.886536 0.409723 -0.214896
0.892869 0.377933 -0.244848
0.896795 0.348653 -0.272396
0.898796 0.320979 -0.298561
0.899181 0.295318 -0.322894
0.898327 0.271043 -0.345751
0.896606 0.248137 -0.366776
0.894360 0.226038 -0.386041
0.891978 0.204805 -0.403027
0.889755 0.183769 -0.417811
0.888097 0.163429 -0.429622
0.887329 0.143599 -0.438208
0.887771 0.124489 -0.443131
0.889696 0.106197 -0.444031
0.893326 0.088964 -0.440516
0.898744 0.073349 -0.432294
0.905956 0.059779 -0.419131
0.914832 0.048714 -0.400886
0.925116 0.040589 -0.377510
0.936432 0.035776 -0.349021
0.948223 0.034570 -0.315720
0.959950 0.037103 -0.277704
0.970885 0.043327 -0.235594
0.980388 0.053033 -0.189809
0.987839 0.065834 -0.140854
0.992680 0.081134 -0.089461
0.994501 0.098226 -0.036325
0.993058 0.116291 0.017676
0.988324 0.134494 0.071602
0.980514 0.152049 0.124389
0.970130 0.168244 0.174764
0.957891 0.182598 0.221592
0.944803 0.194735 0.263489
0.931926 0.204551 0.299454
0.920453 0.212003 0.328361
0.911375 0.217215 0.349589
0.905596 0.220265 0.362463
0.903602 0.221273 0.366800
