# vtk DataFile Version 2.0
VTK example
ASCII
DATASET UNSTRUCTURED_GRID
POINTS  128  float
-0.000234 -0.000114 -0.000149
-0.000227 -0.000114 -0.000155
-0.000220 -0.000113 -0.000160
-0.000213 -0.000113 -0.000166
-0.000206 -0.000113 -0.000172
-0.000199 -0.000112 -0.000177
-0.000192 -0.000112 -0.000182
-0.000184 -0.000112 -0.000187
-0.000176 -0.000111 -0.000192
-0.000169 -0.000111 -0.000197
-0.000161 -0.000110 -0.000201
-0.000152 -0.000109 -0.000205
-0.000144 -0.000109 -0.000208
-0.000136 -0.000107 -0.000211
-0.000127 -0.000106 -0.000214
-0.000118 -0.000105 -0.000216
-0.000110 -0.000103 -0.000217
-0.000101 -0.000101 -0.000218
-0.000092 -0.000098 -0.000218
-0.000083 -0.000096 -0.000218
-0.000075 -0.000093 -0.000217
-0.000067 -0.000090 -0.000215
-0.000059 -0.000086 -0.000212
-0.000051 -0.000082 -0.000209
-0.000044 -0.000078 -0.000205
-0.000037 -0.000074 -0.000201
-0.000031 -0.000070 -0.000196
-0.000026 -0.000065 -0.000190
-0.000021 -0.000061 -0.000184
-0.000017 -0.000056 -0.000177
-0.000013 -0.000052 -0.000170
-0.000010 -0.000048 -0.000163
-0.000007 -0.000043 -0.000155
-0.000004 -0.000039 -0.000148
-0.000002 -0.000035 -0.000140
-0.000001 -0.000031 -0.000132
0.000001 -0.000027 -0.000124
0.000002 -0.000023 -0.000116
0.000003 -0.000020 -0.000108
0.000004 -0.000016 -0.000100
0.000005 -0.000012 -0.000091
0.000006 -0.000008 -0.000083
0.000007 -0.000004 -0.000075
0.000007 -0.000001 -0.000067
0.000008 0.000003 -0.000059
0.000009 0.000007 -0.000051
0.000010 0.000011 -0.000043
0.000011 0.000015 -0.000034
0.000012 0.000020 -0.000027
0.000013 0.000024 -0.000019
0.000014 0.000028 -0.000011
0.000015 0.000033 -0.000003
0.000017 0.000037 0.000005
0.000018 0.000042 0.000012
0.000020 0.000047 0.000020
0.000022 0.000052 0.000027
0.000025 0.000057 0.000034
0.000027 0.000062 0.000041
0.000030 0.000067 0.000048
0.000034 0.000073 0.000054
0.000037 0.000079 0.000060
0.000042 0.000085 0.000065
0.000046 0.000091 0.000070
0.000051 0.000097 0.000075
0.000056 0.000103 0.000079
0.000062 0.000109 0.000082
0.000068 0.000115 0.000085
0.000075 0.000121 0.000087
0.000081 0.000127 0.000088
0.000088 0.000133 0.000088
0.000095 0.000139 0.000088
0.000103 0.000144 0.000088
0.000110 0.000149 0.000086
0.000118 0.000154 0.000085
0.000125 0.000158 0.000082
0.000133 0.000162 0.000080
0.000140 0.000166 0.000077
0.000148 0.000170 0.000073
0.000156 0.000173 0.000070
0.000163 0.000176 0.000066
0.000171 0.000178 0.000062
0.000179 0.000181 0.000058
0.000187 0.000183 0.000054
0.000195 0.000184 0.000050
0.000203 0.000186 0.000046
0.000211 0.000187 0.000041
0.000219 0.000187 0.000037
0.000227 0.000188 0.000033
0.000235 0.000188 0.000030
0.000243 0.000188 0.000026
0.000252 0.000189 0.000023
0.000260 0.000188 0.000019
0.000269 0.000188 0.000016
0.000277 0.000188 0.000014
0.000286 0.000188 0.000012
0.000295 0.000188 0.000010
0.000304 0.000187 0.000008
0.000313 0.000187 0.000007
0.000322 0.000187 0.000006
0.000331 0.000187 0.000006
0.000340 0.000188 0.000006
0.000349 0.000188 0.000007
0.000358 0.000189 0.000008
0.000367 0.000191 0.000010
0.000375 0.000192 0.000012
0.000384 0.000194 0.000015
0.000391 0.000197 0.000019
0.000399 0.000200 0.000023
0.000406 0.000204 0.000027
0.000413 0.000208 0.000032
0.000418 0.000212 0.000037
0.000424 0.000217 0.000042
0.000428 0.000223 0.000048
0.000432 0.000228 0.000054
0.000435 0.000234 0.000060
0.000438 0.000240 0.000067
0.000440 0.000246 0.000073
0.000441 0.000252 0.000080
0.000442 0.000258 0.000087
0.000442 0.000264 0.000094
0.000442 0.000269 0.000101
0.000442 0.000275 0.000108
0.000441 0.000280 0.000115
0.000440 0.000285 0.000123
0.000438 0.000290 0.000130
0.000437 0.000295 0.000138
0.000435 0.000300 0.000145
0.000434 0.000304 0.000153
CELLS  127 381
2 0 1 
2 1 2 
2 2 3 
2 3 4 
2 4 5 
2 5 6 
2 6 7 
2 7 8 
2 8 9 
2 9 10 
2 10 11 
2 11 12 
2 12 13 
2 13 14 
2 14 15 
2 15 16 
2 16 17 
2 17 18 
2 18 19 
2 19 20 
2 20 21 
2 21 22 
2 22 23 
2 23 24 
2 24 25 
2 25 26 
2 26 27 
2 27 28 
2 28 29 
2 29 30 
2 30 31 
2 31 32 
2 32 33 
2 33 34 
2 34 35 
2 35 36 
2 36 37 
2 37 38 
2 38 39 
2 39 40 
2 40 41 
2 41 42 
2 42 43 
2 43 44 
2 44 45 
2 45 46 
2 46 47 
2 47 48 
2 48 49 
2 49 50 
2 50 51 
2 51 52 
2 52 53 
2 53 54 
2 54 55 
2 55 56 
2 56 57 
2 57 58 
2 58 59 
2 59 60 
2 60 61 
2 61 62 
2 62 63 
2 63 64 
2 64 65 
2 65 66 
2 66 67 
2 67 68 
2 68 69 
2 69 70 
2 70 71 
2 71 72 
2 72 73 
2 73 74 
2 74 75 
2 75 76 
2 76 77 
2 77 78 
2 78 79 
2 79 80 
2 80 81 
2 81 82 
2 82 83 
2 83 84 
2 84 85 
2 85 86 
2 86 87 
2 87 88 
2 88 89 
2 89 90 
2 90 91 
2 91 92 
2 92 93 
2 93 94 
2 94 95 
2 95 96 
2 96 97 
2 97 98 
2 98 99 
2 99 100 
2 100 101 
2 101 102 
2 102 103 
2 103 104 
2 104 105 
2 105 106 
2 106 107 
2 107 108 
2 108 109 
2 109 110 
2 110 111 
2 111 112 
2 112 113 
2 113 114 
2 114 115 
2 115 116 
2 116 117 
2 117 118 
2 118 119 
2 119 120 
2 120 121 
2 121 122 
2 122 123 
2 123 124 
2 124 125 
2 125 126 
2 126 127 
CELL_TYPES  127
3
3
3
3
3
3
3
3
3
3
3
3
3
3
3
3
3
3
3
3
3
3
3
3
3
3
3
3
3
3
3
3
3
3
3
3
3
3
3
3
3
3
3
3
3
3
3
3
3
3
3
3
3
3
3
3
3
3
3
3
3
3
3
3
3
3
3
3
3
3
3
3
3
3
3
3
3
3
3
3
3
3
3
3
3
3
3
3
3
3
3
3
3
3
3
3
3
3
3
3
3
3
3
3
3
3
3
3
3
3
3
3
3
3
3
3
3
3
3
3
3
3
3
3
3
3
3
POINT_DATA  128
VECTORS Position float
-0.000234 -0.000114 -0.000149
-0.000227 -0.000114 -0.000155
-0.000220 -0.000113 -0.000160
-0.000213 -0.000113 -0.000166
-0.000206 -0.000113 -0.000172
-0.000199 -0.000112 -0.000177
-0.000192 -0.000112 -0.000182
-0.000184 -0.000112 -0.000187
-0.000176 -0.000111 -0.000192
-0.000169 -0.000111 -0.000197
-0.000161 -0.000110 -0.000201
-0.000152 -0.000109 -0.000205
-0.000144 -0.000109 -0.000208
-0.000136 -0.000107 -0.000211
-0.000127 -0.000106 -0.000214
-0.000118 -0.000105 -0.000216
-0.000110 -0.000103 -0.000217
-0.000101 -0.000101 -0.000218
-0.000092 -0.000098 -0.000218
-0.000083 -0.000096 -0.000218
-0.000075 -0.000093 -0.000217
-0.000067 -0.000090 -0.000215
-0.000059 -0.000086 -0.000212
-0.000051 -0.000082 -0.000209
-0.000044 -0.000078 -0.000205
-0.000037 -0.000074 -0.000201
-0.000031 -0.000070 -0.000196
-0.000026 -0.000065 -0.000190
-0.000021 -0.000061 -0.000184
-0.000017 -0.000056 -0.000177
-0.000013 -0.000052 -0.000170
-0.000010 -0.000048 -0.000163
-0.000007 -0.000043 -0.000155
-0.000004 -0.000039 -0.000148
-0.000002 -0.000035 -0.000140
-0.000001 -0.000031 -0.000132
0.000001 -0.000027 -0.000124
0.000002 -0.000023 -0.000116
0.000003 -0.000020 -0.000108
0.000004 -0.000016 -0.000100
0.000005 -0.000012 -0.000091
0.000006 -0.000008 -0.000083
0.000007 -0.000004 -0.000075
0.000007 -0.000001 -0.000067
0.000008 0.000003 -0.000059
0.000009 0.000007 -0.000051
0.000010 0.000011 -0.000043
0.000011 0.000015 -0.000034
0.000012 0.000020 -0.000027
0.000013 0.000024 -0.000019
0.000014 0.000028 -0.000011
0.000015 0.000033 -0.000003
0.000017 0.000037 0.000005
0.000018 0.000042 0.000012
0.000020 0.000047 0.000020
0.000022 0.000052 0.000027
0.000025 0.000057 0.000034
0.000027 0.000062 0.000041
0.000030 0.000067 0.000048
0.000034 0.000073 0.000054
0.000037 0.000079 0.000060
0.000042 0.000085 0.000065
0.000046 0.000091 0.000070
0.000051 0.000097 0.000075
0.000056 0.000103 0.000079
0.000062 0.000109 0.000082
0.000068 0.000115 0.000085
0.000075 0.000121 0.000087
0.000081 0.000127 0.000088
0.000088 0.000133 0.000088
0.000095 0.000139 0.000088
0.000103 0.000144 0.000088
0.000110 0.000149 0.000086
0.000118 0.000154 0.000085
0.000125 0.000158 0.000082
0.000133 0.000162 0.000080
0.000140 0.000166 0.000077
0.000148 0.000170 0.000073
0.000156 0.000173 0.000070
0.000163 0.000176 0.000066
0.000171 0.000178 0.000062
0.000179 0.000181 0.000058
0.000187 0.000183 0.000054
0.000195 0.000184 0.000050
0.000203 0.000186 0.000046
0.000211 0.000187 0.000041
0.000219 0.000187 0.000037
0.000227 0.000188 0.000033
0.000235 0.000188 0.000030
0.000243 0.000188 0.000026
0.000252 0.000189 0.000023
0.000260 0.000188 0.000019
0.000269 0.000188 0.000016
0.000277 0.000188 0.000014
0.000286 0.000188 0.000012
0.000295 0.000188 0.000010
0.000304 0.000187 0.000008
0.000313 0.000187 0.000007
0.000322 0.000187 0.000006
0.000331 0.000187 0.000006
0.000340 0.000188 0.000006
0.000349 0.000188 0.000007
0.000358 0.000189 0.000008
0.000367 0.000191 0.000010
0.000375 0.000192 0.000012
0.000384 0.000194 0.000015
0.000391 0.000197 0.000019
0.000399 0.000200 0.000023
0.000406 0.000204 0.000027
0.000413 0.000208 0.000032
0.000418 0.000212 0.000037
0.000424 0.000217 0.000042
0.000428 0.000223 0.000048
0.000432 0.000228 0.000054
0.000435 0.000234 0.000060
0.000438 0.000240 0.000067
0.000440 0.000246 0.000073
0.000441 0.000252 0.000080
0.000442 0.000258 0.000087
0.000442 0.000264 0.000094
0.000442 0.000269 0.000101
0.000442 0.000275 0.000108
0.000441 0.000280 0.000115
0.000440 0.000285 0.000123
0.000438 0.000290 0.000130
0.000437 0.000295 0.000138
0.000435 0.000300 0.000145
0.000434 0.000304 0.000153
VECTORS Rotation float
0.839552 0.041815 -2.266324
0.839448 0.041475 -2.263689
0.839141 0.040553 -2.255805
0.838648 0.039355 -2.242849
0.837988 0.038359 -2.225130
0.837160 0.038156 -2.202832
0.836130 0.039402 -2.176143
0.834825 0.042754 -2.145229
0.833143 0.048728 -2.110808
0.830889 0.057847 -2.072609
0.827843 0.070361 -2.030953
0.823732 0.086353 -1.986026
0.818216 0.105864 -1.937567
0.810902 0.128800 -1.885273
0.801424 0.154693 -1.829409
0.789300 0.183385 -1.769341
0.774085 0.214407 -1.704955
0.755311 0.247320 -1.635974
0.732522 0.281616 -1.562134
0.705355 0.316606 -1.483417
0.673390 0.351708 -1.399317
0.636595 0.385790 -1.310393
0.595037 0.417827 -1.216898
0.549050 0.446741 -1.119330
0.499504 0.471362 -1.019024
0.447473 0.490826 -0.917258
0.394558 0.504461 -0.816176
0.342553 0.512062 -0.718153
0.292919 0.513952 -0.624876
0.247107 0.510839 -0.538334
0.206136 0.503785 -0.459999
0.170307 0.493961 -0.390231
0.139731 0.482597 -0.329376
0.114030 0.470753 -0.276949
0.093076 0.459563 -0.233215
0.075966 0.449561 -0.196638
0.062451 0.441488 -0.167203
0.051775 0.435514 -0.143552
0.043610 0.431862 -0.125264
0.037484 0.430464 -0.111433
0.033128 0.431187 -0.101567
0.030308 0.433797 -0.095172
0.028856 0.438019 -0.091853
0.028647 0.443623 -0.091290
0.029626 0.450301 -0.093292
0.031778 0.457906 -0.097752
0.035116 0.466252 -0.104605
0.039692 0.475261 -0.113867
0.045623 0.484989 -0.125693
0.053010 0.495453 -0.140183
0.062044 0.506822 -0.157615
0.072955 0.519312 -0.178330
0.086013 0.533154 -0.202705
0.101553 0.548597 -0.231204
0.119977 0.565841 -0.264360
0.141794 0.585002 -0.302837
0.167565 0.605994 -0.347297
0.197969 0.628560 -0.398542
0.233770 0.652208 -0.457429
0.275751 0.676185 -0.524803
0.324578 0.699444 -0.601311
0.380600 0.720674 -0.687188
0.444117 0.738508 -0.782752
0.513702 0.751251 -0.885996
0.588832 0.757693 -0.996565
0.665378 0.756742 -1.109140
0.742501 0.747947 -1.223335
0.816942 0.731345 -1.335264
0.885049 0.708009 -1.440207
0.945714 0.679118 -1.536795
0.999244 0.645450 -1.625544
1.043969 0.609358 -1.703444
1.081364 0.571366 -1.772284
1.111961 0.532522 -1.832230
1.136510 0.493564 -1.883742
1.155574 0.455397 -1.926848
1.170453 0.417230 -1.963227
1.181623 0.379523 -1.992924
1.189739 0.342205 -2.016435
1.195392 0.305219 -2.034217
1.199118 0.268619 -2.046684
1.201420 0.232158 -2.054341
1.202691 0.197075 -2.057365
1.203315 0.162948 -2.056162
1.203615 0.130696 -2.051000
1.203880 0.101178 -2.042171
1.204268 0.074087 -2.029599
1.204976 0.050074 -2.013506
1.206131 0.029313 -1.993954
1.207822 0.011858 -1.970987
1.210103 -0.002310 -1.944654
1.212998 -0.013246 -1.915013
1.216524 -0.020880 -1.882511
1.220579 -0.025390 -1.846420
1.225145 -0.026569 -1.807693
1.230082 -0.024252 -1.765931
1.235280 -0.018185 -1.721699
1.240510 -0.007920 -1.674481
1.245589 0.006845 -1.624893
1.250078 0.026952 -1.571704
1.253781 0.052292 -1.516334
1.256229 0.083413 -1.458248
1.257021 0.120322 -1.397744
1.255580 0.163180 -1.334485
1.251263 0.211849 -1.268208
1.243711 0.265195 -1.199522
1.232386 0.322253 -1.128258
1.216757 0.381683 -1.054167
1.196255 0.441858 -0.976827
1.170245 0.500966 -0.895615
1.138489 0.556670 -0.810461
1.100476 0.607142 -0.720705
1.056797 0.650078 -0.627167
1.008222 0.683917 -0.530657
0.956241 0.707544 -0.432788
0.903200 0.720442 -0.336154
0.851546 0.722932 -0.243429
0.803640 0.716068 -0.157250
0.761169 0.701498 -0.079552
0.725034 0.681235 -0.011465
0.695496 0.657491 0.046512
0.672089 0.632356 0.094715
0.654219 0.607873 0.133578
0.640965 0.585643 0.164000
0.631610 0.567100 0.186647
0.625405 0.553151 0.202323
0.621918 0.544567 0.211458
0.620783 0.541656 0.214473
VECTORS ControlForce float
-0.000000 -0.000000 0.000000
-0.000058 0.000250 0.000077
-0.000125 0.000459 0.000146
-0.000184 0.000617 0.000203
-0.000205 0.000728 0.000249
-0.000191 0.000768 0.000285
-0.000155 0.000726 0.000315
-0.000080 0.000639 0.000352
0.000004 0.000506 0.000379
0.000081 0.000347 0.000399
0.000135 0.000176 0.000409
0.000166 0.000023 0.000412
0.000185 -0.000082 0.000417
0.000195 -0.000128 0.000427
0.000183 -0.000134 0.000432
0.000151 -0.000120 0.000437
0.000140 -0.000079 0.000444
0.000169 -0.000027 0.000450
0.000212 -0.000010 0.000450
0.000273 -0.000035 0.000444
0.000375 -0.000070 0.000428
0.000515 -0.000095 0.000392
0.000672 -0.000095 0.000330
0.000796 -0.000082 0.000249
0.000849 -0.000065 0.000163
0.000827 -0.000028 0.000084
0.000758 0.000056 0.000002
0.000640 0.000169 -0.000079
0.000470 0.000271 -0.000143
0.000276 0.000354 -0.000194
0.000078 0.000405 -0.000232
-0.000108 0.000415 -0.000249
-0.000272 0.000377 -0.000238
-0.000395 0.000310 -0.000217
-0.000474 0.000224 -0.000203
-0.000517 0.000122 -0.000190
-0.000530 0.000008 -0.000181
-0.000515 -0.000100 -0.000170
-0.000478 -0.000199 -0.000151
-0.000422 -0.000268 -0.000123
-0.000353 -0.000303 -0.000096
-0.000283 -0.000306 -0.000074
-0.000215 -0.000283 -0.000052
-0.000151 -0.000238 -0.000028
-0.000092 -0.000174 -0.000005
-0.000039 -0.000107 0.000028
0.000012 -0.000027 0.000054
0.000063 0.000062 0.000076
0.000108 0.000140 0.000112
0.000147 0.000218 0.000143
0.000177 0.000293 0.000165
0.000195 0.000352 0.000184
0.000206 0.000385 0.000200
0.000209 0.000361 0.000228
0.000216 0.000300 0.000252
0.000230 0.000216 0.000265
0.000245 0.000127 0.000264
0.000249 0.000035 0.000255
0.000224 -0.000066 0.000249
0.000162 -0.000176 0.000246
0.000070 -0.000278 0.000235
-0.000053 -0.000379 0.000218
-0.000176 -0.000438 0.000181
-0.000289 -0.000453 0.000121
-0.000398 -0.000456 0.000054
-0.000495 -0.000445 -0.000028
-0.000559 -0.000411 -0.000108
-0.000591 -0.000373 -0.000185
-0.000576 -0.000327 -0.000270
-0.000503 -0.000274 -0.000348
-0.000370 -0.000208 -0.000396
-0.000198 -0.000149 -0.000416
-0.000017 -0.000114 -0.000396
0.000153 -0.000093 -0.000338
0.000275 -0.000093 -0.000261
0.000339 -0.000093 -0.000182
0.000328 -0.000085 -0.000099
0.000256 -0.000037 -0.000019
0.000136 0.000051 0.000048
-0.000025 0.000144 0.000088
-0.000180 0.000252 0.000114
-0.000311 0.000333 0.000125
-0.000394 0.000374 0.000115
-0.000418 0.000362 0.000098
-0.000388 0.000304 0.000074
-0.000309 0.000222 0.000046
-0.000193 0.000161 0.000044
-0.000078 0.000102 0.000058
0.000017 0.000061 0.000082
0.000081 0.000048 0.000112
0.000100 0.000050 0.000142
0.000074 0.000064 0.000164
0.000011 0.000087 0.000180
-0.000082 0.000105 0.000203
-0.000203 0.000093 0.000223
-0.000322 0.000086 0.000244
-0.000428 0.000082 0.000264
-0.000510 0.000069 0.000289
-0.000552 0.000066 0.000324
-0.000543 0.000075 0.000374
-0.000478 0.000095 0.000416
-0.000360 0.000126 0.000438
-0.000199 0.000148 0.000435
-0.000014 0.000128 0.000419
0.000185 0.000060 0.000393
0.000381 -0.000071 0.000353
0.000559 -0.000260 0.000299
0.000702 -0.000490 0.000240
0.000796 -0.000699 0.000180
0.000826 -0.000858 0.000128
0.000784 -0.000954 0.000096
0.000667 -0.000946 0.000082
0.000483 -0.000855 0.000091
0.000249 -0.000682 0.000117
-0.000018 -0.000428 0.000147
-0.000289 -0.000131 0.000175
-0.000525 0.000148 0.000207
-0.000703 0.000376 0.000235
-0.000824 0.000546 0.000243
-0.000895 0.000648 0.000223
-0.000920 0.000667 0.000182
-0.000899 0.000607 0.000135
-0.000825 0.000486 0.000097
-0.000700 0.000339 0.000076
-0.000540 0.000203 0.000062
-0.000371 0.000108 0.000040
-0.000189 0.000044 0.000018
-0.000000 -0.000000 -0.000000
VECTORS ControlTorque float
0.000000 0.000002 0.000000
0.000000 0.000002 0.000000
0.000000 0.000002 0.000000
-0.000000 0.000002 -0.000000
-0.000000 0.000002 -0.000000
-0.000000 0.000002 -0.000000
-0.000001 0.000002 -0.000001
-0.000001 0.000001 -0.000001
-0.000001 0.000002 -0.000001
-0.000001 0.000001 -0.000001
-0.000001 0.000001 -0.000001
-0.000001 0.000001 -0.000001
-0.000001 0.000002 -0.000001
-0.000001 0.000001 -0.000001
-0.000001 0.000002 -0.000001
-0.000001 0.000001 -0.000001
-0.000001 0.000001 -0.000001
-0.000001 0.000001 -0.000001
-0.000000 0.000001 -0.000001
-0.000001 0.000002 -0.000001
-0.000000 0.000001 -0.000001
-0.000000 0.000001 -0.000001
-0.000000 0.000001 -0.000000
0.000000 -0.000000 0.000000
-0.000000 -0.000000 0.000000
0.000000 -0.000001 0.000001
0.000000 -0.000002 0.000001
0.000000 -0.000001 0.000001
0.000000 -0.000002 0.000001
0.000001 -0.000003 0.000002
0.000000 -0.000002 0.000001
0.000001 -0.000003 0.000001
0.000001 -0.000002 0.000001
0.000001 -0.000003 0.000001
0.000001 -0.000002 0.000001
0.000001 -0.000003 0.000001
0.000001 -0.000001 0.000001
0.000001 -0.000002 0.000001
0.000001 -0.000001 0.000001
0.000001 -0.000001 0.000001
0.000001 -0.000001 0.000000
0.000001 -0.000001 0.000000
0.000001 -0.000001 0.000000
0.000000 -0.000001 0.000000
0.000000 -0.000001 0.000000
0.000000 -0.000001 0.000000
0.000000 -0.000001 0.000000
0.000000 -0.000001 0.000000
0.000000 -0.000001 0.000000
0.000000 -0.000001 0.000000
0.000001 -0.000001 0.000000
0.000001 -0.000001 0.000000
0.000001 -0.000001 0.000001
0.000001 -0.000001 0.000001
0.000001 -0.000001 0.000001
0.000001 -0.000001 0.000001
0.000001 -0.000001 0.000001
0.000001 -0.000002 0.000001
0.000001 -0.000002 0.000001
0.000001 -0.000002 0.000001
0.000001 -0.000001 0.000001
0.000001 -0.000002 0.000001
0.000000 -0.000000 0.000000
0.000002 -0.000002 0.000001
-0.000001 0.000001 -0.000000
0.000001 -0.000001 0.000001
0.000000 -0.000000 0.000001
-0.000001 0.000001 -0.000000
-0.000001 0.000001 -0.000000
0.000000 -0.000000 0.000001
-0.000002 0.000003 -0.000001
-0.000000 0.000001 0.000000
-0.000001 0.000002 -0.000000
-0.000001 0.000002 -0.000000
-0.000002 0.000003 -0.000001
-0.000000 0.000001 0.000001
-0.000001 0.000002 -0.000000
-0.000001 0.000002 0.000000
-0.000001 0.000002 0.000000
-0.000001 0.000002 -0.000000
-0.000000 0.000002 0.000001
-0.000001 0.000002 -0.000001
-0.000000 0.000002 0.000000
-0.000001 0.000002 -0.000001
-0.000001 0.000001 -0.000001
-0.000000 0.000002 -0.000000
-0.000001 0.000001 -0.000001
-0.000001 0.000001 -0.000001
-0.000001 0.000001 -0.000001
-0.000000 0.000001 -0.000001
-0.000000 0.000002 -0.000001
-0.000000 0.000001 -0.000001
-0.000000 0.000002 -0.000001
-0.000000 0.000000 -0.000001
-0.000000 0.000002 -0.000001
-0.000000 0.000000 -0.000001
-0.000000 0.000002 -0.000002
-0.000000 0.000000 -0.000002
-0.000000 0.000003 -0.000003
0.000000 -0.000000 -0.000002
0.000000 0.000002 -0.000003
0.000000 0.000001 -0.000002
0.000000 0.000001 -0.000002
0.000001 0.000001 -0.000003
0.000001 0.000000 -0.000002
0.000001 0.000000 -0.000002
0.000001 0.000000 -0.000001
0.000001 0.000000 -0.000001
0.000000 0.000000 -0.000000
-0.000000 -0.000000 0.000001
-0.000001 0.000000 0.000000
-0.000001 -0.000001 0.000002
-0.000002 -0.000001 0.000002
-0.000002 -0.000001 0.000002
-0.000002 -0.000001 0.000002
-0.000002 -0.000001 0.000002
-0.000002 -0.000002 0.000002
-0.000002 -0.000002 0.000002
-0.000001 -0.000002 0.000001
-0.000001 -0.000002 0.000001
-0.000000 -0.000002 0.000001
0.000001 -0.000002 0.000001
0.000001 -0.000002 0.000001
0.000002 -0.000002 0.000001
0.000002 -0.000002 0.000001
0.000002 -0.000002 0.000001
0.000002 -0.000002 0.000001
0.000002 -0.000002 0.000001
VECTORS Curvature float
139.035126 -94.417905 -0.352228
444.691920 -308.468605 -1.189996
957.903493 -689.691518 -2.423035
1348.836272 -1036.316969 -3.091745
1691.102967 -1417.714217 -3.026405
1971.852082 -1837.410500 -1.615971
2213.068084 -2328.808541 1.884518
2337.944914 -2799.275928 8.208509
2401.180399 -3295.540340 18.586665
2459.994821 -3863.594692 33.668590
2445.787474 -4380.982214 54.361025
2425.354596 -4908.612194 81.441084
2438.864788 -5509.851359 115.141018
2432.959350 -6041.444372 154.583941
2435.212081 -6554.933974 200.702585
2470.626835 -7112.491916 251.066269
2496.879645 -7612.149752 304.949546
2534.339510 -8122.968683 360.197916
2554.231355 -8565.985063 413.884756
2583.326698 -9026.346558 464.387041
2603.962131 -9430.370700 506.390745
2597.652111 -9674.736752 538.874882
2609.353130 -9891.857292 558.456293
2614.558760 -9969.169630 562.931714
2623.805240 -9921.417377 552.815481
2639.446474 -9758.405813 528.070916
2627.636190 -9367.011520 491.615178
2612.607894 -8870.542204 446.690988
2583.983704 -8293.042415 396.522790
2499.619393 -7554.550599 344.759354
2390.640905 -6804.587782 293.848589
2240.681880 -6043.453629 246.180570
2064.917009 -5325.346960 202.868478
1811.955882 -4542.059561 165.040144
1542.752239 -3836.387734 131.883433
1253.313604 -3193.489513 104.284306
936.861535 -2572.669200 80.871517
641.778900 -2064.172372 61.606228
344.112410 -1581.035753 45.548632
78.831133 -1184.760485 32.091277
-163.005463 -813.403978 20.572286
-365.448776 -490.907033 10.341818
-542.395067 -205.037691 0.939615
-684.927230 54.249055 -8.134387
-800.341472 299.391034 -17.198678
-903.103002 534.032768 -26.584130
-983.357084 757.759032 -36.426206
-1074.156043 991.991016 -46.768041
-1171.698564 1232.152010 -57.385488
-1279.536780 1477.722990 -68.004747
-1423.737715 1750.987261 -78.101284
-1602.398233 2044.695882 -87.018948
-1821.858658 2360.405359 -94.069628
-2084.500024 2698.705597 -98.481588
-2392.706710 3066.435215 -99.584190
-2735.546190 3458.884877 -96.665939
-3097.894419 3870.281989 -89.371684
-3475.062192 4309.128347 -77.457490
-3851.084585 4768.756025 -61.031569
-4215.790514 5248.567565 -40.592303
-4521.790680 5695.264553 -16.745821
-4836.293492 6205.300931 8.524678
-5026.040918 6592.361245 35.366432
-5212.162080 7038.703325 59.758348
-5244.887048 7289.688757 82.437057
-5168.584691 7445.182930 100.014108
-5233.452187 7808.559325 113.249851
-5024.382695 7782.984785 119.359157
-4658.091688 7513.411305 120.854310
-4448.147102 7509.074631 120.292567
-4103.266261 7254.145158 111.621584
-3642.996044 6827.784295 105.854305
-3292.040546 6592.277109 95.455629
-2866.378410 6259.552208 85.185807
-2368.713458 5781.590036 72.419817
-1891.124033 5419.249328 60.737729
-1447.595391 5195.671909 44.736687
-947.095218 4862.183758 28.017721
-461.977410 4605.614511 8.869198
11.289402 4332.415970 -12.266341
478.596082 4172.104091 -34.629263
896.583576 3897.684768 -58.468912
1283.326743 3581.738073 -82.132204
1666.775925 3342.545670 -106.195886
1930.318637 2893.535577 -129.688950
2208.963400 2484.197752 -153.506891
2501.393536 2086.599922 -177.080105
2722.321193 1606.260519 -201.123197
2950.230518 1135.950571 -226.019475
3164.082524 665.675384 -252.157389
3403.443163 203.464797 -279.802213
3546.480859 -237.873443 -309.178704
3785.252705 -687.223942 -340.688427
4010.346018 -1123.010493 -373.942187
4161.609471 -1564.399967 -409.178673
4316.897491 -2011.916252 -446.981351
4469.973669 -2509.097837 -486.542203
4580.862275 -3009.448997 -529.692891
4774.735773 -3641.126967 -573.561727
4945.619847 -4302.415901 -622.852668
4959.382069 -4897.412769 -673.423193
5036.668849 -5580.673209 -729.702733
5057.638260 -6242.205513 -789.391057
5153.250290 -7016.952817 -852.938310
5167.558513 -7685.650044 -921.449014
5095.460158 -8188.077094 -990.302868
5033.236453 -8616.831036 -1058.863003
4963.848173 -8895.843133 -1123.035950
4941.938014 -9064.231602 -1178.330332
4925.792841 -9006.648164 -1222.594685
4975.216486 -8795.190951 -1248.962776
5074.080867 -8415.761588 -1259.039114
5179.650754 -7813.045638 -1247.815193
5355.066065 -7147.650742 -1217.519471
5527.710193 -6375.256460 -1169.132238
5673.181881 -5542.196245 -1104.923704
5766.662306 -4700.833964 -1028.358543
5767.137285 -3875.718398 -942.850413
5669.365663 -3110.086866 -851.745865
5430.458904 -2412.264150 -757.327523
5070.788503 -1807.976892 -661.842218
4576.390553 -1303.276069 -565.705391
3971.929955 -898.639056 -470.256694
3277.001816 -592.042810 -375.140271
2505.417903 -365.797788 -280.267193
1714.684080 -208.719522 -188.605173
782.442987 -84.531884 -86.059808
251.206651 -25.008614 -27.005523
VECTORS LocalRotation float
-0.310201 0.648313 -0.009154
-0.307552 0.646484 -0.009161
-0.301227 0.641983 -0.009177
-0.290827 0.634201 -0.009202
-0.277035 0.623068 -0.009230
-0.260396 0.608282 -0.009251
-0.241439 0.589409 -0.009250
-0.220949 0.566320 -0.009204
-0.199417 0.538630 -0.009083
-0.177439 0.506261 -0.008846
-0.155253 0.468976 -0.008448
-0.133147 0.426819 -0.007832
-0.111099 0.379595 -0.006941
-0.089110 0.327458 -0.005724
-0.067032 0.270330 -0.004112
-0.044833 0.208487 -0.002068
-0.022347 0.141832 0.000449
0.000435 0.070584 0.003461
0.023471 -0.004969 0.006965
0.046771 -0.084752 0.010948
0.070210 -0.168151 0.015335
0.093766 -0.254669 0.020068
0.117371 -0.343374 0.025043
0.141027 -0.433310 0.030121
0.164765 -0.523446 0.035177
0.188558 -0.612411 0.040063
0.212360 -0.698840 0.044671
0.236096 -0.781448 0.048921
0.259601 -0.859081 0.052735
0.282617 -0.930830 0.056091
0.304829 -0.996050 0.058992
0.325826 -1.054301 0.061440
0.345340 -1.105826 0.063476
0.362810 -1.150290 0.065133
0.378067 -1.188394 0.066484
0.390654 -1.220042 0.067547
0.400621 -1.246281 0.068390
0.407747 -1.267213 0.069033
0.412224 -1.283767 0.069519
0.414134 -1.296255 0.069870
0.413753 -1.305290 0.070108
0.411359 -1.311199 0.070248
0.407233 -1.314362 0.070299
0.401693 -1.315043 0.070267
0.394958 -1.313439 0.070152
0.387262 -1.309674 0.069954
0.378723 -1.303826 0.069669
0.369390 -1.295889 0.069292
0.359239 -1.285836 0.068821
0.348131 -1.273557 0.068253
0.335881 -1.258925 0.067591
0.322181 -1.241742 0.066843
0.306680 -1.221801 0.066023
0.288996 -1.198898 0.065152
0.268719 -1.172789 0.064255
0.245512 -1.143258 0.063366
0.219101 -1.110076 0.062524
0.189335 -1.073035 0.061769
0.156159 -1.031927 0.061142
0.119637 -0.986573 0.060681
0.080066 -0.937011 0.060422
0.037619 -0.883031 0.060384
-0.006916 -0.825242 0.060583
-0.053420 -0.763327 0.061015
-0.100496 -0.698823 0.061655
-0.148067 -0.631510 0.062488
-0.195081 -0.562569 0.063452
-0.241169 -0.492516 0.064497
-0.285144 -0.423044 0.065588
-0.326698 -0.354494 0.066689
-0.365153 -0.288105 0.067732
-0.400469 -0.223903 0.068723
-0.431863 -0.163152 0.069634
-0.459627 -0.105213 0.070449
-0.483189 -0.051018 0.071158
-0.502602 0.000028 0.071765
-0.517650 0.047871 0.072240
-0.528466 0.093298 0.072569
-0.534846 0.136163 0.072736
-0.536891 0.176716 0.072721
-0.534664 0.215371 0.072507
-0.528479 0.251662 0.072089
-0.518539 0.285767 0.071448
-0.505235 0.316994 0.070598
-0.489001 0.345138 0.069534
-0.470082 0.369718 0.068239
-0.448802 0.390367 0.066746
-0.425189 0.407061 0.065036
-0.399532 0.419463 0.063104
-0.371876 0.427613 0.060941
-0.342181 0.431542 0.058536
-0.310787 0.431387 0.055876
-0.277322 0.427165 0.052909
-0.242274 0.419026 0.049696
-0.205217 0.406840 0.046145
-0.166943 0.390695 0.042280
-0.126984 0.370135 0.038035
-0.086039 0.345170 0.033438
-0.043397 0.314857 0.028409
0.000167 0.279256 0.023047
0.045018 0.237599 0.017178
0.090291 0.190143 0.010823
0.136216 0.136353 0.003911
0.182576 0.076153 -0.003545
0.229120 0.009848 -0.011547
0.275526 -0.061928 -0.020192
0.321389 -0.138020 -0.029470
0.366701 -0.217396 -0.039360
0.411605 -0.298811 -0.049792
0.456249 -0.380569 -0.060654
0.501143 -0.461287 -0.071861
0.546555 -0.539063 -0.083195
0.593009 -0.612586 -0.094552
0.640755 -0.680391 -0.105725
0.690017 -0.741604 -0.116529
0.740739 -0.795571 -0.126826
0.792520 -0.841935 -0.136482
0.844741 -0.880767 -0.145407
0.896522 -0.912396 -0.153533
0.946756 -0.937389 -0.160815
0.994337 -0.956510 -0.167245
1.037993 -0.970590 -0.172800
1.076742 -0.980571 -0.177496
1.109533 -0.987314 -0.181320
1.135739 -0.991655 -0.184291
1.154804 -0.994250 -0.186409
1.166135 -0.995581 -0.187655
1.170805 -0.996076 -0.188166
VECTORS q1 float
-0.404029 -0.743694 -0.532617
-0.402871 -0.743635 -0.533575
-0.399334 -0.743458 -0.536473
-0.393286 -0.743164 -0.541326
-0.384531 -0.742752 -0.548138
-0.372717 -0.742204 -0.556970
-0.357418 -0.741479 -0.567857
-0.338166 -0.740502 -0.580776
-0.314873 -0.739170 -0.595384
-0.286877 -0.737296 -0.611634
-0.254020 -0.734651 -0.629096
-0.216205 -0.730953 -0.647274
-0.173115 -0.725841 -0.665722
-0.124528 -0.718904 -0.683864
-0.070914 -0.709770 -0.700855
-0.012020 -0.697958 -0.716038
0.051758 -0.683056 -0.728530
0.120042 -0.664656 -0.737443
0.192284 -0.642403 -0.741853
0.267519 -0.616082 -0.740862
0.345086 -0.585464 -0.733586
0.423187 -0.550769 -0.719421
0.500351 -0.512317 -0.697983
0.575037 -0.470660 -0.669188
0.645381 -0.426757 -0.633531
0.710061 -0.381607 -0.591767
0.767737 -0.336517 -0.545285
0.817564 -0.292810 -0.495833
0.859533 -0.251445 -0.444948
0.893798 -0.213373 -0.394459
0.920948 -0.179250 -0.346012
0.942009 -0.149225 -0.300584
0.957929 -0.123370 -0.259139
0.969758 -0.101406 -0.222005
0.978245 -0.083299 -0.189997
0.984344 -0.068352 -0.162464
0.988570 -0.056426 -0.139805
0.991511 -0.046921 -0.121259
0.993501 -0.039594 -0.106713
0.994839 -0.034056 -0.095583
0.995704 -0.030090 -0.087565
0.996228 -0.027497 -0.082305
0.996492 -0.026128 -0.079500
0.996548 -0.025871 -0.078883
0.996416 -0.026668 -0.080279
0.996094 -0.028500 -0.083569
0.995569 -0.031361 -0.088653
0.994805 -0.035284 -0.095492
0.993744 -0.040347 -0.104138
0.992319 -0.046614 -0.114585
0.990428 -0.054209 -0.126937
0.987940 -0.063281 -0.141314
0.984695 -0.073984 -0.157806
0.980491 -0.086502 -0.176507
0.975088 -0.101034 -0.197474
0.968188 -0.117819 -0.220750
0.959459 -0.137084 -0.246267
0.948505 -0.159088 -0.273915
0.934881 -0.184100 -0.303489
0.918102 -0.212361 -0.334652
0.897688 -0.244029 -0.366886
0.873221 -0.279114 -0.399475
0.844181 -0.317723 -0.431754
0.810671 -0.359136 -0.462423
0.772182 -0.403448 -0.490880
0.729893 -0.448865 -0.515534
0.683263 -0.495664 -0.536162
0.633197 -0.542620 -0.551929
0.581490 -0.587934 -0.562319
0.528939 -0.630995 -0.567511
0.475590 -0.671865 -0.567813
0.423891 -0.708827 -0.563809
0.373554 -0.742410 -0.556134
0.325252 -0.772420 -0.545507
0.279376 -0.798900 -0.532643
0.236591 -0.821773 -0.518376
0.195770 -0.841925 -0.502828
0.157235 -0.859385 -0.486553
0.120770 -0.874448 -0.469846
0.086192 -0.887359 -0.452951
0.053420 -0.898306 -0.436110
0.022109 -0.907534 -0.419396
-0.006781 -0.914951 -0.403508
-0.033698 -0.920873 -0.388404
-0.057957 -0.925383 -0.374577
-0.078907 -0.928664 -0.362431
-0.096760 -0.931016 -0.351918
-0.111007 -0.932660 -0.343253
-0.121484 -0.933842 -0.336424
-0.128119 -0.934779 -0.331321
-0.130903 -0.935650 -0.327756
-0.129862 -0.936588 -0.325483
-0.125032 -0.937695 -0.324185
-0.116320 -0.938995 -0.323662
-0.103811 -0.940523 -0.323481
-0.087215 -0.942239 -0.323387
-0.066473 -0.944084 -0.322933
-0.041018 -0.945920 -0.321797
-0.010799 -0.947562 -0.319389
0.025288 -0.948665 -0.315271
0.066559 -0.948871 -0.308566
0.113476 -0.947624 -0.298549
0.165612 -0.944298 -0.284383
0.222742 -0.938099 -0.265246
0.284161 -0.928158 -0.240366
0.347853 -0.913878 -0.209346
0.412133 -0.894727 -0.172075
0.475031 -0.870482 -0.128865
0.534560 -0.841292 -0.080457
0.588943 -0.807691 -0.027946
0.636369 -0.770910 0.027043
0.676104 -0.732109 0.083060
0.707393 -0.693177 0.138208
0.730504 -0.655649 0.191021
0.746155 -0.620911 0.240256
0.755344 -0.590173 0.284871
0.759361 -0.564127 0.324240
0.759530 -0.543078 0.358024
0.757116 -0.526898 0.386206
0.753216 -0.515140 0.409019
0.748698 -0.507185 0.426866
0.744212 -0.502230 0.440355
0.740167 -0.499529 0.450137
0.736802 -0.498322 0.456945
0.734203 -0.498018 0.461437
0.732385 -0.498123 0.464204
0.731313 -0.498324 0.465676
0.730962 -0.498409 0.466136
VECTORS q2 float
-0.498400 0.667212 -0.553557
-0.496723 0.667299 -0.554957
-0.491733 0.667553 -0.559081
-0.483629 0.667951 -0.565636
-0.472750 0.668467 -0.574159
-0.459413 0.669088 -0.584176
-0.443978 0.669819 -0.595169
-0.426813 0.670694 -0.606630
-0.408591 0.671755 -0.617899
-0.389419 0.673092 -0.628729
-0.369671 0.674792 -0.638748
-0.349592 0.676956 -0.647701
-0.329175 0.679698 -0.655480
-0.308367 0.683139 -0.661990
-0.287334 0.687377 -0.667047
-0.265934 0.692532 -0.670581
-0.244280 0.698688 -0.672431
-0.222504 0.705905 -0.672451
-0.200822 0.714202 -0.670511
-0.179570 0.723539 -0.666518
-0.158934 0.733860 -0.660446
-0.139328 0.745022 -0.652326
-0.120951 0.756886 -0.642257
-0.103918 0.769305 -0.630373
-0.088377 0.782094 -0.616861
-0.074306 0.795110 -0.601895
-0.061752 0.808172 -0.585700
-0.050735 0.821088 -0.568542
-0.041162 0.833716 -0.550657
-0.033048 0.845836 -0.532418
-0.026372 0.857221 -0.514273
-0.021003 0.867724 -0.496602
-0.016856 0.877159 -0.479904
-0.013760 0.885439 -0.464552
-0.011639 0.892367 -0.451160
-0.010228 0.898040 -0.439794
-0.009432 0.902355 -0.430891
-0.009053 0.905438 -0.424381
-0.008989 0.907324 -0.420335
-0.009129 0.908134 -0.418581
-0.009402 0.907972 -0.418925
-0.009757 0.906960 -0.421104
-0.010158 0.905217 -0.424828
-0.010589 0.902832 -0.429863
-0.011035 0.899921 -0.435913
-0.011502 0.896527 -0.442839
-0.011993 0.892709 -0.450474
-0.012524 0.888473 -0.458758
-0.013136 0.883759 -0.467757
-0.013870 0.878518 -0.477509
-0.014808 0.872609 -0.488194
-0.016065 0.865852 -0.500043
-0.017794 0.858025 -0.513300
-0.020203 0.848861 -0.528230
-0.023547 0.838070 -0.545054
-0.028141 0.825344 -0.563928
-0.034322 0.810424 -0.584837
-0.042459 0.793076 -0.607641
-0.052930 0.773128 -0.632037
-0.066089 0.750500 -0.657558
-0.082221 0.725245 -0.683563
-0.101493 0.697595 -0.709267
-0.124078 0.667738 -0.733983
-0.149611 0.636508 -0.756620
-0.178162 0.604086 -0.776749
-0.208572 0.571980 -0.793308
-0.240933 0.540123 -0.806361
-0.274373 0.509423 -0.815603
-0.307530 0.481055 -0.820982
-0.339766 0.455332 -0.822941
-0.370941 0.432117 -0.821996
-0.399567 0.412298 -0.818753
-0.425724 0.395452 -0.813865
-0.448958 0.381575 -0.807984
-0.468945 0.370545 -0.801740
-0.485249 0.362282 -0.795792
-0.498122 0.356301 -0.790521
-0.507295 0.352424 -0.786415
-0.512726 0.350338 -0.783821
-0.514438 0.349702 -0.782982
-0.512524 0.350155 -0.784035
-0.507106 0.351348 -0.787019
-0.498553 0.352883 -0.791782
-0.486936 0.354507 -0.798259
-0.472660 0.355925 -0.806170
-0.456168 0.356904 -0.815187
-0.437241 0.357393 -0.825282
-0.416222 0.357267 -0.836134
-0.393170 0.356483 -0.847548
-0.368088 0.355032 -0.859339
-0.340950 0.352922 -0.871320
-0.311721 0.350182 -0.883290
-0.280752 0.346832 -0.894922
-0.247245 0.342992 -0.906215
-0.212057 0.338690 -0.916690
-0.174803 0.334062 -0.926200
-0.136029 0.329202 -0.934410
-0.095350 0.324303 -0.941135
-0.053420 0.319498 -0.946080
-0.009357 0.315134 -0.949001
0.035454 0.311306 -0.949648
0.081184 0.308329 -0.947809
0.127288 0.306420 -0.943347
0.173617 0.305904 -0.936098
0.219859 0.307101 -0.925933
0.265098 0.310053 -0.913012
0.308933 0.314899 -0.897440
0.351035 0.321741 -0.879350
0.391209 0.330709 -0.858829
0.429382 0.342012 -0.835858
0.465359 0.355711 -0.810500
0.499145 0.372182 -0.782518
0.530434 0.391382 -0.751970
0.559000 0.413414 -0.718755
0.584521 0.438190 -0.682880
0.606634 0.465263 -0.644613
0.625062 0.494029 -0.604345
0.639654 0.523617 -0.562732
0.650454 0.553069 -0.520599
0.657713 0.581413 -0.478928
0.661889 0.607684 -0.438888
0.663573 0.631212 -0.401550
0.663476 0.651375 -0.368116
0.662277 0.667952 -0.339455
0.660643 0.680740 -0.316457
0.659074 0.689825 -0.299605
0.657990 0.695198 -0.289393
0.657599 0.696987 -0.285958
VECTORS q3 float
0.767045 0.041803 -0.640230
0.768740 0.041463 -0.638216
0.773777 0.040542 -0.632159
0.781939 0.039345 -0.622112
0.792870 0.038350 -0.608183
0.806239 0.038147 -0.590358
0.821667 0.039392 -0.568605
0.838733 0.042741 -0.542862
0.856684 0.048709 -0.513536
0.875246 0.057814 -0.480211
0.893766 0.070303 -0.442990
0.911614 0.086246 -0.401897
0.928264 0.105666 -0.356595
0.943081 0.128444 -0.306757
0.955202 0.154077 -0.252686
0.963916 0.182358 -0.193935
0.968323 0.212768 -0.130694
0.967513 0.244806 -0.063150
0.960572 0.277908 0.008321
0.946672 0.311343 0.082930
0.925017 0.344502 0.160195
0.895266 0.376291 0.238546
0.857333 0.405776 0.316743
0.811501 0.432029 0.393469
0.758731 0.454100 0.467034
0.700208 0.471355 0.536221
0.637782 0.483336 0.599684
0.573598 0.489976 0.656437
0.509420 0.491623 0.706256
0.447251 0.488910 0.748955
0.388792 0.482744 0.784729
0.334929 0.474117 0.814270
0.286511 0.464082 0.838176
0.243681 0.453558 0.857266
0.207128 0.443557 0.871984
0.175961 0.434571 0.883282
0.150468 0.427285 0.891508
0.129705 0.421877 0.897328
0.113466 0.418563 0.901072
0.101057 0.417293 0.903136
0.092112 0.417949 0.903789
0.086226 0.420319 0.903270
0.083064 0.424146 0.901776
0.082339 0.429215 0.899442
0.083870 0.435237 0.896401
0.087542 0.442070 0.892698
0.093269 0.449541 0.888377
0.101029 0.457571 0.883415
0.110906 0.466199 0.877701
0.122923 0.475430 0.871123
0.137232 0.485401 0.863454
0.154000 0.496283 0.854393
0.173378 0.508252 0.843576
0.195523 0.521491 0.830553
0.220566 0.536126 0.814813
0.248637 0.552201 0.795773
0.279752 0.569579 0.772863
0.313904 0.587980 0.745482
0.350994 0.606943 0.713038
0.390796 0.625822 0.675000
0.432892 0.643793 0.630980
0.476638 0.659891 0.580827
0.521501 0.673185 0.524269
0.566065 0.682554 0.462267
0.609912 0.687248 0.394586
0.650964 0.686556 0.323863
0.689277 0.680135 0.249625
0.723727 0.667871 0.173685
0.753190 0.650323 0.098921
0.777677 0.628107 0.026452
0.797632 0.601558 -0.043712
0.812812 0.572341 -0.108454
0.824146 0.540782 -0.168339
0.832255 0.507708 -0.222676
0.837878 0.473767 -0.271119
0.841759 0.439819 -0.313052
0.844718 0.405230 -0.349628
0.847307 0.370478 -0.380548
0.850016 0.335565 -0.406042
0.853185 0.300502 -0.426350
0.857010 0.265400 -0.441698
0.861600 0.230078 -0.452448
0.866833 0.195801 -0.458545
0.872788 0.162228 -0.460352
0.879337 0.130324 -0.458020
0.886388 0.101005 -0.451789
0.894124 0.074019 -0.441660
0.902462 0.050053 -0.427852
0.911405 0.029308 -0.410465
0.920922 0.011858 -0.389567
0.930923 -0.002310 -0.365208
0.941257 -0.013246 -0.337430
0.951602 -0.020879 -0.306624
0.961946 -0.025387 -0.272059
0.971728 -0.026566 -0.234604
0.980733 -0.024250 -0.193842
0.988472 -0.018184 -0.150306
0.994598 -0.007920 -0.103496
0.998514 0.006845 -0.054069
0.999636 0.026948 -0.000907
0.997152 0.052268 0.054361
0.990218 0.083316 0.111920
0.977942 0.120031 0.170945
0.959293 0.162457 0.231008
0.933228 0.210268 0.291330
0.899289 0.262097 0.350120
0.857151 0.316705 0.406191
0.806920 0.372483 0.458407
0.749134 0.427620 0.505905
0.684673 0.480273 0.548233
0.615204 0.528362 0.585114
0.541976 0.570523 0.617063
0.467156 0.605249 0.644545
0.392280 0.631834 0.668508
0.318730 0.649969 0.689892
0.247893 0.659717 0.709452
0.180743 0.661586 0.727761
0.118140 0.656423 0.745085
0.060704 0.645363 0.761460
0.008906 0.629753 0.776744
-0.036803 0.611133 0.790672
-0.076287 0.591046 0.803022
-0.109323 0.571123 0.813552
-0.136059 0.552735 0.822175
-0.156517 0.537188 0.828813
-0.170979 0.525371 0.833518
-0.179526 0.518048 0.836300
-0.182367 0.515555 0.837225
