# vtk DataFile Version 2.0
VTK example
ASCII
DATASET UNSTRUCTURED_GRID
POINTS  128  float
-0.000100 -0.000115 -0.000219
-0.000094 -0.000109 -0.000215
-0.000088 -0.000104 -0.000212
-0.000082 -0.000098 -0.000208
-0.000076 -0.000092 -0.000205
-0.000070 -0.000086 -0.000201
-0.000065 -0.000081 -0.000197
-0.000059 -0.000075 -0.000193
-0.000053 -0.000070 -0.000188
-0.000048 -0.000064 -0.000183
-0.000043 -0.000059 -0.000178
-0.000038 -0.000053 -0.000172
-0.000034 -0.000048 -0.000166
-0.000030 -0.000043 -0.000160
-0.000026 -0.000039 -0.000153
-0.000022 -0.000034 -0.000146
-0.000019 -0.000030 -0.000139
-0.000017 -0.000026 -0.000131
-0.000014 -0.000023 -0.000123
-0.000012 -0.000019 -0.000115
-0.000011 -0.000016 -0.000107
-0.000009 -0.000013 -0.000098
-0.000008 -0.000010 -0.000090
-0.000007 -0.000008 -0.000081
-0.000006 -0.000005 -0.000072
-0.000005 -0.000003 -0.000064
-0.000004 -0.000000 -0.000055
-0.000003 0.000003 -0.000046
-0.000002 0.000005 -0.000038
-0.000001 0.000008 -0.000029
0.000000 0.000011 -0.000021
0.000001 0.000014 -0.000013
0.000003 0.000018 -0.000004
0.000004 0.000022 0.000004
0.000006 0.000026 0.000012
0.000008 0.000030 0.000019
0.000011 0.000035 0.000027
0.000013 0.000040 0.000034
0.000016 0.000045 0.000040
0.000020 0.000051 0.000046
0.000024 0.000057 0.000052
0.000028 0.000063 0.000057
0.000032 0.000069 0.000062
0.000037 0.000076 0.000065
0.000043 0.000083 0.000068
0.000048 0.000089 0.000071
0.000054 0.000096 0.000073
0.000060 0.000103 0.000074
0.000066 0.000109 0.000075
0.000073 0.000116 0.000075
0.000079 0.000122 0.000074
0.000086 0.000128 0.000074
0.000093 0.000133 0.000072
0.000100 0.000139 0.000071
0.000107 0.000144 0.000069
0.000114 0.000149 0.000067
0.000122 0.000154 0.000065
0.000129 0.000159 0.000063
0.000137 0.000163 0.000060
0.000145 0.000167 0.000058
0.000152 0.000171 0.000055
0.000160 0.000175 0.000053
0.000168 0.000178 0.000050
0.000176 0.000181 0.000047
0.000184 0.000184 0.000044
0.000192 0.000187 0.000042
0.000201 0.000189 0.000039
0.000209 0.000191 0.000036
0.000217 0.000193 0.000033
0.000226 0.000195 0.000030
0.000234 0.000196 0.000027
0.000243 0.000197 0.000024
0.000251 0.000198 0.000021
0.000260 0.000199 0.000018
0.000268 0.000199 0.000015
0.000277 0.000200 0.000012
0.000286 0.000200 0.000010
0.000294 0.000200 0.000008
0.000303 0.000200 0.000006
0.000312 0.000200 0.000004
0.000321 0.000200 0.000003
0.000330 0.000200 0.000002
0.000339 0.000200 0.000002
0.000348 0.000200 0.000002
0.000357 0.000200 0.000002
0.000366 0.000201 0.000003
0.000375 0.000201 0.000005
0.000384 0.000202 0.000008
0.000392 0.000203 0.000011
0.000400 0.000204 0.000015
0.000408 0.000206 0.000019
0.000415 0.000208 0.000024
0.000422 0.000210 0.000030
0.000428 0.000213 0.000036
0.000433 0.000216 0.000043
0.000438 0.000219 0.000050
0.000441 0.000222 0.000058
0.000444 0.000226 0.000065
0.000447 0.000230 0.000073
0.000448 0.000234 0.000081
0.000449 0.000238 0.000089
0.000450 0.000242 0.000097
0.000450 0.000246 0.000106
0.000449 0.000250 0.000114
0.000448 0.000254 0.000122
0.000447 0.000258 0.000130
0.000445 0.000262 0.000137
0.000443 0.000266 0.000145
0.000441 0.000270 0.000153
0.000438 0.000275 0.000161
0.000436 0.000279 0.000168
0.000433 0.000283 0.000175
0.000430 0.000288 0.000183
0.000427 0.000292 0.000190
0.000424 0.000297 0.000197
0.000421 0.000301 0.000205
0.000418 0.000306 0.000212
0.000414 0.000310 0.000219
0.000411 0.000314 0.000226
0.000408 0.000319 0.000234
0.000405 0.000323 0.000241
0.000402 0.000327 0.000248
0.000399 0.000332 0.000256
0.000396 0.000336 0.000263
0.000393 0.000340 0.000271
0.000390 0.000344 0.000278
0.000387 0.000348 0.000286
0.000384 0.000352 0.000293
CELLS  127 381
2 0 1 
2 1 2 
2 2 3 
2 3 4 
2 4 5 
2 5 6 
2 6 7 
2 7 8 
2 8 9 
2 9 10 
2 10 11 
2 11 12 
2 12 13 
2 13 14 
2 14 15 
2 15 16 
2 16 17 
2 17 18 
2 18 19 
2 19 20 
2 20 21 
2 21 22 
2 22 23 
2 23 24 
2 24 25 
2 25 26 
2 26 27 
2 27 28 
2 28 29 
2 29 30 
2 30 31 
2 31 32 
2 32 33 
2 33 34 
2 34 35 
2 35 36 
2 36 37 
2 37 38 
2 38 39 
2 39 40 
2 40 41 
2 41 42 
2 42 43 
2 43 44 
2 44 45 
2 45 46 
2 46 47 
2 47 48 
2 48 49 
2 49 50 
2 50 51 
2 51 52 
2 52 53 
2 53 54 
2 54 55 
2 55 56 
2 56 57 
2 57 58 
2 58 59 
2 59 60 
2 60 61 
2 61 62 
2 62 63 
2 63 64 
2 64 65 
2 65 66 
2 66 67 
2 67 68 
2 68 69 
2 69 70 
2 70 71 
2 71 72 
2 72 73 
2 73 74 
2 74 75 
2 75 76 
2 76 77 
2 77 78 
2 78 79 
2 79 80 
2 80 81 
2 81 82 
2 82 83 
2 83 84 
2 84 85 
2 85 86 
2 86 87 
2 87 88 
2 88 89 
2 89 90 
2 90 91 
2 91 92 
2 92 93 
2 93 94 
2 94 95 
2 95 96 
2 96 97 
2 97 98 
2 98 99 
2 99 100 
2 100 101 
2 101 102 
2 102 103 
2 103 104 
2 104 105 
2 105 106 
2 106 107 
2 107 108 
2 108 109 
2 109 110 
2 110 111 
2 111 112 
2 112 113 
2 113 114 
2 114 115 
2 115 116 
2 116 117 
2 117 118 
2 118 119 
2 119 120 
2 120 121 
2 121 122 
2 122 123 
2 123 124 
2 124 125 
2 125 126 
2 126 127 
CELL_TYPES  127
3
3
3
3
3
3
3
3
3
3
3
3
3
3
3
3
3
3
3
3
3
3
3
3
3
3
3
3
3
3
3
3
3
3
3
3
3
3
3
3
3
3
3
3
3
3
3
3
3
3
3
3
3
3
3
3
3
3
3
3
3
3
3
3
3
3
3
3
3
3
3
3
3
3
3
3
3
3
3
3
3
3
3
3
3
3
3
3
3
3
3
3
3
3
3
3
3
3
3
3
3
3
3
3
3
3
3
3
3
3
3
3
3
3
3
3
3
3
3
3
3
3
3
3
3
3
3
POINT_DATA  128
VECTORS Position float
-0.000100 -0.000115 -0.000219
-0.000094 -0.000109 -0.000215
-0.000088 -0.000104 -0.000212
-0.000082 -0.000098 -0.000208
-0.000076 -0.000092 -0.000205
-0.000070 -0.000086 -0.000201
-0.000065 -0.000081 -0.000197
-0.000059 -0.000075 -0.000193
-0.000053 -0.000070 -0.000188
-0.000048 -0.000064 -0.000183
-0.000043 -0.000059 -0.000178
-0.000038 -0.000053 -0.000172
-0.000034 -0.000048 -0.000166
-0.000030 -0.000043 -0.000160
-0.000026 -0.000039 -0.000153
-0.000022 -0.000034 -0.000146
-0.000019 -0.000030 -0.000139
-0.000017 -0.000026 -0.000131
-0.000014 -0.000023 -0.000123
-0.000012 -0.000019 -0.000115
-0.000011 -0.000016 -0.000107
-0.000009 -0.000013 -0.000098
-0.000008 -0.000010 -0.000090
-0.000007 -0.000008 -0.000081
-0.000006 -0.000005 -0.000072
-0.000005 -0.000003 -0.000064
-0.000004 -0.000000 -0.000055
-0.000003 0.000003 -0.000046
-0.000002 0.000005 -0.000038
-0.000001 0.000008 -0.000029
0.000000 0.000011 -0.000021
0.000001 0.000014 -0.000013
0.000003 0.000018 -0.000004
0.000004 0.000022 0.000004
0.000006 0.000026 0.000012
0.000008 0.000030 0.000019
0.000011 0.000035 0.000027
0.000013 0.000040 0.000034
0.000016 0.000045 0.000040
0.000020 0.000051 0.000046
0.000024 0.000057 0.000052
0.000028 0.000063 0.000057
0.000032 0.000069 0.000062
0.000037 0.000076 0.000065
0.000043 0.000083 0.000068
0.000048 0.000089 0.000071
0.000054 0.000096 0.000073
0.000060 0.000103 0.000074
0.000066 0.000109 0.000075
0.000073 0.000116 0.000075
0.000079 0.000122 0.000074
0.000086 0.000128 0.000074
0.000093 0.000133 0.000072
0.000100 0.000139 0.000071
0.000107 0.000144 0.000069
0.000114 0.000149 0.000067
0.000122 0.000154 0.000065
0.000129 0.000159 0.000063
0.000137 0.000163 0.000060
0.000145 0.000167 0.000058
0.000152 0.000171 0.000055
0.000160 0.000175 0.000053
0.000168 0.000178 0.000050
0.000176 0.000181 0.000047
0.000184 0.000184 0.000044
0.000192 0.000187 0.000042
0.000201 0.000189 0.000039
0.000209 0.000191 0.000036
0.000217 0.000193 0.000033
0.000226 0.000195 0.000030
0.000234 0.000196 0.000027
0.000243 0.000197 0.000024
0.000251 0.000198 0.000021
0.000260 0.000199 0.000018
0.000268 0.000199 0.000015
0.000277 0.000200 0.000012
0.000286 0.000200 0.000010
0.000294 0.000200 0.000008
0.000303 0.000200 0.000006
0.000312 0.000200 0.000004
0.000321 0.000200 0.000003
0.000330 0.000200 0.000002
0.000339 0.000200 0.000002
0.000348 0.000200 0.000002
0.000357 0.000200 0.000002
0.000366 0.000201 0.000003
0.000375 0.000201 0.000005
0.000384 0.000202 0.000008
0.000392 0.000203 0.000011
0.000400 0.000204 0.000015
0.000408 0.000206 0.000019
0.000415 0.000208 0.000024
0.000422 0.000210 0.000030
0.000428 0.000213 0.000036
0.000433 0.000216 0.000043
0.000438 0.000219 0.000050
0.000441 0.000222 0.000058
0.000444 0.000226 0.000065
0.000447 0.000230 0.000073
0.000448 0.000234 0.000081
0.000449 0.000238 0.000089
0.000450 0.000242 0.000097
0.000450 0.000246 0.000106
0.000449 0.000250 0.000114
0.000448 0.000254 0.000122
0.000447 0.000258 0.000130
0.000445 0.000262 0.000137
0.000443 0.000266 0.000145
0.000441 0.000270 0.000153
0.000438 0.000275 0.000161
0.000436 0.000279 0.000168
0.000433 0.000283 0.000175
0.000430 0.000288 0.000183
0.000427 0.000292 0.000190
0.000424 0.000297 0.000197
0.000421 0.000301 0.000205
0.000418 0.000306 0.000212
0.000414 0.000310 0.000219
0.000411 0.000314 0.000226
0.000408 0.000319 0.000234
0.000405 0.000323 0.000241
0.000402 0.000327 0.000248
0.000399 0.000332 0.000256
0.000396 0.000336 0.000263
0.000393 0.000340 0.000271
0.000390 0.000344 0.000278
0.000387 0.000348 0.000286
0.000384 0.000352 0.000293
VECTORS Rotation float
0.547790 0.686921 -1.062415
0.545747 0.686754 -1.059424
0.539567 0.686214 -1.050348
0.529184 0.685178 -1.035037
0.514540 0.683436 -1.013334
0.495476 0.680650 -0.984860
0.471894 0.676357 -0.949286
0.443849 0.669972 -0.906449
0.412105 0.660979 -0.857293
0.376930 0.648651 -0.801808
0.339432 0.632525 -0.741316
0.300895 0.612355 -0.677401
0.262436 0.588029 -0.611383
0.225233 0.559769 -0.544787
0.190719 0.528504 -0.479888
0.159510 0.495001 -0.417726
0.132236 0.460543 -0.359745
0.109115 0.426437 -0.306923
0.090089 0.393975 -0.259946
0.074926 0.364411 -0.219337
0.063157 0.338582 -0.185069
0.054399 0.317390 -0.157313
0.048182 0.301299 -0.135809
0.044079 0.290513 -0.120145
0.041758 0.285084 -0.109900
0.040947 0.284868 -0.104562
0.041477 0.289644 -0.103694
0.043256 0.299128 -0.106931
0.046278 0.313099 -0.114055
0.050624 0.331309 -0.124986
0.056466 0.353552 -0.139812
0.064119 0.379825 -0.158912
0.074005 0.410001 -0.182752
0.086760 0.444132 -0.212129
0.102942 0.481496 -0.247387
0.123774 0.522454 -0.290141
0.149911 0.565550 -0.340506
0.183048 0.610674 -0.400468
0.223981 0.655917 -0.470185
0.274325 0.700167 -0.551243
0.334480 0.741169 -0.643392
0.404310 0.776848 -0.745977
0.482529 0.805279 -0.857158
0.567483 0.825168 -0.975059
0.654706 0.835436 -1.094372
0.740893 0.836156 -1.211608
0.821865 0.828047 -1.322061
0.894876 0.812446 -1.422685
0.958818 0.790810 -1.512311
1.012872 0.764827 -1.589816
1.057593 0.735848 -1.655734
1.093881 0.704986 -1.710966
1.122737 0.673148 -1.756513
1.145214 0.640981 -1.793473
1.162294 0.608936 -1.822899
1.174887 0.577249 -1.845820
1.183773 0.546095 -1.863149
1.189676 0.515491 -1.875812
1.193250 0.485367 -1.884725
1.195078 0.455595 -1.890791
1.195663 0.426041 -1.894878
1.195416 0.396602 -1.897777
1.194661 0.366995 -1.900172
1.193572 0.337482 -1.902530
1.192284 0.307652 -1.905160
1.190736 0.278305 -1.908039
1.188964 0.248859 -1.911063
1.186886 0.219673 -1.913851
1.184383 0.191479 -1.915845
1.181441 0.164367 -1.916448
1.178130 0.138088 -1.914998
1.174426 0.113652 -1.910893
1.170484 0.090791 -1.903484
1.166428 0.069818 -1.892292
1.162392 0.051009 -1.876938
1.158479 0.034826 -1.857354
1.154856 0.021088 -1.832874
1.151583 0.010186 -1.803704
1.148703 0.002312 -1.769877
1.146217 -0.002346 -1.731482
1.144072 -0.003601 -1.688617
1.142188 -0.001254 -1.640785
1.140354 0.004826 -1.589135
1.138381 0.014975 -1.532297
1.135945 0.029257 -1.470804
1.132701 0.047595 -1.405300
1.128148 0.070474 -1.334091
1.121779 0.097540 -1.257987
1.113029 0.128505 -1.177056
1.101331 0.162841 -1.091468
1.086171 0.199723 -1.001554
1.067167 0.238030 -0.907820
1.044484 0.275956 -0.812157
1.017586 0.312939 -0.713139
0.987641 0.346622 -0.614356
0.955045 0.376253 -0.515994
0.921290 0.400720 -0.420770
0.887033 0.420108 -0.328968
0.853824 0.434481 -0.242986
0.821557 0.444877 -0.161590
0.791766 0.451979 -0.087414
0.764352 0.456979 -0.019719
0.739469 0.460878 0.041465
0.716797 0.464532 0.096961
0.696031 0.468515 0.147465
0.677218 0.473081 0.192916
0.660185 0.478287 0.233701
0.644841 0.483991 0.270051
0.631152 0.489934 0.302104
0.619116 0.495811 0.329960
0.608845 0.501271 0.353516
0.600324 0.506047 0.372926
0.593641 0.509850 0.388149
0.588761 0.512482 0.399369
0.585610 0.513791 0.406828
0.584071 0.513679 0.410827
0.583966 0.512118 0.411762
0.585070 0.509164 0.410101
0.587117 0.504964 0.406375
0.589821 0.499761 0.401160
0.592886 0.493886 0.395053
0.596049 0.487702 0.388598
0.599071 0.481617 0.382313
0.601775 0.475992 0.376595
0.604010 0.471202 0.371806
0.605681 0.467527 0.368186
0.606706 0.465233 0.365950
0.607053 0.464449 0.365190
VECTORS ControlForce float
-0.000000 -0.000000 0.000000
-0.000067 -0.000063 0.000061
-0.000125 -0.000128 0.000133
-0.000166 -0.000194 0.000213
-0.000152 -0.000226 0.000282
-0.000099 -0.000235 0.000348
0.000005 -0.000195 0.000411
0.000130 -0.000118 0.000472
0.000272 0.000003 0.000512
0.000415 0.000158 0.000531
0.000539 0.000319 0.000532
0.000653 0.000490 0.000505
0.000761 0.000665 0.000448
0.000835 0.000799 0.000378
0.000864 0.000876 0.000301
0.000852 0.000909 0.000208
0.000787 0.000887 0.000109
0.000664 0.000808 0.000014
0.000486 0.000671 -0.000060
0.000281 0.000503 -0.000123
0.000072 0.000323 -0.000171
-0.000121 0.000141 -0.000201
-0.000278 -0.000029 -0.000208
-0.000379 -0.000165 -0.000196
-0.000413 -0.000247 -0.000181
-0.000383 -0.000280 -0.000153
-0.000300 -0.000264 -0.000119
-0.000180 -0.000207 -0.000088
-0.000044 -0.000129 -0.000052
0.000091 -0.000041 -0.000023
0.000207 0.000034 0.000015
0.000293 0.000090 0.000055
0.000335 0.000110 0.000104
0.000336 0.000097 0.000148
0.000295 0.000043 0.000183
0.000211 -0.000066 0.000223
0.000094 -0.000214 0.000249
-0.000036 -0.000366 0.000251
-0.000177 -0.000517 0.000234
-0.000304 -0.000636 0.000192
-0.000412 -0.000715 0.000129
-0.000470 -0.000718 0.000039
-0.000474 -0.000651 -0.000060
-0.000433 -0.000535 -0.000142
-0.000355 -0.000383 -0.000205
-0.000264 -0.000231 -0.000242
-0.000176 -0.000094 -0.000257
-0.000091 0.000029 -0.000258
-0.000007 0.000137 -0.000246
0.000064 0.000216 -0.000228
0.000118 0.000263 -0.000206
0.000149 0.000277 -0.000183
0.000168 0.000277 -0.000162
0.000190 0.000286 -0.000142
0.000220 0.000305 -0.000123
0.000264 0.000345 -0.000104
0.000322 0.000407 -0.000084
0.000374 0.000469 -0.000066
0.000407 0.000519 -0.000051
0.000408 0.000540 -0.000041
0.000366 0.000514 -0.000038
0.000285 0.000443 -0.000042
0.000165 0.000321 -0.000051
0.000020 0.000157 -0.000071
-0.000124 -0.000011 -0.000093
-0.000256 -0.000177 -0.000126
-0.000360 -0.000315 -0.000148
-0.000442 -0.000428 -0.000167
-0.000497 -0.000502 -0.000195
-0.000512 -0.000507 -0.000221
-0.000493 -0.000457 -0.000228
-0.000450 -0.000370 -0.000225
-0.000399 -0.000274 -0.000203
-0.000354 -0.000196 -0.000163
-0.000302 -0.000104 -0.000113
-0.000240 0.000003 -0.000062
-0.000177 0.000105 -0.000007
-0.000120 0.000195 0.000045
-0.000094 0.000230 0.000082
-0.000107 0.000198 0.000106
-0.000149 0.000117 0.000129
-0.000199 0.000029 0.000164
-0.000232 -0.000017 0.000202
-0.000253 -0.000042 0.000249
-0.000249 -0.000044 0.000298
-0.000212 -0.000027 0.000340
-0.000121 0.000017 0.000385
0.000034 0.000088 0.000420
0.000235 0.000135 0.000437
0.000477 0.000171 0.000419
0.000733 0.000196 0.000356
0.000950 0.000188 0.000250
0.001079 0.000161 0.000111
0.001079 0.000134 -0.000034
0.000934 0.000116 -0.000168
0.000663 0.000131 -0.000286
0.000306 0.000156 -0.000369
-0.000066 0.000169 -0.000397
-0.000386 0.000156 -0.000371
-0.000598 0.000122 -0.000302
-0.000687 0.000071 -0.000234
-0.000657 -0.000003 -0.000178
-0.000536 -0.000095 -0.000141
-0.000352 -0.000198 -0.000104
-0.000152 -0.000289 -0.000074
0.000029 -0.000355 -0.000065
0.000168 -0.000392 -0.000078
0.000239 -0.000399 -0.000114
0.000256 -0.000388 -0.000156
0.000225 -0.000368 -0.000196
0.000160 -0.000345 -0.000230
0.000081 -0.000324 -0.000251
-0.000009 -0.000301 -0.000267
-0.000104 -0.000275 -0.000277
-0.000202 -0.000240 -0.000284
-0.000293 -0.000199 -0.000285
-0.000394 -0.000145 -0.000294
-0.000497 -0.000082 -0.000311
-0.000580 -0.000019 -0.000324
-0.000620 0.000035 -0.000322
-0.000615 0.000078 -0.000306
-0.000569 0.000104 -0.000277
-0.000503 0.000118 -0.000246
-0.000430 0.000120 -0.000218
-0.000345 0.000108 -0.000184
-0.000239 0.000081 -0.000133
-0.000121 0.000043 -0.000070
0.000000 -0.000000 -0.000000
VECTORS ControlTorque float
-0.000001 0.000001 -0.000000
-0.000001 0.000001 -0.000001
-0.000001 0.000002 -0.000001
-0.000001 0.000001 -0.000000
-0.000001 0.000002 -0.000001
-0.000001 0.000002 -0.000000
-0.000002 0.000002 -0.000001
-0.000001 0.000001 -0.000000
-0.000002 0.000002 -0.000000
-0.000001 0.000002 -0.000000
-0.000001 0.000001 -0.000000
-0.000001 0.000001 -0.000000
-0.000001 0.000001 -0.000000
-0.000000 -0.000000 0.000000
-0.000000 0.000000 0.000000
0.000000 -0.000001 0.000000
0.000001 -0.000001 0.000000
0.000001 -0.000001 0.000000
0.000002 -0.000002 0.000000
0.000002 -0.000002 0.000000
0.000002 -0.000002 0.000000
0.000002 -0.000002 0.000000
0.000002 -0.000002 0.000000
0.000002 -0.000002 0.000000
0.000002 -0.000002 0.000000
0.000002 -0.000002 0.000000
0.000002 -0.000002 0.000000
0.000002 -0.000001 0.000000
0.000002 -0.000001 0.000000
0.000002 -0.000001 0.000000
0.000002 -0.000001 0.000000
0.000002 -0.000001 0.000000
0.000002 -0.000002 0.000000
0.000001 -0.000001 0.000000
0.000003 -0.000003 0.000001
0.000001 -0.000001 0.000000
0.000003 -0.000003 0.000001
0.000001 -0.000001 0.000001
0.000002 -0.000002 0.000001
0.000000 -0.000001 0.000001
0.000000 -0.000001 0.000001
-0.000001 -0.000000 0.000001
0.000000 -0.000001 0.000001
-0.000002 0.000001 0.000000
-0.000001 0.000000 0.000001
-0.000002 0.000001 0.000000
-0.000002 0.000001 0.000000
-0.000001 0.000001 0.000001
-0.000002 0.000002 0.000000
-0.000002 0.000002 0.000000
-0.000001 0.000002 0.000000
-0.000001 0.000002 0.000000
-0.000001 0.000002 0.000000
-0.000001 0.000002 -0.000000
-0.000001 0.000001 0.000000
-0.000001 0.000001 -0.000000
-0.000001 0.000001 -0.000000
-0.000001 0.000001 -0.000000
-0.000001 0.000001 0.000000
-0.000000 0.000001 0.000000
-0.000000 0.000000 -0.000000
-0.000000 0.000000 0.000000
-0.000000 -0.000000 -0.000000
0.000000 -0.000000 0.000001
-0.000000 -0.000000 -0.000001
0.000000 -0.000000 0.000000
-0.000000 0.000000 0.000000
-0.000000 0.000000 -0.000001
-0.000000 0.000001 -0.000001
-0.000000 0.000001 0.000000
-0.000001 0.000001 -0.000001
-0.000000 0.000001 -0.000000
-0.000000 0.000002 -0.000001
-0.000000 0.000002 -0.000001
-0.000000 0.000001 -0.000001
-0.000000 0.000002 -0.000001
-0.000000 0.000002 -0.000001
-0.000000 0.000002 -0.000001
-0.000000 0.000002 -0.000001
-0.000000 0.000002 -0.000001
-0.000000 0.000003 -0.000002
-0.000000 0.000000 -0.000001
0.000000 0.000003 -0.000002
0.000000 0.000002 -0.000002
0.000000 0.000001 -0.000001
0.000000 0.000003 -0.000002
0.000000 0.000002 -0.000002
0.000001 0.000002 -0.000002
0.000001 0.000002 -0.000002
0.000001 0.000001 -0.000001
0.000001 0.000002 -0.000001
0.000000 -0.000001 0.000000
0.000001 0.000003 -0.000002
-0.000000 -0.000003 0.000001
-0.000000 0.000000 0.000000
-0.000000 -0.000003 0.000002
-0.000000 -0.000001 0.000001
-0.000001 -0.000004 0.000002
-0.000000 -0.000000 0.000000
-0.000000 -0.000004 0.000002
0.000000 -0.000002 0.000001
0.000000 -0.000003 0.000001
0.000000 -0.000002 0.000001
0.000001 -0.000001 0.000001
0.000000 -0.000002 0.000001
0.000000 -0.000002 0.000001
0.000000 -0.000002 0.000001
0.000000 -0.000001 0.000001
-0.000000 -0.000001 0.000001
-0.000000 -0.000002 0.000001
-0.000000 -0.000001 0.000001
-0.000001 -0.000001 0.000001
-0.000001 -0.000001 0.000000
-0.000001 -0.000001 0.000000
-0.000001 -0.000001 0.000000
-0.000001 -0.000001 0.000000
-0.000001 -0.000001 0.000000
-0.000001 -0.000001 0.000000
-0.000000 -0.000000 0.000000
-0.000000 -0.000000 0.000000
-0.000000 -0.000000 0.000000
0.000000 0.000000 -0.000000
0.000000 0.000000 -0.000000
0.000000 0.000000 -0.000000
0.000000 0.000000 -0.000000
0.000001 0.000000 -0.000000
0.000001 0.000000 -0.000000
0.000001 0.000001 -0.000000
VECTORS Curvature float
84.354203 -118.688888 9.405559
275.995257 -386.862811 29.445318
616.622141 -862.027350 62.966036
925.331570 -1286.157606 89.438281
1263.713771 -1740.208490 112.880008
1634.524299 -2221.935490 131.019242
2066.345368 -2761.554654 143.528956
2473.178356 -3242.013290 150.660800
2892.400639 -3706.417125 152.161607
3353.716838 -4199.457056 149.268866
3737.317253 -4571.374883 142.570778
4080.886587 -4879.681109 132.733093
4414.358150 -5167.312509 120.524123
4603.424556 -5289.002437 107.630663
4674.460716 -5278.972550 92.434574
4664.497287 -5191.888330 77.096920
4497.828595 -4944.203982 60.628385
4226.035298 -4600.128261 43.533513
3825.725532 -4138.712007 26.111937
3354.370666 -3625.873916 8.141273
2812.397358 -3066.696545 -9.226218
2196.983841 -2458.917817 -26.383475
1577.462101 -1878.769125 -42.524591
952.756051 -1321.355132 -57.320857
341.956378 -803.783830 -70.403854
-243.841971 -332.812288 -81.402493
-797.274035 98.091037 -89.992393
-1321.548908 492.959867 -95.848239
-1826.152280 867.288858 -98.659195
-2294.643835 1223.836822 -98.071881
-2768.930808 1594.683316 -94.054122
-3240.408605 1981.696541 -86.132338
-3763.642808 2429.932168 -75.129233
-4203.388868 2848.134603 -59.445887
-4709.640950 3348.934560 -42.979041
-5167.941188 3836.410012 -21.085863
-5587.554147 4337.207959 -1.254365
-6002.361541 4853.366303 22.697187
-6297.844636 5316.782019 42.805281
-6573.807861 5786.667250 63.684179
-6644.750949 6114.347437 80.366897
-6573.520169 6331.412408 93.468909
-6469.755394 6554.003136 100.300560
-6223.739270 6642.440183 102.747604
-5833.808849 6610.485721 97.765523
-5420.810882 6552.718018 88.222900
-4872.409502 6339.261380 74.464022
-4346.509071 6149.876338 59.433397
-3797.657007 5908.558298 43.707077
-3218.983399 5599.632858 30.043091
-2682.072718 5319.794215 18.960115
-2161.628137 5026.971467 11.526302
-1665.518055 4730.897038 8.530896
-1198.945687 4440.186643 10.336015
-765.864199 4169.157138 17.197014
-368.860988 3917.640521 28.895614
-11.880505 3685.206099 45.166733
296.696217 3490.535082 65.329274
550.698334 3335.783101 88.605742
745.911577 3227.174979 114.120322
874.334383 3143.461763 141.066840
955.646277 3135.218564 168.593318
974.832982 3115.398496 196.082664
971.904021 3154.311763 222.815654
937.109778 3143.053888 248.371505
900.376045 3103.316757 272.197410
921.991135 3161.892431 293.697585
945.380828 3058.322963 312.156292
997.042480 2852.673847 327.435390
1157.025853 2726.717954 339.059791
1345.549818 2486.880169 346.931341
1571.252734 2152.356619 350.776448
1884.579889 1847.361812 351.066037
2227.399114 1461.887708 347.804368
2523.997144 1012.364297 341.552382
2878.739665 540.037282 331.804311
3284.613279 54.050476 319.625037
3601.962425 -466.854277 304.263192
3926.779779 -1001.566082 285.778946
4192.971962 -1533.648518 263.746542
4562.344920 -2139.095105 238.372218
4802.354301 -2699.578688 208.964863
5035.118709 -3288.707742 176.715035
5429.972937 -4006.375275 141.050128
5554.888094 -4548.817950 102.263393
5824.454054 -5226.653123 63.694689
6186.231369 -6003.401002 22.265068
6384.815637 -6642.359977 -17.847105
6596.920668 -7288.615655 -57.326249
6748.467893 -7850.675535 -95.358127
6904.133423 -8382.226162 -130.313949
6822.235029 -8558.588769 -165.532665
6865.444892 -8802.654521 -190.779586
6838.025435 -8865.182482 -219.970933
6628.279631 -8582.148967 -237.646790
6399.740921 -8199.771088 -254.886793
6115.396920 -7682.200873 -263.364136
5754.110703 -7073.671365 -269.731621
5443.336053 -6545.384028 -269.109713
5085.026836 -6041.645614 -266.965289
4537.452612 -5391.793714 -259.840436
4065.762622 -4928.810838 -250.480586
3557.218161 -4498.529231 -238.278666
3126.602129 -4222.245734 -223.998085
2678.437825 -3942.864573 -208.014491
2229.734470 -3638.086202 -190.638336
1836.705456 -3355.847929 -172.410262
1486.509719 -3055.180060 -153.863585
1190.028239 -2746.840474 -135.557232
933.101213 -2398.622538 -118.016453
720.756580 -2032.151010 -101.609677
550.204349 -1652.489143 -86.690040
412.350007 -1251.517230 -73.368800
313.571823 -866.110350 -61.685349
245.280766 -491.784266 -51.567588
204.207597 -141.040419 -42.869040
185.901012 174.309921 -35.407830
183.956537 443.954609 -29.024131
192.335020 658.628671 -23.576480
203.321711 807.098205 -18.951174
212.159926 889.927821 -15.040788
213.402133 904.303875 -11.756779
204.796069 858.474610 -8.991812
184.384081 758.505261 -6.673409
151.520257 611.127977 -4.686228
109.411213 434.113081 -3.010821
51.495247 202.299875 -1.340579
16.842472 65.706127 -0.392004
VECTORS LocalRotation float
-0.336499 -0.057406 -0.035845
-0.334863 -0.059701 -0.035669
-0.330838 -0.065332 -0.035252
-0.323886 -0.075018 -0.034565
-0.313955 -0.088748 -0.033647
-0.300790 -0.106746 -0.032539
-0.284025 -0.129320 -0.031296
-0.263586 -0.156351 -0.029971
-0.239209 -0.187920 -0.028595
-0.210968 -0.223664 -0.027232
-0.178900 -0.263329 -0.025913
-0.143420 -0.306219 -0.024663
-0.104914 -0.351759 -0.023515
-0.064212 -0.398954 -0.022486
-0.022134 -0.446882 -0.021578
0.020123 -0.494262 -0.020811
0.061599 -0.540146 -0.020188
0.101100 -0.583362 -0.019716
0.137552 -0.622924 -0.019401
0.170114 -0.658137 -0.019245
0.197980 -0.688378 -0.019250
0.220665 -0.713401 -0.019411
0.237776 -0.733066 -0.019724
0.249234 -0.747557 -0.020176
0.255101 -0.757187 -0.020755
0.255544 -0.762325 -0.021441
0.250839 -0.763386 -0.022216
0.241242 -0.760709 -0.023057
0.227005 -0.754556 -0.023937
0.208348 -0.745089 -0.024828
0.185349 -0.732287 -0.025700
0.158103 -0.716072 -0.026517
0.126360 -0.696078 -0.027248
0.090459 -0.672294 -0.027855
0.049924 -0.644111 -0.028321
0.005456 -0.611763 -0.028609
-0.043487 -0.574569 -0.028711
-0.095805 -0.533081 -0.028614
-0.151664 -0.486896 -0.028316
-0.209784 -0.436760 -0.027836
-0.269551 -0.382950 -0.027184
-0.329442 -0.326560 -0.026397
-0.388713 -0.268005 -0.025516
-0.446015 -0.208434 -0.024599
-0.500690 -0.148338 -0.023690
-0.551538 -0.088867 -0.022850
-0.598128 -0.030514 -0.022114
-0.639947 0.026140 -0.021506
-0.676758 0.080642 -0.021040
-0.708553 0.132791 -0.020706
-0.735296 0.182276 -0.020484
-0.757224 0.229116 -0.020346
-0.774548 0.273288 -0.020255
-0.787516 0.314806 -0.020169
-0.796414 0.353796 -0.020045
-0.801549 0.390392 -0.019836
-0.803273 0.424814 -0.019501
-0.801983 0.457310 -0.019000
-0.798146 0.488222 -0.018303
-0.792275 0.517936 -0.017386
-0.784938 0.546787 -0.016230
-0.776637 0.575266 -0.014825
-0.767920 0.603492 -0.013179
-0.759077 0.631970 -0.011276
-0.750483 0.660320 -0.009155
-0.742089 0.688855 -0.006777
-0.733853 0.717171 -0.004219
-0.725463 0.745119 -0.001497
-0.716641 0.771965 0.001408
-0.706811 0.797425 0.004449
-0.695557 0.820870 0.007534
-0.682259 0.842021 0.010715
-0.666615 0.860127 0.013892
-0.648077 0.875046 0.017043
-0.626692 0.886182 0.020146
-0.602070 0.893257 0.023214
-0.574291 0.895935 0.026150
-0.543187 0.894070 0.028968
-0.509101 0.887422 0.031640
-0.472261 0.875919 0.034133
-0.432466 0.859226 0.036415
-0.390351 0.837465 0.038427
-0.345493 0.810159 0.040186
-0.298299 0.777261 0.041619
-0.248722 0.738650 0.042717
-0.196711 0.693969 0.043475
-0.142451 0.643236 0.043864
-0.085625 0.586072 0.043884
-0.026910 0.523064 0.043544
0.033454 0.454585 0.042853
0.095185 0.381188 0.041833
0.157189 0.304663 0.040496
0.219664 0.225422 0.038870
0.281274 0.145987 0.037023
0.342338 0.066871 0.034948
0.401150 -0.008887 0.032725
0.458064 -0.081112 0.030368
0.511760 -0.147866 0.027956
0.562797 -0.209940 0.025500
0.609983 -0.266352 0.023098
0.653554 -0.318124 0.020712
0.692519 -0.364867 0.018401
0.727201 -0.407758 0.016177
0.757547 -0.447352 0.014078
0.783726 -0.484175 0.012130
0.805919 -0.518453 0.010328
0.824332 -0.550122 0.008684
0.839394 -0.579180 0.007205
0.851527 -0.605481 0.005893
0.861133 -0.628760 0.004746
0.868632 -0.648851 0.003750
0.874375 -0.665501 0.002899
0.878736 -0.678658 0.002174
0.882026 -0.688255 0.001562
0.884556 -0.694402 0.001049
0.886591 -0.697268 0.000621
0.888357 -0.697117 0.000267
0.890032 -0.694318 -0.000025
0.891736 -0.689326 -0.000263
0.893526 -0.682692 -0.000455
0.895409 -0.675003 -0.000609
0.897335 -0.666884 -0.000731
0.899230 -0.658893 -0.000825
0.900991 -0.651578 -0.000896
0.902513 -0.645371 -0.000947
0.903692 -0.640649 -0.000982
0.904422 -0.637761 -0.001002
0.904731 -0.636551 -0.001009
VECTORS q1 float
0.704042 -0.402685 -0.584952
0.705285 -0.401391 -0.584344
0.709049 -0.397474 -0.582463
0.715367 -0.390892 -0.579183
0.724249 -0.381605 -0.574318
0.735772 -0.369503 -0.567546
0.749962 -0.354503 -0.558467
0.766747 -0.336595 -0.546628
0.785601 -0.316182 -0.531845
0.806377 -0.293313 -0.513540
0.828412 -0.268538 -0.491549
0.850970 -0.242523 -0.465869
0.873425 -0.215858 -0.436503
0.895093 -0.189248 -0.403726
0.915093 -0.163701 -0.368519
0.933020 -0.139769 -0.331569
0.948444 -0.118113 -0.294114
0.961208 -0.099147 -0.257391
0.971361 -0.083075 -0.222612
0.979108 -0.069940 -0.190933
0.984821 -0.059531 -0.163042
0.988849 -0.051656 -0.139674
0.991577 -0.045994 -0.121073
0.993340 -0.042218 -0.107209
0.994388 -0.040061 -0.097914
0.994905 -0.039286 -0.092842
0.994999 -0.039738 -0.091640
0.994718 -0.041322 -0.093958
0.994061 -0.044012 -0.099529
0.992980 -0.047850 -0.108169
0.991387 -0.052945 -0.119786
0.989130 -0.059508 -0.134462
0.986012 -0.067809 -0.152258
0.981747 -0.078245 -0.173352
0.976076 -0.091077 -0.197435
0.968498 -0.106988 -0.224867
0.958742 -0.126095 -0.254780
0.946186 -0.149128 -0.287217
0.930588 -0.176022 -0.320971
0.911442 -0.207164 -0.355467
0.888690 -0.242164 -0.389342
0.862378 -0.280533 -0.421432
0.832780 -0.321525 -0.450665
0.800031 -0.364666 -0.476413
0.765064 -0.408501 -0.497800
0.728266 -0.452431 -0.514718
0.690516 -0.495345 -0.527087
0.652475 -0.536515 -0.535189
0.614485 -0.575636 -0.539492
0.577237 -0.612090 -0.540502
0.540988 -0.645769 -0.538808
0.505933 -0.676635 -0.534973
0.472253 -0.704685 -0.529525
0.440019 -0.730014 -0.522937
0.409250 -0.752764 -0.515617
0.379855 -0.773147 -0.507891
0.351755 -0.791353 -0.500029
0.324767 -0.807623 -0.492210
0.298646 -0.822210 -0.484543
0.273101 -0.835359 -0.477065
0.247838 -0.847284 -0.469772
0.222592 -0.858152 -0.462631
0.196975 -0.868156 -0.455528
0.171086 -0.877248 -0.448515
0.144533 -0.885586 -0.441416
0.118000 -0.892911 -0.434496
0.091099 -0.899396 -0.427537
0.064290 -0.904925 -0.420687
0.038415 -0.909338 -0.414281
0.013818 -0.912685 -0.408430
-0.009410 -0.915098 -0.403123
-0.030163 -0.916517 -0.398857
-0.048353 -0.917146 -0.395607
-0.063472 -0.917111 -0.393546
-0.075074 -0.916562 -0.392782
-0.082668 -0.915639 -0.393410
-0.086055 -0.914533 -0.395251
-0.084896 -0.913362 -0.398199
-0.078952 -0.912231 -0.401996
-0.068019 -0.911209 -0.406289
-0.051908 -0.910320 -0.410637
-0.030202 -0.909544 -0.414508
-0.003266 -0.908771 -0.417283
0.029716 -0.907854 -0.418231
0.068452 -0.906545 -0.416522
0.112381 -0.904536 -0.411321
0.162299 -0.901378 -0.401469
0.217056 -0.896592 -0.386018
0.275711 -0.889645 -0.364026
0.336932 -0.880012 -0.334746
0.398974 -0.867260 -0.297791
0.459794 -0.851142 -0.253272
0.516569 -0.831951 -0.202518
0.568744 -0.809519 -0.145631
0.613432 -0.785085 -0.085696
0.650371 -0.759235 -0.024073
0.678931 -0.733293 0.036521
0.699984 -0.707793 0.095133
0.714146 -0.683762 0.149882
0.722906 -0.660937 0.201421
0.727040 -0.640140 0.248263
0.727712 -0.621056 0.291076
0.725768 -0.603583 0.330074
0.721879 -0.587355 0.365930
0.716523 -0.572083 0.399143
0.710123 -0.557804 0.429627
0.703041 -0.544446 0.457507
0.695615 -0.532035 0.482761
0.688171 -0.520661 0.505305
0.681008 -0.510436 0.525056
0.674436 -0.501558 0.541825
0.668670 -0.494108 0.555641
0.663922 -0.488239 0.566419
0.660304 -0.483988 0.574242
0.657865 -0.481346 0.579240
0.656596 -0.480259 0.581577
0.656423 -0.480605 0.581488
0.657217 -0.482205 0.579262
0.658805 -0.484824 0.575257
0.660980 -0.488186 0.569894
0.663513 -0.491984 0.563651
0.666187 -0.495928 0.557001
0.668793 -0.499733 0.550439
0.671168 -0.503177 0.544377
0.673160 -0.506055 0.539226
0.674668 -0.508226 0.535285
0.675600 -0.509566 0.532829
0.675917 -0.510021 0.531991
VECTORS q2 float
-0.219396 0.660065 -0.718456
-0.218591 0.660977 -0.717863
-0.216142 0.663739 -0.716054
-0.212002 0.668397 -0.712952
-0.206118 0.675007 -0.708435
-0.198360 0.683704 -0.702284
-0.188602 0.694627 -0.694207
-0.176769 0.707890 -0.683846
-0.163140 0.723303 -0.670983
-0.147690 0.740956 -0.655112
-0.130846 0.760519 -0.635995
-0.113142 0.781532 -0.613520
-0.095070 0.803548 -0.587599
-0.077225 0.825975 -0.558392
-0.060424 0.847904 -0.526695
-0.045089 0.868797 -0.493111
-0.031680 0.887990 -0.458769
-0.020416 0.905031 -0.424856
-0.011319 0.919646 -0.392585
-0.004266 0.931713 -0.363172
0.001038 0.941346 -0.337441
0.004879 0.948648 -0.316297
0.007588 0.953844 -0.300208
0.009448 0.957166 -0.289384
0.010675 0.958801 -0.283876
0.011405 0.958894 -0.283534
0.011704 0.957521 -0.288124
0.011573 0.954700 -0.297345
0.010945 0.950365 -0.310944
0.009709 0.944406 -0.328638
0.007712 0.936654 -0.350172
0.004718 0.926821 -0.375473
0.000462 0.914610 -0.404337
-0.005415 0.899587 -0.436707
-0.013169 0.881611 -0.471793
-0.023370 0.859968 -0.509813
-0.036183 0.834825 -0.549326
-0.052188 0.805575 -0.590192
-0.071397 0.772694 -0.630751
-0.094085 0.736140 -0.670259
-0.119941 0.696799 -0.707167
-0.148513 0.655630 -0.740333
-0.179106 0.613797 -0.768879
-0.211181 0.572093 -0.792535
-0.243485 0.532140 -0.810890
-0.275352 0.494607 -0.824345
-0.305787 0.460474 -0.833342
-0.334083 0.430251 -0.838613
-0.359874 0.404020 -0.840987
-0.382649 0.381982 -0.841231
-0.402266 0.363938 -0.840078
-0.418673 0.349615 -0.838142
-0.431869 0.338717 -0.835919
-0.441924 0.330904 -0.833790
-0.448950 0.325835 -0.832031
-0.453109 0.323160 -0.830819
-0.454593 0.322540 -0.830249
-0.453660 0.323625 -0.830337
-0.450628 0.326064 -0.831034
-0.445876 0.329513 -0.832235
-0.439832 0.333644 -0.833805
-0.432939 0.338168 -0.835587
-0.425557 0.342868 -0.837462
-0.418097 0.347564 -0.839282
-0.410646 0.352188 -0.841031
-0.403451 0.356702 -0.842610
-0.396218 0.361142 -0.844149
-0.388742 0.365548 -0.845727
-0.380798 0.369981 -0.847412
-0.371889 0.374476 -0.849392
-0.361346 0.379011 -0.851927
-0.348991 0.383582 -0.855026
-0.334161 0.388101 -0.858903
-0.316542 0.392480 -0.863574
-0.295903 0.396629 -0.868981
-0.272349 0.400491 -0.874891
-0.245227 0.403960 -0.881294
-0.214856 0.407021 -0.887790
-0.181339 0.409670 -0.894028
-0.144835 0.411937 -0.899628
-0.105528 0.413889 -0.904190
-0.063086 0.415605 -0.907355
-0.018678 0.417268 -0.908591
0.028677 0.419018 -0.907525
0.078274 0.421095 -0.903633
0.129277 0.423735 -0.896513
0.182580 0.427270 -0.885497
0.237007 0.432017 -0.870166
0.291843 0.438302 -0.850129
0.346208 0.446424 -0.825134
0.399075 0.456616 -0.795136
0.449359 0.469000 -0.760339
0.495495 0.483342 -0.721710
0.537680 0.499903 -0.678967
0.574261 0.517910 -0.634030
0.605345 0.537170 -0.587373
0.630553 0.556882 -0.540634
0.650394 0.576784 -0.494276
0.665104 0.596053 -0.449841
0.675512 0.614788 -0.407086
0.682089 0.632039 -0.367806
0.685655 0.647764 -0.332084
0.686937 0.661739 -0.300364
0.686585 0.674023 -0.272569
0.685133 0.684699 -0.248556
0.683080 0.693725 -0.228357
0.680783 0.701242 -0.211647
0.678497 0.707404 -0.198046
0.676387 0.712375 -0.187142
0.674544 0.716325 -0.178517
0.673022 0.719389 -0.171818
0.671807 0.721734 -0.166658
0.670882 0.723487 -0.162740
0.670192 0.724790 -0.159760
0.669670 0.725776 -0.157453
0.669252 0.726562 -0.155595
0.668874 0.727251 -0.153990
0.668486 0.727924 -0.152490
0.668054 0.728633 -0.150991
0.667564 0.729402 -0.149437
0.667024 0.730224 -0.147823
0.666453 0.731077 -0.146178
0.665882 0.731916 -0.144567
0.665346 0.732698 -0.143067
0.664883 0.733370 -0.141772
0.664523 0.733890 -0.140767
0.664296 0.734216 -0.140134
0.664218 0.734328 -0.139916
VECTORS q3 float
0.675418 0.634160 0.376367
0.674382 0.634031 0.378437
0.671216 0.633612 0.384713
0.665812 0.632811 0.395279
0.658011 0.631461 0.410217
0.647529 0.629298 0.429756
0.634025 0.625956 0.454083
0.617132 0.620964 0.483273
0.596838 0.613890 0.516646
0.572663 0.604112 0.554171
0.544622 0.591183 0.594886
0.512884 0.574796 0.637620
0.477589 0.554722 0.681317
0.439142 0.530990 0.724709
0.398689 0.504242 0.766020
0.356988 0.475032 0.804303
0.315357 0.444435 0.838467
0.275070 0.413630 0.867898
0.237338 0.383862 0.892368
0.203295 0.356399 0.911949
0.173568 0.332150 0.927120
0.148840 0.312088 0.938322
0.129292 0.296760 0.946159
0.114834 0.286444 0.951190
0.105252 0.281238 0.953849
0.100165 0.281030 0.954457
0.099197 0.285611 0.953198
0.101988 0.294687 0.950136
0.108275 0.308008 0.945202
0.117881 0.325281 0.938241
0.130738 0.346232 0.928995
0.146966 0.370758 0.917028
0.166674 0.398611 0.901848
0.190116 0.429675 0.882743
0.217030 0.463106 0.859320
0.247922 0.499008 0.830377
0.281964 0.535880 0.795819
0.319388 0.573420 0.754441
0.359038 0.609886 0.706492
0.400527 0.644346 0.651458
0.442544 0.675150 0.590192
0.483992 0.701035 0.523738
0.523830 0.721024 0.453571
0.561563 0.734662 0.380682
0.596149 0.741589 0.307657
0.627542 0.742072 0.235627
0.655502 0.736612 0.166494
0.680195 0.725972 0.101488
0.702068 0.710923 0.041108
0.721372 0.692412 -0.013722
0.738589 0.671216 -0.062885
0.754151 0.648023 -0.106407
0.768418 0.623450 -0.144372
0.781720 0.597982 -0.177006
0.794329 0.571995 -0.204606
0.806476 0.545720 -0.227566
0.818299 0.519354 -0.246289
0.829891 0.492962 -0.261283
0.841276 0.466533 -0.273133
0.852414 0.439996 -0.282476
0.863206 0.413269 -0.289973
0.873508 0.386286 -0.296254
0.883234 0.358812 -0.301913
0.892146 0.331113 -0.307311
0.900267 0.302822 -0.312759
0.907361 0.274726 -0.318155
0.913626 0.246298 -0.323457
0.919101 0.217910 -0.328282
0.923860 0.190311 -0.332061
0.928174 0.163627 -0.334243
0.932384 0.137650 -0.334233
0.936641 0.113407 -0.331426
0.941275 0.090666 -0.325240
0.946452 0.069761 -0.315216
0.952263 0.050987 -0.300990
0.958641 0.034819 -0.282481
0.965639 0.021086 -0.259031
0.972949 0.010185 -0.230796
0.980246 0.002312 -0.197768
0.987115 -0.002346 -0.159995
0.993061 -0.003601 -0.117548
0.997551 -0.001254 -0.069931
0.999820 0.004826 -0.018337
0.999147 0.014975 0.038486
0.994579 0.029253 0.099783
0.985220 0.047577 0.164555
0.969703 0.070415 0.233919
0.946950 0.097385 0.306270
0.915866 0.128152 0.380482
0.875567 0.162122 0.455082
0.825566 0.198398 0.528280
0.765941 0.235789 0.598112
0.698313 0.272467 0.661907
0.622438 0.307856 0.719580
0.542150 0.339722 0.768546
0.458885 0.367438 0.808958
0.376105 0.390081 0.840465
0.294974 0.407859 0.864084
0.218247 0.420940 0.880442
0.145227 0.430347 0.890904
0.078536 0.436747 0.896150
0.017694 0.441239 0.897215
-0.037128 0.444735 0.894892
-0.086550 0.448004 0.889832
-0.131098 0.451562 0.882556
-0.170664 0.455631 0.873655
-0.205593 0.460259 0.863651
-0.236139 0.465315 0.853065
-0.262529 0.470568 0.842404
-0.284989 0.475745 0.832134
-0.303606 0.480541 0.822742
-0.318678 0.484723 0.814548
-0.330341 0.488046 0.807890
-0.338883 0.490342 0.802946
-0.344609 0.491483 0.799806
-0.347826 0.491385 0.798472
-0.348879 0.490025 0.798849
-0.348127 0.487448 0.800751
-0.345947 0.483776 0.803916
-0.342729 0.479216 0.808016
-0.338865 0.474051 0.812678
-0.334717 0.468597 0.817546
-0.330630 0.463213 0.822264
-0.326876 0.458221 0.826551
-0.323707 0.453957 0.830142
-0.321298 0.450680 0.832859
-0.319805 0.448631 0.834539
-0.319296 0.447930 0.835110
