# vtk DataFile Version 2.0
VTK example
ASCII
DATASET UNSTRUCTURED_GRID
POINTS  128  float
-0.000324 -0.000104 -0.000104
-0.000317 -0.000102 -0.000110
-0.000310 -0.000100 -0.000115
-0.000303 -0.000098 -0.000120
-0.000296 -0.000096 -0.000126
-0.000289 -0.000095 -0.000132
-0.000282 -0.000093 -0.000137
-0.000275 -0.000093 -0.000143
-0.000268 -0.000092 -0.000149
-0.000261 -0.000092 -0.000155
-0.000255 -0.000092 -0.000160
-0.000247 -0.000092 -0.000166
-0.000240 -0.000093 -0.000172
-0.000233 -0.000094 -0.000177
-0.000226 -0.000095 -0.000182
-0.000219 -0.000096 -0.000188
-0.000211 -0.000097 -0.000192
-0.000204 -0.000098 -0.000197
-0.000196 -0.000100 -0.000202
-0.000188 -0.000101 -0.000206
-0.000180 -0.000102 -0.000210
-0.000171 -0.000102 -0.000213
-0.000163 -0.000103 -0.000216
-0.000154 -0.000103 -0.000219
-0.000145 -0.000103 -0.000221
-0.000136 -0.000103 -0.000223
-0.000127 -0.000103 -0.000224
-0.000118 -0.000102 -0.000224
-0.000109 -0.000101 -0.000225
-0.000100 -0.000100 -0.000224
-0.000092 -0.000098 -0.000223
-0.000083 -0.000096 -0.000221
-0.000075 -0.000094 -0.000219
-0.000066 -0.000091 -0.000216
-0.000059 -0.000088 -0.000212
-0.000051 -0.000085 -0.000208
-0.000044 -0.000081 -0.000204
-0.000038 -0.000077 -0.000199
-0.000031 -0.000073 -0.000194
-0.000025 -0.000069 -0.000188
-0.000020 -0.000064 -0.000183
-0.000015 -0.000060 -0.000177
-0.000010 -0.000055 -0.000171
-0.000006 -0.000050 -0.000164
-0.000002 -0.000045 -0.000158
0.000002 -0.000040 -0.000151
0.000005 -0.000035 -0.000145
0.000008 -0.000030 -0.000138
0.000011 -0.000025 -0.000131
0.000013 -0.000020 -0.000123
0.000015 -0.000015 -0.000116
0.000017 -0.000011 -0.000108
0.000018 -0.000006 -0.000101
0.000019 -0.000002 -0.000093
0.000020 0.000002 -0.000085
0.000021 0.000006 -0.000077
0.000022 0.000010 -0.000068
0.000022 0.000013 -0.000060
0.000022 0.000016 -0.000052
0.000022 0.000020 -0.000043
0.000022 0.000023 -0.000035
0.000022 0.000026 -0.000026
0.000021 0.000029 -0.000018
0.000021 0.000033 -0.000009
0.000021 0.000036 -0.000001
0.000021 0.000040 0.000007
0.000021 0.000043 0.000016
0.000022 0.000048 0.000024
0.000022 0.000052 0.000031
0.000023 0.000057 0.000039
0.000025 0.000062 0.000046
0.000027 0.000068 0.000053
0.000029 0.000074 0.000059
0.000032 0.000080 0.000065
0.000036 0.000087 0.000070
0.000040 0.000094 0.000075
0.000045 0.000100 0.000079
0.000050 0.000107 0.000082
0.000056 0.000113 0.000084
0.000062 0.000119 0.000086
0.000069 0.000125 0.000088
0.000076 0.000131 0.000088
0.000083 0.000136 0.000089
0.000091 0.000141 0.000088
0.000099 0.000146 0.000088
0.000107 0.000150 0.000086
0.000114 0.000154 0.000085
0.000122 0.000158 0.000083
0.000130 0.000162 0.000081
0.000139 0.000165 0.000079
0.000147 0.000168 0.000076
0.000155 0.000171 0.000073
0.000163 0.000173 0.000070
0.000171 0.000176 0.000067
0.000179 0.000178 0.000063
0.000187 0.000180 0.000060
0.000195 0.000181 0.000056
0.000204 0.000182 0.000053
0.000212 0.000184 0.000049
0.000220 0.000185 0.000045
0.000228 0.000185 0.000042
0.000237 0.000186 0.000038
0.000245 0.000187 0.000034
0.000253 0.000187 0.000031
0.000262 0.000187 0.000028
0.000270 0.000187 0.000025
0.000279 0.000188 0.000023
0.000288 0.000188 0.000020
0.000297 0.000188 0.000018
0.000306 0.000188 0.000017
0.000314 0.000188 0.000015
0.000323 0.000189 0.000014
0.000333 0.000189 0.000014
0.000342 0.000190 0.000014
0.000351 0.000191 0.000014
0.000359 0.000193 0.000015
0.000368 0.000194 0.000016
0.000377 0.000197 0.000017
0.000385 0.000199 0.000020
0.000393 0.000202 0.000022
0.000401 0.000206 0.000025
0.000409 0.000209 0.000028
0.000416 0.000213 0.000031
0.000423 0.000218 0.000035
0.000430 0.000223 0.000038
0.000437 0.000227 0.000042
0.000443 0.000232 0.000046
0.000450 0.000238 0.000050
CELLS  127 381
2 0 1 
2 1 2 
2 2 3 
2 3 4 
2 4 5 
2 5 6 
2 6 7 
2 7 8 
2 8 9 
2 9 10 
2 10 11 
2 11 12 
2 12 13 
2 13 14 
2 14 15 
2 15 16 
2 16 17 
2 17 18 
2 18 19 
2 19 20 
2 20 21 
2 21 22 
2 22 23 
2 23 24 
2 24 25 
2 25 26 
2 26 27 
2 27 28 
2 28 29 
2 29 30 
2 30 31 
2 31 32 
2 32 33 
2 33 34 
2 34 35 
2 35 36 
2 36 37 
2 37 38 
2 38 39 
2 39 40 
2 40 41 
2 41 42 
2 42 43 
2 43 44 
2 44 45 
2 45 46 
2 46 47 
2 47 48 
2 48 49 
2 49 50 
2 50 51 
2 51 52 
2 52 53 
2 53 54 
2 54 55 
2 55 56 
2 56 57 
2 57 58 
2 58 59 
2 59 60 
2 60 61 
2 61 62 
2 62 63 
2 63 64 
2 64 65 
2 65 66 
2 66 67 
2 67 68 
2 68 69 
2 69 70 
2 70 71 
2 71 72 
2 72 73 
2 73 74 
2 74 75 
2 75 76 
2 76 77 
2 77 78 
2 78 79 
2 79 80 
2 80 81 
2 81 82 
2 82 83 
2 83 84 
2 84 85 
2 85 86 
2 86 87 
2 87 88 
2 88 89 
2 89 90 
2 90 91 
2 91 92 
2 92 93 
2 93 94 
2 94 95 
2 95 96 
2 96 97 
2 97 98 
2 98 99 
2 99 100 
2 100 101 
2 101 102 
2 102 103 
2 103 104 
2 104 105 
2 105 106 
2 106 107 
2 107 108 
2 108 109 
2 109 110 
2 110 111 
2 111 112 
2 112 113 
2 113 114 
2 114 115 
2 115 116 
2 116 117 
2 117 118 
2 118 119 
2 119 120 
2 120 121 
2 121 122 
2 122 123 
2 123 124 
2 124 125 
2 125 126 
2 126 127 
CELL_TYPES  127
3
3
3
3
3
3
3
3
3
3
3
3
3
3
3
3
3
3
3
3
3
3
3
3
3
3
3
3
3
3
3
3
3
3
3
3
3
3
3
3
3
3
3
3
3
3
3
3
3
3
3
3
3
3
3
3
3
3
3
3
3
3
3
3
3
3
3
3
3
3
3
3
3
3
3
3
3
3
3
3
3
3
3
3
3
3
3
3
3
3
3
3
3
3
3
3
3
3
3
3
3
3
3
3
3
3
3
3
3
3
3
3
3
3
3
3
3
3
3
3
3
3
3
3
3
3
3
POINT_DATA  128
VECTORS Position float
-0.000324 -0.000104 -0.000104
-0.000317 -0.000102 -0.000110
-0.000310 -0.000100 -0.000115
-0.000303 -0.000098 -0.000120
-0.000296 -0.000096 -0.000126
-0.000289 -0.000095 -0.000132
-0.000282 -0.000093 -0.000137
-0.000275 -0.000093 -0.000143
-0.000268 -0.000092 -0.000149
-0.000261 -0.000092 -0.000155
-0.000255 -0.000092 -0.000160
-0.000247 -0.000092 -0.000166
-0.000240 -0.000093 -0.000172
-0.000233 -0.000094 -0.000177
-0.000226 -0.000095 -0.000182
-0.000219 -0.000096 -0.000188
-0.000211 -0.000097 -0.000192
-0.000204 -0.000098 -0.000197
-0.000196 -0.000100 -0.000202
-0.000188 -0.000101 -0.000206
-0.000180 -0.000102 -0.000210
-0.000171 -0.000102 -0.000213
-0.000163 -0.000103 -0.000216
-0.000154 -0.000103 -0.000219
-0.000145 -0.000103 -0.000221
-0.000136 -0.000103 -0.000223
-0.000127 -0.000103 -0.000224
-0.000118 -0.000102 -0.000224
-0.000109 -0.000101 -0.000225
-0.000100 -0.000100 -0.000224
-0.000092 -0.000098 -0.000223
-0.000083 -0.000096 -0.000221
-0.000075 -0.000094 -0.000219
-0.000066 -0.000091 -0.000216
-0.000059 -0.000088 -0.000212
-0.000051 -0.000085 -0.000208
-0.000044 -0.000081 -0.000204
-0.000038 -0.000077 -0.000199
-0.000031 -0.000073 -0.000194
-0.000025 -0.000069 -0.000188
-0.000020 -0.000064 -0.000183
-0.000015 -0.000060 -0.000177
-0.000010 -0.000055 -0.000171
-0.000006 -0.000050 -0.000164
-0.000002 -0.000045 -0.000158
0.000002 -0.000040 -0.000151
0.000005 -0.000035 -0.000145
0.000008 -0.000030 -0.000138
0.000011 -0.000025 -0.000131
0.000013 -0.000020 -0.000123
0.000015 -0.000015 -0.000116
0.000017 -0.000011 -0.000108
0.000018 -0.000006 -0.000101
0.000019 -0.000002 -0.000093
0.000020 0.000002 -0.000085
0.000021 0.000006 -0.000077
0.000022 0.000010 -0.000068
0.000022 0.000013 -0.000060
0.000022 0.000016 -0.000052
0.000022 0.000020 -0.000043
0.000022 0.000023 -0.000035
0.000022 0.000026 -0.000026
0.000021 0.000029 -0.000018
0.000021 0.000033 -0.000009
0.000021 0.000036 -0.000001
0.000021 0.000040 0.000007
0.000021 0.000043 0.000016
0.000022 0.000048 0.000024
0.000022 0.000052 0.000031
0.000023 0.000057 0.000039
0.000025 0.000062 0.000046
0.000027 0.000068 0.000053
0.000029 0.000074 0.000059
0.000032 0.000080 0.000065
0.000036 0.000087 0.000070
0.000040 0.000094 0.000075
0.000045 0.000100 0.000079
0.000050 0.000107 0.000082
0.000056 0.000113 0.000084
0.000062 0.000119 0.000086
0.000069 0.000125 0.000088
0.000076 0.000131 0.000088
0.000083 0.000136 0.000089
0.000091 0.000141 0.000088
0.000099 0.000146 0.000088
0.000107 0.000150 0.000086
0.000114 0.000154 0.000085
0.000122 0.000158 0.000083
0.000130 0.000162 0.000081
0.000139 0.000165 0.000079
0.000147 0.000168 0.000076
0.000155 0.000171 0.000073
0.000163 0.000173 0.000070
0.000171 0.000176 0.000067
0.000179 0.000178 0.000063
0.000187 0.000180 0.000060
0.000195 0.000181 0.000056
0.000204 0.000182 0.000053
0.000212 0.000184 0.000049
0.000220 0.000185 0.000045
0.000228 0.000185 0.000042
0.000237 0.000186 0.000038
0.000245 0.000187 0.000034
0.000253 0.000187 0.000031
0.000262 0.000187 0.000028
0.000270 0.000187 0.000025
0.000279 0.000188 0.000023
0.000288 0.000188 0.000020
0.000297 0.000188 0.000018
0.000306 0.000188 0.000017
0.000314 0.000188 0.000015
0.000323 0.000189 0.000014
0.000333 0.000189 0.000014
0.000342 0.000190 0.000014
0.000351 0.000191 0.000014
0.000359 0.000193 0.000015
0.000368 0.000194 0.000016
0.000377 0.000197 0.000017
0.000385 0.000199 0.000020
0.000393 0.000202 0.000022
0.000401 0.000206 0.000025
0.000409 0.000209 0.000028
0.000416 0.000213 0.000031
0.000423 0.000218 0.000035
0.000430 0.000223 0.000038
0.000437 0.000227 0.000042
0.000443 0.000232 0.000046
0.000450 0.000238 0.000050
VECTORS Rotation float
0.727118 0.244765 -2.231222
0.727484 0.241174 -2.232278
0.728514 0.230416 -2.235334
0.730018 0.212744 -2.240020
0.731716 0.188719 -2.245725
0.733302 0.158984 -2.251727
0.734495 0.124512 -2.257193
0.735102 0.086615 -2.261249
0.735051 0.047587 -2.262980
0.734414 0.008740 -2.261653
0.733371 -0.027906 -2.256644
0.732154 -0.060617 -2.247531
0.731012 -0.088252 -2.234018
0.730152 -0.109974 -2.215984
0.729628 -0.125102 -2.193701
0.729469 -0.133649 -2.167261
0.729553 -0.135812 -2.137065
0.729706 -0.132079 -2.103462
0.729723 -0.123102 -2.066761
0.729365 -0.109639 -2.027299
0.728474 -0.092342 -1.985039
0.726803 -0.071953 -1.940306
0.724192 -0.048970 -1.893050
0.720495 -0.023707 -1.843083
0.715529 0.003566 -1.790338
0.709122 0.032812 -1.734435
0.701041 0.063897 -1.675283
0.691043 0.096647 -1.612926
0.678879 0.131034 -1.547179
0.664331 0.166731 -1.478458
0.647277 0.203316 -1.407424
0.627634 0.240551 -1.334438
0.605500 0.277919 -1.260471
0.580989 0.315139 -1.186073
0.554753 0.351211 -1.113315
0.526814 0.386418 -1.041665
0.498150 0.419655 -0.973363
0.468779 0.451213 -0.907672
0.439461 0.480322 -0.845804
0.410169 0.506999 -0.787023
0.381206 0.530698 -0.731444
0.352577 0.551039 -0.678577
0.324188 0.567633 -0.627806
0.295638 0.580256 -0.577981
0.267102 0.588435 -0.529107
0.238382 0.592001 -0.480455
0.209781 0.590828 -0.432227
0.181615 0.585003 -0.384632
0.154149 0.574746 -0.337778
0.127961 0.560556 -0.292435
0.103380 0.543002 -0.248976
0.080679 0.522777 -0.207784
0.060068 0.500682 -0.169243
0.041632 0.477540 -0.133620
0.025380 0.454190 -0.101126
0.011244 0.431445 -0.071903
-0.000849 0.410187 -0.046154
-0.011013 0.391288 -0.024047
-0.019363 0.375651 -0.005766
-0.026000 0.364189 0.008486
-0.030992 0.357806 0.018471
-0.034345 0.357340 0.023911
-0.035976 0.363523 0.024509
-0.035684 0.376843 0.019856
-0.033028 0.397831 0.009347
-0.027525 0.426001 -0.007454
-0.018071 0.461724 -0.031904
-0.003419 0.504141 -0.065207
0.017782 0.551328 -0.108343
0.047605 0.601818 -0.163330
0.089043 0.654274 -0.233401
0.143231 0.704324 -0.318493
0.212877 0.749650 -0.421488
0.298140 0.786422 -0.541859
0.396641 0.811181 -0.676481
0.501878 0.821490 -0.817595
0.609230 0.817006 -0.960886
0.710492 0.798861 -1.097018
0.800803 0.769789 -1.220642
0.878117 0.733157 -1.329388
0.942634 0.692227 -1.423289
0.996383 0.649124 -1.504768
1.040127 0.606833 -1.573826
1.076704 0.565498 -1.634232
1.107283 0.526166 -1.686967
1.132925 0.489414 -1.732916
1.155058 0.454166 -1.774278
1.174143 0.420541 -1.811246
1.190691 0.388203 -1.844320
1.205091 0.356865 -1.873839
1.217651 0.326340 -1.900032
1.228634 0.296545 -1.923073
1.238248 0.267852 -1.942842
1.246725 0.239635 -1.959908
1.254226 0.212709 -1.973858
1.260884 0.186880 -1.984784
1.266852 0.162590 -1.992376
1.272202 0.139635 -1.996491
1.277093 0.118375 -1.996806
1.281511 0.098351 -1.993041
1.285704 0.080173 -1.985062
1.289718 0.063754 -1.972674
1.293673 0.049322 -1.955909
1.297605 0.036997 -1.934757
1.301540 0.026993 -1.909332
1.305548 0.019708 -1.880222
1.309600 0.015461 -1.847849
1.313634 0.014616 -1.812686
1.317553 0.017579 -1.775157
1.321222 0.024795 -1.735548
1.324517 0.036676 -1.694281
1.327226 0.053693 -1.651248
1.329176 0.076058 -1.606711
1.330100 0.103957 -1.560514
1.329690 0.137351 -1.512552
1.327648 0.175807 -1.463010
1.323679 0.218646 -1.412187
1.317603 0.264802 -1.360718
1.309381 0.312974 -1.309422
1.299177 0.361669 -1.259287
1.287427 0.409197 -1.211505
1.274689 0.454061 -1.167119
1.261819 0.494618 -1.127393
1.249612 0.529682 -1.093239
1.239040 0.558014 -1.065726
1.230817 0.578904 -1.045476
1.225662 0.591610 -1.033176
1.223890 0.595896 -1.029030
VECTORS ControlForce float
0.000000 -0.000000 0.000000
-0.000220 -0.000062 0.000068
-0.000465 -0.000079 0.000139
-0.000768 -0.000032 0.000189
-0.001093 0.000098 0.000208
-0.001390 0.000294 0.000197
-0.001616 0.000504 0.000157
-0.001718 0.000688 0.000096
-0.001667 0.000810 0.000018
-0.001462 0.000848 -0.000053
-0.001150 0.000792 -0.000111
-0.000771 0.000659 -0.000148
-0.000382 0.000474 -0.000157
-0.000025 0.000268 -0.000144
0.000268 0.000063 -0.000124
0.000470 -0.000131 -0.000111
0.000579 -0.000300 -0.000108
0.000612 -0.000415 -0.000107
0.000579 -0.000464 -0.000105
0.000470 -0.000471 -0.000104
0.000325 -0.000423 -0.000088
0.000175 -0.000332 -0.000059
0.000013 -0.000244 -0.000024
-0.000137 -0.000174 0.000021
-0.000223 -0.000100 0.000082
-0.000223 -0.000019 0.000153
-0.000129 0.000078 0.000218
0.000044 0.000187 0.000262
0.000250 0.000288 0.000272
0.000449 0.000367 0.000244
0.000612 0.000411 0.000181
0.000709 0.000399 0.000099
0.000725 0.000322 0.000016
0.000685 0.000200 -0.000062
0.000588 0.000038 -0.000137
0.000447 -0.000139 -0.000199
0.000266 -0.000316 -0.000252
0.000038 -0.000494 -0.000274
-0.000210 -0.000652 -0.000265
-0.000429 -0.000758 -0.000230
-0.000585 -0.000796 -0.000181
-0.000658 -0.000757 -0.000132
-0.000651 -0.000659 -0.000077
-0.000571 -0.000509 -0.000016
-0.000437 -0.000321 0.000039
-0.000271 -0.000101 0.000075
-0.000116 0.000109 0.000098
0.000004 0.000284 0.000112
0.000087 0.000429 0.000111
0.000137 0.000539 0.000098
0.000157 0.000598 0.000091
0.000166 0.000621 0.000092
0.000186 0.000635 0.000090
0.000214 0.000643 0.000093
0.000246 0.000657 0.000098
0.000277 0.000689 0.000098
0.000304 0.000739 0.000087
0.000321 0.000780 0.000083
0.000330 0.000797 0.000095
0.000333 0.000781 0.000121
0.000334 0.000721 0.000161
0.000337 0.000614 0.000201
0.000348 0.000453 0.000249
0.000373 0.000246 0.000285
0.000417 0.000007 0.000307
0.000477 -0.000249 0.000301
0.000531 -0.000493 0.000280
0.000550 -0.000711 0.000246
0.000503 -0.000900 0.000200
0.000373 -0.001041 0.000145
0.000164 -0.001109 0.000084
-0.000109 -0.001086 0.000004
-0.000411 -0.000956 -0.000086
-0.000715 -0.000752 -0.000173
-0.000972 -0.000477 -0.000273
-0.001144 -0.000166 -0.000382
-0.001195 0.000132 -0.000482
-0.001110 0.000399 -0.000566
-0.000904 0.000598 -0.000626
-0.000624 0.000678 -0.000651
-0.000307 0.000660 -0.000635
0.000006 0.000578 -0.000581
0.000276 0.000449 -0.000504
0.000468 0.000302 -0.000407
0.000565 0.000150 -0.000308
0.000560 -0.000002 -0.000221
0.000492 -0.000100 -0.000133
0.000381 -0.000143 -0.000045
0.000248 -0.000147 0.000037
0.000122 -0.000110 0.000112
0.000012 -0.000060 0.000177
-0.000078 -0.000028 0.000228
-0.000148 -0.000037 0.000262
-0.000189 -0.000083 0.000295
-0.000209 -0.000164 0.000317
-0.000195 -0.000229 0.000336
-0.000162 -0.000266 0.000349
-0.000133 -0.000282 0.000357
-0.000120 -0.000259 0.000367
-0.000120 -0.000182 0.000387
-0.000138 -0.000080 0.000393
-0.000159 0.000035 0.000381
-0.000167 0.000169 0.000359
-0.000168 0.000293 0.000337
-0.000172 0.000400 0.000323
-0.000197 0.000459 0.000307
-0.000255 0.000447 0.000286
-0.000333 0.000384 0.000272
-0.000412 0.000283 0.000271
-0.000469 0.000163 0.000289
-0.000490 0.000019 0.000323
-0.000450 -0.000106 0.000373
-0.000331 -0.000161 0.000429
-0.000127 -0.000115 0.000480
0.000147 0.000027 0.000510
0.000459 0.000220 0.000507
0.000762 0.000379 0.000465
0.001016 0.000446 0.000390
0.001195 0.000402 0.000295
0.001291 0.000273 0.000192
0.001299 0.000084 0.000095
0.001219 -0.000121 0.000017
0.001060 -0.000279 -0.000039
0.000847 -0.000377 -0.000066
0.000613 -0.000401 -0.000067
0.000390 -0.000344 -0.000049
0.000187 -0.000199 -0.000026
-0.000000 -0.000000 -0.000000
VECTORS ControlTorque float
0.000002 -0.000001 0.000002
0.000002 -0.000001 0.000002
0.000002 -0.000001 0.000002
0.000002 -0.000000 0.000002
0.000001 -0.000000 0.000002
0.000001 0.000000 0.000002
0.000001 0.000001 0.000001
-0.000000 0.000001 0.000000
0.000000 0.000001 0.000000
-0.000001 0.000002 -0.000001
-0.000001 0.000002 -0.000001
-0.000001 0.000002 -0.000002
-0.000001 0.000002 -0.000002
-0.000002 0.000002 -0.000002
-0.000001 0.000002 -0.000002
-0.000001 0.000001 -0.000002
-0.000001 0.000001 -0.000002
-0.000001 0.000001 -0.000002
-0.000001 0.000001 -0.000002
-0.000001 0.000001 -0.000002
-0.000000 0.000001 -0.000001
-0.000000 0.000001 -0.000001
-0.000000 0.000001 -0.000001
-0.000000 0.000001 -0.000001
-0.000000 0.000001 -0.000001
-0.000000 0.000001 -0.000001
-0.000000 0.000001 -0.000001
-0.000000 0.000001 -0.000001
0.000000 0.000001 -0.000001
0.000000 0.000000 -0.000001
0.000000 0.000001 -0.000001
0.000000 -0.000000 -0.000000
0.000000 0.000000 -0.000001
0.000001 -0.000002 0.000001
0.000001 0.000000 -0.000001
0.000001 -0.000003 0.000001
0.000001 -0.000001 -0.000000
0.000001 -0.000003 0.000001
0.000000 -0.000001 0.000000
0.000000 -0.000002 0.000001
-0.000000 -0.000001 0.000001
-0.000000 -0.000001 0.000001
-0.000001 -0.000000 0.000001
-0.000001 -0.000001 0.000001
-0.000001 0.000000 0.000001
-0.000001 -0.000000 0.000001
-0.000001 -0.000000 0.000001
-0.000001 0.000000 0.000000
-0.000001 -0.000000 0.000001
-0.000001 -0.000000 0.000000
-0.000001 -0.000000 0.000000
-0.000000 -0.000001 0.000000
-0.000000 -0.000001 0.000000
0.000000 -0.000001 0.000000
0.000000 -0.000001 0.000000
0.000001 -0.000001 0.000000
0.000001 -0.000001 0.000000
0.000001 -0.000001 0.000000
0.000002 -0.000001 0.000001
0.000002 -0.000001 0.000001
0.000002 -0.000002 0.000001
0.000003 -0.000002 0.000001
0.000003 -0.000002 0.000001
0.000004 -0.000002 0.000001
0.000002 -0.000002 0.000001
0.000004 -0.000003 0.000001
0.000003 -0.000003 0.000001
0.000002 -0.000002 0.000001
0.000002 -0.000002 0.000001
0.000003 -0.000004 0.000002
-0.000001 -0.000001 0.000001
0.000001 -0.000003 0.000002
-0.000000 -0.000002 0.000002
-0.000000 -0.000002 0.000002
-0.000002 0.000001 0.000001
-0.000000 -0.000001 0.000002
-0.000002 0.000001 0.000001
-0.000002 0.000001 0.000000
-0.000002 0.000002 -0.000000
-0.000002 0.000002 -0.000001
-0.000001 0.000001 -0.000000
-0.000002 0.000003 -0.000003
-0.000000 0.000001 -0.000001
-0.000001 0.000001 -0.000002
-0.000001 0.000002 -0.000002
-0.000000 0.000000 -0.000000
-0.000001 0.000001 -0.000001
-0.000001 0.000001 -0.000001
-0.000000 0.000001 -0.000000
-0.000000 0.000001 -0.000000
-0.000000 0.000001 -0.000000
-0.000001 0.000001 -0.000001
0.000000 0.000001 0.000000
-0.000001 0.000001 -0.000001
-0.000000 0.000001 -0.000000
-0.000001 0.000001 -0.000001
-0.000000 0.000001 -0.000000
-0.000001 0.000002 -0.000001
-0.000000 0.000002 0.000000
-0.000001 0.000002 -0.000001
-0.000000 0.000002 -0.000000
-0.000000 0.000002 -0.000001
-0.000000 0.000002 -0.000001
-0.000000 0.000002 -0.000001
-0.000000 0.000001 -0.000001
-0.000000 0.000001 -0.000001
-0.000000 0.000001 -0.000001
-0.000000 0.000001 -0.000001
-0.000000 0.000001 -0.000002
-0.000000 0.000000 -0.000002
-0.000000 0.000001 -0.000002
-0.000000 0.000000 -0.000002
-0.000000 0.000001 -0.000002
0.000000 0.000001 -0.000002
0.000000 0.000000 -0.000002
0.000000 0.000000 -0.000002
0.000000 -0.000000 -0.000001
0.000000 -0.000000 -0.000001
0.000000 -0.000001 -0.000000
0.000000 -0.000002 0.000000
0.000000 -0.000002 0.000001
0.000000 -0.000002 0.000002
0.000000 -0.000002 0.000002
-0.000000 -0.000003 0.000003
-0.000000 -0.000002 0.000003
-0.000001 -0.000003 0.000004
-0.000001 -0.000002 0.000004
-0.000001 -0.000003 0.000004
VECTORS Curvature float
125.839527 200.008291 -7.335359
409.858654 641.954209 -22.025364
908.666633 1389.902614 -45.017396
1341.063288 1968.003448 -58.134708
1780.942609 2468.978214 -62.615698
2211.405995 2852.175732 -55.358686
2643.688193 3115.813626 -35.653205
2954.704813 3122.473015 -3.397792
3179.462839 2920.731857 39.848504
3359.365743 2574.138405 91.416061
3379.347371 2004.051862 148.239864
3312.257626 1311.495661 207.111121
3206.801470 536.454361 265.115491
3001.892928 -289.732310 320.622292
2750.582836 -1122.675698 371.862579
2510.003875 -1927.881441 418.902590
2256.549874 -2670.335539 461.167773
2037.612844 -3352.098102 498.900033
1848.126078 -3941.197609 531.899661
1714.864924 -4487.568779 560.123802
1627.946851 -4973.602698 582.602634
1567.147393 -5371.619832 599.061211
1551.211030 -5780.845716 608.694074
1555.372261 -6169.177311 610.494328
1576.514063 -6571.873232 604.564508
1609.213167 -7008.969811 590.199187
1624.573297 -7393.111504 567.758173
1630.267679 -7790.506607 538.502318
1615.300991 -8185.649231 502.509781
1548.069970 -8444.163196 461.484318
1444.404032 -8667.367703 418.033113
1293.808418 -8791.271294 372.189303
1105.023501 -8887.322557 328.765227
859.009560 -8682.337394 285.018609
596.890444 -8463.008134 250.227180
332.604911 -8113.336643 215.921483
79.215164 -7629.816866 192.848809
-130.492968 -7187.008622 172.525059
-283.486855 -6639.785910 161.312653
-362.395633 -6196.239083 154.113682
-347.985878 -5693.501286 152.706290
-241.865806 -5247.316218 155.022055
-47.653334 -4946.184871 160.685225
220.366359 -4696.296638 167.746515
551.955779 -4481.867723 176.067010
922.031289 -4359.332368 183.893241
1292.750177 -4207.072061 190.677799
1666.290277 -4120.722730 195.445479
2003.002055 -4026.138445 198.154858
2276.375166 -3891.638457 198.476095
2501.113452 -3768.905308 196.909390
2651.983292 -3618.749664 193.944905
2724.505526 -3440.201377 190.048770
2717.975968 -3232.958157 185.739650
2637.287615 -3000.406068 181.291124
2477.225488 -2735.034729 177.034018
2230.507494 -2428.590919 173.011113
1899.901728 -2086.532885 169.398757
1479.901733 -1704.708336 166.276943
967.752537 -1281.420834 163.655297
368.261768 -814.162236 161.326041
-318.663190 -306.541112 158.763136
-1052.976088 235.499182 155.068479
-1875.223353 843.630241 148.783746
-2662.740202 1462.474841 138.798728
-3445.075567 2134.929251 122.631244
-4322.752411 2942.998740 99.845041
-4988.926926 3715.984450 70.320771
-5431.879518 4431.220015 33.048418
-6010.280667 5412.409382 -13.041012
-6303.634485 6259.745286 -57.282043
-6341.637590 7015.873306 -109.038892
-6422.576250 7899.687310 -155.134947
-6283.077516 8629.170747 -197.715800
-5867.517948 8954.078013 -234.448350
-5438.579829 9258.650872 -267.879803
-5072.961436 9523.328376 -294.794567
-4536.672556 9347.278504 -316.876704
-4062.940820 9067.983993 -332.207565
-3604.245370 8575.411919 -342.338089
-3287.520947 8195.714994 -345.839430
-2966.861794 7567.002776 -351.697283
-2682.975545 6902.859459 -351.241456
-2543.389985 6493.578984 -355.600389
-2305.509299 5810.102587 -360.754550
-2146.149738 5357.776084 -366.034806
-2028.582092 5070.684969 -375.640527
-1847.004211 4714.845697 -386.025959
-1667.541965 4452.667211 -398.447332
-1469.566896 4216.846854 -412.271548
-1269.479946 4037.545597 -427.082135
-1038.298831 3774.247514 -443.256026
-825.577436 3609.092559 -458.745014
-613.475840 3439.966829 -475.444999
-369.004281 3186.537490 -490.636978
-118.423945 2944.354711 -505.410428
169.880646 2678.071914 -518.070571
475.712484 2394.741277 -528.716041
840.485504 2131.685532 -536.454913
1226.739531 1860.166988 -541.080534
1609.422184 1513.556227 -542.594956
2013.210431 1192.758198 -540.957982
2401.896876 846.007692 -536.655938
2819.513843 498.487675 -530.170396
3178.217583 123.717238 -522.095502
3451.764269 -272.077676 -513.590101
3683.288882 -686.582258 -505.529781
3852.436799 -1125.514348 -499.261666
3992.067954 -1606.345622 -496.142425
4066.785124 -2114.785564 -497.876619
4125.372146 -2676.464527 -505.510416
4169.779754 -3276.233891 -520.663241
4176.572705 -3881.364067 -543.146961
4214.603952 -4523.068617 -572.525916
4234.514585 -5137.540182 -606.980402
4220.411423 -5688.207938 -642.703314
4154.330256 -6140.194560 -675.397726
4006.528773 -6442.102241 -699.378973
3778.940979 -6582.000870 -709.323801
3455.281016 -6506.443481 -701.015604
3066.038252 -6238.262030 -671.121812
2622.478119 -5757.785092 -619.830551
2155.589675 -5095.117856 -547.563874
1687.766572 -4272.559927 -458.367114
1230.547612 -3309.815174 -354.171123
809.638828 -2287.170304 -244.119455
360.289655 -1049.470424 -112.919759
114.652843 -338.083996 -34.875869
VECTORS LocalRotation float
-0.250153 0.489799 -0.043482
-0.247721 0.493620 -0.043616
-0.241776 0.502782 -0.043918
-0.231632 0.517922 -0.044383
-0.217469 0.538051 -0.044931
-0.199333 0.562223 -0.045467
-0.177340 0.589257 -0.045879
-0.152134 0.617344 -0.046055
-0.124265 0.644800 -0.045889
-0.094701 0.669644 -0.045296
-0.064226 0.690349 -0.044212
-0.033859 0.705395 -0.042599
-0.004310 0.713771 -0.040459
0.023714 0.714885 -0.037815
0.049802 0.708479 -0.034675
0.073606 0.694676 -0.031096
0.095183 0.673861 -0.027113
0.114627 0.646591 -0.022765
0.132218 0.613574 -0.018099
0.148377 0.575348 -0.013146
0.163482 0.532597 -0.007983
0.177951 0.485748 -0.002632
0.192088 0.435189 0.002844
0.206155 0.381076 0.008364
0.220347 0.323338 0.013871
0.234749 0.261945 0.019272
0.249363 0.196861 0.024505
0.264106 0.128086 0.029515
0.278786 0.055824 0.034224
0.293108 -0.019467 0.038588
0.306700 -0.097188 0.042583
0.319114 -0.176343 0.046166
0.329986 -0.256465 0.049343
0.338836 -0.335637 0.052109
0.345458 -0.413612 0.054543
0.349642 -0.488237 0.056641
0.351516 -0.559876 0.058502
0.351285 -0.626761 0.060151
0.349405 -0.689553 0.061667
0.346488 -0.747512 0.063091
0.343276 -0.801271 0.064478
0.340604 -0.850843 0.065873
0.339288 -0.897164 0.067307
0.340068 -0.940693 0.068790
0.343570 -0.982311 0.070349
0.350229 -1.022255 0.071975
0.360254 -1.061030 0.073671
0.373677 -1.098806 0.075422
0.390262 -1.135629 0.077201
0.409653 -1.171508 0.078999
0.431304 -1.206224 0.080790
0.454633 -1.239669 0.082560
0.478971 -1.271623 0.084298
0.503609 -1.301832 0.085999
0.527862 -1.330062 0.087662
0.551008 -1.356018 0.089283
0.572322 -1.379396 0.090868
0.591027 -1.399843 0.092419
0.606332 -1.417011 0.093939
0.617413 -1.430531 0.095432
0.623464 -1.440021 0.096904
0.623689 -1.445105 0.098356
0.617495 -1.445426 0.099773
0.604195 -1.440524 0.101153
0.583765 -1.430142 0.102448
0.555863 -1.413708 0.103642
0.520756 -1.390758 0.104648
0.478918 -1.360839 0.105412
0.431590 -1.323837 0.105882
0.379377 -1.278918 0.105973
0.324003 -1.226430 0.105657
0.266351 -1.165904 0.104899
0.208569 -1.098383 0.103703
0.151288 -1.023867 0.102112
0.096601 -0.944728 0.100167
0.045075 -0.861727 0.097878
-0.002302 -0.777074 0.095342
-0.045704 -0.691843 0.092579
-0.084639 -0.608469 0.089640
-0.119425 -0.528419 0.086580
-0.150750 -0.452191 0.083452
-0.178877 -0.381303 0.080315
-0.204640 -0.315322 0.077110
-0.228209 -0.254907 0.073922
-0.250093 -0.199379 0.070689
-0.270440 -0.148334 0.067367
-0.289300 -0.101223 0.064016
-0.306819 -0.056988 0.060573
-0.322715 -0.015524 0.057025
-0.336905 0.023690 0.053358
-0.349290 0.061013 0.049563
-0.359714 0.096300 0.045632
-0.368222 0.129999 0.041515
-0.374692 0.161692 0.037314
-0.379147 0.191740 0.032934
-0.381347 0.219417 0.028437
-0.381113 0.244985 0.023783
-0.378193 0.267934 0.019047
-0.372193 0.288565 0.014192
-0.362929 0.306456 0.009363
-0.350086 0.321732 0.004456
-0.333679 0.333989 -0.000451
-0.313592 0.343265 -0.005354
-0.289886 0.349369 -0.010198
-0.262837 0.352175 -0.014943
-0.232859 0.351504 -0.019626
-0.200551 0.347164 -0.024241
-0.166396 0.338950 -0.028795
-0.130836 0.326566 -0.033307
-0.094375 0.309731 -0.037805
-0.057230 0.288006 -0.042354
-0.019744 0.261106 -0.046991
0.018068 0.228679 -0.051811
0.056099 0.190589 -0.056867
0.094345 0.146859 -0.062207
0.132632 0.097836 -0.067866
0.170539 0.044296 -0.073832
0.207489 -0.012673 -0.080056
0.242739 -0.071641 -0.086434
0.275479 -0.130876 -0.092817
0.305027 -0.188621 -0.099034
0.330769 -0.242907 -0.104876
0.352428 -0.292103 -0.110168
0.369813 -0.334478 -0.114718
0.383039 -0.368841 -0.118401
0.392256 -0.394126 -0.121104
0.397565 -0.409267 -0.122724
0.399710 -0.415536 -0.123392
VECTORS q1 float
-0.331097 -0.644907 -0.688818
-0.333451 -0.645746 -0.686893
-0.340464 -0.648166 -0.681150
-0.351846 -0.651848 -0.671787
-0.367037 -0.656285 -0.659223
-0.385378 -0.660885 -0.643984
-0.405969 -0.665024 -0.626843
-0.427689 -0.668149 -0.608817
-0.448870 -0.669866 -0.591435
-0.468429 -0.670127 -0.575764
-0.484968 -0.669117 -0.563106
-0.497337 -0.667245 -0.554473
-0.504726 -0.665025 -0.550448
-0.506537 -0.662953 -0.551283
-0.502431 -0.661383 -0.556899
-0.492253 -0.660530 -0.566910
-0.476095 -0.660399 -0.580695
-0.454153 -0.660844 -0.597519
-0.426698 -0.661618 -0.616595
-0.394118 -0.662395 -0.637105
-0.356535 -0.662895 -0.658371
-0.314441 -0.662765 -0.679610
-0.267985 -0.661736 -0.700206
-0.217162 -0.659572 -0.719588
-0.162087 -0.656013 -0.737140
-0.102560 -0.650818 -0.752275
-0.038739 -0.643697 -0.764299
0.028992 -0.634367 -0.772488
0.100400 -0.622538 -0.776123
0.174481 -0.607983 -0.774541
0.249886 -0.590595 -0.767303
0.325548 -0.570323 -0.754155
0.399776 -0.547333 -0.735259
0.471404 -0.521822 -0.710971
0.538030 -0.494580 -0.682579
0.599914 -0.465709 -0.650553
0.655114 -0.436342 -0.616791
0.704431 -0.406581 -0.581781
0.747266 -0.377310 -0.547020
0.784534 -0.348602 -0.512818
0.816565 -0.320867 -0.479861
0.844065 -0.294204 -0.448329
0.867753 -0.268584 -0.418172
0.888496 -0.243663 -0.388848
0.906595 -0.219546 -0.360395
0.922608 -0.195947 -0.332264
0.936721 -0.172944 -0.304376
0.949115 -0.150584 -0.276596
0.959966 -0.128870 -0.248711
0.969275 -0.108083 -0.220962
0.977130 -0.088352 -0.193418
0.983609 -0.069828 -0.166248
0.988789 -0.052663 -0.139728
0.992776 -0.036964 -0.114149
0.995695 -0.022804 -0.089844
0.997691 -0.010214 -0.067146
0.998919 0.000779 -0.046476
0.999549 0.010181 -0.028242
0.999755 0.018011 -0.012868
0.999705 0.024292 -0.000776
0.999550 0.029024 0.007610
0.999412 0.032169 0.011887
0.999366 0.033618 0.011705
0.999427 0.033173 0.006716
0.999531 0.030443 -0.003451
0.999509 0.025062 -0.018823
0.999071 0.016178 -0.039940
0.997761 0.002994 -0.066809
0.994987 -0.015147 -0.098855
0.989954 -0.039226 -0.135838
0.981548 -0.070561 -0.177721
0.968926 -0.108776 -0.222150
0.950780 -0.154636 -0.268525
0.926186 -0.207495 -0.314842
0.894613 -0.266038 -0.359014
0.856578 -0.327674 -0.398628
0.811735 -0.391643 -0.433247
0.761726 -0.454929 -0.461316
0.708141 -0.515504 -0.482485
0.652727 -0.571816 -0.496965
0.597178 -0.622874 -0.505378
0.542220 -0.668766 -0.508675
0.490303 -0.708482 -0.507598
0.440738 -0.743341 -0.503185
0.394380 -0.773498 -0.496151
0.351734 -0.799340 -0.487175
0.311449 -0.822081 -0.476637
0.273722 -0.841992 -0.464893
0.238220 -0.859527 -0.452177
0.204653 -0.875035 -0.438670
0.172819 -0.888769 -0.424528
0.142605 -0.900913 -0.409901
0.114373 -0.911509 -0.395058
0.087373 -0.920859 -0.379980
0.062435 -0.928891 -0.365052
0.039316 -0.935779 -0.350389
0.018463 -0.941579 -0.336285
-0.000331 -0.946449 -0.322855
-0.016695 -0.950480 -0.310338
-0.031059 -0.953816 -0.298781
-0.042853 -0.956553 -0.288392
-0.052167 -0.958805 -0.279233
-0.058830 -0.960677 -0.271365
-0.062762 -0.962256 -0.264811
-0.063805 -0.963618 -0.259557
-0.061713 -0.964840 -0.255490
-0.056267 -0.965966 -0.252474
-0.047200 -0.967012 -0.250318
-0.034183 -0.967955 -0.248785
-0.016809 -0.968720 -0.247587
0.005261 -0.969174 -0.246321
0.032533 -0.969085 -0.244574
0.065138 -0.968144 -0.241771
0.103225 -0.965929 -0.237330
0.146633 -0.961929 -0.230633
0.194673 -0.955624 -0.221100
0.246314 -0.946537 -0.208321
0.300041 -0.934373 -0.192152
0.354113 -0.919098 -0.172811
0.406688 -0.901017 -0.150906
0.455920 -0.880852 -0.127422
0.500429 -0.859563 -0.103552
0.538942 -0.838471 -0.080671
0.570879 -0.818837 -0.060024
0.595720 -0.802051 -0.042798
0.613475 -0.789150 -0.029840
0.624029 -0.781096 -0.021843
0.627549 -0.778342 -0.019134
VECTORS q2 float
-0.550749 0.724826 -0.413889
-0.549252 0.725235 -0.415158
-0.544720 0.726445 -0.418997
-0.537118 0.728363 -0.425431
-0.526464 0.730819 -0.434441
-0.512744 0.733599 -0.446012
-0.496047 0.736424 -0.460019
-0.476606 0.738981 -0.476186
-0.455172 0.740956 -0.493763
-0.432019 0.742195 -0.512354
-0.407894 0.742633 -0.531148
-0.383505 0.742371 -0.549372
-0.359320 0.741602 -0.566494
-0.335753 0.740572 -0.582085
-0.313345 0.739597 -0.595660
-0.292184 0.738880 -0.607194
-0.272409 0.738608 -0.616645
-0.253984 0.738878 -0.624140
-0.236756 0.739719 -0.629891
-0.220527 0.741121 -0.634120
-0.204968 0.743012 -0.637119
-0.189886 0.745369 -0.639037
-0.175048 0.748137 -0.640038
-0.160274 0.751268 -0.640241
-0.145496 0.754741 -0.639685
-0.130646 0.758525 -0.638413
-0.115802 0.762612 -0.636407
-0.101136 0.766986 -0.633644
-0.086832 0.771605 -0.630147
-0.073260 0.776411 -0.625954
-0.060853 0.781298 -0.621185
-0.049965 0.786114 -0.616059
-0.040997 0.790668 -0.610871
-0.034168 0.794754 -0.605970
-0.029715 0.798142 -0.601736
-0.027428 0.800676 -0.598470
-0.027155 0.802243 -0.596380
-0.028455 0.802836 -0.595520
-0.030865 0.802579 -0.595746
-0.033862 0.801693 -0.596776
-0.036927 0.800544 -0.598135
-0.039605 0.799572 -0.599262
-0.041544 0.799255 -0.599555
-0.042501 0.800040 -0.598440
-0.042393 0.802314 -0.595394
-0.041218 0.806359 -0.589988
-0.039134 0.812272 -0.581964
-0.036367 0.819998 -0.571209
-0.033152 0.829378 -0.557703
-0.029821 0.840035 -0.541712
-0.026629 0.851591 -0.523531
-0.023806 0.863618 -0.503585
-0.021534 0.875673 -0.482424
-0.019926 0.887359 -0.460649
-0.019030 0.898327 -0.438914
-0.018826 0.908305 -0.417885
-0.019247 0.917046 -0.398316
-0.020179 0.924363 -0.380981
-0.021476 0.930095 -0.366691
-0.022974 0.934097 -0.356279
-0.024516 0.936218 -0.350564
-0.025971 0.936278 -0.350298
-0.027250 0.934045 -0.356114
-0.028368 0.929239 -0.368388
-0.029402 0.921401 -0.387500
-0.030600 0.910281 -0.412859
-0.032270 0.895140 -0.444616
-0.034888 0.875585 -0.481803
-0.038955 0.851695 -0.522588
-0.044999 0.823374 -0.565713
-0.053686 0.790347 -0.610303
-0.065122 0.754246 -0.653354
-0.079692 0.715405 -0.694150
-0.097280 0.675220 -0.731173
-0.117461 0.635179 -0.763381
-0.139204 0.597135 -0.789970
-0.162347 0.561274 -0.811551
-0.185782 0.528751 -0.828195
-0.208821 0.499862 -0.840555
-0.230998 0.474523 -0.849393
-0.252084 0.452395 -0.855448
-0.272337 0.432834 -0.859353
-0.291231 0.415749 -0.861590
-0.309412 0.400405 -0.862520
-0.326707 0.386620 -0.862432
-0.342901 0.374237 -0.861606
-0.358393 0.362925 -0.860140
-0.372835 0.352672 -0.858264
-0.386065 0.343411 -0.856167
-0.397925 0.335077 -0.854037
-0.408284 0.327597 -0.852047
-0.417060 0.320880 -0.850351
-0.424094 0.314812 -0.849139
-0.429548 0.309329 -0.848412
-0.433199 0.304293 -0.848377
-0.434975 0.299665 -0.849116
-0.434651 0.295338 -0.850796
-0.431971 0.291314 -0.853544
-0.426679 0.287473 -0.857499
-0.418331 0.283889 -0.862790
-0.406889 0.280343 -0.869396
-0.392062 0.276828 -0.877299
-0.373831 0.273257 -0.886330
-0.352103 0.269621 -0.896286
-0.326912 0.265918 -0.906872
-0.298783 0.262098 -0.917624
-0.268084 0.258205 -0.928149
-0.235270 0.254310 -0.938070
-0.200780 0.250507 -0.947066
-0.164967 0.246915 -0.954892
-0.128326 0.243633 -0.961340
-0.090894 0.240821 -0.966304
-0.053033 0.238585 -0.969673
-0.014749 0.237092 -0.971375
0.023890 0.236528 -0.971331
0.062548 0.237049 -0.969482
0.100755 0.238786 -0.965831
0.137770 0.241766 -0.960504
0.172758 0.245893 -0.953777
0.204897 0.250935 -0.946070
0.233449 0.256509 -0.937926
0.258007 0.262232 -0.929875
0.278312 0.267640 -0.922449
0.294448 0.272431 -0.916014
0.306557 0.276298 -0.910869
0.314943 0.279133 -0.907136
0.319831 0.280823 -0.904901
0.321439 0.281391 -0.904155
VECTORS q3 float
0.766193 0.242328 -0.595169
0.766246 0.238843 -0.596508
0.766397 0.228383 -0.600397
0.766622 0.211142 -0.606391
0.766890 0.187601 -0.613748
0.767188 0.158316 -0.621577
0.767546 0.124190 -0.628848
0.768068 0.086506 -0.634498
0.768983 0.047569 -0.637497
0.770671 0.008740 -0.637173
0.773581 -0.027902 -0.633083
0.778190 -0.060580 -0.625100
0.784946 -0.088137 -0.613263
0.794160 -0.109753 -0.597716
0.805840 -0.124776 -0.578837
0.819949 -0.133252 -0.556712
0.836138 -0.135395 -0.531547
0.853954 -0.131695 -0.503408
0.872855 -0.122791 -0.472279
0.892210 -0.109419 -0.438165
0.911521 -0.092210 -0.400782
0.930092 -0.071891 -0.360224
0.947387 -0.048951 -0.316325
0.962888 -0.023705 -0.268859
0.975991 0.003566 -0.217781
0.986110 0.032806 -0.162821
0.992517 0.063853 -0.104084
0.994450 0.096497 -0.041921
0.991151 0.130659 0.023413
0.981931 0.165960 0.090928
0.966361 0.201918 0.159296
0.944204 0.238238 0.227422
0.915696 0.274355 0.293651
0.881255 0.309949 0.356820
0.842402 0.344035 0.414728
0.799595 0.376873 0.467563
0.755042 0.407445 0.513712
0.709202 0.436057 0.553974
0.663808 0.462064 0.588094
0.619160 0.485556 0.617152
0.576072 0.506136 0.641847
0.534777 0.523572 0.663239
0.495257 0.537638 0.682398
0.456911 0.548238 0.700476
0.419867 0.555060 0.718067
0.383531 0.558023 0.735877
0.347883 0.557049 0.754105
0.312823 0.552202 0.772797
0.278147 0.543622 0.791903
0.244166 0.531657 0.811002
0.210968 0.516708 0.829762
0.178739 0.499288 0.847800
0.147762 0.480024 0.864721
0.118318 0.459596 0.880212
0.090719 0.438735 0.894026
0.065258 0.418184 0.906015
0.042310 0.398780 0.916070
0.022228 0.381379 0.924151
0.005364 0.366878 0.930254
-0.007929 0.356192 0.934379
-0.017300 0.350220 0.936508
-0.022398 0.349783 0.936563
-0.022905 0.355569 0.934369
-0.018462 0.367986 0.929648
-0.008617 0.387420 0.921863
0.006787 0.413232 0.910600
0.028559 0.445492 0.894830
0.057054 0.483055 0.873729
0.092110 0.523819 0.846835
0.134036 0.566142 0.813337
0.183525 0.608583 0.771975
0.238625 0.647519 0.723725
0.299445 0.681383 0.667870
0.364302 0.707830 0.605194
0.431127 0.725101 0.536990
0.496887 0.732161 0.465879
0.561008 0.729100 0.392024
0.620691 0.716562 0.318246
0.674486 0.695984 0.246325
0.721518 0.669219 0.177645
0.761467 0.638253 0.113144
0.794877 0.604489 0.052561
0.821454 0.570269 -0.002489
0.842624 0.535836 -0.053524
0.858911 0.502221 -0.100232
0.871035 0.470109 -0.142462
0.880087 0.438713 -0.181595
0.886606 0.408254 -0.217390
0.891182 0.378526 -0.250026
0.894300 0.349339 -0.279623
0.896347 0.320578 -0.306255
0.897622 0.292218 -0.329975
0.898367 0.264660 -0.350559
0.898807 0.237348 -0.368526
0.899133 0.211109 -0.383396
0.899584 0.185794 -0.395259
0.900410 0.161875 -0.403806
0.901887 0.139182 -0.408935
0.904249 0.118099 -0.410349
0.907763 0.098192 -0.407828
0.912472 0.080087 -0.401225
0.918458 0.063711 -0.390353
0.925629 0.049302 -0.375207
0.933855 0.036988 -0.355735
0.942898 0.026989 -0.331985
0.952324 0.019707 -0.304452
0.961751 0.015460 -0.273489
0.970783 0.014616 -0.239512
0.979040 0.017578 -0.202909
0.986156 0.024792 -0.163957
0.991718 0.036667 -0.123088
0.995329 0.053667 -0.080250
0.996466 0.075985 -0.035803
0.994549 0.103770 0.010227
0.988902 0.136920 0.057663
0.978872 0.174903 0.105919
0.963939 0.216908 0.154185
0.943925 0.261718 0.201268
0.919108 0.307890 0.245856
0.890293 0.353836 0.286668
0.858859 0.397873 0.322582
0.826440 0.438619 0.353001
0.795037 0.474695 0.377599
0.766419 0.505259 0.396630
0.742389 0.529503 0.410470
0.724196 0.547107 0.419779
0.712949 0.557698 0.425060
0.709126 0.561251 0.426776
