# vtk DataFile Version 2.0
VTK example
ASCII
DATASET UNSTRUCTURED_GRID
POINTS  128  float
-0.000186 -0.000133 -0.000189
-0.000178 -0.000130 -0.000191
-0.000170 -0.000127 -0.000194
-0.000161 -0.000123 -0.000196
-0.000153 -0.000120 -0.000198
-0.000145 -0.000117 -0.000200
-0.000137 -0.000114 -0.000202
-0.000128 -0.000111 -0.000204
-0.000120 -0.000108 -0.000206
-0.000112 -0.000104 -0.000207
-0.000103 -0.000101 -0.000208
-0.000095 -0.000098 -0.000209
-0.000087 -0.000094 -0.000209
-0.000078 -0.000091 -0.000208
-0.000070 -0.000087 -0.000207
-0.000062 -0.000083 -0.000206
-0.000055 -0.000078 -0.000203
-0.000047 -0.000074 -0.000200
-0.000041 -0.000069 -0.000197
-0.000034 -0.000065 -0.000192
-0.000028 -0.000060 -0.000187
-0.000023 -0.000055 -0.000182
-0.000018 -0.000051 -0.000176
-0.000014 -0.000046 -0.000169
-0.000010 -0.000042 -0.000162
-0.000007 -0.000037 -0.000155
-0.000005 -0.000033 -0.000147
-0.000003 -0.000030 -0.000139
-0.000001 -0.000026 -0.000131
0.000000 -0.000022 -0.000123
0.000001 -0.000019 -0.000114
0.000002 -0.000016 -0.000106
0.000002 -0.000013 -0.000097
0.000003 -0.000010 -0.000089
0.000003 -0.000008 -0.000080
0.000003 -0.000005 -0.000071
0.000003 -0.000002 -0.000063
0.000004 0.000000 -0.000054
0.000004 0.000003 -0.000045
0.000004 0.000006 -0.000037
0.000005 0.000009 -0.000028
0.000006 0.000013 -0.000020
0.000007 0.000016 -0.000012
0.000008 0.000020 -0.000004
0.000009 0.000024 0.000004
0.000011 0.000029 0.000012
0.000013 0.000034 0.000019
0.000015 0.000039 0.000026
0.000017 0.000044 0.000033
0.000020 0.000050 0.000039
0.000024 0.000056 0.000045
0.000027 0.000063 0.000051
0.000031 0.000069 0.000055
0.000036 0.000076 0.000060
0.000041 0.000083 0.000063
0.000046 0.000089 0.000066
0.000051 0.000096 0.000069
0.000057 0.000103 0.000071
0.000063 0.000109 0.000072
0.000070 0.000116 0.000073
0.000076 0.000122 0.000074
0.000083 0.000128 0.000074
0.000090 0.000133 0.000074
0.000097 0.000139 0.000074
0.000105 0.000144 0.000073
0.000113 0.000149 0.000072
0.000120 0.000153 0.000070
0.000128 0.000157 0.000069
0.000136 0.000162 0.000067
0.000144 0.000165 0.000065
0.000152 0.000169 0.000062
0.000160 0.000173 0.000060
0.000168 0.000176 0.000057
0.000176 0.000179 0.000054
0.000184 0.000182 0.000051
0.000192 0.000184 0.000048
0.000200 0.000187 0.000044
0.000208 0.000189 0.000041
0.000216 0.000190 0.000037
0.000224 0.000192 0.000033
0.000232 0.000193 0.000029
0.000240 0.000194 0.000026
0.000249 0.000194 0.000022
0.000257 0.000194 0.000019
0.000266 0.000194 0.000015
0.000274 0.000194 0.000012
0.000283 0.000193 0.000010
0.000291 0.000193 0.000007
0.000300 0.000192 0.000005
0.000309 0.000191 0.000004
0.000318 0.000191 0.000003
0.000327 0.000190 0.000002
0.000336 0.000190 0.000002
0.000345 0.000190 0.000002
0.000354 0.000190 0.000003
0.000363 0.000190 0.000005
0.000372 0.000190 0.000007
0.000380 0.000191 0.000010
0.000389 0.000193 0.000014
0.000396 0.000194 0.000018
0.000404 0.000196 0.000022
0.000411 0.000199 0.000028
0.000417 0.000202 0.000033
0.000423 0.000205 0.000040
0.000428 0.000209 0.000046
0.000432 0.000213 0.000053
0.000436 0.000217 0.000060
0.000439 0.000222 0.000067
0.000441 0.000226 0.000075
0.000443 0.000231 0.000082
0.000444 0.000236 0.000090
0.000444 0.000241 0.000098
0.000444 0.000245 0.000105
0.000444 0.000250 0.000113
0.000443 0.000255 0.000121
0.000442 0.000260 0.000129
0.000440 0.000264 0.000136
0.000438 0.000269 0.000144
0.000436 0.000274 0.000151
0.000434 0.000278 0.000158
0.000431 0.000283 0.000166
0.000429 0.000288 0.000173
0.000426 0.000293 0.000180
0.000423 0.000298 0.000187
0.000420 0.000303 0.000194
0.000416 0.000308 0.000201
0.000413 0.000313 0.000208
0.000410 0.000317 0.000215
CELLS  127 381
2 0 1 
2 1 2 
2 2 3 
2 3 4 
2 4 5 
2 5 6 
2 6 7 
2 7 8 
2 8 9 
2 9 10 
2 10 11 
2 11 12 
2 12 13 
2 13 14 
2 14 15 
2 15 16 
2 16 17 
2 17 18 
2 18 19 
2 19 20 
2 20 21 
2 21 22 
2 22 23 
2 23 24 
2 24 25 
2 25 26 
2 26 27 
2 27 28 
2 28 29 
2 29 30 
2 30 31 
2 31 32 
2 32 33 
2 33 34 
2 34 35 
2 35 36 
2 36 37 
2 37 38 
2 38 39 
2 39 40 
2 40 41 
2 41 42 
2 42 43 
2 43 44 
2 44 45 
2 45 46 
2 46 47 
2 47 48 
2 48 49 
2 49 50 
2 50 51 
2 51 52 
2 52 53 
2 53 54 
2 54 55 
2 55 56 
2 56 57 
2 57 58 
2 58 59 
2 59 60 
2 60 61 
2 61 62 
2 62 63 
2 63 64 
2 64 65 
2 65 66 
2 66 67 
2 67 68 
2 68 69 
2 69 70 
2 70 71 
2 71 72 
2 72 73 
2 73 74 
2 74 75 
2 75 76 
2 76 77 
2 77 78 
2 78 79 
2 79 80 
2 80 81 
2 81 82 
2 82 83 
2 83 84 
2 84 85 
2 85 86 
2 86 87 
2 87 88 
2 88 89 
2 89 90 
2 90 91 
2 91 92 
2 92 93 
2 93 94 
2 94 95 
2 95 96 
2 96 97 
2 97 98 
2 98 99 
2 99 100 
2 100 101 
2 101 102 
2 102 103 
2 103 104 
2 104 105 
2 105 106 
2 106 107 
2 107 108 
2 108 109 
2 109 110 
2 110 111 
2 111 112 
2 112 113 
2 113 114 
2 114 115 
2 115 116 
2 116 117 
2 117 118 
2 118 119 
2 119 120 
2 120 121 
2 121 122 
2 122 123 
2 123 124 
2 124 125 
2 125 126 
2 126 127 
CELL_TYPES  127
3
3
3
3
3
3
3
3
3
3
3
3
3
3
3
3
3
3
3
3
3
3
3
3
3
3
3
3
3
3
3
3
3
3
3
3
3
3
3
3
3
3
3
3
3
3
3
3
3
3
3
3
3
3
3
3
3
3
3
3
3
3
3
3
3
3
3
3
3
3
3
3
3
3
3
3
3
3
3
3
3
3
3
3
3
3
3
3
3
3
3
3
3
3
3
3
3
3
3
3
3
3
3
3
3
3
3
3
3
3
3
3
3
3
3
3
3
3
3
3
3
3
3
3
3
3
3
POINT_DATA  128
VECTORS Position float
-0.000186 -0.000133 -0.000189
-0.000178 -0.000130 -0.000191
-0.000170 -0.000127 -0.000194
-0.000161 -0.000123 -0.000196
-0.000153 -0.000120 -0.000198
-0.000145 -0.000117 -0.000200
-0.000137 -0.000114 -0.000202
-0.000128 -0.000111 -0.000204
-0.000120 -0.000108 -0.000206
-0.000112 -0.000104 -0.000207
-0.000103 -0.000101 -0.000208
-0.000095 -0.000098 -0.000209
-0.000087 -0.000094 -0.000209
-0.000078 -0.000091 -0.000208
-0.000070 -0.000087 -0.000207
-0.000062 -0.000083 -0.000206
-0.000055 -0.000078 -0.000203
-0.000047 -0.000074 -0.000200
-0.000041 -0.000069 -0.000197
-0.000034 -0.000065 -0.000192
-0.000028 -0.000060 -0.000187
-0.000023 -0.000055 -0.000182
-0.000018 -0.000051 -0.000176
-0.000014 -0.000046 -0.000169
-0.000010 -0.000042 -0.000162
-0.000007 -0.000037 -0.000155
-0.000005 -0.000033 -0.000147
-0.000003 -0.000030 -0.000139
-0.000001 -0.000026 -0.000131
0.000000 -0.000022 -0.000123
0.000001 -0.000019 -0.000114
0.000002 -0.000016 -0.000106
0.000002 -0.000013 -0.000097
0.000003 -0.000010 -0.000089
0.000003 -0.000008 -0.000080
0.000003 -0.000005 -0.000071
0.000003 -0.000002 -0.000063
0.000004 0.000000 -0.000054
0.000004 0.000003 -0.000045
0.000004 0.000006 -0.000037
0.000005 0.000009 -0.000028
0.000006 0.000013 -0.000020
0.000007 0.000016 -0.000012
0.000008 0.000020 -0.000004
0.000009 0.000024 0.000004
0.000011 0.000029 0.000012
0.000013 0.000034 0.000019
0.000015 0.000039 0.000026
0.000017 0.000044 0.000033
0.000020 0.000050 0.000039
0.000024 0.000056 0.000045
0.000027 0.000063 0.000051
0.000031 0.000069 0.000055
0.000036 0.000076 0.000060
0.000041 0.000083 0.000063
0.000046 0.000089 0.000066
0.000051 0.000096 0.000069
0.000057 0.000103 0.000071
0.000063 0.000109 0.000072
0.000070 0.000116 0.000073
0.000076 0.000122 0.000074
0.000083 0.000128 0.000074
0.000090 0.000133 0.000074
0.000097 0.000139 0.000074
0.000105 0.000144 0.000073
0.000113 0.000149 0.000072
0.000120 0.000153 0.000070
0.000128 0.000157 0.000069
0.000136 0.000162 0.000067
0.000144 0.000165 0.000065
0.000152 0.000169 0.000062
0.000160 0.000173 0.000060
0.000168 0.000176 0.000057
0.000176 0.000179 0.000054
0.000184 0.000182 0.000051
0.000192 0.000184 0.000048
0.000200 0.000187 0.000044
0.000208 0.000189 0.000041
0.000216 0.000190 0.000037
0.000224 0.000192 0.000033
0.000232 0.000193 0.000029
0.000240 0.000194 0.000026
0.000249 0.000194 0.000022
0.000257 0.000194 0.000019
0.000266 0.000194 0.000015
0.000274 0.000194 0.000012
0.000283 0.000193 0.000010
0.000291 0.000193 0.000007
0.000300 0.000192 0.000005
0.000309 0.000191 0.000004
0.000318 0.000191 0.000003
0.000327 0.000190 0.000002
0.000336 0.000190 0.000002
0.000345 0.000190 0.000002
0.000354 0.000190 0.000003
0.000363 0.000190 0.000005
0.000372 0.000190 0.000007
0.000380 0.000191 0.000010
0.000389 0.000193 0.000014
0.000396 0.000194 0.000018
0.000404 0.000196 0.000022
0.000411 0.000199 0.000028
0.000417 0.000202 0.000033
0.000423 0.000205 0.000040
0.000428 0.000209 0.000046
0.000432 0.000213 0.000053
0.000436 0.000217 0.000060
0.000439 0.000222 0.000067
0.000441 0.000226 0.000075
0.000443 0.000231 0.000082
0.000444 0.000236 0.000090
0.000444 0.000241 0.000098
0.000444 0.000245 0.000105
0.000444 0.000250 0.000113
0.000443 0.000255 0.000121
0.000442 0.000260 0.000129
0.000440 0.000264 0.000136
0.000438 0.000269 0.000144
0.000436 0.000274 0.000151
0.000434 0.000278 0.000158
0.000431 0.000283 0.000166
0.000429 0.000288 0.000173
0.000426 0.000293 0.000180
0.000423 0.000298 0.000187
0.000420 0.000303 0.000194
0.000416 0.000308 0.000201
0.000413 0.000313 0.000208
0.000410 0.000317 0.000215
VECTORS Rotation float
0.863939 0.360859 -1.854077
0.863570 0.360477 -1.853026
0.862411 0.359407 -1.849722
0.860331 0.357890 -1.843780
0.857134 0.356323 -1.834639
0.852538 0.355207 -1.821510
0.846206 0.355144 -1.803502
0.837761 0.356791 -1.779700
0.826945 0.360769 -1.749698
0.813204 0.367715 -1.712423
0.796147 0.378039 -1.667518
0.775352 0.391909 -1.614776
0.750246 0.409273 -1.553758
0.720273 0.429680 -1.484203
0.685287 0.452027 -1.406861
0.644865 0.475178 -1.321537
0.599170 0.497494 -1.229094
0.548677 0.517298 -1.130556
0.494316 0.533009 -1.027362
0.437590 0.543310 -0.921632
0.379959 0.547387 -0.815024
0.323598 0.544867 -0.710500
0.270209 0.535948 -0.610168
0.221126 0.521235 -0.515729
0.177440 0.501721 -0.428859
0.139556 0.478538 -0.350320
0.107652 0.453048 -0.280878
0.081536 0.426666 -0.220902
0.060600 0.400569 -0.170045
0.044239 0.375954 -0.128069
0.031768 0.353834 -0.094505
0.022443 0.334871 -0.068519
0.015667 0.319699 -0.049435
0.010910 0.308697 -0.036440
0.007825 0.302340 -0.029035
0.006111 0.300718 -0.026480
0.005612 0.303990 -0.028352
0.006312 0.312272 -0.034344
0.008229 0.325454 -0.044181
0.011566 0.343624 -0.057910
0.016527 0.366535 -0.075498
0.023435 0.393953 -0.097101
0.032698 0.425555 -0.122981
0.044964 0.461264 -0.153822
0.060727 0.500193 -0.189838
0.080892 0.542026 -0.231995
0.106226 0.585728 -0.280848
0.137666 0.630277 -0.337201
0.176410 0.674690 -0.402240
0.223126 0.717241 -0.476299
0.278545 0.756408 -0.559962
0.342834 0.790490 -0.653183
0.415179 0.817729 -0.754849
0.493718 0.836623 -0.862789
0.575485 0.846124 -0.973710
0.656941 0.845836 -1.083781
0.734340 0.836071 -1.188919
0.804767 0.817798 -1.285944
0.866466 0.792435 -1.372891
0.918888 0.761626 -1.449075
0.962426 0.727066 -1.514830
0.998061 0.690366 -1.571157
1.027289 0.652667 -1.619797
1.051093 0.615492 -1.661763
1.071017 0.579170 -1.699086
1.087531 0.545173 -1.732151
1.101884 0.512999 -1.762830
1.114503 0.482920 -1.791691
1.125509 0.455290 -1.818742
1.135218 0.429559 -1.844401
1.143955 0.404663 -1.869186
1.151439 0.380597 -1.892306
1.157897 0.356080 -1.914097
1.163277 0.330428 -1.934273
1.167527 0.303066 -1.952519
1.170531 0.273961 -1.968255
1.172408 0.242260 -1.981422
1.173098 0.208507 -1.991304
1.172676 0.173162 -1.997334
1.171303 0.136938 -1.998951
1.169221 0.100758 -1.995657
1.166760 0.065246 -1.986977
1.164240 0.032373 -1.972848
1.162034 0.002376 -1.952789
1.160430 -0.023439 -1.927030
1.159601 -0.044058 -1.896102
1.159720 -0.059474 -1.859570
1.160739 -0.069198 -1.818257
1.162545 -0.073181 -1.772592
1.164942 -0.071539 -1.722960
1.167674 -0.064475 -1.669672
1.170437 -0.052214 -1.612937
1.172862 -0.035125 -1.553569
1.174622 -0.012909 -1.490136
1.175252 0.013826 -1.424181
1.174292 0.045330 -1.354895
1.171297 0.081081 -1.283137
1.165680 0.121252 -1.208032
1.157054 0.164848 -1.130550
1.144528 0.212177 -1.048749
1.128108 0.260881 -0.964816
1.107321 0.310067 -0.878032
1.082214 0.357896 -0.789082
1.052760 0.402952 -0.697949
1.019232 0.443746 -0.605046
0.982875 0.478505 -0.512416
0.944828 0.506403 -0.421391
0.906400 0.527166 -0.333459
0.868823 0.541132 -0.249932
0.833031 0.549165 -0.171687
0.799887 0.552472 -0.099640
0.769459 0.552512 -0.033520
0.741961 0.550737 0.026531
0.717084 0.548438 0.081148
0.694450 0.546609 0.131005
0.673781 0.545892 0.176574
0.654783 0.546566 0.218334
0.637300 0.548588 0.256533
0.621248 0.551688 0.291308
0.606628 0.555475 0.322667
0.593535 0.559526 0.350478
0.582025 0.563480 0.374691
0.572233 0.567041 0.395133
0.564186 0.570032 0.411819
0.557959 0.572349 0.424676
0.553518 0.573981 0.433811
0.550885 0.574935 0.439224
0.550007 0.575250 0.441026
VECTORS ControlForce float
-0.000000 -0.000000 0.000000
-0.000281 -0.000076 0.000087
-0.000533 -0.000128 0.000181
-0.000739 -0.000143 0.000271
-0.000886 -0.000122 0.000350
-0.000951 -0.000055 0.000423
-0.000941 0.000046 0.000500
-0.000865 0.000161 0.000578
-0.000708 0.000282 0.000645
-0.000483 0.000373 0.000700
-0.000193 0.000419 0.000736
0.000122 0.000388 0.000743
0.000426 0.000280 0.000726
0.000692 0.000127 0.000686
0.000908 -0.000022 0.000621
0.001038 -0.000145 0.000539
0.001079 -0.000214 0.000445
0.001037 -0.000225 0.000349
0.000938 -0.000186 0.000257
0.000801 -0.000129 0.000178
0.000660 -0.000063 0.000118
0.000538 0.000014 0.000074
0.000443 0.000107 0.000038
0.000365 0.000209 0.000013
0.000289 0.000310 -0.000005
0.000209 0.000407 -0.000026
0.000107 0.000473 -0.000045
-0.000021 0.000495 -0.000063
-0.000165 0.000473 -0.000078
-0.000306 0.000424 -0.000098
-0.000426 0.000364 -0.000129
-0.000509 0.000304 -0.000161
-0.000545 0.000241 -0.000175
-0.000530 0.000177 -0.000166
-0.000469 0.000124 -0.000161
-0.000379 0.000086 -0.000161
-0.000279 0.000048 -0.000155
-0.000188 0.000007 -0.000137
-0.000113 -0.000034 -0.000120
-0.000051 -0.000082 -0.000091
0.000002 -0.000135 -0.000056
0.000048 -0.000180 -0.000033
0.000082 -0.000226 -0.000006
0.000098 -0.000270 0.000026
0.000094 -0.000326 0.000065
0.000070 -0.000395 0.000105
0.000032 -0.000471 0.000135
-0.000013 -0.000540 0.000144
-0.000058 -0.000592 0.000133
-0.000101 -0.000626 0.000108
-0.000147 -0.000658 0.000081
-0.000194 -0.000674 0.000052
-0.000233 -0.000653 0.000017
-0.000268 -0.000593 -0.000018
-0.000291 -0.000480 -0.000053
-0.000304 -0.000312 -0.000085
-0.000313 -0.000107 -0.000110
-0.000312 0.000133 -0.000128
-0.000302 0.000377 -0.000139
-0.000282 0.000590 -0.000145
-0.000252 0.000743 -0.000147
-0.000204 0.000827 -0.000148
-0.000151 0.000821 -0.000145
-0.000080 0.000748 -0.000141
0.000009 0.000625 -0.000134
0.000109 0.000442 -0.000130
0.000209 0.000212 -0.000116
0.000310 -0.000035 -0.000095
0.000414 -0.000265 -0.000083
0.000519 -0.000431 -0.000072
0.000603 -0.000508 -0.000042
0.000624 -0.000532 -0.000007
0.000559 -0.000523 0.000042
0.000402 -0.000506 0.000102
0.000163 -0.000491 0.000154
-0.000141 -0.000489 0.000182
-0.000451 -0.000458 0.000202
-0.000731 -0.000382 0.000208
-0.000947 -0.000256 0.000195
-0.001077 -0.000098 0.000161
-0.001115 0.000056 0.000114
-0.001050 0.000206 0.000068
-0.000900 0.000324 0.000017
-0.000678 0.000416 -0.000019
-0.000418 0.000459 -0.000050
-0.000156 0.000440 -0.000082
0.000066 0.000363 -0.000096
0.000228 0.000263 -0.000091
0.000304 0.000145 -0.000075
0.000299 0.000041 -0.000049
0.000227 -0.000036 -0.000016
0.000118 -0.000070 0.000020
0.000004 -0.000056 0.000058
-0.000086 -0.000014 0.000108
-0.000139 0.000019 0.000157
-0.000126 0.000055 0.000198
-0.000046 0.000067 0.000220
0.000091 0.000028 0.000229
0.000283 -0.000036 0.000223
0.000520 -0.000089 0.000197
0.000777 -0.000114 0.000122
0.000996 -0.000130 -0.000000
0.001122 -0.000141 -0.000154
0.001119 -0.000145 -0.000308
0.000980 -0.000118 -0.000442
0.000717 -0.000048 -0.000554
0.000364 0.000049 -0.000635
-0.000027 0.000154 -0.000675
-0.000395 0.000262 -0.000683
-0.000682 0.000357 -0.000673
-0.000848 0.000417 -0.000660
-0.000862 0.000412 -0.000640
-0.000730 0.000339 -0.000625
-0.000499 0.000221 -0.000629
-0.000212 0.000075 -0.000642
0.000086 -0.000079 -0.000651
0.000344 -0.000207 -0.000658
0.000510 -0.000282 -0.000671
0.000584 -0.000307 -0.000675
0.000575 -0.000289 -0.000667
0.000501 -0.000243 -0.000642
0.000397 -0.000187 -0.000594
0.000273 -0.000130 -0.000534
0.000149 -0.000077 -0.000462
0.000056 -0.000039 -0.000370
0.000004 -0.000016 -0.000260
-0.000016 -0.000002 -0.000139
-0.000000 -0.000000 -0.000000
VECTORS ControlTorque float
-0.000000 0.000001 0.000000
-0.000000 0.000001 0.000000
-0.000000 0.000001 0.000000
-0.000000 0.000001 0.000000
-0.000001 0.000001 -0.000000
-0.000001 0.000002 -0.000000
-0.000001 0.000002 -0.000001
-0.000001 0.000002 -0.000001
-0.000001 0.000003 -0.000001
-0.000001 0.000003 -0.000001
-0.000001 0.000002 -0.000002
-0.000001 0.000003 -0.000002
-0.000001 0.000003 -0.000002
-0.000001 0.000002 -0.000002
-0.000001 0.000002 -0.000002
-0.000001 0.000002 -0.000001
-0.000000 0.000001 -0.000001
-0.000000 0.000001 -0.000000
-0.000000 0.000000 0.000000
-0.000000 0.000000 0.000000
0.000000 -0.000001 0.000001
-0.000000 -0.000001 0.000001
-0.000000 -0.000001 0.000001
0.000000 -0.000002 0.000001
0.000000 -0.000002 0.000001
0.000000 -0.000002 0.000001
0.000001 -0.000003 0.000001
0.000001 -0.000003 0.000001
0.000001 -0.000003 0.000001
0.000001 -0.000003 0.000001
0.000001 -0.000002 0.000001
0.000002 -0.000002 0.000001
0.000002 -0.000002 0.000001
0.000002 -0.000002 0.000001
0.000002 -0.000002 0.000000
0.000002 -0.000002 0.000000
0.000002 -0.000002 0.000000
0.000002 -0.000001 0.000000
0.000002 -0.000001 0.000000
0.000002 -0.000001 0.000000
0.000002 -0.000001 0.000000
0.000002 -0.000001 0.000000
0.000002 -0.000002 0.000000
0.000001 -0.000001 0.000000
0.000002 -0.000002 0.000001
0.000001 -0.000001 0.000001
0.000001 -0.000001 0.000001
0.000001 -0.000001 0.000001
0.000000 -0.000001 0.000001
0.000000 -0.000001 0.000001
-0.000000 -0.000001 0.000001
-0.000000 -0.000001 0.000001
-0.000001 -0.000000 0.000001
-0.000001 0.000000 0.000001
-0.000001 0.000000 0.000001
-0.000001 0.000001 0.000001
-0.000001 0.000001 0.000001
-0.000001 0.000001 0.000001
-0.000001 0.000001 0.000001
-0.000001 0.000001 0.000000
-0.000001 0.000001 -0.000000
-0.000001 0.000001 0.000000
-0.000001 0.000001 -0.000001
-0.000000 0.000000 0.000000
-0.000001 0.000001 -0.000002
-0.000000 -0.000000 -0.000000
-0.000000 0.000000 -0.000001
-0.000001 0.000000 -0.000001
-0.000000 0.000000 -0.000001
0.000000 -0.000000 0.000000
-0.000001 0.000001 -0.000001
0.000000 0.000000 0.000000
-0.000000 0.000000 0.000000
0.000000 0.000000 0.000001
-0.000000 0.000001 0.000000
0.000000 0.000001 0.000002
-0.000000 0.000001 0.000001
-0.000000 0.000001 0.000001
-0.000000 0.000002 0.000000
-0.000000 0.000002 -0.000000
-0.000000 0.000002 0.000000
-0.000001 0.000002 -0.000002
-0.000000 0.000003 -0.000001
-0.000001 0.000002 -0.000002
-0.000001 0.000002 -0.000002
-0.000000 0.000003 -0.000002
-0.000001 0.000002 -0.000002
-0.000000 0.000002 -0.000002
-0.000000 0.000002 -0.000002
-0.000000 0.000001 -0.000002
0.000000 0.000002 -0.000002
0.000000 0.000000 -0.000002
0.000000 0.000003 -0.000003
0.000000 -0.000000 -0.000001
0.000000 0.000002 -0.000002
0.000000 -0.000000 -0.000001
0.000001 0.000002 -0.000002
0.000001 -0.000001 -0.000001
0.000001 0.000003 -0.000003
0.000000 -0.000001 -0.000000
0.000001 0.000001 -0.000001
0.000000 -0.000001 0.000000
0.000000 -0.000000 0.000000
-0.000000 0.000000 0.000000
-0.000001 -0.000001 0.000001
-0.000001 -0.000001 0.000001
-0.000001 -0.000002 0.000002
-0.000001 -0.000002 0.000002
-0.000001 -0.000002 0.000001
-0.000001 -0.000002 0.000001
-0.000000 -0.000002 0.000001
-0.000000 -0.000002 0.000001
0.000000 -0.000002 0.000001
0.000001 -0.000001 0.000001
0.000001 -0.000001 0.000001
0.000001 -0.000001 0.000001
0.000001 -0.000001 0.000001
0.000001 -0.000001 0.000001
0.000000 -0.000001 0.000001
0.000000 -0.000001 0.000001
-0.000000 -0.000001 0.000001
-0.000000 -0.000001 0.000001
-0.000000 -0.000001 0.000001
-0.000001 -0.000001 0.000001
-0.000000 -0.000001 0.000000
-0.000001 -0.000001 0.000000
-0.000000 -0.000001 0.000000
-0.000001 -0.000001 0.000000
VECTORS Curvature float
62.266071 -20.395304 -0.117295
204.576374 -74.331679 -0.392482
460.803230 -195.277604 -0.702813
698.563957 -365.480874 -0.442852
961.373842 -623.373311 0.991168
1247.200904 -987.138188 4.639454
1571.190566 -1491.928440 11.734084
1862.082779 -2077.101891 23.567062
2141.967636 -2773.455286 41.176383
2431.707541 -3605.880517 64.918830
2644.921972 -4452.098481 94.512555
2818.703157 -5332.636088 129.047047
2988.487422 -6289.282936 166.542795
3084.732793 -7122.357247 203.329598
3151.680229 -7854.311043 237.782474
3233.341138 -8525.676464 264.894275
3293.258218 -8992.463238 282.592926
3372.178340 -9326.322693 288.596261
3441.052573 -9446.618866 282.229320
3537.909590 -9463.159920 265.024907
3629.982798 -9329.928979 238.766431
3681.259650 -8978.606894 207.372332
3741.265286 -8579.787051 173.805732
3764.747348 -8065.231742 141.663980
3754.005347 -7474.072507 112.799468
3703.260393 -6835.148306 89.354255
3559.603226 -6082.178813 71.909549
3359.699225 -5311.662690 60.269747
3103.518187 -4544.477440 54.909353
2756.412879 -3743.434412 54.844796
2369.338856 -2991.274804 59.148377
1941.871619 -2292.050454 67.203181
1482.845280 -1652.755157 77.462138
975.935049 -1053.263633 89.145693
443.877440 -509.094406 100.692230
-85.205189 -33.192589 111.403440
-642.126855 417.690498 120.000390
-1189.296165 825.559456 125.979011
-1741.044695 1218.085044 128.543785
-2298.111230 1606.464265 127.831562
-2820.218876 1974.192353 123.831133
-3303.395013 2327.440001 117.370421
-3817.831990 2725.521060 108.682146
-4280.176652 3113.521104 100.294762
-4687.866895 3497.976870 91.555550
-5086.971814 3913.150067 85.252952
-5360.935383 4274.712287 81.216140
-5631.028748 4681.078521 79.436599
-5813.095235 5061.708304 81.640102
-5867.299514 5386.190240 85.412676
-5870.690384 5717.113969 91.134767
-5767.391911 6002.220512 97.580134
-5556.568000 6234.702057 103.456664
-5245.338971 6410.662377 107.957885
-4853.288115 6541.527710 110.561199
-4390.145160 6615.564051 111.454129
-3868.791207 6621.396657 111.184123
-3328.895346 6577.319519 110.594851
-2795.413947 6478.262396 110.244536
-2298.452463 6331.169053 110.425873
-1854.023896 6100.804264 110.920692
-1506.515158 5895.965218 112.538197
-1237.609669 5586.444316 113.324282
-1069.238087 5318.291360 116.390176
-976.092743 4963.562935 117.917801
-944.396607 4581.984703 122.530230
-1005.709414 4406.005707 126.484489
-1054.040938 4079.246112 131.137992
-1078.034479 3725.850786 136.544946
-1126.088589 3603.356223 142.296202
-1105.003527 3464.311143 146.580198
-1010.158458 3345.528207 151.426356
-891.718236 3411.389060 154.834081
-696.424816 3509.396891 157.829180
-432.190041 3556.935120 159.996619
-113.472015 3679.496338 162.846489
256.276499 3849.337820 165.410283
679.864691 3864.352777 169.240055
1146.679364 3822.857965 174.231120
1623.858907 3642.234239 180.699575
2169.113523 3424.731928 187.924218
2642.087484 3000.716952 196.026684
3092.257129 2441.654289 202.341670
3596.702441 1857.536231 206.946412
3872.114144 1103.500367 207.573625
4188.897338 336.091809 202.023869
4522.111758 -441.889601 191.257519
4703.154888 -1221.472051 173.334262
4879.708857 -1973.346521 148.988644
5019.466630 -2683.309276 118.512412
5190.990848 -3388.754872 83.183993
5224.737361 -3958.221843 42.390932
5404.019902 -4630.679137 0.619665
5578.095867 -5276.821729 -46.623826
5650.975250 -5850.334521 -92.155760
5736.575621 -6423.950747 -141.949689
5810.078517 -7010.936247 -188.341219
5824.672798 -7507.103113 -239.592769
5932.441826 -8120.380894 -283.299020
6006.373148 -8631.523180 -335.277188
5889.346458 -8787.375716 -379.201232
5857.021841 -8940.559513 -425.598425
5771.117759 -8870.712275 -466.403370
5786.675249 -8800.339287 -502.497436
5725.459427 -8469.914663 -532.718340
5580.325095 -7891.254214 -551.626477
5440.808529 -7250.816971 -560.012428
5265.065904 -6544.799181 -556.727242
5082.415208 -5868.448364 -542.799257
4829.515821 -5206.532120 -520.025520
4544.275862 -4638.173424 -490.546499
4215.141563 -4180.618858 -456.836094
3811.421820 -3797.175888 -420.919136
3411.038674 -3544.922572 -384.432198
2990.064500 -3359.463699 -348.517989
2570.397273 -3214.468987 -313.920361
2174.793577 -3083.992553 -280.961343
1811.706124 -2934.491880 -249.770142
1495.436670 -2757.669153 -220.284712
1220.702663 -2532.204139 -192.342495
990.391136 -2270.691038 -165.739441
795.485583 -1972.347308 -140.243227
629.580460 -1651.022540 -115.645438
485.486329 -1318.165916 -91.773618
354.254647 -979.324767 -68.274443
235.449073 -655.097849 -45.838762
105.842398 -294.707852 -20.901216
33.796347 -93.837903 -6.478733
VECTORS LocalRotation float
-0.322370 0.323607 -0.046057
-0.321159 0.323177 -0.046060
-0.318158 0.321961 -0.046065
-0.312931 0.319433 -0.046070
-0.305400 0.314947 -0.046067
-0.295368 0.307631 -0.046042
-0.282601 0.296401 -0.045968
-0.267143 0.280332 -0.045809
-0.248951 0.258294 -0.045515
-0.228273 0.229452 -0.045035
-0.205314 0.193010 -0.044314
-0.180520 0.148606 -0.043299
-0.154197 0.095928 -0.041959
-0.126786 0.035394 -0.040290
-0.098502 -0.032529 -0.038289
-0.069611 -0.106647 -0.036015
-0.040066 -0.185947 -0.033537
-0.009885 -0.268894 -0.030950
0.020959 -0.353881 -0.028366
0.052609 -0.439639 -0.025884
0.084999 -0.524558 -0.023608
0.118108 -0.607469 -0.021587
0.151757 -0.687069 -0.019859
0.185747 -0.762443 -0.018431
0.219819 -0.832861 -0.017278
0.253530 -0.897547 -0.016364
0.286351 -0.955921 -0.015635
0.317693 -1.007530 -0.015036
0.346927 -1.052111 -0.014515
0.373457 -1.089634 -0.014018
0.396738 -1.120223 -0.013501
0.416285 -1.144177 -0.012928
0.431806 -1.162055 -0.012272
0.442886 -1.174249 -0.011521
0.449343 -1.181355 -0.010658
0.450958 -1.183796 -0.009703
0.447648 -1.182046 -0.008650
0.439381 -1.176434 -0.007540
0.426073 -1.167153 -0.006384
0.407835 -1.154399 -0.005226
0.384693 -1.138210 -0.004089
0.356947 -1.118719 -0.002996
0.324587 -1.095758 -0.001968
0.288031 -1.069399 -0.001025
0.247365 -1.039419 -0.000155
0.203203 -1.005936 0.000644
0.155912 -0.968875 0.001397
0.106050 -0.928249 0.002126
0.054324 -0.884214 0.002854
0.001395 -0.836869 0.003611
-0.051799 -0.786551 0.004411
-0.104486 -0.733497 0.005265
-0.155746 -0.678103 0.006175
-0.204647 -0.620857 0.007133
-0.250382 -0.562199 0.008122
-0.292213 -0.502657 0.009127
-0.329606 -0.442727 0.010135
-0.362200 -0.382956 0.011139
-0.389934 -0.323835 0.012139
-0.412996 -0.265841 0.013138
-0.431802 -0.209538 0.014141
-0.447045 -0.155123 0.015154
-0.459436 -0.103273 0.016174
-0.469914 -0.053741 0.017218
-0.479122 -0.007453 0.018273
-0.487896 0.036153 0.019371
-0.496709 0.076775 0.020496
-0.505964 0.114899 0.021654
-0.515647 0.150348 0.022870
-0.525705 0.183793 0.024142
-0.535738 0.215575 0.025441
-0.545381 0.246622 0.026800
-0.553991 0.277210 0.028186
-0.561151 0.308411 0.029596
-0.566230 0.340215 0.031026
-0.568717 0.373194 0.032497
-0.568073 0.407127 0.033977
-0.563845 0.441967 0.035488
-0.555576 0.476770 0.037044
-0.543005 0.510640 0.038654
-0.525765 0.542761 0.040329
-0.504128 0.571658 0.042056
-0.477981 0.596474 0.043873
-0.447815 0.615862 0.045718
-0.414107 0.629226 0.047589
-0.377263 0.635806 0.049461
-0.337910 0.635328 0.051238
-0.296208 0.627809 0.052886
-0.252866 0.613359 0.054344
-0.208089 0.592296 0.055554
-0.161923 0.564841 0.056466
-0.114873 0.531653 0.057033
-0.066360 0.492451 0.057229
-0.016985 0.447907 0.057023
0.033934 0.397450 0.056393
0.085341 0.342041 0.055336
0.137851 0.280944 0.053834
0.190484 0.215267 0.051899
0.244072 0.144038 0.049515
0.297579 0.068960 0.046743
0.351444 -0.009915 0.043508
0.404644 -0.090206 0.039863
0.457548 -0.171240 0.035804
0.510023 -0.251471 0.031405
0.561940 -0.329356 0.026737
0.613061 -0.403336 0.021834
0.662965 -0.471899 0.016800
0.711489 -0.534427 0.011739
0.758395 -0.590698 0.006754
0.803240 -0.640804 0.001946
0.845743 -0.685443 -0.002636
0.885326 -0.725294 -0.006918
0.921690 -0.761437 -0.010894
0.954424 -0.794713 -0.014544
0.983399 -0.825967 -0.017862
1.008579 -0.855736 -0.020862
1.030057 -0.884245 -0.023554
1.048107 -0.911495 -0.025957
1.063081 -0.937267 -0.028086
1.075373 -0.961208 -0.029953
1.085391 -0.982969 -0.031575
1.093473 -1.002170 -0.032960
1.099933 -1.018595 -0.034120
1.104977 -1.032026 -0.035058
1.108783 -1.042438 -0.035784
1.111447 -1.049822 -0.036299
1.112995 -1.054132 -0.036602
1.113626 -1.055887 -0.036726
VECTORS q1 float
0.076257 -0.711432 -0.698605
0.076571 -0.711310 -0.698695
0.077650 -0.710891 -0.699002
0.079881 -0.710026 -0.699630
0.083863 -0.708484 -0.700726
0.090413 -0.705949 -0.702468
0.100493 -0.702045 -0.705006
0.115146 -0.696345 -0.708410
0.135116 -0.688495 -0.712543
0.161550 -0.677928 -0.717158
0.195001 -0.664204 -0.721670
0.235698 -0.646897 -0.725238
0.283749 -0.625508 -0.726792
0.338746 -0.599633 -0.725046
0.399093 -0.569330 -0.718741
0.463645 -0.534496 -0.706645
0.530294 -0.495595 -0.687876
0.596938 -0.453318 -0.661942
0.661522 -0.408617 -0.628824
0.722070 -0.362737 -0.589099
0.777411 -0.316691 -0.543451
0.826183 -0.271935 -0.493429
0.867921 -0.229505 -0.440500
0.902613 -0.190202 -0.386152
0.930462 -0.154756 -0.332102
0.952115 -0.123478 -0.279698
0.968287 -0.096605 -0.230408
0.979844 -0.074144 -0.185495
0.987765 -0.055769 -0.145640
0.992914 -0.041136 -0.111490
0.996074 -0.029795 -0.083361
0.997907 -0.021194 -0.061091
0.998899 -0.014872 -0.044491
0.999397 -0.010394 -0.033118
0.999616 -0.007470 -0.026701
0.999679 -0.005837 -0.024667
0.999630 -0.005355 -0.026668
0.999457 -0.006007 -0.032399
0.999107 -0.007797 -0.041536
0.998482 -0.010889 -0.053983
0.997462 -0.015429 -0.069511
0.995888 -0.021638 -0.087969
0.993572 -0.029776 -0.109211
0.990259 -0.040252 -0.133291
0.985717 -0.053255 -0.159769
0.979611 -0.069222 -0.188601
0.971650 -0.088353 -0.219292
0.961515 -0.110865 -0.251392
0.948821 -0.137045 -0.284529
0.933355 -0.166761 -0.317867
0.914851 -0.199978 -0.350795
0.893126 -0.236485 -0.382624
0.868133 -0.275846 -0.412619
0.839920 -0.317503 -0.440143
0.808654 -0.360773 -0.464673
0.774560 -0.404957 -0.485868
0.738024 -0.449222 -0.503508
0.699464 -0.492815 -0.517576
0.659348 -0.535042 -0.528196
0.618187 -0.575301 -0.535607
0.576540 -0.613079 -0.540127
0.535002 -0.647976 -0.542125
0.493841 -0.679984 -0.541981
0.453944 -0.708686 -0.540092
0.415125 -0.734553 -0.536753
0.378564 -0.757121 -0.532407
0.343518 -0.777231 -0.527169
0.310188 -0.795034 -0.521252
0.279005 -0.810554 -0.514936
0.249529 -0.824259 -0.508265
0.220841 -0.836760 -0.501062
0.193235 -0.847994 -0.493524
0.165610 -0.858504 -0.485330
0.137510 -0.868440 -0.476343
0.108563 -0.877865 -0.466441
0.078910 -0.886612 -0.455733
0.047873 -0.894773 -0.443948
0.016114 -0.901986 -0.431464
-0.015801 -0.908006 -0.418659
-0.047081 -0.912634 -0.406058
-0.076759 -0.915778 -0.394282
-0.104099 -0.917525 -0.383811
-0.127384 -0.918007 -0.375548
-0.146143 -0.917611 -0.369638
-0.159273 -0.916723 -0.366403
-0.166000 -0.915754 -0.365839
-0.166026 -0.915070 -0.367534
-0.159128 -0.914903 -0.370986
-0.145317 -0.915360 -0.375499
-0.124756 -0.916415 -0.380288
-0.097701 -0.917929 -0.384526
-0.064440 -0.919666 -0.387378
-0.025694 -0.921295 -0.388015
0.019222 -0.922467 -0.385597
0.068912 -0.922699 -0.379313
0.123562 -0.921469 -0.368276
0.181899 -0.918229 -0.351806
0.243790 -0.912309 -0.329028
0.307262 -0.903210 -0.299669
0.372386 -0.890096 -0.262787
0.435555 -0.873028 -0.219348
0.495539 -0.851848 -0.169692
0.550198 -0.827049 -0.115204
0.598325 -0.799209 -0.057203
0.638981 -0.769218 0.002683
0.671244 -0.738638 0.062003
0.695407 -0.708687 0.119041
0.712260 -0.680404 0.172441
0.722945 -0.654475 0.221387
0.728735 -0.631168 0.265653
0.730777 -0.610568 0.305242
0.730122 -0.592225 0.340869
0.727504 -0.575820 0.373053
0.723472 -0.560806 0.402598
0.718367 -0.546716 0.430175
0.712415 -0.533263 0.456175
0.705789 -0.520267 0.480816
0.698673 -0.507715 0.504066
0.691276 -0.495698 0.525757
0.683844 -0.484386 0.545644
0.676647 -0.474007 0.563442
0.669934 -0.464731 0.578976
0.663951 -0.456761 0.592063
0.658867 -0.450179 0.602688
0.654830 -0.445077 0.610822
0.651905 -0.441440 0.616563
0.650147 -0.439286 0.619948
0.649560 -0.438569 0.621071
VECTORS q2 float
-0.432705 0.607619 -0.666007
-0.431811 0.607969 -0.666268
-0.429071 0.609038 -0.667061
-0.424377 0.610863 -0.668394
-0.417596 0.613488 -0.670258
-0.408517 0.616994 -0.672631
-0.396945 0.621466 -0.675437
-0.382744 0.626989 -0.678522
-0.366154 0.633537 -0.681588
-0.347102 0.641237 -0.684350
-0.325981 0.650076 -0.686394
-0.303292 0.660027 -0.687298
-0.279445 0.671105 -0.686680
-0.254894 0.683302 -0.684198
-0.230355 0.696476 -0.679602
-0.206043 0.710641 -0.672708
-0.182333 0.725701 -0.663410
-0.159444 0.741579 -0.651642
-0.137545 0.758181 -0.637372
-0.116842 0.775346 -0.620634
-0.097377 0.792988 -0.601405
-0.079459 0.810809 -0.579892
-0.063226 0.828587 -0.556278
-0.048794 0.846090 -0.530803
-0.036323 0.862990 -0.503913
-0.025846 0.879039 -0.476049
-0.017396 0.893912 -0.447905
-0.010908 0.907326 -0.420286
-0.006178 0.919149 -0.393862
-0.002985 0.929248 -0.369445
-0.001059 0.937578 -0.347773
-0.000107 0.944215 -0.329330
0.000119 0.949214 -0.314632
-0.000165 0.952674 -0.303995
-0.000823 0.954613 -0.297847
-0.001733 0.955106 -0.296258
-0.002876 0.954135 -0.299364
-0.004241 0.951619 -0.307251
-0.005900 0.947474 -0.319779
-0.007952 0.941477 -0.336984
-0.010548 0.933447 -0.358559
-0.013880 0.923145 -0.384201
-0.018170 0.910323 -0.413500
-0.023706 0.894586 -0.446267
-0.030733 0.875872 -0.481563
-0.039583 0.853864 -0.518989
-0.050485 0.828612 -0.557542
-0.063643 0.800221 -0.596318
-0.079256 0.768781 -0.634582
-0.097249 0.734940 -0.671122
-0.117523 0.699273 -0.705128
-0.139809 0.662558 -0.735847
-0.163640 0.625780 -0.762641
-0.188420 0.589964 -0.785137
-0.213448 0.556117 -0.803227
-0.238015 0.525090 -0.817086
-0.261383 0.497607 -0.827083
-0.282942 0.474085 -0.833779
-0.302249 0.454635 -0.837826
-0.319068 0.439081 -0.839883
-0.333389 0.427007 -0.840545
-0.345416 0.417837 -0.840297
-0.355610 0.410851 -0.839489
-0.364392 0.405487 -0.838331
-0.372432 0.401078 -0.836918
-0.380091 0.397313 -0.835268
-0.387975 0.393744 -0.833331
-0.396326 0.390235 -0.831049
-0.405087 0.386841 -0.828407
-0.414161 0.383602 -0.825421
-0.423397 0.380561 -0.822137
-0.432122 0.378037 -0.818754
-0.440030 0.376095 -0.815430
-0.446599 0.374893 -0.812407
-0.451327 0.374543 -0.809952
-0.453685 0.375131 -0.808360
-0.453249 0.376605 -0.807919
-0.449550 0.378909 -0.808908
-0.442177 0.381888 -0.811567
-0.430803 0.385311 -0.816054
-0.415224 0.388886 -0.822409
-0.395163 0.392296 -0.830632
-0.371190 0.395241 -0.840239
-0.342936 0.397473 -0.851123
-0.311029 0.398836 -0.862665
-0.276277 0.399317 -0.874195
-0.238284 0.398890 -0.885498
-0.197911 0.397708 -0.895913
-0.155519 0.395942 -0.905010
-0.111370 0.393794 -0.912427
-0.065649 0.391477 -0.917843
-0.018473 0.389218 -0.920961
0.029487 0.387276 -0.921492
0.079297 0.385860 -0.919143
0.129540 0.385274 -0.913665
0.180513 0.385799 -0.904751
0.231160 0.387679 -0.892340
0.281567 0.391232 -0.876161
0.330519 0.396588 -0.856431
0.378559 0.404204 -0.832654
0.423847 0.413876 -0.805643
0.466327 0.425740 -0.775425
0.505378 0.439633 -0.742507
0.540850 0.455516 -0.707098
0.572541 0.473269 -0.669487
0.600014 0.492339 -0.630544
0.623268 0.512351 -0.590790
0.642391 0.532874 -0.550799
0.657576 0.553468 -0.511142
0.669111 0.573732 -0.472358
0.677345 0.593127 -0.435207
0.682722 0.611413 -0.400082
0.685730 0.628150 -0.367697
0.686880 0.643184 -0.338394
0.686655 0.656443 -0.312391
0.685512 0.667893 -0.289814
0.683827 0.677625 -0.270565
0.681898 0.685771 -0.254427
0.679934 0.692514 -0.241070
0.678063 0.698051 -0.230118
0.676369 0.702557 -0.221223
0.674876 0.706207 -0.214043
0.673608 0.709120 -0.208329
0.672558 0.711412 -0.203859
0.671737 0.713139 -0.200504
0.671141 0.714356 -0.198155
0.670784 0.715074 -0.196769
0.670664 0.715313 -0.196309
VECTORS q3 float
0.898304 0.353078 -0.261505
0.898708 0.352721 -0.260599
0.899927 0.351719 -0.257731
0.901955 0.350299 -0.252523
0.904754 0.348830 -0.244411
0.908262 0.347785 -0.232608
0.912324 0.347726 -0.216221
0.916651 0.349269 -0.194327
0.920693 0.352994 -0.166494
0.923808 0.359484 -0.131718
0.925046 0.369098 -0.089752
0.923288 0.381954 -0.040632
0.917277 0.397943 0.015630
0.905693 0.416580 0.078623
0.887503 0.436790 0.146810
0.861730 0.457497 0.219356
0.827975 0.477225 0.294472
0.786284 0.494533 0.370398
0.737204 0.508127 0.445351
0.681882 0.516972 0.517471
0.621410 0.520458 0.585639
0.557770 0.518304 0.648270
0.492661 0.510657 0.704638
0.427679 0.497951 0.754410
0.364584 0.480935 0.797358
0.304647 0.460482 0.833755
0.249235 0.437708 0.863883
0.199466 0.413838 0.888229
0.155830 0.389942 0.907558
0.118799 0.367160 0.922540
0.088519 0.346496 0.933865
0.064663 0.328648 0.942236
0.046911 0.314281 0.948170
0.034710 0.303817 0.952098
0.027714 0.297755 0.954240
0.025289 0.296206 0.954789
0.027048 0.299329 0.953766
0.032677 0.307222 0.951077
0.041848 0.319739 0.946581
0.054494 0.336902 0.939962
0.070417 0.358383 0.930915
0.089522 0.383842 0.919049
0.111730 0.412826 0.903931
0.137203 0.445080 0.884917
0.165582 0.479595 0.861726
0.196964 0.515873 0.833715
0.230969 0.552807 0.800661
0.267279 0.589368 0.762369
0.305707 0.624656 0.718574
0.345530 0.657308 0.669743
0.386311 0.686313 0.616229
0.427527 0.710698 0.558684
0.468580 0.729595 0.498121
0.508952 0.742385 0.435698
0.548195 0.748717 0.372700
0.586009 0.748526 0.310327
0.622093 0.742015 0.249827
0.656273 0.729642 0.192167
0.688409 0.712065 0.138047
0.718360 0.690099 0.087874
0.745958 0.664680 0.041792
0.771013 0.636819 -0.000278
0.793513 0.607308 -0.038914
0.813113 0.577361 -0.074171
0.830040 0.547329 -0.107074
0.843931 0.518566 -0.137367
0.855261 0.490792 -0.166288
0.864123 0.464367 -0.194047
0.870667 0.439723 -0.220414
0.875332 0.416470 -0.245655
0.878615 0.393709 -0.270238
0.880869 0.371475 -0.293387
0.882580 0.348603 -0.315482
0.884104 0.324448 -0.336293
0.885730 0.298448 -0.355543
0.887661 0.270547 -0.372641
0.890097 0.239897 -0.387526
0.893110 0.206999 -0.399382
0.896789 0.172298 -0.407534
0.901217 0.136510 -0.411306
0.906475 0.100588 -0.410103
0.912693 0.065200 -0.403410
0.919778 0.032367 -0.391103
0.927921 0.002376 -0.372769
0.936959 -0.023437 -0.348651
0.946634 -0.044043 -0.319288
0.956899 -0.059439 -0.284273
0.967217 -0.069143 -0.244356
0.977086 -0.073116 -0.199893
0.985917 -0.071478 -0.151190
0.993048 -0.064430 -0.098509
0.997751 -0.052190 -0.042071
0.999235 -0.035118 0.017216
0.996666 -0.012909 0.080566
0.989177 0.013826 0.146076
0.975780 0.045315 0.214008
0.955760 0.080992 0.282776
0.928055 0.120956 0.352254
0.892383 0.164102 0.420385
0.847362 0.210588 0.487473
0.794132 0.257932 0.550296
0.732790 0.305122 0.608211
0.664737 0.350304 0.659857
0.591176 0.392136 0.704798
0.513711 0.429326 0.742819
0.435218 0.460452 0.773673
0.357695 0.485034 0.797995
0.282876 0.503086 0.816630
0.212000 0.515107 0.830495
0.145723 0.521976 0.840420
0.084676 0.524793 0.847008
0.028528 0.524827 0.850731
-0.022606 0.523315 0.851839
-0.069171 0.521355 0.850532
-0.111596 0.519793 0.846972
-0.150129 0.519181 0.841375
-0.185047 0.519757 0.834033
-0.216497 0.521483 0.825339
-0.244596 0.524125 0.815761
-0.269422 0.527347 0.805802
-0.290988 0.530784 0.795986
-0.309404 0.534132 0.786748
-0.324687 0.537138 0.778499
-0.336987 0.539659 0.771497
-0.346362 0.541608 0.765960
-0.352972 0.542979 0.761961
-0.356871 0.543780 0.759570
-0.358166 0.544044 0.758771
