# vtk DataFile Version 2.0
VTK example
ASCII
DATASET UNSTRUCTURED_GRID
POINTS  128  float
-0.000132 -0.000113 -0.000204
-0.000124 -0.000109 -0.000203
-0.000115 -0.000105 -0.000203
-0.000107 -0.000101 -0.000202
-0.000099 -0.000097 -0.000201
-0.000091 -0.000093 -0.000200
-0.000083 -0.000089 -0.000198
-0.000076 -0.000085 -0.000197
-0.000068 -0.000080 -0.000195
-0.000061 -0.000075 -0.000192
-0.000054 -0.000070 -0.000189
-0.000047 -0.000065 -0.000186
-0.000041 -0.000060 -0.000182
-0.000035 -0.000055 -0.000177
-0.000030 -0.000050 -0.000172
-0.000025 -0.000045 -0.000166
-0.000020 -0.000040 -0.000160
-0.000016 -0.000035 -0.000153
-0.000013 -0.000031 -0.000146
-0.000010 -0.000027 -0.000138
-0.000008 -0.000023 -0.000130
-0.000006 -0.000020 -0.000122
-0.000004 -0.000016 -0.000114
-0.000003 -0.000013 -0.000106
-0.000002 -0.000011 -0.000097
-0.000001 -0.000008 -0.000088
-0.000000 -0.000005 -0.000080
0.000000 -0.000003 -0.000071
0.000001 -0.000001 -0.000062
0.000001 0.000002 -0.000054
0.000002 0.000004 -0.000045
0.000003 0.000007 -0.000036
0.000003 0.000010 -0.000028
0.000004 0.000013 -0.000019
0.000005 0.000016 -0.000011
0.000006 0.000020 -0.000003
0.000008 0.000024 0.000005
0.000009 0.000028 0.000013
0.000011 0.000033 0.000021
0.000013 0.000038 0.000028
0.000016 0.000043 0.000035
0.000019 0.000048 0.000041
0.000022 0.000054 0.000048
0.000026 0.000061 0.000053
0.000030 0.000067 0.000058
0.000034 0.000074 0.000062
0.000039 0.000080 0.000066
0.000044 0.000087 0.000069
0.000050 0.000094 0.000071
0.000056 0.000101 0.000073
0.000062 0.000107 0.000074
0.000068 0.000114 0.000075
0.000075 0.000120 0.000075
0.000081 0.000126 0.000075
0.000088 0.000131 0.000074
0.000096 0.000137 0.000073
0.000103 0.000142 0.000072
0.000110 0.000147 0.000070
0.000118 0.000152 0.000068
0.000126 0.000156 0.000066
0.000133 0.000160 0.000064
0.000141 0.000164 0.000062
0.000149 0.000168 0.000060
0.000157 0.000171 0.000057
0.000165 0.000175 0.000055
0.000173 0.000178 0.000052
0.000182 0.000181 0.000050
0.000190 0.000183 0.000047
0.000198 0.000185 0.000044
0.000206 0.000187 0.000041
0.000215 0.000189 0.000038
0.000223 0.000191 0.000035
0.000231 0.000192 0.000032
0.000240 0.000193 0.000029
0.000248 0.000194 0.000025
0.000257 0.000195 0.000022
0.000265 0.000195 0.000019
0.000274 0.000196 0.000016
0.000282 0.000196 0.000013
0.000291 0.000196 0.000011
0.000300 0.000196 0.000008
0.000308 0.000196 0.000006
0.000317 0.000196 0.000004
0.000326 0.000196 0.000003
0.000335 0.000196 0.000002
0.000344 0.000196 0.000001
0.000353 0.000197 0.000001
0.000362 0.000197 0.000002
0.000371 0.000198 0.000003
0.000380 0.000198 0.000005
0.000389 0.000199 0.000008
0.000397 0.000201 0.000011
0.000405 0.000203 0.000015
0.000413 0.000205 0.000019
0.000420 0.000207 0.000025
0.000426 0.000210 0.000031
0.000431 0.000213 0.000037
0.000436 0.000216 0.000044
0.000440 0.000219 0.000051
0.000444 0.000223 0.000059
0.000446 0.000227 0.000067
0.000448 0.000231 0.000075
0.000449 0.000235 0.000083
0.000450 0.000239 0.000091
0.000450 0.000243 0.000099
0.000449 0.000247 0.000107
0.000448 0.000251 0.000115
0.000447 0.000255 0.000123
0.000446 0.000259 0.000131
0.000444 0.000263 0.000139
0.000441 0.000268 0.000147
0.000439 0.000272 0.000154
0.000436 0.000276 0.000162
0.000433 0.000281 0.000169
0.000430 0.000285 0.000176
0.000427 0.000290 0.000183
0.000424 0.000295 0.000190
0.000421 0.000299 0.000197
0.000417 0.000304 0.000204
0.000414 0.000309 0.000211
0.000410 0.000313 0.000218
0.000407 0.000318 0.000225
0.000403 0.000323 0.000232
0.000399 0.000328 0.000238
0.000396 0.000333 0.000245
0.000392 0.000338 0.000252
0.000389 0.000342 0.000259
0.000385 0.000347 0.000265
CELLS  127 381
2 0 1 
2 1 2 
2 2 3 
2 3 4 
2 4 5 
2 5 6 
2 6 7 
2 7 8 
2 8 9 
2 9 10 
2 10 11 
2 11 12 
2 12 13 
2 13 14 
2 14 15 
2 15 16 
2 16 17 
2 17 18 
2 18 19 
2 19 20 
2 20 21 
2 21 22 
2 22 23 
2 23 24 
2 24 25 
2 25 26 
2 26 27 
2 27 28 
2 28 29 
2 29 30 
2 30 31 
2 31 32 
2 32 33 
2 33 34 
2 34 35 
2 35 36 
2 36 37 
2 37 38 
2 38 39 
2 39 40 
2 40 41 
2 41 42 
2 42 43 
2 43 44 
2 44 45 
2 45 46 
2 46 47 
2 47 48 
2 48 49 
2 49 50 
2 50 51 
2 51 52 
2 52 53 
2 53 54 
2 54 55 
2 55 56 
2 56 57 
2 57 58 
2 58 59 
2 59 60 
2 60 61 
2 61 62 
2 62 63 
2 63 64 
2 64 65 
2 65 66 
2 66 67 
2 67 68 
2 68 69 
2 69 70 
2 70 71 
2 71 72 
2 72 73 
2 73 74 
2 74 75 
2 75 76 
2 76 77 
2 77 78 
2 78 79 
2 79 80 
2 80 81 
2 81 82 
2 82 83 
2 83 84 
2 84 85 
2 85 86 
2 86 87 
2 87 88 
2 88 89 
2 89 90 
2 90 91 
2 91 92 
2 92 93 
2 93 94 
2 94 95 
2 95 96 
2 96 97 
2 97 98 
2 98 99 
2 99 100 
2 100 101 
2 101 102 
2 102 103 
2 103 104 
2 104 105 
2 105 106 
2 106 107 
2 107 108 
2 108 109 
2 109 110 
2 110 111 
2 111 112 
2 112 113 
2 113 114 
2 114 115 
2 115 116 
2 116 117 
2 117 118 
2 118 119 
2 119 120 
2 120 121 
2 121 122 
2 122 123 
2 123 124 
2 124 125 
2 125 126 
2 126 127 
CELL_TYPES  127
3
3
3
3
3
3
3
3
3
3
3
3
3
3
3
3
3
3
3
3
3
3
3
3
3
3
3
3
3
3
3
3
3
3
3
3
3
3
3
3
3
3
3
3
3
3
3
3
3
3
3
3
3
3
3
3
3
3
3
3
3
3
3
3
3
3
3
3
3
3
3
3
3
3
3
3
3
3
3
3
3
3
3
3
3
3
3
3
3
3
3
3
3
3
3
3
3
3
3
3
3
3
3
3
3
3
3
3
3
3
3
3
3
3
3
3
3
3
3
3
3
3
3
3
3
3
3
POINT_DATA  128
VECTORS Position float
-0.000132 -0.000113 -0.000204
-0.000124 -0.000109 -0.000203
-0.000115 -0.000105 -0.000203
-0.000107 -0.000101 -0.000202
-0.000099 -0.000097 -0.000201
-0.000091 -0.000093 -0.000200
-0.000083 -0.000089 -0.000198
-0.000076 -0.000085 -0.000197
-0.000068 -0.000080 -0.000195
-0.000061 -0.000075 -0.000192
-0.000054 -0.000070 -0.000189
-0.000047 -0.000065 -0.000186
-0.000041 -0.000060 -0.000182
-0.000035 -0.000055 -0.000177
-0.000030 -0.000050 -0.000172
-0.000025 -0.000045 -0.000166
-0.000020 -0.000040 -0.000160
-0.000016 -0.000035 -0.000153
-0.000013 -0.000031 -0.000146
-0.000010 -0.000027 -0.000138
-0.000008 -0.000023 -0.000130
-0.000006 -0.000020 -0.000122
-0.000004 -0.000016 -0.000114
-0.000003 -0.000013 -0.000106
-0.000002 -0.000011 -0.000097
-0.000001 -0.000008 -0.000088
-0.000000 -0.000005 -0.000080
0.000000 -0.000003 -0.000071
0.000001 -0.000001 -0.000062
0.000001 0.000002 -0.000054
0.000002 0.000004 -0.000045
0.000003 0.000007 -0.000036
0.000003 0.000010 -0.000028
0.000004 0.000013 -0.000019
0.000005 0.000016 -0.000011
0.000006 0.000020 -0.000003
0.000008 0.000024 0.000005
0.000009 0.000028 0.000013
0.000011 0.000033 0.000021
0.000013 0.000038 0.000028
0.000016 0.000043 0.000035
0.000019 0.000048 0.000041
0.000022 0.000054 0.000048
0.000026 0.000061 0.000053
0.000030 0.000067 0.000058
0.000034 0.000074 0.000062
0.000039 0.000080 0.000066
0.000044 0.000087 0.000069
0.000050 0.000094 0.000071
0.000056 0.000101 0.000073
0.000062 0.000107 0.000074
0.000068 0.000114 0.000075
0.000075 0.000120 0.000075
0.000081 0.000126 0.000075
0.000088 0.000131 0.000074
0.000096 0.000137 0.000073
0.000103 0.000142 0.000072
0.000110 0.000147 0.000070
0.000118 0.000152 0.000068
0.000126 0.000156 0.000066
0.000133 0.000160 0.000064
0.000141 0.000164 0.000062
0.000149 0.000168 0.000060
0.000157 0.000171 0.000057
0.000165 0.000175 0.000055
0.000173 0.000178 0.000052
0.000182 0.000181 0.000050
0.000190 0.000183 0.000047
0.000198 0.000185 0.000044
0.000206 0.000187 0.000041
0.000215 0.000189 0.000038
0.000223 0.000191 0.000035
0.000231 0.000192 0.000032
0.000240 0.000193 0.000029
0.000248 0.000194 0.000025
0.000257 0.000195 0.000022
0.000265 0.000195 0.000019
0.000274 0.000196 0.000016
0.000282 0.000196 0.000013
0.000291 0.000196 0.000011
0.000300 0.000196 0.000008
0.000308 0.000196 0.000006
0.000317 0.000196 0.000004
0.000326 0.000196 0.000003
0.000335 0.000196 0.000002
0.000344 0.000196 0.000001
0.000353 0.000197 0.000001
0.000362 0.000197 0.000002
0.000371 0.000198 0.000003
0.000380 0.000198 0.000005
0.000389 0.000199 0.000008
0.000397 0.000201 0.000011
0.000405 0.000203 0.000015
0.000413 0.000205 0.000019
0.000420 0.000207 0.000025
0.000426 0.000210 0.000031
0.000431 0.000213 0.000037
0.000436 0.000216 0.000044
0.000440 0.000219 0.000051
0.000444 0.000223 0.000059
0.000446 0.000227 0.000067
0.000448 0.000231 0.000075
0.000449 0.000235 0.000083
0.000450 0.000239 0.000091
0.000450 0.000243 0.000099
0.000449 0.000247 0.000107
0.000448 0.000251 0.000115
0.000447 0.000255 0.000123
0.000446 0.000259 0.000131
0.000444 0.000263 0.000139
0.000441 0.000268 0.000147
0.000439 0.000272 0.000154
0.000436 0.000276 0.000162
0.000433 0.000281 0.000169
0.000430 0.000285 0.000176
0.000427 0.000290 0.000183
0.000424 0.000295 0.000190
0.000421 0.000299 0.000197
0.000417 0.000304 0.000204
0.000414 0.000309 0.000211
0.000410 0.000313 0.000218
0.000407 0.000318 0.000225
0.000403 0.000323 0.000232
0.000399 0.000328 0.000238
0.000396 0.000333 0.000245
0.000392 0.000338 0.000252
0.000389 0.000342 0.000259
0.000385 0.000347 0.000265
VECTORS Rotation float
0.745266 0.428540 -1.497503
0.743861 0.430714 -1.494352
0.739562 0.437201 -1.484768
0.732180 0.447786 -1.468521
0.721432 0.462052 -1.445321
0.706839 0.479547 -1.414564
0.687802 0.499625 -1.375536
0.663642 0.521395 -1.327477
0.634157 0.543311 -1.270645
0.598566 0.564208 -1.204031
0.556928 0.582300 -1.128107
0.509791 0.595806 -1.043894
0.457976 0.603173 -0.952489
0.402981 0.603090 -0.855796
0.347459 0.594821 -0.757453
0.293360 0.578290 -0.659774
0.242974 0.554233 -0.565888
0.197907 0.524028 -0.478160
0.159077 0.489526 -0.398282
0.126813 0.452918 -0.327460
0.100682 0.416135 -0.265802
0.080207 0.381324 -0.213687
0.064532 0.350038 -0.170713
0.052769 0.323390 -0.136234
0.044154 0.302194 -0.109618
0.037996 0.286782 -0.090018
0.033780 0.277291 -0.076698
0.031120 0.273627 -0.068929
0.029743 0.275539 -0.065997
0.029485 0.282737 -0.067336
0.030273 0.294909 -0.072501
0.032137 0.311860 -0.081254
0.035189 0.333369 -0.093513
0.039685 0.359406 -0.109490
0.045873 0.389446 -0.129286
0.054424 0.423933 -0.153849
0.065790 0.461946 -0.183423
0.081122 0.503856 -0.219513
0.101279 0.548530 -0.262744
0.127860 0.595648 -0.314884
0.162164 0.643680 -0.376918
0.205638 0.691010 -0.450014
0.259477 0.735670 -0.534986
0.324973 0.775845 -0.632958
0.401016 0.808795 -0.742005
0.486355 0.832758 -0.860605
0.577046 0.846156 -0.984126
0.668413 0.848515 -1.107392
0.756194 0.840314 -1.225872
0.835933 0.822933 -1.334545
0.905494 0.798228 -1.431055
0.964171 0.768183 -1.514523
1.012302 0.734697 -1.585165
1.050968 0.699344 -1.644034
1.081504 0.663356 -1.692494
1.105290 0.627579 -1.732025
1.123537 0.592659 -1.763943
1.137346 0.558953 -1.789521
1.147657 0.526616 -1.809915
1.155261 0.495648 -1.826170
1.160813 0.465941 -1.839230
1.164847 0.437314 -1.849940
1.167825 0.409323 -1.859119
1.170028 0.381960 -1.867315
1.171751 0.354545 -1.875156
1.173047 0.327493 -1.882814
1.174085 0.299969 -1.890673
1.174856 0.272047 -1.898719
1.175274 0.244245 -1.906690
1.175319 0.216546 -1.914359
1.175010 0.188662 -1.921445
1.174224 0.161704 -1.927187
1.173026 0.135486 -1.931065
1.171454 0.110492 -1.932363
1.169595 0.087182 -1.930398
1.167561 0.066237 -1.924618
1.165528 0.047478 -1.914402
1.163632 0.031429 -1.899498
1.161995 0.018305 -1.879675
1.160702 0.008271 -1.854806
1.159789 0.001467 -1.824858
1.159241 -0.002047 -1.789473
1.158964 -0.002063 -1.749589
1.158826 0.001545 -1.704277
1.158619 0.008900 -1.654062
1.158096 0.020044 -1.599524
1.156897 0.035397 -1.539220
1.154628 0.054912 -1.473696
1.150809 0.078624 -1.402769
1.144884 0.106437 -1.326245
1.136244 0.138041 -1.244020
1.124265 0.172854 -1.156137
1.108629 0.209565 -1.063955
1.088422 0.247888 -0.965703
1.064053 0.285477 -0.864621
1.035404 0.321322 -0.760714
1.003507 0.353633 -0.656853
0.968882 0.381763 -0.553564
0.933229 0.404768 -0.454013
0.896763 0.423072 -0.357413
0.861669 0.436534 -0.267644
0.828380 0.446109 -0.184567
0.797553 0.452764 -0.108825
0.769155 0.457608 -0.039784
0.743004 0.461628 0.023281
0.719200 0.465580 0.080372
0.697454 0.470038 0.132210
0.677506 0.475306 0.179411
0.659130 0.481460 0.222492
0.642138 0.488403 0.261881
0.626533 0.495881 0.297635
0.612187 0.503662 0.330075
0.599210 0.511429 0.359068
0.587598 0.518960 0.384715
0.577355 0.526087 0.407099
0.568510 0.532680 0.426263
0.561031 0.538678 0.442354
0.554871 0.544050 0.455546
0.549941 0.548792 0.466078
0.546131 0.552906 0.474221
0.543316 0.556391 0.480263
0.541343 0.559271 0.484536
0.540063 0.561562 0.487362
0.539307 0.563311 0.489084
0.538926 0.564562 0.490010
0.538777 0.565383 0.490428
0.538742 0.565834 0.490570
0.538741 0.565978 0.490598
VECTORS ControlForce float
-0.000000 -0.000000 0.000000
0.000008 -0.000111 0.000102
0.000025 -0.000216 0.000209
0.000080 -0.000294 0.000309
0.000164 -0.000357 0.000391
0.000257 -0.000422 0.000460
0.000383 -0.000465 0.000520
0.000525 -0.000486 0.000568
0.000664 -0.000483 0.000594
0.000783 -0.000443 0.000599
0.000878 -0.000346 0.000581
0.000926 -0.000201 0.000543
0.000933 -0.000006 0.000493
0.000907 0.000227 0.000435
0.000868 0.000490 0.000360
0.000818 0.000747 0.000272
0.000763 0.000976 0.000165
0.000694 0.001144 0.000042
0.000591 0.001220 -0.000086
0.000435 0.001174 -0.000188
0.000235 0.001022 -0.000252
0.000014 0.000797 -0.000283
-0.000202 0.000525 -0.000274
-0.000383 0.000258 -0.000244
-0.000512 0.000024 -0.000196
-0.000583 -0.000157 -0.000136
-0.000597 -0.000271 -0.000082
-0.000559 -0.000319 -0.000044
-0.000478 -0.000313 -0.000018
-0.000362 -0.000269 0.000005
-0.000222 -0.000204 0.000032
-0.000070 -0.000132 0.000068
0.000081 -0.000060 0.000107
0.000215 -0.000002 0.000150
0.000320 0.000024 0.000197
0.000386 0.000018 0.000244
0.000406 -0.000032 0.000289
0.000377 -0.000127 0.000334
0.000303 -0.000244 0.000358
0.000191 -0.000377 0.000363
0.000054 -0.000506 0.000339
-0.000090 -0.000610 0.000282
-0.000230 -0.000682 0.000207
-0.000344 -0.000695 0.000119
-0.000425 -0.000647 0.000027
-0.000475 -0.000557 -0.000057
-0.000498 -0.000444 -0.000128
-0.000487 -0.000307 -0.000189
-0.000430 -0.000136 -0.000238
-0.000333 0.000050 -0.000273
-0.000216 0.000223 -0.000290
-0.000103 0.000349 -0.000289
-0.000011 0.000418 -0.000276
0.000056 0.000434 -0.000259
0.000118 0.000434 -0.000241
0.000195 0.000450 -0.000222
0.000270 0.000458 -0.000203
0.000335 0.000445 -0.000188
0.000406 0.000443 -0.000172
0.000464 0.000434 -0.000157
0.000494 0.000405 -0.000146
0.000493 0.000361 -0.000137
0.000457 0.000307 -0.000128
0.000380 0.000237 -0.000124
0.000262 0.000143 -0.000126
0.000119 0.000046 -0.000136
-0.000027 -0.000041 -0.000138
-0.000175 -0.000126 -0.000137
-0.000330 -0.000227 -0.000153
-0.000472 -0.000332 -0.000180
-0.000585 -0.000420 -0.000197
-0.000651 -0.000463 -0.000207
-0.000674 -0.000480 -0.000199
-0.000642 -0.000440 -0.000164
-0.000560 -0.000342 -0.000113
-0.000459 -0.000237 -0.000067
-0.000355 -0.000141 -0.000019
-0.000252 -0.000041 0.000028
-0.000164 0.000045 0.000061
-0.000095 0.000119 0.000082
-0.000055 0.000163 0.000098
-0.000051 0.000166 0.000115
-0.000076 0.000142 0.000129
-0.000128 0.000087 0.000150
-0.000186 0.000029 0.000177
-0.000236 -0.000023 0.000206
-0.000259 -0.000059 0.000256
-0.000238 -0.000080 0.000322
-0.000154 -0.000066 0.000391
0.000008 -0.000002 0.000445
0.000235 0.000096 0.000466
0.000494 0.000191 0.000440
0.000760 0.000293 0.000357
0.000981 0.000385 0.000227
0.001115 0.000451 0.000056
0.001116 0.000462 -0.000130
0.000975 0.000427 -0.000308
0.000711 0.000354 -0.000444
0.000366 0.000257 -0.000512
0.000008 0.000162 -0.000506
-0.000312 0.000095 -0.000466
-0.000548 0.000045 -0.000414
-0.000673 -0.000012 -0.000353
-0.000677 -0.000083 -0.000285
-0.000582 -0.000160 -0.000221
-0.000409 -0.000241 -0.000166
-0.000209 -0.000309 -0.000141
-0.000021 -0.000356 -0.000147
0.000129 -0.000380 -0.000170
0.000218 -0.000376 -0.000208
0.000257 -0.000352 -0.000241
0.000251 -0.000314 -0.000265
0.000207 -0.000269 -0.000288
0.000135 -0.000225 -0.000311
0.000053 -0.000190 -0.000327
-0.000021 -0.000168 -0.000334
-0.000091 -0.000155 -0.000336
-0.000129 -0.000153 -0.000323
-0.000157 -0.000154 -0.000308
-0.000189 -0.000150 -0.000298
-0.000213 -0.000142 -0.000287
-0.000227 -0.000129 -0.000272
-0.000237 -0.000109 -0.000255
-0.000226 -0.000086 -0.000225
-0.000209 -0.000058 -0.000191
-0.000175 -0.000030 -0.000147
-0.000107 -0.000010 -0.000086
-0.000000 0.000000 -0.000000
VECTORS ControlTorque float
-0.000001 0.000002 -0.000002
-0.000001 0.000002 -0.000002
-0.000001 0.000002 -0.000002
-0.000001 0.000002 -0.000002
-0.000001 0.000002 -0.000002
-0.000001 0.000002 -0.000001
-0.000001 0.000003 -0.000002
-0.000001 0.000002 -0.000001
-0.000001 0.000003 -0.000001
-0.000001 0.000002 -0.000000
-0.000001 0.000002 0.000000
-0.000001 0.000002 0.000000
-0.000002 0.000002 0.000000
-0.000001 0.000000 0.000001
-0.000001 0.000001 0.000001
-0.000001 -0.000000 0.000001
-0.000001 -0.000001 0.000001
-0.000000 -0.000001 0.000001
0.000001 -0.000002 0.000001
0.000001 -0.000002 0.000001
0.000002 -0.000003 0.000001
0.000002 -0.000003 0.000001
0.000002 -0.000003 0.000001
0.000003 -0.000003 0.000001
0.000002 -0.000002 0.000000
0.000003 -0.000002 0.000000
0.000002 -0.000002 0.000000
0.000002 -0.000002 0.000000
0.000002 -0.000002 0.000000
0.000002 -0.000001 0.000000
0.000002 -0.000001 0.000000
0.000002 -0.000001 0.000000
0.000002 -0.000001 0.000000
0.000001 -0.000001 0.000000
0.000003 -0.000002 0.000000
0.000001 -0.000001 0.000000
0.000003 -0.000002 0.000001
0.000001 -0.000001 0.000000
0.000002 -0.000002 0.000001
0.000001 -0.000002 0.000001
0.000001 -0.000002 0.000001
0.000000 -0.000001 0.000001
0.000001 -0.000002 0.000001
-0.000001 -0.000000 0.000001
0.000000 -0.000001 0.000001
-0.000001 0.000000 0.000001
-0.000001 0.000001 0.000001
-0.000001 0.000001 0.000001
-0.000002 0.000001 0.000001
-0.000002 0.000001 0.000001
-0.000002 0.000002 0.000000
-0.000002 0.000002 0.000000
-0.000002 0.000002 -0.000000
-0.000001 0.000002 -0.000000
-0.000001 0.000002 -0.000000
-0.000001 0.000002 -0.000000
-0.000001 0.000001 -0.000000
-0.000001 0.000001 -0.000000
-0.000001 0.000001 -0.000000
-0.000001 0.000001 -0.000000
-0.000001 0.000001 -0.000000
-0.000000 0.000000 0.000000
-0.000000 0.000000 -0.000001
0.000000 -0.000000 0.000001
-0.000000 0.000000 -0.000001
0.000000 -0.000000 0.000001
0.000000 -0.000000 0.000000
-0.000000 0.000000 -0.000000
-0.000000 0.000000 -0.000000
0.000000 0.000000 0.000001
-0.000000 0.000001 -0.000001
-0.000000 0.000001 0.000000
-0.000000 0.000001 -0.000000
-0.000000 0.000001 -0.000000
-0.000001 0.000001 -0.000001
-0.000000 0.000002 -0.000000
-0.000000 0.000002 -0.000001
-0.000000 0.000002 -0.000001
-0.000000 0.000002 -0.000001
-0.000000 0.000002 -0.000001
-0.000000 0.000003 -0.000001
-0.000000 0.000001 -0.000001
-0.000000 0.000003 -0.000001
-0.000000 0.000002 -0.000002
-0.000000 0.000001 -0.000001
-0.000000 0.000003 -0.000002
0.000000 0.000002 -0.000002
0.000000 0.000002 -0.000002
0.000000 0.000002 -0.000002
0.000000 0.000002 -0.000002
0.000000 0.000003 -0.000002
0.000000 -0.000000 -0.000001
0.000000 0.000004 -0.000002
0.000000 -0.000001 0.000000
0.000000 0.000002 -0.000001
0.000000 -0.000002 0.000001
-0.000000 0.000000 -0.000000
-0.000000 -0.000004 0.000002
-0.000000 0.000000 -0.000000
-0.000000 -0.000004 0.000002
-0.000000 -0.000002 0.000001
-0.000000 -0.000003 0.000001
0.000000 -0.000002 0.000001
0.000000 -0.000002 0.000001
0.000001 -0.000002 0.000001
0.000001 -0.000002 0.000001
0.000001 -0.000002 0.000001
0.000001 -0.000001 0.000001
0.000000 -0.000001 0.000001
0.000000 -0.000001 0.000001
0.000000 -0.000001 0.000001
-0.000000 -0.000001 0.000001
-0.000000 -0.000001 0.000001
-0.000000 -0.000001 0.000001
-0.000000 -0.000001 0.000000
-0.000000 -0.000001 0.000000
-0.000000 -0.000001 0.000000
-0.000000 -0.000001 0.000000
-0.000000 -0.000001 0.000000
-0.000000 -0.000001 0.000000
-0.000000 -0.000001 0.000000
-0.000000 -0.000000 0.000000
-0.000000 -0.000000 0.000000
-0.000000 -0.000000 0.000000
-0.000000 -0.000000 -0.000000
-0.000000 -0.000000 -0.000000
-0.000000 -0.000000 -0.000000
-0.000000 -0.000000 -0.000000
VECTORS Curvature float
20.876005 -225.506545 5.917452
71.775670 -732.126144 19.116514
170.888157 -1616.995362 40.291027
282.744835 -2376.097254 55.947185
431.102649 -3150.859339 68.410442
623.890612 -3930.202543 75.857363
882.863391 -4764.504613 78.402480
1175.190129 -5457.505773 74.871704
1527.855186 -6093.833313 67.954886
1958.127515 -6756.034534 56.423559
2406.884851 -7211.853181 42.909399
2890.378432 -7570.499937 29.010208
3431.993185 -7910.068345 15.942976
3916.421887 -8024.041509 5.819702
4351.885752 -7981.870623 -0.679143
4741.511942 -7873.643396 -2.851767
4991.186076 -7574.554544 -1.199925
5120.312267 -7175.113046 3.453505
5069.084047 -6626.925838 10.628309
4887.246119 -6016.070459 18.078948
4551.345329 -5331.045776 26.829977
4042.786819 -4549.659309 34.421658
3465.084914 -3791.999446 41.290667
2813.677984 -3041.826375 47.185337
2129.345028 -2331.772344 51.844993
1443.439551 -1682.696047 55.764125
759.746802 -1082.872726 59.144050
108.711862 -554.447341 62.548730
-507.360853 -90.699037 66.504571
-1081.340075 318.550347 71.522535
-1630.893933 688.658725 77.949276
-2152.423495 1030.714186 86.156317
-2694.337590 1385.660334 95.861244
-3159.512631 1712.320504 107.822240
-3673.867823 2096.442554 120.035577
-4149.749325 2490.274701 134.684495
-4613.328189 2929.508852 147.591464
-5090.617493 3422.073715 162.007428
-5500.500707 3934.524632 173.021976
-5921.664427 4508.199306 183.464971
-6191.831341 5032.235510 190.047165
-6347.906351 5510.299094 193.519622
-6489.181193 6037.863913 190.956105
-6482.635593 6461.877903 186.074233
-6314.004296 6777.685256 173.275630
-6087.208361 7047.263878 156.680071
-5671.671925 7119.189687 134.015249
-5237.176025 7172.728396 108.214456
-4730.045893 7110.846680 80.901855
-4143.893260 6909.826987 55.137665
-3576.463812 6684.523942 32.932511
-3009.435822 6390.506584 15.535719
-2464.872271 6047.744953 3.694930
-1957.991677 5675.812702 -2.748776
-1497.512305 5299.479856 -4.005990
-1084.725402 4923.347213 -0.817542
-719.615650 4550.512980 6.406765
-407.633537 4206.806158 16.883285
-147.641418 3897.407107 29.968838
60.987694 3634.019093 45.015491
217.193707 3402.116809 61.429101
329.776923 3263.661254 78.728557
394.362375 3140.305146 96.207249
430.049605 3109.988281 113.725042
431.448565 3075.033587 130.388059
415.808603 3057.731607 146.336959
412.767823 3182.981831 160.560778
400.360867 3187.568035 172.766753
397.276865 3114.348223 182.835837
443.536850 3156.790208 190.372185
518.327846 3080.210634 194.554780
636.971435 2895.689879 195.924863
827.088971 2740.772051 193.760872
1074.293654 2475.739866 188.321732
1334.566615 2088.231185 179.620885
1660.339905 1670.467563 167.637237
2042.516238 1238.038064 152.956954
2396.501589 723.807305 135.774456
2774.064177 194.571527 116.548725
3122.192070 -346.452412 95.768873
3558.045847 -925.271906 74.051348
3887.574155 -1479.413626 51.869379
4204.729869 -2050.058253 29.489070
4646.606050 -2695.839382 7.200848
4852.866236 -3224.631311 -15.573707
5186.352585 -3855.801978 -37.518071
5612.810671 -4576.934462 -60.970797
5914.484254 -5225.087305 -84.612015
6257.751893 -5918.432786 -109.464056
6577.631226 -6593.184113 -135.690667
6937.372028 -7303.918699 -162.042883
7076.043470 -7752.204853 -191.579856
7359.261858 -8320.864695 -213.998530
7557.278690 -8743.879307 -242.012084
7537.088831 -8851.398254 -258.583226
7450.884901 -8818.996317 -274.883169
7264.907131 -8601.403142 -279.837639
6946.746531 -8189.743419 -282.346005
6670.120262 -7785.489087 -274.579464
6317.860493 -7306.622207 -266.627327
5728.018673 -6567.168765 -252.304575
5226.566662 -5989.332677 -238.026062
4673.784114 -5420.413773 -223.119029
4212.678039 -5037.645759 -209.261252
3711.966336 -4679.011983 -196.622684
3187.436715 -4335.977961 -185.118981
2714.432321 -4072.628444 -174.702914
2276.913253 -3837.002708 -165.066625
1894.864725 -3634.925608 -155.861990
1549.697722 -3409.642598 -146.851153
1253.311714 -3179.305852 -137.620685
1001.832435 -2933.182706 -128.204033
780.215958 -2645.012939 -118.330883
599.593338 -2366.078527 -108.092455
445.339531 -2075.889726 -97.547688
314.404437 -1785.579326 -86.788749
204.574496 -1507.013682 -75.981752
113.352665 -1243.064384 -65.302396
40.417751 -1002.331554 -54.963949
-14.858379 -782.962289 -45.175913
-53.305101 -590.992313 -36.152988
-75.649722 -427.024430 -28.065009
-83.979412 -291.987444 -21.047217
-80.217965 -186.700414 -15.132085
-66.962994 -108.290341 -10.253818
-48.042620 -55.628064 -6.353637
-22.368362 -20.160597 -2.755780
-7.238044 -5.476864 -0.829749
VECTORS LocalRotation float
-0.278676 0.245752 -0.027915
-0.278255 0.241406 -0.027802
-0.277161 0.230813 -0.027534
-0.275116 0.212809 -0.027100
-0.271877 0.187735 -0.026536
-0.267085 0.155569 -0.025880
-0.260259 0.116183 -0.025181
-0.250993 0.070160 -0.024491
-0.238712 0.017679 -0.023842
-0.222951 -0.040419 -0.023280
-0.203211 -0.103588 -0.022831
-0.179172 -0.170671 -0.022504
-0.150514 -0.240840 -0.022301
-0.117347 -0.312759 -0.022202
-0.079848 -0.385350 -0.022179
-0.038702 -0.457094 -0.022195
0.005356 -0.527025 -0.022213
0.051141 -0.593810 -0.022203
0.097269 -0.656294 -0.022140
0.142422 -0.713631 -0.022009
0.185072 -0.764905 -0.021806
0.223991 -0.809650 -0.021529
0.258027 -0.847466 -0.021186
0.286459 -0.878412 -0.020785
0.308859 -0.902763 -0.020336
0.325010 -0.920911 -0.019850
0.334967 -0.933409 -0.019331
0.338900 -0.940825 -0.018779
0.337097 -0.943743 -0.018196
0.329904 -0.942711 -0.017571
0.317585 -0.938137 -0.016892
0.300432 -0.930341 -0.016148
0.278466 -0.919390 -0.015323
0.252088 -0.905430 -0.014405
0.221010 -0.888108 -0.013369
0.185789 -0.867459 -0.012222
0.145913 -0.842796 -0.010938
0.102108 -0.814124 -0.009540
0.054010 -0.780716 -0.008019
0.002435 -0.742594 -0.006409
-0.052335 -0.699458 -0.004720
-0.109151 -0.651690 -0.002982
-0.167486 -0.599213 -0.001235
-0.226044 -0.542786 0.000467
-0.284070 -0.482752 0.002096
-0.340098 -0.420291 0.003587
-0.393323 -0.356169 0.004903
-0.442808 -0.291337 0.006002
-0.487858 -0.226778 0.006857
-0.528070 -0.163244 0.007473
-0.563057 -0.101637 0.007872
-0.592872 -0.042445 0.008092
-0.617653 0.013860 0.008179
-0.637676 0.066933 0.008183
-0.653325 0.116638 0.008152
-0.665011 0.162901 0.008130
-0.673180 0.205794 0.008156
-0.678285 0.245452 0.008261
-0.680799 0.282151 0.008473
-0.681192 0.316249 0.008813
-0.679932 0.348115 0.009295
-0.677451 0.378350 0.009931
-0.674181 0.407268 0.010721
-0.670436 0.435658 0.011674
-0.666558 0.463502 0.012773
-0.662687 0.491518 0.014037
-0.658943 0.519724 0.015424
-0.655289 0.548346 0.016922
-0.651667 0.576968 0.018537
-0.647830 0.605584 0.020240
-0.643504 0.633632 0.021971
-0.638237 0.660877 0.023751
-0.631609 0.686392 0.025515
-0.623037 0.709910 0.027238
-0.612196 0.730451 0.028894
-0.598547 0.747581 0.030476
-0.581858 0.760690 0.031921
-0.561809 0.769551 0.033226
-0.538399 0.773709 0.034368
-0.511647 0.773019 0.035331
-0.481284 0.767239 0.036103
-0.447799 0.756425 0.036669
-0.410900 0.740331 0.037040
-0.370982 0.718928 0.037206
-0.328110 0.692208 0.037168
-0.282224 0.659846 0.036925
-0.233437 0.621750 0.036480
-0.181329 0.577441 0.035822
-0.126275 0.527040 0.034945
-0.068218 0.470447 0.033836
-0.007110 0.407611 0.032489
0.056191 0.339600 0.030892
0.122078 0.266237 0.029041
0.189143 0.189514 0.026991
0.257589 0.109728 0.024721
0.325249 0.029958 0.022312
0.392171 -0.049263 0.019790
0.456462 -0.125223 0.017247
0.518527 -0.198037 0.014708
0.576736 -0.265676 0.012283
0.631281 -0.328498 0.009933
0.680895 -0.385368 0.007712
0.725938 -0.437277 0.005614
0.766284 -0.484759 0.003651
0.802023 -0.528579 0.001821
0.833219 -0.569342 0.000094
0.859943 -0.607416 -0.001535
0.882566 -0.643267 -0.003075
0.901477 -0.677138 -0.004530
0.917062 -0.709009 -0.005899
0.929771 -0.738885 -0.007189
0.939962 -0.766507 -0.008390
0.948035 -0.791779 -0.009507
0.954289 -0.814490 -0.010533
0.959019 -0.834598 -0.011464
0.962459 -0.852084 -0.012299
0.964809 -0.866987 -0.013036
0.966248 -0.879439 -0.013676
0.966944 -0.889605 -0.014220
0.967060 -0.897685 -0.014673
0.966751 -0.903910 -0.015042
0.966168 -0.908517 -0.015332
0.965444 -0.911776 -0.015555
0.964701 -0.913941 -0.015719
0.964034 -0.915278 -0.015834
0.963515 -0.916019 -0.015909
0.963195 -0.916363 -0.015950
0.963061 -0.916479 -0.015966
VECTORS q1 float
0.334867 -0.616843 -0.712299
0.338088 -0.615290 -0.712120
0.347781 -0.610572 -0.711513
0.363857 -0.602585 -0.710281
0.386077 -0.591205 -0.708111
0.414304 -0.576180 -0.704535
0.448280 -0.557239 -0.698949
0.487571 -0.534141 -0.690629
0.530790 -0.507180 -0.678992
0.577522 -0.476130 -0.663151
0.626306 -0.441471 -0.642529
0.675626 -0.403912 -0.616753
0.724293 -0.364114 -0.585508
0.771056 -0.322980 -0.548778
0.814267 -0.282027 -0.507375
0.853255 -0.242151 -0.461865
0.887208 -0.204575 -0.413534
0.915783 -0.170234 -0.363816
0.938978 -0.139803 -0.314284
0.957060 -0.113722 -0.266654
0.970669 -0.091934 -0.222149
0.980437 -0.074366 -0.182243
0.987170 -0.060576 -0.147739
0.991632 -0.050011 -0.119018
0.994466 -0.042140 -0.096234
0.996198 -0.036435 -0.079130
0.997200 -0.032483 -0.067360
0.997721 -0.029958 -0.060453
0.997915 -0.028617 -0.057847
0.997854 -0.028310 -0.059050
0.997553 -0.028962 -0.063630
0.996986 -0.030582 -0.071296
0.996090 -0.033245 -0.081856
0.994754 -0.037140 -0.095315
0.992856 -0.042423 -0.111525
0.990154 -0.049582 -0.130904
0.986442 -0.058852 -0.153193
0.981313 -0.070963 -0.178854
0.974425 -0.086273 -0.207490
0.965227 -0.105552 -0.239156
0.953268 -0.129146 -0.273134
0.938075 -0.157351 -0.308634
0.919262 -0.190220 -0.344637
0.896347 -0.227914 -0.380286
0.869475 -0.269489 -0.413992
0.838563 -0.314489 -0.444870
0.804126 -0.361627 -0.471813
0.766757 -0.409709 -0.494189
0.726955 -0.457824 -0.511795
0.685760 -0.504562 -0.524548
0.643883 -0.549120 -0.532806
0.602016 -0.590857 -0.537089
0.560831 -0.629285 -0.538024
0.520840 -0.664176 -0.536280
0.482437 -0.695479 -0.532506
0.445843 -0.723321 -0.527286
0.411244 -0.747869 -0.521124
0.378657 -0.769407 -0.514424
0.347988 -0.788267 -0.507484
0.319044 -0.804802 -0.500504
0.291561 -0.819361 -0.493599
0.265222 -0.832269 -0.486812
0.239490 -0.843908 -0.480067
0.214236 -0.854408 -0.473382
0.188748 -0.864123 -0.466546
0.163334 -0.872936 -0.459679
0.137218 -0.881150 -0.452488
0.110488 -0.888702 -0.444972
0.083686 -0.895407 -0.437313
0.056918 -0.901261 -0.429522
0.030083 -0.906321 -0.421517
0.004410 -0.910357 -0.413800
-0.020024 -0.913478 -0.406394
-0.042516 -0.915699 -0.399610
-0.062396 -0.917096 -0.393753
-0.078851 -0.917779 -0.389183
-0.091755 -0.917961 -0.385912
-0.100527 -0.917794 -0.384121
-0.104839 -0.917444 -0.383804
-0.104436 -0.917052 -0.384849
-0.099116 -0.916718 -0.387046
-0.088614 -0.916498 -0.390101
-0.073049 -0.916387 -0.393572
-0.051886 -0.916333 -0.397042
-0.025191 -0.916215 -0.399895
0.006831 -0.915857 -0.401446
0.045082 -0.914986 -0.400959
0.089155 -0.913266 -0.397488
0.138898 -0.910273 -0.390013
0.193900 -0.905509 -0.377435
0.253348 -0.898430 -0.358661
0.315962 -0.888510 -0.332744
0.379242 -0.875505 -0.299443
0.442644 -0.858817 -0.257877
0.502286 -0.838944 -0.209482
0.556816 -0.816049 -0.154985
0.603877 -0.791174 -0.096830
0.643100 -0.764914 -0.036454
0.673724 -0.738614 0.023325
0.696924 -0.712424 0.082149
0.712847 -0.687760 0.137244
0.722932 -0.664725 0.188442
0.728330 -0.643542 0.235351
0.730152 -0.623967 0.278466
0.729225 -0.605693 0.318381
0.726160 -0.588663 0.355201
0.721443 -0.572615 0.389399
0.715443 -0.557367 0.421287
0.708460 -0.542808 0.451047
0.700758 -0.528887 0.478766
0.692634 -0.515715 0.504278
0.684322 -0.503298 0.527632
0.676120 -0.491826 0.548607
0.668252 -0.481373 0.567202
0.660908 -0.472004 0.583448
0.654249 -0.463784 0.597380
0.648368 -0.456713 0.609123
0.643318 -0.450769 0.618829
0.639100 -0.445891 0.626683
0.635686 -0.441997 0.632884
0.633020 -0.439000 0.637624
0.631020 -0.436780 0.641122
0.629594 -0.435223 0.643578
0.628633 -0.434195 0.645210
0.628034 -0.433576 0.646209
0.627696 -0.433242 0.646760
0.627535 -0.433093 0.647016
0.627489 -0.433052 0.647088
VECTORS q2 float
-0.254905 0.668453 -0.698709
-0.254626 0.668652 -0.698620
-0.253732 0.669276 -0.698348
-0.252074 0.670394 -0.697876
-0.249437 0.672125 -0.697158
-0.245517 0.674646 -0.696113
-0.239964 0.678197 -0.694598
-0.232407 0.683081 -0.692378
-0.222658 0.689571 -0.689141
-0.210341 0.698102 -0.684405
-0.195409 0.708987 -0.677608
-0.177993 0.722452 -0.668118
-0.158317 0.738673 -0.655208
-0.136866 0.757614 -0.638191
-0.114591 0.778754 -0.616775
-0.092232 0.801623 -0.590672
-0.070805 0.825328 -0.560197
-0.051184 0.848910 -0.526053
-0.034053 0.871413 -0.489367
-0.019863 0.891954 -0.451690
-0.008664 0.910026 -0.414461
-0.000367 0.925189 -0.379507
0.005411 0.937404 -0.348200
0.009157 0.946844 -0.321563
0.011348 0.953755 -0.300370
0.012422 0.958467 -0.284934
0.012710 0.961252 -0.275379
0.012439 0.962331 -0.271597
0.011739 0.961853 -0.273315
0.010651 0.959878 -0.280215
0.009144 0.956390 -0.291949
0.007135 0.951273 -0.308267
0.004492 0.944360 -0.328882
0.001034 0.935369 -0.353672
-0.003425 0.924146 -0.382023
-0.009188 0.910129 -0.414224
-0.016477 0.893250 -0.449258
-0.025699 0.872847 -0.487316
-0.037103 0.848919 -0.527219
-0.051099 0.821028 -0.568597
-0.067868 0.789398 -0.610118
-0.087515 0.754367 -0.650594
-0.109959 0.716563 -0.688801
-0.135147 0.676467 -0.723966
-0.162366 0.635600 -0.754751
-0.191151 0.594817 -0.780803
-0.220563 0.555533 -0.801708
-0.249717 0.518834 -0.817590
-0.277924 0.485378 -0.828955
-0.304254 0.455980 -0.836368
-0.328168 0.430859 -0.840635
-0.349286 0.410000 -0.842555
-0.367380 0.393211 -0.842862
-0.382403 0.380130 -0.842181
-0.394423 0.370328 -0.841004
-0.403605 0.363343 -0.839693
-0.410154 0.358737 -0.838499
-0.414340 0.356084 -0.837572
-0.416470 0.354990 -0.836980
-0.416875 0.355101 -0.836731
-0.415903 0.356104 -0.836789
-0.413906 0.357729 -0.837086
-0.411199 0.359758 -0.837550
-0.408109 0.362011 -0.838090
-0.404824 0.364374 -0.838659
-0.401597 0.366757 -0.839172
-0.398411 0.369133 -0.839649
-0.395269 0.371492 -0.840093
-0.392131 0.373855 -0.840515
-0.388780 0.376251 -0.841002
-0.384857 0.378693 -0.841711
-0.380097 0.381220 -0.842732
-0.373966 0.383814 -0.844297
-0.366008 0.386441 -0.846582
-0.355787 0.389041 -0.849743
-0.343059 0.391536 -0.853821
-0.327214 0.393821 -0.858974
-0.308201 0.395812 -0.865069
-0.285873 0.397443 -0.871961
-0.260139 0.398682 -0.879421
-0.230973 0.399532 -0.887145
-0.198024 0.400034 -0.894851
-0.162160 0.400288 -0.901928
-0.122563 0.400415 -0.908100
-0.079757 0.400589 -0.912780
-0.034348 0.401004 -0.915432
0.014679 0.401930 -0.915553
0.066590 0.403649 -0.912487
0.121129 0.406490 -0.905590
0.177905 0.410814 -0.894193
0.236292 0.416999 -0.877654
0.295396 0.425404 -0.855437
0.353394 0.436133 -0.827587
0.410324 0.449704 -0.793348
0.463388 0.465690 -0.753927
0.511899 0.484067 -0.709675
0.554242 0.504098 -0.662346
0.590255 0.525459 -0.612774
0.619336 0.547143 -0.563078
0.642286 0.569113 -0.513399
0.659100 0.590106 -0.466220
0.670790 0.609905 -0.421967
0.678231 0.628084 -0.381462
0.682352 0.644574 -0.344848
0.683956 0.659355 -0.312177
0.683773 0.672256 -0.283773
0.682427 0.683356 -0.259457
0.680415 0.692773 -0.238958
0.678111 0.700658 -0.221910
0.675771 0.707188 -0.207888
0.673592 0.712493 -0.196538
0.671658 0.716766 -0.187410
0.670043 0.720119 -0.180195
0.668760 0.722694 -0.174567
0.667801 0.724606 -0.170260
0.667151 0.725947 -0.167064
0.666784 0.726803 -0.164795
0.666664 0.727249 -0.163301
0.666752 0.727362 -0.162439
0.667000 0.727216 -0.162075
0.667358 0.726886 -0.162083
0.667775 0.726444 -0.162346
0.668204 0.725958 -0.162752
0.668605 0.725487 -0.163209
0.668943 0.725078 -0.163636
0.669198 0.724766 -0.163978
0.669354 0.724573 -0.164194
0.669406 0.724508 -0.164268
VECTORS q3 float
0.907131 0.415543 0.066606
0.906014 0.417520 0.069395
0.902590 0.423406 0.077840
0.896698 0.432971 0.092031
0.888102 0.445786 0.112024
0.876398 0.461378 0.138047
0.861082 0.479097 0.170305
0.841583 0.498090 0.208913
0.817732 0.516973 0.253089
0.788812 0.534747 0.303020
0.754689 0.549946 0.357776
0.715435 0.561176 0.416214
0.671070 0.567259 0.477371
0.621885 0.567190 0.539958
0.569068 0.560360 0.601796
0.513274 0.546592 0.661655
0.455904 0.526292 0.717753
0.398399 0.500372 0.768704
0.342286 0.470207 0.813477
0.289210 0.437591 0.851394
0.240265 0.404229 0.882537
0.196832 0.372150 0.907062
0.159584 0.342933 0.925705
0.128773 0.317783 0.939378
0.104441 0.297616 0.948956
0.086225 0.282868 0.955275
0.073696 0.273751 0.958973
0.066312 0.270226 0.960511
0.063461 0.272066 0.960184
0.064613 0.278985 0.958119
0.069311 0.290652 0.954315
0.077249 0.306829 0.948624
0.088235 0.327228 0.940817
0.102290 0.351718 0.930501
0.119272 0.379676 0.917399
0.139677 0.411349 0.900712
0.163279 0.445691 0.880170
0.190694 0.482806 0.854713
0.221627 0.521434 0.824008
0.256370 0.561046 0.787084
0.294406 0.600143 0.743743
0.335195 0.637316 0.693882
0.377978 0.671084 0.637792
0.422254 0.700319 0.575548
0.466530 0.723456 0.508883
0.510171 0.739790 0.438676
0.552027 0.748738 0.366957
0.591376 0.750300 0.295508
0.627929 0.744853 0.225607
0.661183 0.733144 0.159178
0.691173 0.716120 0.097219
0.718036 0.694830 0.040449
0.741957 0.670363 -0.010662
0.763213 0.643716 -0.055996
0.782103 0.615764 -0.095653
0.798954 0.587187 -0.129942
0.814034 0.558569 -0.159213
0.827612 0.530299 -0.183962
0.839915 0.502611 -0.204757
0.851132 0.475602 -0.222209
0.861404 0.449264 -0.236948
0.870827 0.423508 -0.249603
0.879523 0.397988 -0.260855
0.887440 0.372740 -0.271136
0.894702 0.347164 -0.281043
0.901134 0.321671 -0.290664
0.906885 0.295490 -0.300408
0.911896 0.268704 -0.310232
0.916095 0.241824 -0.319830
0.919571 0.214858 -0.328977
0.922486 0.187545 -0.337412
0.924936 0.161000 -0.344343
0.927226 0.135072 -0.349295
0.929640 0.110267 -0.351583
0.932482 0.087072 -0.350565
0.935998 0.066189 -0.345726
0.940485 0.047460 -0.336505
0.945995 0.031424 -0.322655
0.952515 0.018304 -0.303940
0.959907 0.008271 -0.280197
0.967899 0.001467 -0.251337
0.976183 -0.002047 -0.216937
0.984057 -0.002063 -0.177842
0.991103 0.001545 -0.133085
0.996496 0.008900 -0.083166
0.999387 0.020042 -0.028718
0.998875 0.035389 0.031551
0.993789 0.054884 0.096801
0.982871 0.078543 0.166722
0.964755 0.106236 0.240751
0.938073 0.137603 0.317938
0.901615 0.171995 0.396874
0.855154 0.208034 0.474798
0.797309 0.245357 0.551451
0.730056 0.281615 0.622665
0.654152 0.315821 0.687271
0.572842 0.346308 0.742915
0.487875 0.372557 0.789417
0.403136 0.393806 0.826074
0.319006 0.410564 0.854209
0.239659 0.422801 0.873958
0.165560 0.431459 0.886811
0.097666 0.437453 0.893922
0.035682 0.441804 0.896402
-0.020843 0.445406 0.895086
-0.071740 0.448941 0.890677
-0.117529 0.452920 0.883771
-0.158669 0.457611 0.874881
-0.195576 0.463074 0.864472
-0.228628 0.469216 0.852974
-0.257937 0.475806 0.840879
-0.283865 0.482636 0.828542
-0.306438 0.489424 0.816431
-0.325882 0.495977 0.804865
-0.342406 0.502154 0.794103
-0.356184 0.507844 0.784364
-0.367448 0.513002 0.775765
-0.376432 0.517606 0.768364
-0.383396 0.521657 0.762156
-0.388607 0.525162 0.757093
-0.392325 0.528125 0.753103
-0.394830 0.530568 0.750071
-0.396378 0.532509 0.747876
-0.397227 0.533988 0.746369
-0.397603 0.535046 0.745411
-0.397708 0.535739 0.744857
-0.397699 0.536120 0.744587
-0.397684 0.536241 0.744508
