# vtk DataFile Version 2.0
VTK example
ASCII
DATASET UNSTRUCTURED_GRID
POINTS  128  float
-0.000461 -0.000094 -0.000257
-0.000461 -0.000095 -0.000248
-0.000462 -0.000097 -0.000239
-0.000462 -0.000098 -0.000230
-0.000461 -0.000100 -0.000221
-0.000461 -0.000102 -0.000212
-0.000460 -0.000104 -0.000203
-0.000459 -0.000106 -0.000195
-0.000458 -0.000108 -0.000186
-0.000456 -0.000110 -0.000177
-0.000454 -0.000112 -0.000169
-0.000451 -0.000115 -0.000161
-0.000447 -0.000117 -0.000153
-0.000443 -0.000119 -0.000145
-0.000438 -0.000122 -0.000138
-0.000432 -0.000124 -0.000131
-0.000426 -0.000126 -0.000125
-0.000419 -0.000127 -0.000119
-0.000412 -0.000128 -0.000114
-0.000404 -0.000130 -0.000109
-0.000396 -0.000130 -0.000106
-0.000387 -0.000131 -0.000103
-0.000379 -0.000131 -0.000100
-0.000370 -0.000130 -0.000099
-0.000361 -0.000130 -0.000098
-0.000352 -0.000129 -0.000098
-0.000343 -0.000128 -0.000098
-0.000334 -0.000127 -0.000099
-0.000325 -0.000125 -0.000101
-0.000316 -0.000124 -0.000103
-0.000308 -0.000123 -0.000105
-0.000299 -0.000121 -0.000108
-0.000291 -0.000120 -0.000111
-0.000282 -0.000118 -0.000114
-0.000274 -0.000117 -0.000117
-0.000266 -0.000115 -0.000121
-0.000258 -0.000114 -0.000125
-0.000250 -0.000113 -0.000128
-0.000242 -0.000111 -0.000133
-0.000234 -0.000110 -0.000137
-0.000226 -0.000109 -0.000141
-0.000218 -0.000108 -0.000146
-0.000211 -0.000106 -0.000151
-0.000203 -0.000105 -0.000155
-0.000195 -0.000104 -0.000160
-0.000188 -0.000103 -0.000165
-0.000180 -0.000101 -0.000170
-0.000173 -0.000100 -0.000175
-0.000165 -0.000099 -0.000180
-0.000158 -0.000097 -0.000184
-0.000150 -0.000096 -0.000189
-0.000142 -0.000094 -0.000193
-0.000134 -0.000093 -0.000196
-0.000126 -0.000091 -0.000200
-0.000117 -0.000089 -0.000203
-0.000109 -0.000087 -0.000205
-0.000100 -0.000085 -0.000207
-0.000091 -0.000083 -0.000208
-0.000083 -0.000080 -0.000209
-0.000074 -0.000078 -0.000209
-0.000066 -0.000075 -0.000208
-0.000057 -0.000072 -0.000206
-0.000049 -0.000069 -0.000204
-0.000041 -0.000065 -0.000201
-0.000034 -0.000062 -0.000197
-0.000027 -0.000058 -0.000193
-0.000020 -0.000054 -0.000189
-0.000014 -0.000050 -0.000183
-0.000008 -0.000046 -0.000178
-0.000002 -0.000042 -0.000172
0.000003 -0.000037 -0.000166
0.000007 -0.000033 -0.000159
0.000012 -0.000029 -0.000152
0.000015 -0.000025 -0.000145
0.000019 -0.000021 -0.000138
0.000022 -0.000017 -0.000130
0.000024 -0.000014 -0.000122
0.000027 -0.000010 -0.000114
0.000029 -0.000007 -0.000106
0.000030 -0.000003 -0.000098
0.000032 -0.000000 -0.000089
0.000033 0.000003 -0.000081
0.000033 0.000006 -0.000072
0.000034 0.000008 -0.000064
0.000034 0.000011 -0.000055
0.000035 0.000014 -0.000046
0.000035 0.000016 -0.000038
0.000035 0.000019 -0.000029
0.000035 0.000022 -0.000020
0.000035 0.000025 -0.000012
0.000035 0.000028 -0.000003
0.000035 0.000031 0.000005
0.000035 0.000035 0.000013
0.000035 0.000039 0.000022
0.000036 0.000043 0.000030
0.000037 0.000047 0.000038
0.000038 0.000052 0.000045
0.000040 0.000057 0.000052
0.000042 0.000062 0.000059
0.000045 0.000068 0.000066
0.000048 0.000074 0.000072
0.000052 0.000080 0.000077
0.000057 0.000086 0.000082
0.000062 0.000093 0.000086
0.000068 0.000099 0.000089
0.000074 0.000105 0.000091
0.000081 0.000111 0.000092
0.000088 0.000117 0.000093
0.000095 0.000122 0.000093
0.000102 0.000127 0.000093
0.000110 0.000132 0.000091
0.000117 0.000137 0.000090
0.000125 0.000142 0.000087
0.000132 0.000146 0.000085
0.000140 0.000150 0.000082
0.000147 0.000154 0.000079
0.000155 0.000158 0.000075
0.000162 0.000161 0.000072
0.000170 0.000165 0.000068
0.000177 0.000168 0.000064
0.000185 0.000171 0.000060
0.000193 0.000174 0.000056
0.000200 0.000177 0.000053
0.000208 0.000180 0.000049
0.000216 0.000182 0.000045
0.000223 0.000185 0.000041
0.000231 0.000188 0.000037
0.000239 0.000190 0.000033
CELLS  127 381
2 0 1 
2 1 2 
2 2 3 
2 3 4 
2 4 5 
2 5 6 
2 6 7 
2 7 8 
2 8 9 
2 9 10 
2 10 11 
2 11 12 
2 12 13 
2 13 14 
2 14 15 
2 15 16 
2 16 17 
2 17 18 
2 18 19 
2 19 20 
2 20 21 
2 21 22 
2 22 23 
2 23 24 
2 24 25 
2 25 26 
2 26 27 
2 27 28 
2 28 29 
2 29 30 
2 30 31 
2 31 32 
2 32 33 
2 33 34 
2 34 35 
2 35 36 
2 36 37 
2 37 38 
2 38 39 
2 39 40 
2 40 41 
2 41 42 
2 42 43 
2 43 44 
2 44 45 
2 45 46 
2 46 47 
2 47 48 
2 48 49 
2 49 50 
2 50 51 
2 51 52 
2 52 53 
2 53 54 
2 54 55 
2 55 56 
2 56 57 
2 57 58 
2 58 59 
2 59 60 
2 60 61 
2 61 62 
2 62 63 
2 63 64 
2 64 65 
2 65 66 
2 66 67 
2 67 68 
2 68 69 
2 69 70 
2 70 71 
2 71 72 
2 72 73 
2 73 74 
2 74 75 
2 75 76 
2 76 77 
2 77 78 
2 78 79 
2 79 80 
2 80 81 
2 81 82 
2 82 83 
2 83 84 
2 84 85 
2 85 86 
2 86 87 
2 87 88 
2 88 89 
2 89 90 
2 90 91 
2 91 92 
2 92 93 
2 93 94 
2 94 95 
2 95 96 
2 96 97 
2 97 98 
2 98 99 
2 99 100 
2 100 101 
2 101 102 
2 102 103 
2 103 104 
2 104 105 
2 105 106 
2 106 107 
2 107 108 
2 108 109 
2 109 110 
2 110 111 
2 111 112 
2 112 113 
2 113 114 
2 114 115 
2 115 116 
2 116 117 
2 117 118 
2 118 119 
2 119 120 
2 120 121 
2 121 122 
2 122 123 
2 123 124 
2 124 125 
2 125 126 
2 126 127 
CELL_TYPES  127
3
3
3
3
3
3
3
3
3
3
3
3
3
3
3
3
3
3
3
3
3
3
3
3
3
3
3
3
3
3
3
3
3
3
3
3
3
3
3
3
3
3
3
3
3
3
3
3
3
3
3
3
3
3
3
3
3
3
3
3
3
3
3
3
3
3
3
3
3
3
3
3
3
3
3
3
3
3
3
3
3
3
3
3
3
3
3
3
3
3
3
3
3
3
3
3
3
3
3
3
3
3
3
3
3
3
3
3
3
3
3
3
3
3
3
3
3
3
3
3
3
3
3
3
3
3
3
POINT_DATA  128
VECTORS Position float
-0.000461 -0.000094 -0.000257
-0.000461 -0.000095 -0.000248
-0.000462 -0.000097 -0.000239
-0.000462 -0.000098 -0.000230
-0.000461 -0.000100 -0.000221
-0.000461 -0.000102 -0.000212
-0.000460 -0.000104 -0.000203
-0.000459 -0.000106 -0.000195
-0.000458 -0.000108 -0.000186
-0.000456 -0.000110 -0.000177
-0.000454 -0.000112 -0.000169
-0.000451 -0.000115 -0.000161
-0.000447 -0.000117 -0.000153
-0.000443 -0.000119 -0.000145
-0.000438 -0.000122 -0.000138
-0.000432 -0.000124 -0.000131
-0.000426 -0.000126 -0.000125
-0.000419 -0.000127 -0.000119
-0.000412 -0.000128 -0.000114
-0.000404 -0.000130 -0.000109
-0.000396 -0.000130 -0.000106
-0.000387 -0.000131 -0.000103
-0.000379 -0.000131 -0.000100
-0.000370 -0.000130 -0.000099
-0.000361 -0.000130 -0.000098
-0.000352 -0.000129 -0.000098
-0.000343 -0.000128 -0.000098
-0.000334 -0.000127 -0.000099
-0.000325 -0.000125 -0.000101
-0.000316 -0.000124 -0.000103
-0.000308 -0.000123 -0.000105
-0.000299 -0.000121 -0.000108
-0.000291 -0.000120 -0.000111
-0.000282 -0.000118 -0.000114
-0.000274 -0.000117 -0.000117
-0.000266 -0.000115 -0.000121
-0.000258 -0.000114 -0.000125
-0.000250 -0.000113 -0.000128
-0.000242 -0.000111 -0.000133
-0.000234 -0.000110 -0.000137
-0.000226 -0.000109 -0.000141
-0.000218 -0.000108 -0.000146
-0.000211 -0.000106 -0.000151
-0.000203 -0.000105 -0.000155
-0.000195 -0.000104 -0.000160
-0.000188 -0.000103 -0.000165
-0.000180 -0.000101 -0.000170
-0.000173 -0.000100 -0.000175
-0.000165 -0.000099 -0.000180
-0.000158 -0.000097 -0.000184
-0.000150 -0.000096 -0.000189
-0.000142 -0.000094 -0.000193
-0.000134 -0.000093 -0.000196
-0.000126 -0.000091 -0.000200
-0.000117 -0.000089 -0.000203
-0.000109 -0.000087 -0.000205
-0.000100 -0.000085 -0.000207
-0.000091 -0.000083 -0.000208
-0.000083 -0.000080 -0.000209
-0.000074 -0.000078 -0.000209
-0.000066 -0.000075 -0.000208
-0.000057 -0.000072 -0.000206
-0.000049 -0.000069 -0.000204
-0.000041 -0.000065 -0.000201
-0.000034 -0.000062 -0.000197
-0.000027 -0.000058 -0.000193
-0.000020 -0.000054 -0.000189
-0.000014 -0.000050 -0.000183
-0.000008 -0.000046 -0.000178
-0.000002 -0.000042 -0.000172
0.000003 -0.000037 -0.000166
0.000007 -0.000033 -0.000159
0.000012 -0.000029 -0.000152
0.000015 -0.000025 -0.000145
0.000019 -0.000021 -0.000138
0.000022 -0.000017 -0.000130
0.000024 -0.000014 -0.000122
0.000027 -0.000010 -0.000114
0.000029 -0.000007 -0.000106
0.000030 -0.000003 -0.000098
0.000032 -0.000000 -0.000089
0.000033 0.000003 -0.000081
0.000033 0.000006 -0.000072
0.000034 0.000008 -0.000064
0.000034 0.000011 -0.000055
0.000035 0.000014 -0.000046
0.000035 0.000016 -0.000038
0.000035 0.000019 -0.000029
0.000035 0.000022 -0.000020
0.000035 0.000025 -0.000012
0.000035 0.000028 -0.000003
0.000035 0.000031 0.000005
0.000035 0.000035 0.000013
0.000035 0.000039 0.000022
0.000036 0.000043 0.000030
0.000037 0.000047 0.000038
0.000038 0.000052 0.000045
0.000040 0.000057 0.000052
0.000042 0.000062 0.000059
0.000045 0.000068 0.000066
0.000048 0.000074 0.000072
0.000052 0.000080 0.000077
0.000057 0.000086 0.000082
0.000062 0.000093 0.000086
0.000068 0.000099 0.000089
0.000074 0.000105 0.000091
0.000081 0.000111 0.000092
0.000088 0.000117 0.000093
0.000095 0.000122 0.000093
0.000102 0.000127 0.000093
0.000110 0.000132 0.000091
0.000117 0.000137 0.000090
0.000125 0.000142 0.000087
0.000132 0.000146 0.000085
0.000140 0.000150 0.000082
0.000147 0.000154 0.000079
0.000155 0.000158 0.000075
0.000162 0.000161 0.000072
0.000170 0.000165 0.000068
0.000177 0.000168 0.000064
0.000185 0.000171 0.000060
0.000193 0.000174 0.000056
0.000200 0.000177 0.000053
0.000208 0.000180 0.000049
0.000216 0.000182 0.000045
0.000223 0.000185 0.000041
0.000231 0.000188 0.000037
0.000239 0.000190 0.000033
VECTORS Rotation float
0.821271 -0.172216 0.020167
0.820982 -0.173574 0.017197
0.820059 -0.177637 0.008159
0.818372 -0.184290 -0.007160
0.815739 -0.193269 -0.028999
0.811865 -0.204222 -0.057832
0.806406 -0.216582 -0.094124
0.799012 -0.229531 -0.138256
0.789633 -0.241802 -0.189597
0.777954 -0.252344 -0.248686
0.764100 -0.259834 -0.314871
0.748390 -0.263091 -0.387360
0.731176 -0.261188 -0.465749
0.713024 -0.253454 -0.549432
0.694922 -0.239692 -0.636711
0.677537 -0.219930 -0.727205
0.661769 -0.194693 -0.819656
0.648362 -0.164781 -0.913060
0.637903 -0.131242 -1.006470
0.630806 -0.095378 -1.098759
0.627165 -0.058308 -1.189512
0.626963 -0.021545 -1.277334
0.629879 0.013753 -1.361528
0.635430 0.046627 -1.441578
0.643033 0.076183 -1.516737
0.652060 0.101903 -1.586765
0.661885 0.123345 -1.651168
0.671926 0.140295 -1.709587
0.681736 0.152857 -1.762213
0.690963 0.161224 -1.809060
0.699381 0.165771 -1.850345
0.706923 0.167042 -1.886747
0.713589 0.165649 -1.918802
0.719475 0.162256 -1.947345
0.724651 0.157615 -1.972679
0.729314 0.152304 -1.996028
0.733547 0.147030 -2.017588
0.737510 0.142192 -2.038319
0.741255 0.138237 -2.058264
0.744847 0.135378 -2.077706
0.748272 0.133781 -2.096246
0.751490 0.133479 -2.113334
0.754425 0.134411 -2.128191
0.756982 0.136450 -2.140041
0.759025 0.139383 -2.147784
0.760414 0.143023 -2.150548
0.761007 0.147170 -2.147495
0.760676 0.151708 -2.138006
0.759295 0.156654 -2.121610
0.756796 0.162084 -2.098203
0.753091 0.168233 -2.067704
0.748090 0.175423 -2.030147
0.741695 0.184021 -1.985699
0.733766 0.194407 -1.934542
0.724131 0.206915 -1.876933
0.712561 0.221792 -1.813151
0.698854 0.239107 -1.743755
0.682808 0.258773 -1.669386
0.664273 0.280521 -1.590844
0.643192 0.303905 -1.509072
0.619640 0.328320 -1.425145
0.593841 0.353036 -1.340197
0.565882 0.377439 -1.254656
0.536476 0.400508 -1.170230
0.505527 0.421832 -1.086350
0.474353 0.440261 -1.005554
0.442509 0.455710 -0.926237
0.410593 0.467599 -0.849120
0.379633 0.475461 -0.775740
0.349779 0.479279 -0.705807
0.320671 0.479113 -0.638087
0.293484 0.475139 -0.574540
0.267731 0.467609 -0.513828
0.243634 0.456924 -0.456120
0.221335 0.443593 -0.401520
0.201194 0.428393 -0.350729
0.182670 0.411591 -0.302529
0.166032 0.394047 -0.257584
0.151226 0.376443 -0.215934
0.138165 0.359451 -0.177615
0.126743 0.343726 -0.142672
0.116704 0.329695 -0.110759
0.108192 0.318257 -0.082717
0.100853 0.309616 -0.057915
0.094692 0.304314 -0.036757
0.089711 0.302753 -0.019585
0.085756 0.305193 -0.006138
0.082929 0.311869 0.003181
0.081349 0.322964 0.008074
0.081239 0.338618 0.008135
0.082953 0.358923 0.002812
0.087002 0.383917 -0.008611
0.094021 0.413242 -0.026866
0.105134 0.447471 -0.053536
0.121277 0.485433 -0.089315
0.144091 0.526959 -0.136126
0.174972 0.570526 -0.194997
0.216116 0.615192 -0.268282
0.268706 0.658401 -0.356423
0.335397 0.698660 -0.462515
0.414648 0.732038 -0.583390
0.505538 0.756225 -0.717888
0.604004 0.769039 -0.861035
0.705425 0.769597 -1.007750
0.804554 0.758182 -1.152263
0.895634 0.736569 -1.287737
0.975846 0.707362 -1.410815
1.044179 0.673395 -1.519989
1.101046 0.637243 -1.615281
1.147690 0.600921 -1.697664
1.185359 0.566079 -1.767988
1.215726 0.533447 -1.827915
1.239913 0.503662 -1.878309
1.259109 0.476733 -1.920390
1.274243 0.452458 -1.955145
1.285992 0.430587 -1.983260
1.294909 0.410782 -2.005364
1.301429 0.392757 -2.021970
1.305931 0.376263 -2.033603
1.308761 0.361136 -2.040834
1.310249 0.347326 -2.044303
1.310719 0.334822 -2.044759
1.310483 0.323764 -2.043023
1.309829 0.314279 -2.039953
1.309020 0.306612 -2.036422
1.308267 0.300934 -2.033208
1.307747 0.297464 -2.030995
1.307561 0.296291 -2.030203
VECTORS ControlForce float
0.000000 0.000000 0.000000
0.000074 0.000129 0.000063
0.000102 0.000249 0.000133
0.000053 0.000356 0.000199
-0.000084 0.000445 0.000248
-0.000286 0.000509 0.000273
-0.000507 0.000539 0.000274
-0.000694 0.000532 0.000258
-0.000799 0.000487 0.000224
-0.000797 0.000405 0.000188
-0.000694 0.000286 0.000162
-0.000514 0.000136 0.000149
-0.000306 -0.000034 0.000157
-0.000119 -0.000214 0.000183
0.000022 -0.000393 0.000206
0.000086 -0.000564 0.000225
0.000102 -0.000708 0.000214
0.000088 -0.000811 0.000169
0.000046 -0.000872 0.000103
-0.000014 -0.000893 0.000026
-0.000053 -0.000863 -0.000058
-0.000044 -0.000774 -0.000143
-0.000009 -0.000650 -0.000215
0.000030 -0.000511 -0.000263
0.000080 -0.000350 -0.000287
0.000112 -0.000186 -0.000287
0.000140 -0.000004 -0.000269
0.000152 0.000185 -0.000241
0.000153 0.000376 -0.000208
0.000151 0.000562 -0.000174
0.000136 0.000722 -0.000145
0.000108 0.000836 -0.000116
0.000091 0.000908 -0.000078
0.000089 0.000929 -0.000031
0.000094 0.000889 0.000019
0.000087 0.000783 0.000072
0.000033 0.000596 0.000111
-0.000075 0.000344 0.000137
-0.000216 0.000058 0.000150
-0.000349 -0.000217 0.000160
-0.000460 -0.000461 0.000162
-0.000528 -0.000651 0.000155
-0.000539 -0.000762 0.000146
-0.000516 -0.000797 0.000137
-0.000465 -0.000741 0.000131
-0.000396 -0.000594 0.000133
-0.000315 -0.000370 0.000146
-0.000252 -0.000122 0.000157
-0.000222 0.000108 0.000167
-0.000225 0.000291 0.000173
-0.000261 0.000410 0.000173
-0.000285 0.000485 0.000178
-0.000282 0.000520 0.000184
-0.000211 0.000546 0.000192
-0.000074 0.000565 0.000190
0.000110 0.000572 0.000170
0.000315 0.000555 0.000123
0.000520 0.000509 0.000051
0.000690 0.000419 -0.000046
0.000780 0.000267 -0.000158
0.000792 0.000076 -0.000271
0.000723 -0.000140 -0.000371
0.000615 -0.000334 -0.000450
0.000495 -0.000477 -0.000510
0.000364 -0.000564 -0.000545
0.000222 -0.000597 -0.000560
0.000090 -0.000571 -0.000542
-0.000016 -0.000490 -0.000500
-0.000093 -0.000366 -0.000458
-0.000149 -0.000222 -0.000410
-0.000173 -0.000067 -0.000350
-0.000175 0.000078 -0.000280
-0.000159 0.000199 -0.000190
-0.000112 0.000310 -0.000094
-0.000042 0.000412 -0.000015
0.000028 0.000486 0.000050
0.000089 0.000535 0.000102
0.000138 0.000562 0.000136
0.000175 0.000575 0.000145
0.000192 0.000559 0.000150
0.000196 0.000516 0.000166
0.000193 0.000458 0.000187
0.000189 0.000398 0.000191
0.000188 0.000340 0.000185
0.000194 0.000282 0.000172
0.000213 0.000230 0.000148
0.000247 0.000181 0.000149
0.000300 0.000138 0.000172
0.000369 0.000107 0.000205
0.000447 0.000082 0.000249
0.000521 0.000069 0.000288
0.000582 0.000050 0.000331
0.000614 0.000014 0.000382
0.000602 -0.000033 0.000436
0.000537 -0.000100 0.000488
0.000412 -0.000182 0.000530
0.000232 -0.000261 0.000544
0.000007 -0.000333 0.000542
-0.000249 -0.000392 0.000519
-0.000512 -0.000429 0.000476
-0.000756 -0.000436 0.000389
-0.000933 -0.000393 0.000255
-0.001018 -0.000311 0.000095
-0.000996 -0.000196 -0.000060
-0.000888 -0.000091 -0.000181
-0.000719 -0.000018 -0.000269
-0.000497 0.000038 -0.000328
-0.000243 0.000076 -0.000356
0.000017 0.000099 -0.000354
0.000259 0.000112 -0.000325
0.000469 0.000134 -0.000275
0.000629 0.000166 -0.000211
0.000712 0.000174 -0.000147
0.000714 0.000152 -0.000094
0.000656 0.000118 -0.000052
0.000571 0.000120 -0.000015
0.000477 0.000167 0.000018
0.000382 0.000252 0.000045
0.000296 0.000379 0.000067
0.000216 0.000514 0.000079
0.000147 0.000646 0.000080
0.000089 0.000748 0.000070
0.000045 0.000801 0.000054
0.000020 0.000795 0.000038
0.000013 0.000718 0.000026
0.000014 0.000557 0.000019
0.000009 0.000303 0.000008
0.000000 -0.000000 -0.000000
VECTORS ControlTorque float
-0.000001 -0.000002 -0.000000
-0.000001 -0.000002 -0.000000
-0.000001 -0.000003 -0.000000
-0.000001 -0.000003 -0.000000
-0.000001 -0.000003 -0.000000
-0.000001 -0.000003 -0.000000
-0.000001 -0.000003 -0.000001
0.000000 -0.000002 -0.000000
0.000000 -0.000003 -0.000001
0.000001 -0.000003 -0.000001
0.000001 -0.000002 -0.000001
0.000001 -0.000002 -0.000001
0.000001 -0.000003 -0.000001
0.000001 -0.000001 -0.000001
0.000001 -0.000002 -0.000001
0.000001 -0.000001 -0.000001
0.000001 -0.000001 -0.000001
0.000001 -0.000000 -0.000001
0.000000 0.000000 -0.000000
0.000000 -0.000000 -0.000000
-0.000000 0.000001 0.000000
-0.000000 0.000002 0.000001
-0.000000 0.000002 0.000001
-0.000000 0.000002 0.000001
-0.000000 0.000002 0.000001
-0.000000 0.000002 0.000002
-0.000000 0.000003 0.000002
-0.000000 0.000002 0.000002
-0.000000 0.000002 0.000002
-0.000000 0.000002 0.000002
-0.000000 0.000002 0.000001
-0.000000 0.000002 0.000001
0.000000 0.000001 0.000001
-0.000000 0.000002 0.000000
0.000000 0.000000 0.000000
-0.000000 0.000001 -0.000000
-0.000000 -0.000000 -0.000000
-0.000000 0.000001 -0.000000
-0.000000 -0.000000 -0.000000
-0.000000 0.000000 -0.000000
-0.000000 0.000001 -0.000000
-0.000000 0.000001 -0.000000
-0.000000 0.000001 -0.000000
-0.000000 0.000002 -0.000000
-0.000000 0.000002 -0.000000
-0.000000 0.000002 0.000000
-0.000000 0.000003 0.000000
-0.000000 0.000003 0.000000
-0.000000 0.000003 0.000000
-0.000001 0.000003 -0.000000
-0.000001 0.000003 -0.000000
-0.000001 0.000003 -0.000000
-0.000001 0.000003 -0.000001
-0.000001 0.000002 -0.000001
-0.000001 0.000002 -0.000001
-0.000001 0.000002 -0.000001
-0.000001 0.000002 -0.000001
-0.000000 0.000001 -0.000001
-0.000000 0.000001 -0.000001
-0.000000 0.000000 -0.000001
0.000000 -0.000000 -0.000001
0.000000 0.000000 -0.000001
0.000001 -0.000002 0.000000
0.000000 0.000001 -0.000001
0.000001 -0.000003 0.000001
-0.000000 0.000000 -0.000000
0.000000 -0.000001 0.000001
0.000000 -0.000002 0.000001
-0.000000 -0.000002 0.000001
-0.000001 0.000000 0.000000
0.000000 -0.000002 0.000001
-0.000001 -0.000000 0.000001
-0.000000 -0.000001 0.000001
-0.000001 -0.000001 0.000000
0.000000 -0.000002 0.000001
-0.000001 0.000000 0.000000
0.000000 -0.000001 0.000000
0.000000 -0.000001 0.000000
0.000001 -0.000001 0.000000
0.000001 -0.000001 0.000000
0.000001 -0.000000 0.000000
0.000002 -0.000002 0.000000
0.000001 -0.000001 0.000000
0.000002 -0.000001 0.000000
0.000002 -0.000002 0.000000
0.000002 -0.000001 0.000000
0.000002 -0.000002 0.000000
0.000002 -0.000002 0.000001
0.000002 -0.000002 0.000001
0.000002 -0.000002 0.000001
0.000002 -0.000002 0.000001
0.000001 -0.000002 0.000001
0.000003 -0.000003 0.000001
0.000001 -0.000002 0.000001
0.000002 -0.000003 0.000002
0.000001 -0.000002 0.000001
0.000002 -0.000004 0.000002
0.000000 -0.000002 0.000001
0.000003 -0.000005 0.000003
-0.000001 -0.000001 0.000001
0.000001 -0.000002 0.000002
-0.000000 -0.000000 0.000001
-0.000000 -0.000001 0.000001
-0.000000 -0.000000 0.000001
-0.000001 0.000001 -0.000000
-0.000001 0.000001 -0.000001
-0.000001 0.000002 -0.000001
-0.000002 0.000002 -0.000001
-0.000002 0.000002 -0.000001
-0.000002 0.000003 -0.000002
-0.000002 0.000002 -0.000001
-0.000002 0.000002 -0.000001
-0.000002 0.000002 -0.000001
-0.000001 0.000002 -0.000001
-0.000001 0.000002 -0.000001
-0.000001 0.000002 -0.000001
-0.000001 0.000002 -0.000000
-0.000001 0.000002 -0.000000
-0.000001 0.000002 -0.000000
-0.000001 0.000001 -0.000000
-0.000001 0.000001 -0.000000
-0.000001 0.000001 -0.000000
-0.000000 0.000001 -0.000000
-0.000000 0.000000 -0.000001
-0.000000 -0.000000 -0.000001
-0.000000 -0.000000 -0.000001
-0.000000 -0.000001 -0.000001
-0.000000 -0.000001 -0.000001
VECTORS Curvature float
-75.872821 187.867821 -14.330882
-250.354375 611.660737 -44.710658
-568.093236 1357.082752 -96.552768
-873.926894 2006.843955 -139.554969
-1230.602660 2676.009267 -180.559373
-1647.836403 3346.566304 -216.787635
-2164.352274 4046.957633 -248.099491
-2696.550431 4598.089446 -275.396367
-3293.382141 5062.913790 -297.498865
-3997.794443 5513.131498 -316.033961
-4682.280695 5768.043871 -330.579758
-5395.287787 5940.076476 -341.659556
-6192.599829 6113.846161 -350.068535
-6891.934342 6153.938155 -355.751455
-7529.190571 6134.797912 -360.404092
-8148.364165 6138.113737 -363.506919
-8609.668573 6071.147310 -366.111837
-8972.721390 6000.861729 -368.228813
-9145.006200 5873.797188 -368.894556
-9217.390546 5750.321301 -369.221016
-9127.954215 5591.090975 -365.531132
-8801.176125 5344.417971 -359.592751
-8401.377623 5108.300570 -349.598823
-7866.926111 4840.239985 -334.876405
-7246.503913 4565.698026 -316.610432
-6578.972266 4302.405292 -294.445398
-5812.656419 4006.903174 -270.023906
-5050.668330 3735.353205 -244.793082
-4319.912624 3493.136662 -219.645839
-3590.563260 3237.464416 -196.122782
-2946.858578 3021.374019 -175.058349
-2394.190045 2829.313863 -156.923091
-1951.028388 2679.483689 -142.017514
-1581.372110 2494.606895 -130.241666
-1331.299298 2351.923505 -121.111419
-1184.538070 2218.650178 -114.539910
-1116.766991 2082.108010 -109.770198
-1130.773136 1977.166408 -106.749167
-1173.012161 1842.036730 -104.875673
-1237.002402 1709.214860 -104.033728
-1259.110850 1509.202618 -103.888545
-1225.668079 1258.612674 -104.328980
-1134.844166 962.540461 -105.298490
-952.787025 602.836585 -106.807096
-671.389960 175.010116 -109.004106
-313.262191 -300.934838 -112.069942
117.344420 -818.425914 -116.288254
592.187290 -1380.598640 -121.890050
1081.333542 -1968.001708 -129.212724
1553.620954 -2566.492548 -138.398503
2002.353503 -3202.512605 -149.594816
2402.606672 -3859.334062 -162.752084
2742.368933 -4534.219396 -177.589367
3014.859960 -5220.972912 -193.679971
3222.104333 -5919.749653 -210.268219
3355.019931 -6601.448912 -226.712722
3405.279205 -7228.830004 -242.072700
3381.960079 -7790.642290 -255.717523
3285.986914 -8252.435163 -267.149404
3128.988711 -8598.831351 -276.074572
2909.092022 -8757.593408 -282.788085
2697.595494 -8882.500649 -286.281305
2454.390082 -8767.301249 -289.355843
2267.404870 -8656.124692 -288.026877
2088.459669 -8327.388474 -287.962488
1959.943460 -7894.536224 -282.620184
1972.162855 -7748.480003 -277.419964
1967.857429 -7277.211040 -269.419706
1978.439230 -6684.750803 -258.235456
2128.837491 -6423.332427 -244.985507
2251.452268 -6045.686767 -229.236995
2357.540809 -5601.465217 -211.732508
2529.094501 -5382.436700 -192.700013
2663.421524 -5124.166292 -173.248695
2692.386176 -4765.730441 -153.059758
2724.690923 -4497.330112 -134.756356
2754.299565 -4324.719516 -116.439083
2655.090373 -4031.524457 -100.292258
2519.099921 -3772.269545 -85.595555
2306.049816 -3477.227971 -72.344037
2089.496341 -3257.137683 -60.779299
1772.537528 -2949.637533 -49.416676
1398.841792 -2617.349629 -39.600367
1028.393218 -2356.907890 -29.621435
570.124124 -1961.781026 -20.309260
99.395432 -1603.368448 -11.522176
-394.974449 -1251.051367 -3.556452
-913.826157 -830.731456 3.021809
-1450.711837 -386.673929 7.801030
-1997.306458 100.367985 10.314938
-2581.718737 650.190093 10.072484
-3093.461317 1224.653385 7.481984
-3710.752533 1918.189716 1.259614
-4315.163488 2662.190257 -5.331772
-4857.924656 3458.003705 -14.502365
-5381.256421 4285.387513 -20.758174
-5887.737486 5182.493358 -27.033604
-6288.685766 6008.255010 -24.457662
-6750.950777 6965.316936 -21.006628
-7112.317868 7801.795669 -2.148179
-7163.333693 8322.598643 17.660966
-7226.535720 8796.346043 44.733750
-7132.328416 9039.028746 70.437635
-7079.265315 9264.647245 94.136966
-6869.293277 9202.133096 111.442310
-6497.983057 8851.638922 123.284574
-6103.129403 8390.828187 129.870820
-5654.760676 7797.342935 131.494433
-5203.892525 7161.057441 128.566242
-4706.876238 6443.757519 120.182862
-4208.498639 5736.318622 108.615628
-3714.415107 5061.802228 92.583705
-3193.884660 4396.856033 74.882635
-2712.382391 3837.573531 55.823020
-2235.299976 3340.412066 36.800770
-1765.967289 2907.412951 18.972352
-1311.238194 2537.011877 3.013620
-874.218225 2213.640029 -10.460984
-469.271067 1935.030033 -21.191740
-109.072798 1682.158532 -29.064542
190.877810 1454.119786 -34.046376
413.387037 1238.358842 -36.194200
550.715494 1030.495107 -35.569169
594.573840 825.980164 -32.319137
546.428955 619.207943 -26.608464
423.003183 418.337627 -19.195452
206.534407 189.533476 -9.097692
68.792310 60.646308 -2.924022
VECTORS LocalRotation float
0.941389 -0.252977 0.100813
0.939909 -0.249349 0.100545
0.936218 -0.240471 0.099908
0.929716 -0.225304 0.098844
0.920169 -0.204059 0.097391
0.907094 -0.176702 0.095586
0.889825 -0.143210 0.093481
0.867939 -0.104286 0.091124
0.840725 -0.060394 0.088521
0.807759 -0.012576 0.085747
0.768505 0.038442 0.082823
0.722772 0.091574 0.079772
0.670248 0.146211 0.076637
0.611190 0.201582 0.073451
0.545787 0.257314 0.070203
0.474848 0.312848 0.066927
0.398988 0.368116 0.063624
0.319375 0.422778 0.060299
0.237354 0.476536 0.056962
0.154079 0.529253 0.053615
0.071183 0.580500 0.050295
-0.010010 0.630022 0.047011
-0.087997 0.677409 0.043796
-0.161664 0.722459 0.040696
-0.230152 0.765083 0.037744
-0.292652 0.805172 0.034982
-0.348651 0.842722 0.032431
-0.397856 0.877791 0.030099
-0.440241 0.910487 0.027998
-0.476055 0.940959 0.026116
-0.505748 0.969387 0.024430
-0.529964 0.995913 0.022925
-0.549657 1.020880 0.021570
-0.565575 1.044195 0.020343
-0.578821 1.066237 0.019200
-0.590147 1.086813 0.018139
-0.600619 1.106383 0.017118
-0.610765 1.124708 0.016141
-0.621227 1.142052 0.015180
-0.632109 1.158087 0.014237
-0.643395 1.172639 0.013297
-0.654653 1.185179 0.012353
-0.665380 1.195273 0.011401
-0.674804 1.202339 0.010443
-0.682169 1.205866 0.009465
-0.686618 1.205298 0.008466
-0.687504 1.200231 0.007432
-0.684286 1.190256 0.006352
-0.676722 1.175121 0.005217
-0.664782 1.154573 0.004004
-0.648667 1.128429 0.002699
-0.628725 1.096459 0.001285
-0.605435 1.058464 -0.000256
-0.579372 1.014301 -0.001937
-0.551126 0.963847 -0.003766
-0.521361 0.907183 -0.005743
-0.490754 0.844566 -0.007866
-0.460018 0.776550 -0.010120
-0.429823 0.703901 -0.012488
-0.400779 0.627607 -0.014947
-0.373433 0.549002 -0.017478
-0.348002 0.468989 -0.020060
-0.324738 0.389290 -0.022659
-0.303290 0.310149 -0.025281
-0.283681 0.233692 -0.027875
-0.265187 0.159586 -0.030481
-0.247415 0.088885 -0.033012
-0.229713 0.021375 -0.035469
-0.211790 -0.042036 -0.037866
-0.193047 -0.101851 -0.040162
-0.173350 -0.157923 -0.042294
-0.152337 -0.211024 -0.044305
-0.130215 -0.260747 -0.046136
-0.106806 -0.308114 -0.047786
-0.082701 -0.352626 -0.049254
-0.058013 -0.394841 -0.050566
-0.033319 -0.434603 -0.051698
-0.008887 -0.472345 -0.052677
0.014539 -0.507676 -0.053519
0.036431 -0.540568 -0.054235
0.056410 -0.571177 -0.054840
0.073778 -0.599090 -0.055336
0.088240 -0.624475 -0.055742
0.099186 -0.646907 -0.056054
0.106400 -0.666398 -0.056279
0.109460 -0.682693 -0.056425
0.108125 -0.695589 -0.056493
0.102209 -0.704999 -0.056495
0.091514 -0.710505 -0.056446
0.075918 -0.711800 -0.056364
0.055214 -0.708407 -0.056272
0.029578 -0.699938 -0.056193
-0.001479 -0.685593 -0.056153
-0.037563 -0.664999 -0.056171
-0.079159 -0.637247 -0.056261
-0.125382 -0.602291 -0.056420
-0.176629 -0.559235 -0.056638
-0.231713 -0.508610 -0.056871
-0.291146 -0.449477 -0.057078
-0.353278 -0.383295 -0.057182
-0.417920 -0.310282 -0.057111
-0.483093 -0.232749 -0.056829
-0.548420 -0.151605 -0.056305
-0.612944 -0.068502 -0.055558
-0.675849 0.014779 -0.054630
-0.736291 0.096412 -0.053569
-0.793349 0.174486 -0.052423
-0.846641 0.247859 -0.051238
-0.895865 0.315667 -0.050059
-0.940704 0.377219 -0.048934
-0.981128 0.432447 -0.047896
-1.016932 0.481243 -0.046987
-1.048229 0.524095 -0.046229
-1.074998 0.561415 -0.045636
-1.097394 0.593907 -0.045217
-1.115513 0.622199 -0.044964
-1.129442 0.646843 -0.044865
-1.139337 0.668352 -0.044899
-1.145420 0.687136 -0.045042
-1.148037 0.703506 -0.045269
-1.147667 0.717717 -0.045555
-1.144932 0.729901 -0.045873
-1.140562 0.740185 -0.046198
-1.135381 0.748583 -0.046506
-1.130210 0.755133 -0.046773
-1.125830 0.759820 -0.046980
-1.122974 0.762579 -0.047108
-1.121730 0.763709 -0.047162
VECTORS q1 float
0.683683 -0.721184 -0.111678
0.683575 -0.720819 -0.114650
0.683209 -0.719680 -0.123634
0.682435 -0.717672 -0.138667
0.680987 -0.714674 -0.159682
0.678491 -0.710494 -0.186679
0.674455 -0.704942 -0.219471
0.668289 -0.697871 -0.257616
0.659444 -0.689437 -0.299685
0.647308 -0.679597 -0.345168
0.631457 -0.668663 -0.392621
0.611646 -0.657045 -0.440660
0.587664 -0.645098 -0.488364
0.559411 -0.633226 -0.534869
0.527217 -0.622019 -0.578908
0.491113 -0.611776 -0.620111
0.451512 -0.602903 -0.657757
0.408880 -0.595702 -0.691344
0.363819 -0.590391 -0.720469
0.317169 -0.587115 -0.744781
0.269555 -0.585854 -0.764274
0.222155 -0.586552 -0.778848
0.175802 -0.588991 -0.788786
0.131141 -0.592879 -0.794542
0.088812 -0.597886 -0.796646
0.049031 -0.603677 -0.795720
0.012041 -0.609935 -0.792360
-0.022063 -0.616378 -0.787141
-0.053531 -0.622795 -0.780552
-0.082471 -0.629015 -0.773006
-0.109044 -0.634919 -0.764844
-0.133616 -0.640457 -0.756282
-0.156360 -0.645591 -0.747505
-0.177578 -0.650334 -0.738601
-0.197110 -0.654658 -0.729774
-0.215504 -0.658645 -0.720934
-0.232491 -0.662285 -0.712268
-0.248498 -0.665660 -0.703666
-0.263290 -0.668773 -0.695285
-0.276936 -0.671657 -0.687156
-0.289099 -0.674294 -0.679521
-0.299442 -0.676655 -0.672660
-0.307562 -0.678693 -0.666920
-0.313120 -0.680348 -0.662634
-0.315630 -0.681540 -0.660213
-0.314734 -0.682184 -0.659975
-0.310071 -0.682196 -0.662166
-0.301317 -0.681493 -0.666915
-0.288102 -0.679981 -0.674258
-0.270171 -0.677597 -0.684011
-0.247134 -0.674242 -0.695933
-0.218571 -0.669800 -0.709644
-0.184091 -0.664133 -0.724595
-0.143314 -0.657057 -0.740093
-0.095981 -0.648353 -0.755265
-0.041984 -0.637759 -0.769091
0.018338 -0.625038 -0.780379
0.084316 -0.609966 -0.787929
0.154860 -0.592389 -0.790629
0.228493 -0.572269 -0.787591
0.303433 -0.549722 -0.778289
0.377773 -0.525040 -0.762641
0.450240 -0.498421 -0.740851
0.518659 -0.470663 -0.713771
0.582927 -0.441818 -0.681904
0.640865 -0.413207 -0.646956
0.693617 -0.384509 -0.609138
0.740797 -0.356305 -0.569444
0.781858 -0.329476 -0.529286
0.817508 -0.304079 -0.489098
0.848844 -0.279713 -0.448580
0.875469 -0.257244 -0.409121
0.898454 -0.236145 -0.370157
0.918134 -0.216484 -0.331912
0.934837 -0.198285 -0.294556
0.948702 -0.181781 -0.258691
0.960356 -0.166485 -0.223604
0.969874 -0.152604 -0.189883
0.977495 -0.140101 -0.157720
0.983448 -0.128924 -0.127314
0.987957 -0.119010 -0.098883
0.991279 -0.110168 -0.072314
0.993546 -0.102558 -0.048467
0.995026 -0.095894 -0.026963
0.995889 -0.090206 -0.008272
0.996311 -0.085516 0.007201
0.996464 -0.081693 0.019621
0.996477 -0.078838 0.028587
0.996452 -0.077058 0.033837
0.996450 -0.076542 0.035063
0.996476 -0.077578 0.031908
0.996461 -0.080566 0.023967
0.996237 -0.085979 0.010944
0.995483 -0.094609 -0.007873
0.993733 -0.107003 -0.032318
0.990282 -0.124113 -0.062754
0.984286 -0.146509 -0.098570
0.974602 -0.175123 -0.139581
0.960200 -0.209990 -0.184175
0.939529 -0.252027 -0.231878
0.912204 -0.299659 -0.279442
0.877569 -0.352279 -0.325226
0.835948 -0.408112 -0.366926
0.787888 -0.465644 -0.402999
0.734495 -0.523161 -0.432226
0.678071 -0.578255 -0.453697
0.620585 -0.629479 -0.467579
0.563977 -0.675797 -0.474582
0.509879 -0.716679 -0.475809
0.459449 -0.752081 -0.472526
0.413690 -0.782089 -0.466045
0.372704 -0.807348 -0.457472
0.336706 -0.828313 -0.447802
0.305312 -0.845688 -0.437716
0.278020 -0.860117 -0.427672
0.254363 -0.872114 -0.417990
0.233827 -0.882139 -0.408848
0.215983 -0.890543 -0.400356
0.200453 -0.897611 -0.392571
0.186937 -0.903563 -0.385524
0.175237 -0.908551 -0.379246
0.165175 -0.912706 -0.373743
0.156698 -0.916105 -0.369050
0.149736 -0.918819 -0.365173
0.144314 -0.920882 -0.362145
0.140417 -0.922337 -0.359970
0.138087 -0.923195 -0.358668
0.137307 -0.923480 -0.358233
VECTORS q2 float
0.729509 0.671213 0.131488
0.729684 0.671262 0.130265
0.730178 0.671443 0.126505
0.730912 0.671838 0.120004
0.731742 0.672571 0.110460
0.732425 0.673846 0.097389
0.732588 0.675928 0.080229
0.731697 0.679124 0.058394
0.729145 0.683622 0.031752
0.724009 0.689791 -0.000356
0.715319 0.697769 -0.037896
0.702032 0.707571 -0.080587
0.682947 0.719143 -0.128131
0.656894 0.732222 -0.179836
0.623275 0.746144 -0.234088
0.581294 0.760352 -0.289761
0.530945 0.774002 -0.344991
0.472641 0.786277 -0.397968
0.407337 0.796438 -0.446949
0.336677 0.803882 -0.490329
0.262172 0.808319 -0.527150
0.186410 0.809625 -0.556559
0.111500 0.808023 -0.578504
0.039281 0.803942 -0.593409
-0.028421 0.797960 -0.602041
-0.090536 0.790712 -0.605457
-0.146083 0.782842 -0.604829
-0.194505 0.774935 -0.601368
-0.235954 0.767426 -0.596140
-0.270620 0.760638 -0.590080
-0.298996 0.754750 -0.583912
-0.321977 0.749780 -0.578066
-0.340406 0.745669 -0.572801
-0.355313 0.742273 -0.568141
-0.367445 0.739450 -0.564091
-0.377944 0.737000 -0.560347
-0.387417 0.734790 -0.556769
-0.396688 0.732676 -0.553014
-0.406067 0.730585 -0.548958
-0.415833 0.728465 -0.544447
-0.425841 0.726317 -0.539558
-0.435776 0.724173 -0.534483
-0.445146 0.722093 -0.529553
-0.453432 0.720155 -0.525143
-0.459900 0.718471 -0.521815
-0.463966 0.717153 -0.520026
-0.465053 0.716314 -0.520212
-0.462737 0.716050 -0.522635
-0.456725 0.716440 -0.527368
-0.446943 0.717510 -0.534248
-0.433407 0.719278 -0.542952
-0.416259 0.721740 -0.553009
-0.395781 0.724876 -0.563837
-0.372337 0.728667 -0.574812
-0.346395 0.733097 -0.585303
-0.318489 0.738155 -0.594720
-0.289328 0.743799 -0.602538
-0.259666 0.749973 -0.608369
-0.230301 0.756588 -0.611993
-0.202003 0.763517 -0.613381
-0.175438 0.770603 -0.612692
-0.151079 0.777683 -0.610233
-0.128982 0.784700 -0.606308
-0.109283 0.791496 -0.601325
-0.091469 0.798224 -0.595375
-0.075500 0.804758 -0.588783
-0.060627 0.811459 -0.581257
-0.046551 0.818460 -0.572675
-0.033156 0.825779 -0.563018
-0.020188 0.833598 -0.552002
-0.007414 0.842168 -0.539164
0.004864 0.851207 -0.524807
0.016725 0.860847 -0.508590
0.027979 0.870911 -0.490644
0.038431 0.881182 -0.471213
0.047825 0.891286 -0.450913
0.056195 0.901237 -0.429667
0.063358 0.910665 -0.408258
0.069285 0.919364 -0.387258
0.074002 0.927169 -0.367261
0.077587 0.933954 -0.348871
0.080183 0.939705 -0.332452
0.081909 0.944229 -0.318940
0.082966 0.947611 -0.308464
0.083525 0.949778 -0.301570
0.083758 0.950681 -0.298648
0.083812 0.950284 -0.299894
0.083806 0.948491 -0.305518
0.083811 0.945163 -0.315663
0.083841 0.940104 -0.330418
0.083842 0.933056 -0.349824
0.083676 0.923698 -0.373873
0.083108 0.911779 -0.402184
0.081765 0.896566 -0.435296
0.079185 0.877976 -0.472109
0.074725 0.855383 -0.512578
0.067732 0.828766 -0.555480
0.057346 0.797665 -0.600368
0.042969 0.762588 -0.645456
0.023561 0.723039 -0.690405
-0.000751 0.680782 -0.732486
-0.030151 0.636440 -0.770737
-0.064073 0.591440 -0.803800
-0.101923 0.546785 -0.831046
-0.142816 0.503493 -0.852114
-0.185133 0.463004 -0.866806
-0.227629 0.425999 -0.875619
-0.269142 0.392896 -0.879315
-0.308714 0.363823 -0.878822
-0.345656 0.338665 -0.875116
-0.379274 0.317318 -0.869172
-0.409406 0.299353 -0.861844
-0.435712 0.284536 -0.853929
-0.458223 0.272472 -0.846044
-0.477022 0.262820 -0.838675
-0.492162 0.255323 -0.832218
-0.503763 0.249739 -0.826954
-0.511961 0.245858 -0.823073
-0.516964 0.243466 -0.820654
-0.519064 0.242337 -0.819662
-0.518658 0.242227 -0.819951
-0.516253 0.242875 -0.821276
-0.512467 0.244011 -0.823308
-0.507968 0.245377 -0.825687
-0.503483 0.246727 -0.828028
-0.499670 0.247861 -0.829997
-0.497133 0.248606 -0.831297
-0.496238 0.248868 -0.831753
VECTORS q3 float
-0.019867 -0.171366 0.985007
-0.016937 -0.172704 0.984828
-0.008030 -0.176704 0.984231
0.007039 -0.183248 0.983041
0.028455 -0.192068 0.980969
0.056598 -0.202806 0.977582
0.091790 -0.214892 0.972315
0.134202 -0.227521 0.964481
0.182980 -0.239453 0.953510
0.238336 -0.249674 0.938541
0.299299 -0.256920 0.918919
0.364747 -0.260067 0.894050
0.433861 -0.258228 0.863182
0.505520 -0.250749 0.825575
0.577556 -0.237404 0.781069
0.648772 -0.218162 0.729041
0.717102 -0.193465 0.669579
0.780658 -0.164036 0.603046
0.837683 -0.130865 0.530247
0.886596 -0.095234 0.452635
0.926610 -0.058275 0.371481
0.957026 -0.021543 0.289201
0.978091 0.013753 0.207725
0.990585 0.046610 0.128719
0.995643 0.076109 0.053876
0.994686 0.101727 -0.015885
0.989199 0.123033 -0.079675
0.980653 0.139835 -0.136986
0.970289 0.152262 -0.188032
0.959147 0.160526 -0.232955
0.948004 0.165013 -0.272139
0.937271 0.166266 -0.306395
0.927187 0.164892 -0.336356
0.917725 0.161545 -0.362884
0.908918 0.156963 -0.386304
0.900398 0.151715 -0.407757
0.892108 0.146501 -0.427413
0.883678 0.141713 -0.446128
0.875093 0.137797 -0.463922
0.866250 0.134965 -0.481036
0.857369 0.133382 -0.497120
0.848784 0.133083 -0.511718
0.840982 0.134007 -0.524206
0.834479 0.136027 -0.533986
0.829982 0.138932 -0.540211
0.828057 0.142536 -0.542223
0.829205 0.146640 -0.539366
0.833716 0.151127 -0.531110
0.841665 0.156014 -0.516972
0.852789 0.161375 -0.496698
0.866650 0.167440 -0.469980
0.882584 0.174524 -0.436562
0.899704 0.182984 -0.396294
0.916966 0.193185 -0.349075
0.933166 0.205442 -0.294949
0.946996 0.219978 -0.234110
0.957054 0.236835 -0.167201
0.962010 0.255894 -0.095153
0.960718 0.276856 -0.019263
0.952358 0.299249 0.058858
0.936563 0.322453 0.137385
0.913489 0.345748 0.214465
0.883542 0.368541 0.289016
0.847968 0.389886 0.359081
0.807360 0.409433 0.424894
0.763932 0.426175 0.484544
0.717788 0.440100 0.539529
0.670114 0.450744 0.589726
0.622574 0.457749 0.634718
0.575564 0.461140 0.675335
0.528591 0.460992 0.712796
0.483250 0.457462 0.746457
0.438750 0.450754 0.777380
0.395282 0.441190 0.805669
0.352992 0.429187 0.831381
0.312535 0.415410 0.854258
0.273053 0.400068 0.874864
0.235222 0.383929 0.892899
0.199257 0.367615 0.908381
0.165390 0.351760 0.921363
0.133871 0.336997 0.931940
0.104580 0.323755 0.940344
0.078474 0.312911 0.946535
0.055130 0.304693 0.950854
0.035060 0.299639 0.953408
0.018693 0.298149 0.954336
0.005854 0.300478 0.953771
-0.003028 0.306838 0.951757
-0.007657 0.317379 0.948268
-0.007673 0.332184 0.943183
-0.002633 0.351266 0.936272
0.007984 0.374556 0.927170
0.024601 0.401580 0.915493
0.048242 0.432687 0.900253
0.078892 0.466592 0.880947
0.117296 0.502907 0.856345
0.163075 0.540075 0.825667
0.216477 0.577115 0.787449
0.275989 0.611853 0.741260
0.341658 0.643192 0.685254
0.409735 0.668387 0.620787
0.478501 0.686181 0.547899
0.545055 0.695445 0.468264
0.607326 0.695846 0.383345
0.663416 0.687602 0.295097
0.711299 0.671750 0.206895
0.750373 0.649831 0.121081
0.780700 0.623643 0.039699
0.802944 0.594982 -0.035742
0.818186 0.565403 -0.104362
0.827654 0.536327 -0.165355
0.832753 0.508505 -0.218963
0.834736 0.482636 -0.265101
0.834755 0.458879 -0.304325
0.833760 0.437177 -0.337225
0.832512 0.417405 -0.364277
0.831593 0.399327 -0.385993
0.831413 0.382737 -0.402822
0.832206 0.367448 -0.415229
0.834043 0.353337 -0.423705
0.836831 0.340385 -0.428780
0.840357 0.328601 -0.431071
0.844288 0.318137 -0.431238
0.848262 0.309131 -0.429989
0.851868 0.301830 -0.428042
0.854759 0.296412 -0.426060
0.856616 0.293097 -0.424621
0.857260 0.291975 -0.424095
