# vtk DataFile Version 2.0
VTK example
ASCII
DATASET UNSTRUCTURED_GRID
POINTS  128  float
-0.000125 -0.000110 -0.000204
-0.000117 -0.000105 -0.000203
-0.000109 -0.000101 -0.000202
-0.000101 -0.000097 -0.000201
-0.000093 -0.000092 -0.000199
-0.000085 -0.000088 -0.000198
-0.000078 -0.000083 -0.000196
-0.000070 -0.000079 -0.000193
-0.000063 -0.000074 -0.000191
-0.000056 -0.000069 -0.000187
-0.000049 -0.000064 -0.000184
-0.000043 -0.000059 -0.000180
-0.000037 -0.000054 -0.000175
-0.000032 -0.000050 -0.000170
-0.000026 -0.000045 -0.000164
-0.000022 -0.000040 -0.000158
-0.000018 -0.000036 -0.000151
-0.000014 -0.000032 -0.000144
-0.000011 -0.000028 -0.000136
-0.000008 -0.000024 -0.000128
-0.000006 -0.000020 -0.000120
-0.000004 -0.000017 -0.000112
-0.000003 -0.000014 -0.000104
-0.000001 -0.000011 -0.000095
-0.000000 -0.000008 -0.000087
0.000000 -0.000006 -0.000078
0.000001 -0.000003 -0.000069
0.000002 -0.000001 -0.000061
0.000002 0.000002 -0.000052
0.000003 0.000005 -0.000044
0.000004 0.000008 -0.000035
0.000004 0.000011 -0.000026
0.000005 0.000014 -0.000018
0.000006 0.000017 -0.000010
0.000007 0.000021 -0.000001
0.000009 0.000025 0.000006
0.000010 0.000029 0.000014
0.000012 0.000034 0.000022
0.000015 0.000039 0.000029
0.000017 0.000044 0.000036
0.000020 0.000050 0.000042
0.000024 0.000056 0.000048
0.000028 0.000062 0.000053
0.000032 0.000069 0.000058
0.000036 0.000076 0.000062
0.000041 0.000082 0.000066
0.000046 0.000089 0.000068
0.000052 0.000096 0.000071
0.000058 0.000103 0.000072
0.000064 0.000109 0.000073
0.000070 0.000116 0.000074
0.000077 0.000122 0.000074
0.000084 0.000128 0.000074
0.000091 0.000134 0.000073
0.000098 0.000139 0.000072
0.000105 0.000144 0.000070
0.000112 0.000149 0.000069
0.000120 0.000154 0.000067
0.000127 0.000159 0.000065
0.000135 0.000163 0.000063
0.000143 0.000167 0.000060
0.000151 0.000171 0.000058
0.000159 0.000174 0.000055
0.000167 0.000177 0.000053
0.000175 0.000180 0.000050
0.000183 0.000183 0.000048
0.000191 0.000186 0.000045
0.000200 0.000188 0.000042
0.000208 0.000190 0.000039
0.000216 0.000192 0.000036
0.000225 0.000194 0.000033
0.000233 0.000195 0.000030
0.000242 0.000196 0.000027
0.000250 0.000197 0.000024
0.000259 0.000198 0.000021
0.000267 0.000198 0.000018
0.000276 0.000199 0.000015
0.000284 0.000199 0.000012
0.000293 0.000199 0.000010
0.000302 0.000199 0.000007
0.000311 0.000199 0.000005
0.000319 0.000199 0.000004
0.000328 0.000199 0.000002
0.000337 0.000199 0.000002
0.000346 0.000199 0.000001
0.000356 0.000199 0.000001
0.000365 0.000200 0.000002
0.000374 0.000200 0.000003
0.000382 0.000201 0.000005
0.000391 0.000202 0.000008
0.000399 0.000203 0.000012
0.000407 0.000205 0.000016
0.000414 0.000207 0.000021
0.000421 0.000209 0.000026
0.000427 0.000212 0.000033
0.000433 0.000215 0.000039
0.000437 0.000218 0.000046
0.000441 0.000221 0.000054
0.000444 0.000224 0.000062
0.000447 0.000228 0.000070
0.000448 0.000232 0.000078
0.000449 0.000235 0.000086
0.000450 0.000239 0.000094
0.000450 0.000243 0.000102
0.000449 0.000247 0.000110
0.000448 0.000251 0.000119
0.000447 0.000255 0.000126
0.000445 0.000259 0.000134
0.000443 0.000263 0.000142
0.000441 0.000268 0.000150
0.000438 0.000272 0.000157
0.000435 0.000276 0.000165
0.000433 0.000281 0.000172
0.000429 0.000285 0.000179
0.000426 0.000290 0.000186
0.000423 0.000295 0.000194
0.000420 0.000299 0.000201
0.000416 0.000304 0.000208
0.000413 0.000309 0.000214
0.000410 0.000314 0.000221
0.000406 0.000318 0.000228
0.000403 0.000323 0.000235
0.000399 0.000328 0.000242
0.000396 0.000332 0.000249
0.000393 0.000337 0.000256
0.000389 0.000342 0.000263
0.000386 0.000346 0.000270
0.000382 0.000351 0.000277
CELLS  127 381
2 0 1 
2 1 2 
2 2 3 
2 3 4 
2 4 5 
2 5 6 
2 6 7 
2 7 8 
2 8 9 
2 9 10 
2 10 11 
2 11 12 
2 12 13 
2 13 14 
2 14 15 
2 15 16 
2 16 17 
2 17 18 
2 18 19 
2 19 20 
2 20 21 
2 21 22 
2 22 23 
2 23 24 
2 24 25 
2 25 26 
2 26 27 
2 27 28 
2 28 29 
2 29 30 
2 30 31 
2 31 32 
2 32 33 
2 33 34 
2 34 35 
2 35 36 
2 36 37 
2 37 38 
2 38 39 
2 39 40 
2 40 41 
2 41 42 
2 42 43 
2 43 44 
2 44 45 
2 45 46 
2 46 47 
2 47 48 
2 48 49 
2 49 50 
2 50 51 
2 51 52 
2 52 53 
2 53 54 
2 54 55 
2 55 56 
2 56 57 
2 57 58 
2 58 59 
2 59 60 
2 60 61 
2 61 62 
2 62 63 
2 63 64 
2 64 65 
2 65 66 
2 66 67 
2 67 68 
2 68 69 
2 69 70 
2 70 71 
2 71 72 
2 72 73 
2 73 74 
2 74 75 
2 75 76 
2 76 77 
2 77 78 
2 78 79 
2 79 80 
2 80 81 
2 81 82 
2 82 83 
2 83 84 
2 84 85 
2 85 86 
2 86 87 
2 87 88 
2 88 89 
2 89 90 
2 90 91 
2 91 92 
2 92 93 
2 93 94 
2 94 95 
2 95 96 
2 96 97 
2 97 98 
2 98 99 
2 99 100 
2 100 101 
2 101 102 
2 102 103 
2 103 104 
2 104 105 
2 105 106 
2 106 107 
2 107 108 
2 108 109 
2 109 110 
2 110 111 
2 111 112 
2 112 113 
2 113 114 
2 114 115 
2 115 116 
2 116 117 
2 117 118 
2 118 119 
2 119 120 
2 120 121 
2 121 122 
2 122 123 
2 123 124 
2 124 125 
2 125 126 
2 126 127 
CELL_TYPES  127
3
3
3
3
3
3
3
3
3
3
3
3
3
3
3
3
3
3
3
3
3
3
3
3
3
3
3
3
3
3
3
3
3
3
3
3
3
3
3
3
3
3
3
3
3
3
3
3
3
3
3
3
3
3
3
3
3
3
3
3
3
3
3
3
3
3
3
3
3
3
3
3
3
3
3
3
3
3
3
3
3
3
3
3
3
3
3
3
3
3
3
3
3
3
3
3
3
3
3
3
3
3
3
3
3
3
3
3
3
3
3
3
3
3
3
3
3
3
3
3
3
3
3
3
3
3
3
POINT_DATA  128
VECTORS Position float
-0.000125 -0.000110 -0.000204
-0.000117 -0.000105 -0.000203
-0.000109 -0.000101 -0.000202
-0.000101 -0.000097 -0.000201
-0.000093 -0.000092 -0.000199
-0.000085 -0.000088 -0.000198
-0.000078 -0.000083 -0.000196
-0.000070 -0.000079 -0.000193
-0.000063 -0.000074 -0.000191
-0.000056 -0.000069 -0.000187
-0.000049 -0.000064 -0.000184
-0.000043 -0.000059 -0.000180
-0.000037 -0.000054 -0.000175
-0.000032 -0.000050 -0.000170
-0.000026 -0.000045 -0.000164
-0.000022 -0.000040 -0.000158
-0.000018 -0.000036 -0.000151
-0.000014 -0.000032 -0.000144
-0.000011 -0.000028 -0.000136
-0.000008 -0.000024 -0.000128
-0.000006 -0.000020 -0.000120
-0.000004 -0.000017 -0.000112
-0.000003 -0.000014 -0.000104
-0.000001 -0.000011 -0.000095
-0.000000 -0.000008 -0.000087
0.000000 -0.000006 -0.000078
0.000001 -0.000003 -0.000069
0.000002 -0.000001 -0.000061
0.000002 0.000002 -0.000052
0.000003 0.000005 -0.000044
0.000004 0.000008 -0.000035
0.000004 0.000011 -0.000026
0.000005 0.000014 -0.000018
0.000006 0.000017 -0.000010
0.000007 0.000021 -0.000001
0.000009 0.000025 0.000006
0.000010 0.000029 0.000014
0.000012 0.000034 0.000022
0.000015 0.000039 0.000029
0.000017 0.000044 0.000036
0.000020 0.000050 0.000042
0.000024 0.000056 0.000048
0.000028 0.000062 0.000053
0.000032 0.000069 0.000058
0.000036 0.000076 0.000062
0.000041 0.000082 0.000066
0.000046 0.000089 0.000068
0.000052 0.000096 0.000071
0.000058 0.000103 0.000072
0.000064 0.000109 0.000073
0.000070 0.000116 0.000074
0.000077 0.000122 0.000074
0.000084 0.000128 0.000074
0.000091 0.000134 0.000073
0.000098 0.000139 0.000072
0.000105 0.000144 0.000070
0.000112 0.000149 0.000069
0.000120 0.000154 0.000067
0.000127 0.000159 0.000065
0.000135 0.000163 0.000063
0.000143 0.000167 0.000060
0.000151 0.000171 0.000058
0.000159 0.000174 0.000055
0.000167 0.000177 0.000053
0.000175 0.000180 0.000050
0.000183 0.000183 0.000048
0.000191 0.000186 0.000045
0.000200 0.000188 0.000042
0.000208 0.000190 0.000039
0.000216 0.000192 0.000036
0.000225 0.000194 0.000033
0.000233 0.000195 0.000030
0.000242 0.000196 0.000027
0.000250 0.000197 0.000024
0.000259 0.000198 0.000021
0.000267 0.000198 0.000018
0.000276 0.000199 0.000015
0.000284 0.000199 0.000012
0.000293 0.000199 0.000010
0.000302 0.000199 0.000007
0.000311 0.000199 0.000005
0.000319 0.000199 0.000004
0.000328 0.000199 0.000002
0.000337 0.000199 0.000002
0.000346 0.000199 0.000001
0.000356 0.000199 0.000001
0.000365 0.000200 0.000002
0.000374 0.000200 0.000003
0.000382 0.000201 0.000005
0.000391 0.000202 0.000008
0.000399 0.000203 0.000012
0.000407 0.000205 0.000016
0.000414 0.000207 0.000021
0.000421 0.000209 0.000026
0.000427 0.000212 0.000033
0.000433 0.000215 0.000039
0.000437 0.000218 0.000046
0.000441 0.000221 0.000054
0.000444 0.000224 0.000062
0.000447 0.000228 0.000070
0.000448 0.000232 0.000078
0.000449 0.000235 0.000086
0.000450 0.000239 0.000094
0.000450 0.000243 0.000102
0.000449 0.000247 0.000110
0.000448 0.000251 0.000119
0.000447 0.000255 0.000126
0.000445 0.000259 0.000134
0.000443 0.000263 0.000142
0.000441 0.000268 0.000150
0.000438 0.000272 0.000157
0.000435 0.000276 0.000165
0.000433 0.000281 0.000172
0.000429 0.000285 0.000179
0.000426 0.000290 0.000186
0.000423 0.000295 0.000194
0.000420 0.000299 0.000201
0.000416 0.000304 0.000208
0.000413 0.000309 0.000214
0.000410 0.000314 0.000221
0.000406 0.000318 0.000228
0.000403 0.000323 0.000235
0.000399 0.000328 0.000242
0.000396 0.000332 0.000249
0.000393 0.000337 0.000256
0.000389 0.000342 0.000263
0.000386 0.000346 0.000270
0.000382 0.000351 0.000277
VECTORS Rotation float
0.726952 0.489033 -1.444667
0.724928 0.490473 -1.440603
0.718790 0.494743 -1.428347
0.708436 0.501622 -1.407895
0.693737 0.510705 -1.379315
0.674390 0.521509 -1.342381
0.650053 0.533375 -1.296822
0.620403 0.545447 -1.242380
0.585756 0.556490 -1.179987
0.545856 0.565479 -1.109180
0.501393 0.571133 -1.031103
0.453461 0.572330 -0.947329
0.403246 0.568223 -0.859283
0.352300 0.558304 -0.768883
0.302814 0.542704 -0.679284
0.256088 0.521877 -0.592073
0.213504 0.496853 -0.509388
0.175858 0.468936 -0.432667
0.143475 0.439579 -0.362859
0.116352 0.410320 -0.300661
0.094034 0.382365 -0.245988
0.076141 0.357045 -0.199167
0.062071 0.335254 -0.159968
0.051225 0.317614 -0.128034
0.043102 0.304596 -0.103087
0.037237 0.296404 -0.084663
0.033293 0.293150 -0.072400
0.031022 0.294838 -0.065916
0.030257 0.301423 -0.064814
0.030933 0.312835 -0.068790
0.033070 0.328976 -0.077605
0.036807 0.349858 -0.091192
0.042367 0.375366 -0.109555
0.050150 0.405514 -0.132978
0.060480 0.439630 -0.161430
0.074256 0.478049 -0.195976
0.091940 0.519487 -0.236573
0.114928 0.564026 -0.284830
0.144029 0.610099 -0.341074
0.180930 0.656997 -0.407031
0.226657 0.702816 -0.483264
0.282163 0.745677 -0.570359
0.347764 0.783532 -0.668209
0.423584 0.814670 -0.776773
0.506842 0.836956 -0.892494
0.594951 0.849379 -1.012576
0.683257 0.851455 -1.131794
0.767532 0.843696 -1.245550
0.844891 0.827221 -1.350829
0.912774 0.803732 -1.444691
0.970623 0.774940 -1.526501
1.018730 0.742463 -1.596500
1.057868 0.707763 -1.655411
1.089119 0.672015 -1.704321
1.113623 0.636130 -1.744400
1.132502 0.600722 -1.776856
1.146738 0.566264 -1.802763
1.157234 0.532986 -1.823186
1.164779 0.500951 -1.839123
1.170050 0.470098 -1.851500
1.173612 0.440292 -1.861169
1.175932 0.411363 -1.868912
1.177412 0.382910 -1.875483
1.178296 0.355012 -1.881411
1.178818 0.327075 -1.887224
1.178992 0.299633 -1.893039
1.178927 0.271933 -1.899066
1.178582 0.244124 -1.905154
1.177858 0.216761 -1.910926
1.176734 0.189839 -1.916000
1.175247 0.163061 -1.919941
1.173331 0.137457 -1.922040
1.171099 0.112799 -1.921730
1.168643 0.089502 -1.918406
1.166091 0.067972 -1.911532
1.163571 0.048845 -1.900761
1.161258 0.032001 -1.885463
1.159260 0.017992 -1.865525
1.157665 0.007109 -1.840757
1.156505 -0.000396 -1.811017
1.155756 -0.004303 -1.776214
1.155334 -0.004460 -1.735837
1.155060 -0.000735 -1.690825
1.154711 0.007044 -1.639980
1.153970 0.018840 -1.583742
1.152480 0.034462 -1.522644
1.149737 0.054205 -1.455030
1.145231 0.077679 -1.381586
1.138389 0.104602 -1.302309
1.128625 0.134552 -1.217310
1.115391 0.166914 -1.126897
1.098246 0.200869 -1.031598
1.077217 0.235019 -0.933375
1.051767 0.269088 -0.830817
1.022828 0.301118 -0.727697
0.990724 0.330541 -0.624251
0.956776 0.356288 -0.523356
0.921629 0.378305 -0.425313
0.886788 0.396305 -0.332717
0.852301 0.411008 -0.244325
0.819798 0.422570 -0.163151
0.789402 0.431889 -0.088586
0.761456 0.439732 -0.020856
0.735794 0.446900 0.040806
0.712194 0.454030 0.097107
0.690735 0.461486 0.147996
0.671215 0.469512 0.194003
0.653471 0.478144 0.235545
0.637367 0.487254 0.272964
0.622785 0.496608 0.306566
0.609751 0.505853 0.336376
0.598158 0.514709 0.362682
0.588083 0.522812 0.385426
0.579491 0.529921 0.404755
0.572344 0.535861 0.420817
0.566611 0.540525 0.433746
0.562204 0.543900 0.443762
0.559024 0.546036 0.451108
0.556937 0.547037 0.456077
0.555789 0.547052 0.458997
0.555410 0.546268 0.460225
0.555611 0.544899 0.460158
0.556194 0.543191 0.459206
0.556974 0.541375 0.457769
0.557777 0.539687 0.456218
0.558462 0.538318 0.454862
0.558915 0.537435 0.453953
0.559074 0.537128 0.453632
VECTORS ControlForce float
-0.000000 -0.000000 0.000000
0.000085 -0.000003 0.000074
0.000158 -0.000025 0.000152
0.000228 -0.000060 0.000225
0.000297 -0.000102 0.000282
0.000352 -0.000158 0.000327
0.000416 -0.000200 0.000369
0.000496 -0.000209 0.000403
0.000592 -0.000173 0.000415
0.000685 -0.000092 0.000407
0.000771 0.000036 0.000373
0.000841 0.000208 0.000308
0.000883 0.000396 0.000223
0.000877 0.000561 0.000132
0.000832 0.000693 0.000039
0.000773 0.000796 -0.000064
0.000695 0.000853 -0.000164
0.000599 0.000853 -0.000252
0.000496 0.000808 -0.000328
0.000382 0.000714 -0.000378
0.000265 0.000582 -0.000396
0.000147 0.000431 -0.000390
0.000032 0.000283 -0.000370
-0.000081 0.000142 -0.000322
-0.000182 0.000026 -0.000254
-0.000259 -0.000056 -0.000168
-0.000304 -0.000095 -0.000084
-0.000314 -0.000096 -0.000013
-0.000295 -0.000085 0.000063
-0.000255 -0.000073 0.000137
-0.000197 -0.000065 0.000197
-0.000131 -0.000069 0.000251
-0.000062 -0.000085 0.000298
0.000004 -0.000113 0.000337
0.000057 -0.000156 0.000362
0.000088 -0.000212 0.000378
0.000092 -0.000289 0.000385
0.000067 -0.000376 0.000382
0.000011 -0.000479 0.000373
-0.000069 -0.000582 0.000354
-0.000161 -0.000663 0.000313
-0.000252 -0.000714 0.000251
-0.000332 -0.000727 0.000177
-0.000380 -0.000681 0.000098
-0.000391 -0.000572 0.000020
-0.000378 -0.000435 -0.000044
-0.000337 -0.000267 -0.000097
-0.000279 -0.000090 -0.000136
-0.000218 0.000067 -0.000157
-0.000166 0.000185 -0.000167
-0.000119 0.000266 -0.000171
-0.000083 0.000298 -0.000169
-0.000045 0.000309 -0.000166
0.000005 0.000317 -0.000162
0.000075 0.000338 -0.000156
0.000162 0.000372 -0.000146
0.000249 0.000397 -0.000135
0.000335 0.000424 -0.000122
0.000396 0.000428 -0.000110
0.000437 0.000432 -0.000097
0.000452 0.000433 -0.000084
0.000431 0.000409 -0.000073
0.000364 0.000339 -0.000066
0.000263 0.000231 -0.000067
0.000135 0.000095 -0.000073
0.000001 -0.000040 -0.000087
-0.000127 -0.000159 -0.000092
-0.000251 -0.000271 -0.000096
-0.000363 -0.000365 -0.000113
-0.000455 -0.000433 -0.000138
-0.000516 -0.000456 -0.000151
-0.000548 -0.000434 -0.000157
-0.000547 -0.000372 -0.000142
-0.000528 -0.000301 -0.000108
-0.000490 -0.000217 -0.000066
-0.000434 -0.000125 -0.000027
-0.000375 -0.000054 0.000013
-0.000310 0.000007 0.000050
-0.000252 0.000034 0.000074
-0.000192 0.000051 0.000091
-0.000139 0.000046 0.000107
-0.000110 -0.000004 0.000126
-0.000096 -0.000073 0.000145
-0.000102 -0.000156 0.000175
-0.000102 -0.000194 0.000211
-0.000088 -0.000174 0.000245
-0.000056 -0.000111 0.000289
0.000008 -0.000018 0.000336
0.000113 0.000094 0.000373
0.000265 0.000227 0.000385
0.000441 0.000346 0.000363
0.000609 0.000427 0.000303
0.000748 0.000487 0.000199
0.000821 0.000512 0.000072
0.000804 0.000474 -0.000061
0.000692 0.000386 -0.000182
0.000495 0.000265 -0.000279
0.000244 0.000142 -0.000338
-0.000025 0.000040 -0.000361
-0.000262 -0.000042 -0.000329
-0.000436 -0.000092 -0.000282
-0.000529 -0.000126 -0.000234
-0.000539 -0.000162 -0.000192
-0.000474 -0.000210 -0.000145
-0.000353 -0.000272 -0.000090
-0.000205 -0.000338 -0.000043
-0.000058 -0.000401 -0.000012
0.000054 -0.000448 -0.000006
0.000126 -0.000473 -0.000009
0.000152 -0.000471 -0.000018
0.000151 -0.000448 -0.000021
0.000124 -0.000405 -0.000019
0.000068 -0.000344 -0.000026
-0.000014 -0.000273 -0.000043
-0.000104 -0.000200 -0.000062
-0.000177 -0.000136 -0.000071
-0.000230 -0.000086 -0.000075
-0.000280 -0.000045 -0.000085
-0.000324 -0.000015 -0.000101
-0.000365 0.000006 -0.000123
-0.000404 0.000022 -0.000150
-0.000413 0.000028 -0.000164
-0.000394 0.000028 -0.000165
-0.000355 0.000027 -0.000153
-0.000295 0.000024 -0.000131
-0.000212 0.000019 -0.000095
-0.000104 0.000009 -0.000047
0.000000 -0.000000 -0.000000
VECTORS ControlTorque float
-0.000001 0.000003 -0.000001
-0.000001 0.000003 -0.000001
-0.000001 0.000003 -0.000001
-0.000001 0.000002 -0.000001
-0.000001 0.000002 -0.000001
-0.000001 0.000002 -0.000001
-0.000002 0.000003 -0.000001
-0.000001 0.000002 -0.000000
-0.000002 0.000003 -0.000001
-0.000001 0.000002 -0.000000
-0.000001 0.000001 0.000000
-0.000001 0.000001 0.000000
-0.000001 0.000001 0.000000
-0.000000 -0.000000 0.000001
-0.000001 0.000000 0.000000
-0.000000 -0.000001 0.000001
0.000000 -0.000001 0.000001
0.000001 -0.000001 0.000001
0.000001 -0.000002 0.000001
0.000001 -0.000002 0.000001
0.000002 -0.000003 0.000001
0.000002 -0.000002 0.000001
0.000002 -0.000002 0.000001
0.000002 -0.000003 0.000001
0.000002 -0.000002 0.000001
0.000002 -0.000002 0.000001
0.000002 -0.000002 0.000001
0.000002 -0.000002 0.000000
0.000002 -0.000002 0.000000
0.000002 -0.000002 0.000000
0.000002 -0.000002 0.000000
0.000002 -0.000002 0.000000
0.000002 -0.000002 0.000000
0.000001 -0.000001 0.000000
0.000003 -0.000002 0.000001
0.000001 -0.000001 0.000000
0.000003 -0.000002 0.000001
0.000001 -0.000001 0.000000
0.000002 -0.000002 0.000001
0.000001 -0.000001 0.000001
0.000001 -0.000001 0.000001
-0.000000 -0.000001 0.000001
0.000001 -0.000001 0.000001
-0.000001 0.000000 0.000001
-0.000000 -0.000000 0.000001
-0.000001 0.000001 0.000001
-0.000001 0.000001 0.000001
-0.000001 0.000001 0.000001
-0.000002 0.000002 0.000000
-0.000001 0.000001 0.000000
-0.000001 0.000002 0.000000
-0.000001 0.000002 0.000000
-0.000001 0.000002 -0.000000
-0.000001 0.000002 -0.000000
-0.000001 0.000001 -0.000000
-0.000001 0.000001 -0.000000
-0.000001 0.000001 -0.000000
-0.000001 0.000001 -0.000000
-0.000001 0.000001 -0.000000
-0.000001 0.000001 -0.000000
-0.000000 0.000001 -0.000000
-0.000000 0.000000 0.000000
-0.000000 0.000000 -0.000001
0.000000 -0.000000 0.000001
-0.000000 0.000000 -0.000001
0.000000 -0.000000 0.000000
0.000000 -0.000000 0.000000
-0.000000 0.000000 -0.000000
-0.000000 0.000000 -0.000000
0.000000 0.000000 0.000001
-0.000000 0.000001 -0.000001
-0.000000 0.000001 -0.000000
-0.000000 0.000001 -0.000001
-0.000000 0.000002 -0.000001
-0.000001 0.000001 -0.000001
-0.000000 0.000002 -0.000001
-0.000000 0.000002 -0.000001
-0.000000 0.000002 -0.000001
-0.000000 0.000002 -0.000001
-0.000000 0.000002 -0.000001
-0.000000 0.000003 -0.000002
-0.000000 0.000001 -0.000002
-0.000000 0.000003 -0.000002
-0.000000 0.000002 -0.000002
0.000000 0.000001 -0.000001
0.000000 0.000004 -0.000002
0.000000 0.000002 -0.000002
0.000000 0.000002 -0.000002
0.000000 0.000002 -0.000002
0.000000 0.000002 -0.000001
0.000000 0.000002 -0.000002
0.000000 -0.000001 -0.000000
0.000000 0.000003 -0.000002
0.000000 -0.000002 0.000001
0.000000 0.000001 -0.000001
0.000000 -0.000003 0.000001
0.000000 -0.000000 0.000000
-0.000000 -0.000004 0.000002
0.000000 -0.000000 -0.000000
-0.000000 -0.000004 0.000002
0.000000 -0.000002 0.000001
0.000000 -0.000003 0.000001
0.000000 -0.000002 0.000001
0.000001 -0.000002 0.000001
0.000000 -0.000002 0.000001
0.000000 -0.000002 0.000001
0.000000 -0.000002 0.000001
0.000000 -0.000001 0.000001
0.000000 -0.000001 0.000001
-0.000000 -0.000001 0.000001
-0.000000 -0.000001 0.000001
-0.000000 -0.000001 0.000001
-0.000001 -0.000001 0.000000
-0.000001 -0.000001 0.000000
-0.000001 -0.000001 0.000000
-0.000001 -0.000001 0.000000
-0.000001 -0.000001 0.000000
-0.000001 -0.000001 0.000000
-0.000001 -0.000001 0.000000
-0.000000 -0.000001 0.000000
-0.000000 -0.000000 0.000000
-0.000000 -0.000000 0.000000
-0.000000 -0.000000 0.000000
0.000000 -0.000000 0.000000
0.000000 0.000000 0.000000
0.000000 0.000000 0.000000
0.000000 0.000000 0.000000
0.000000 0.000000 0.000000
VECTORS Curvature float
82.050789 -229.621053 7.134770
267.225610 -742.891659 23.490326
590.225641 -1632.319738 52.128663
869.740014 -2378.702382 79.153442
1162.495984 -3123.111953 108.966290
1471.398660 -3854.685834 140.226768
1826.388260 -4624.263942 172.330236
2158.617280 -5247.784259 203.334297
2511.531688 -5811.481467 232.733031
2916.839360 -6400.209586 257.640596
3277.106464 -6794.489974 276.882052
3627.077562 -7099.675581 289.137888
3993.841686 -7387.170183 293.283876
4252.734437 -7462.505706 289.846783
4426.444573 -7390.176258 278.090512
4541.413468 -7257.581769 260.109328
4520.881327 -6953.531807 236.542308
4406.360717 -6567.720714 209.218573
4163.811560 -6060.712413 180.226382
3846.284268 -5513.644636 150.625269
3442.326424 -4912.077452 123.321614
2938.684178 -4228.053733 98.472408
2410.373738 -3561.261995 77.676459
1847.073069 -2886.135969 61.562389
1270.127187 -2225.399269 50.288030
693.970889 -1594.301312 44.012413
118.289567 -981.155440 42.457076
-445.427424 -408.534902 45.362333
-1001.513593 126.843974 52.345966
-1538.319680 626.234949 63.078815
-2079.105342 1102.236193 77.053437
-2612.159861 1554.669280 94.048600
-3183.020812 2024.690749 112.910346
-3669.152712 2438.083403 134.375973
-4203.462423 2899.866494 154.979292
-4680.792189 3337.448139 177.871903
-5119.349032 3786.505639 196.656503
-5551.768257 4261.673514 215.934306
-5883.225468 4714.269117 228.867477
-6207.329053 5204.415606 239.224608
-6353.457676 5603.995202 242.900173
-6374.405013 5935.371134 240.944501
-6373.042715 6304.756726 231.050444
-6229.488153 6564.143285 216.656717
-5935.059652 6716.935181 193.751536
-5601.014635 6840.028402 166.320101
-5110.528183 6791.335267 133.906590
-4626.461259 6751.099493 100.266514
-4104.926254 6631.487986 67.045273
-3540.970527 6409.795236 37.794609
-3015.169072 6189.770942 13.886521
-2503.093333 5922.383553 -3.418003
-2015.178903 5618.267354 -13.467824
-1558.324310 5289.391661 -16.490966
-1137.861887 4956.078310 -12.960992
-756.182666 4622.404999 -3.991746
-415.400511 4292.054360 9.460968
-121.949157 3990.524299 26.137670
122.657206 3723.645194 44.988177
318.036873 3501.901822 65.120311
460.391234 3308.904323 85.896998
560.182202 3203.167942 106.885324
606.450974 3104.689916 127.643874
624.398660 3087.842701 148.089143
607.540397 3052.672298 167.691618
578.406754 3020.550416 186.483222
578.472129 3115.215657 203.616969
575.553034 3078.810710 218.416816
592.208257 2959.481640 230.524396
681.923343 2942.569148 239.264610
803.473126 2812.434381 243.670822
968.446361 2582.592671 243.672497
1209.739103 2382.717319 238.857655
1494.810471 2085.453160 229.386337
1766.382213 1686.332396 215.611369
2096.447355 1255.732230 197.768522
2478.603829 803.690637 177.158085
2811.355554 277.452406 154.245094
3166.029605 -274.971197 129.901828
3488.271707 -844.424625 104.851104
3912.941399 -1476.674156 80.086312
4232.454630 -2077.745926 55.989742
4553.122121 -2699.833127 33.670897
5028.157947 -3417.355109 13.289617
5266.486335 -3975.675414 -4.977086
5657.943758 -4641.713192 -18.445611
6155.680873 -5388.977872 -29.696666
6509.402036 -6013.377071 -36.004563
6886.345643 -6651.782084 -38.309786
7204.276054 -7229.663486 -36.908263
7523.058682 -7805.711532 -31.682335
7563.548833 -8078.081443 -27.140656
7716.729687 -8451.622173 -15.995116
7753.952554 -8678.834894 -13.158888
7542.298524 -8597.567490 -6.144990
7269.136989 -8416.971755 -6.799299
6901.299981 -8095.772085 -7.300698
6435.498878 -7642.530509 -14.824625
6024.788371 -7240.855669 -22.293446
5575.120235 -6809.432291 -35.919441
4934.792482 -6163.430841 -49.061651
4397.550687 -5679.616867 -64.523601
3834.858178 -5201.393164 -79.679669
3364.789976 -4884.381664 -94.381376
2877.638907 -4564.572682 -108.049359
2387.842336 -4229.582725 -119.926901
1954.594000 -3943.321701 -129.802516
1565.813391 -3660.928594 -137.171948
1236.143288 -3394.612098 -141.685696
953.882555 -3099.132037 -143.220466
725.905179 -2796.527899 -141.462059
548.981147 -2482.471033 -136.666218
411.696280 -2136.635715 -128.816015
316.523295 -1804.900195 -118.368435
250.479942 -1472.524143 -105.809930
206.623760 -1151.303351 -91.762579
178.619722 -852.166568 -76.919448
160.581799 -578.997827 -61.991264
148.797183 -339.370609 -47.664914
139.244829 -136.748595 -34.542390
130.162791 23.932792 -23.141302
119.327803 138.090657 -13.805146
106.072403 206.188585 -6.755841
89.965258 229.035526 -1.988219
70.713620 211.390505 0.636412
49.521265 162.890422 1.528802
22.906495 79.089789 0.986793
7.412022 26.218808 0.363873
VECTORS LocalRotation float
-0.329971 0.226940 -0.064104
-0.328385 0.222526 -0.063965
-0.324519 0.211815 -0.063624
-0.317936 0.193731 -0.063032
-0.308717 0.168771 -0.062178
-0.296752 0.137074 -0.061047
-0.281813 0.098665 -0.059631
-0.263871 0.054217 -0.057939
-0.242654 0.003972 -0.055958
-0.218110 -0.051241 -0.053741
-0.190099 -0.110912 -0.051324
-0.158767 -0.173965 -0.048755
-0.124224 -0.239630 -0.046115
-0.087002 -0.306655 -0.043483
-0.047640 -0.374015 -0.040907
-0.007062 -0.440294 -0.038472
0.033961 -0.504625 -0.036224
0.074383 -0.565848 -0.034205
0.113182 -0.623019 -0.032442
0.149508 -0.675510 -0.030942
0.182443 -0.722620 -0.029704
0.211339 -0.764011 -0.028700
0.235589 -0.799324 -0.027901
0.254868 -0.828520 -0.027271
0.268994 -0.851683 -0.026764
0.277873 -0.868950 -0.026337
0.281543 -0.880589 -0.025947
0.280062 -0.886884 -0.025549
0.273517 -0.888158 -0.025107
0.262018 -0.884748 -0.024584
0.245588 -0.876897 -0.023948
0.224318 -0.864851 -0.023172
0.198053 -0.848629 -0.022234
0.167176 -0.828519 -0.021120
0.131373 -0.804243 -0.019804
0.091377 -0.776163 -0.018305
0.046781 -0.743746 -0.016601
-0.001390 -0.707415 -0.014739
-0.053320 -0.666652 -0.012719
-0.107913 -0.621866 -0.010605
-0.164705 -0.572997 -0.008425
-0.222374 -0.520713 -0.006233
-0.280301 -0.465091 -0.004088
-0.337192 -0.406998 -0.002067
-0.392352 -0.346775 -0.000206
-0.444472 -0.285525 0.001421
-0.492956 -0.223825 0.002780
-0.537125 -0.162393 0.003842
-0.576590 -0.101906 0.004598
-0.611237 -0.042810 0.005073
-0.640948 0.014289 0.005307
-0.665929 0.069122 0.005355
-0.686382 0.121363 0.005278
-0.702560 0.170743 0.005143
-0.714770 0.217143 0.005009
-0.723342 0.260490 0.004933
-0.728646 0.300850 0.004957
-0.731080 0.338358 0.005119
-0.731076 0.373291 0.005441
-0.729081 0.406004 0.005939
-0.725556 0.436849 0.006623
-0.720927 0.466387 0.007498
-0.715659 0.494871 0.008557
-0.710068 0.522999 0.009809
-0.704522 0.550642 0.011231
-0.699104 0.578386 0.012849
-0.693875 0.606118 0.014612
-0.688690 0.633947 0.016508
-0.683387 0.661372 0.018547
-0.677573 0.688304 0.020691
-0.670893 0.714184 0.022862
-0.662815 0.738780 0.025084
-0.652954 0.761258 0.027269
-0.640761 0.781401 0.029380
-0.626083 0.798377 0.031382
-0.608479 0.811785 0.033266
-0.587859 0.821067 0.034956
-0.563966 0.825951 0.036453
-0.536904 0.825962 0.037739
-0.506713 0.820883 0.038805
-0.473073 0.810333 0.039645
-0.436441 0.794348 0.040257
-0.396380 0.772563 0.040666
-0.353171 0.744976 0.040878
-0.306710 0.711610 0.040915
-0.256778 0.672223 0.040808
-0.203408 0.626908 0.040591
-0.146157 0.575365 0.040294
-0.085569 0.518081 0.039958
-0.021834 0.455293 0.039617
0.044756 0.387310 0.039307
0.112905 0.315560 0.039042
0.182648 0.240114 0.038845
0.252205 0.163095 0.038714
0.321566 0.084754 0.038626
0.388429 0.007946 0.038568
0.452871 -0.067148 0.038503
0.513204 -0.138345 0.038403
0.569997 -0.206183 0.038234
0.621986 -0.269153 0.037973
0.669576 -0.327895 0.037588
0.711842 -0.381533 0.037074
0.749297 -0.431038 0.036418
0.781985 -0.476829 0.035628
0.810137 -0.519442 0.034715
0.833945 -0.559206 0.033684
0.853608 -0.596213 0.032553
0.869564 -0.630679 0.031343
0.882266 -0.662663 0.030079
0.892174 -0.692042 0.028790
0.899791 -0.718775 0.027499
0.905552 -0.742630 0.026242
0.909904 -0.763557 0.025040
0.913204 -0.781421 0.023919
0.915771 -0.796256 0.022905
0.917841 -0.808138 0.022010
0.919585 -0.817206 0.021246
0.921121 -0.823686 0.020617
0.922521 -0.827844 0.020121
0.923825 -0.829999 0.019749
0.925046 -0.830510 0.019488
0.926175 -0.829777 0.019320
0.927196 -0.828217 0.019227
0.928083 -0.826248 0.019188
0.928811 -0.824252 0.019181
0.929354 -0.822561 0.019191
0.929683 -0.821463 0.019203
0.929820 -0.820987 0.019209
VECTORS q1 float
0.403724 -0.586697 -0.701993
0.406877 -0.584911 -0.701663
0.416326 -0.579517 -0.700594
0.431878 -0.570490 -0.698586
0.453154 -0.557826 -0.695329
0.479865 -0.541416 -0.690361
0.511626 -0.521160 -0.683104
0.547928 -0.497005 -0.672875
0.587425 -0.469415 -0.659228
0.629729 -0.438335 -0.641330
0.673523 -0.404364 -0.618754
0.717469 -0.368268 -0.591284
0.760539 -0.330743 -0.558739
0.801649 -0.292663 -0.521255
0.839378 -0.255359 -0.479829
0.873195 -0.219580 -0.435104
0.902471 -0.186266 -0.388395
0.927002 -0.156067 -0.341044
0.946878 -0.129390 -0.294415
0.962397 -0.106454 -0.249918
0.974144 -0.087115 -0.208459
0.982652 -0.071270 -0.171219
0.988582 -0.058578 -0.138831
0.992556 -0.048642 -0.111657
0.995097 -0.041105 -0.089955
0.996647 -0.035605 -0.073669
0.997523 -0.031867 -0.062703
0.997942 -0.029678 -0.056843
0.998025 -0.028888 -0.055777
0.997812 -0.029427 -0.059207
0.997273 -0.031291 -0.066835
0.996319 -0.034569 -0.078443
0.994811 -0.039406 -0.093803
0.992547 -0.046064 -0.112819
0.989329 -0.054695 -0.135046
0.984801 -0.065871 -0.160711
0.978723 -0.079699 -0.189073
0.970605 -0.096913 -0.220306
0.960146 -0.117637 -0.253537
0.946818 -0.142485 -0.288502
0.930330 -0.171468 -0.324168
0.910420 -0.204546 -0.359577
0.886972 -0.241428 -0.393692
0.859760 -0.282011 -0.425772
0.829268 -0.325098 -0.454561
0.795622 -0.370161 -0.479549
0.759498 -0.415971 -0.500130
0.721514 -0.461546 -0.516132
0.682071 -0.506270 -0.527702
0.642021 -0.549114 -0.535054
0.601840 -0.589601 -0.538664
0.561996 -0.627348 -0.539069
0.522970 -0.662038 -0.536850
0.485143 -0.693528 -0.532593
0.448817 -0.721792 -0.526858
0.414150 -0.746953 -0.520136
0.381276 -0.769163 -0.512851
0.350175 -0.788682 -0.505329
0.320718 -0.805817 -0.497794
0.292689 -0.820888 -0.490383
0.265821 -0.834205 -0.483157
0.239820 -0.846045 -0.476124
0.214196 -0.856730 -0.469184
0.188890 -0.866340 -0.462359
0.163293 -0.875162 -0.455441
0.137829 -0.883043 -0.448596
0.111846 -0.890236 -0.441555
0.085548 -0.896666 -0.434363
0.059555 -0.902171 -0.427249
0.034037 -0.906769 -0.420253
0.008952 -0.910544 -0.413314
-0.014553 -0.913348 -0.406919
-0.036408 -0.915325 -0.401067
-0.055999 -0.916537 -0.396010
-0.072739 -0.917096 -0.391975
-0.085914 -0.917128 -0.389223
-0.095330 -0.916835 -0.387719
-0.100419 -0.916359 -0.387559
-0.100797 -0.915845 -0.388675
-0.096123 -0.915402 -0.390897
-0.086103 -0.915091 -0.393947
-0.070336 -0.914921 -0.397458
-0.049027 -0.914819 -0.400877
-0.021513 -0.914656 -0.403661
0.011984 -0.914216 -0.405049
0.051001 -0.913232 -0.404236
0.096327 -0.911316 -0.400280
0.147065 -0.908059 -0.392175
0.202570 -0.902997 -0.378896
0.261876 -0.895655 -0.359475
0.323637 -0.885601 -0.333121
0.386150 -0.872508 -0.299364
0.446759 -0.856434 -0.258705
0.504936 -0.837054 -0.210666
0.557392 -0.815178 -0.157475
0.603385 -0.791145 -0.100083
0.641520 -0.766008 -0.041032
0.672062 -0.740262 0.018574
0.694965 -0.714975 0.076382
0.711460 -0.690103 0.132603
0.722001 -0.666707 0.184973
0.727799 -0.644744 0.233696
0.729800 -0.624336 0.278562
0.728848 -0.605261 0.320063
0.725575 -0.587288 0.358654
0.720521 -0.570457 0.394244
0.714126 -0.554638 0.427084
0.706772 -0.539765 0.457304
0.698799 -0.525827 0.484960
0.690517 -0.512839 0.510081
0.682258 -0.500944 0.532522
0.674266 -0.490161 0.552365
0.666827 -0.480660 0.569480
0.660133 -0.472493 0.583930
0.654327 -0.465687 0.595811
0.649508 -0.460252 0.605234
0.645703 -0.456132 0.612382
0.642894 -0.453239 0.617463
0.641016 -0.451451 0.620718
0.639966 -0.450614 0.622407
0.639612 -0.450555 0.622814
0.639793 -0.451075 0.622251
0.640337 -0.451966 0.621044
0.641072 -0.453028 0.619510
0.641833 -0.454071 0.617956
0.642487 -0.454942 0.616635
0.642921 -0.455512 0.615760
0.643074 -0.455711 0.615454
VECTORS q2 float
-0.264624 0.659622 -0.703472
-0.263529 0.660301 -0.703246
-0.260239 0.662359 -0.702536
-0.254790 0.665827 -0.701253
-0.247256 0.670755 -0.699251
-0.237632 0.677257 -0.696315
-0.225900 0.685477 -0.692164
-0.212043 0.695580 -0.686444
-0.196373 0.707562 -0.678818
-0.178797 0.721636 -0.668784
-0.159677 0.737738 -0.655931
-0.139485 0.755683 -0.639912
-0.118646 0.775255 -0.620405
-0.097739 0.796063 -0.597270
-0.077680 0.817354 -0.570875
-0.058953 0.838615 -0.541526
-0.042178 0.859127 -0.510022
-0.027740 0.878291 -0.477321
-0.015826 0.895633 -0.444513
-0.006454 0.910793 -0.412812
0.000612 0.923686 -0.383150
0.005613 0.934219 -0.356656
0.008933 0.942508 -0.334063
0.010960 0.948737 -0.315876
0.012026 0.953082 -0.302473
0.012413 0.955730 -0.293983
0.012308 0.956808 -0.290461
0.011818 0.956389 -0.291857
0.010969 0.954478 -0.298080
0.009711 0.951010 -0.309008
0.007931 0.945856 -0.324489
0.005453 0.938785 -0.344460
0.002053 0.929538 -0.368719
-0.002552 0.917745 -0.397163
-0.008625 0.903255 -0.429018
-0.016568 0.885447 -0.464444
-0.026605 0.864408 -0.502087
-0.039172 0.839534 -0.541892
-0.054403 0.811105 -0.582365
-0.072594 0.778904 -0.622927
-0.093680 0.743509 -0.662131
-0.117482 0.705578 -0.698825
-0.143613 0.666017 -0.731982
-0.171756 0.625471 -0.761108
-0.200943 0.585529 -0.785352
-0.230588 0.546968 -0.804770
-0.259724 0.510982 -0.819415
-0.287572 0.478340 -0.829755
-0.313639 0.449351 -0.836489
-0.337282 0.424433 -0.840296
-0.358236 0.403518 -0.841926
-0.376347 0.386416 -0.842048
-0.391538 0.372866 -0.841230
-0.403827 0.362538 -0.839935
-0.413290 0.355073 -0.838519
-0.420074 0.350096 -0.837240
-0.424360 0.347238 -0.836268
-0.426392 0.346132 -0.835693
-0.426457 0.346424 -0.835539
-0.424874 0.347789 -0.835778
-0.421986 0.349931 -0.836347
-0.418152 0.352592 -0.837155
-0.413698 0.355557 -0.838112
-0.408996 0.358648 -0.839103
-0.404212 0.361765 -0.840083
-0.399607 0.364843 -0.840954
-0.395069 0.367883 -0.841774
-0.390516 0.370902 -0.842573
-0.385816 0.373944 -0.843393
-0.380629 0.377045 -0.844369
-0.374457 0.380204 -0.845711
-0.367045 0.383431 -0.847501
-0.357810 0.386666 -0.849977
-0.346366 0.389834 -0.853264
-0.332391 0.392839 -0.857435
-0.315808 0.395591 -0.862423
-0.296020 0.397982 -0.868322
-0.273114 0.399953 -0.874898
-0.247006 0.401469 -0.881935
-0.217635 0.402541 -0.889154
-0.184960 0.403223 -0.896215
-0.148540 0.403609 -0.902793
-0.109246 0.403864 -0.908273
-0.066071 0.404173 -0.912293
-0.019463 0.404789 -0.914203
0.030003 0.405981 -0.913389
0.083423 0.408127 -0.909105
0.139842 0.411591 -0.900576
0.198670 0.416767 -0.887037
0.259025 0.424035 -0.867813
0.319704 0.433714 -0.842426
0.379251 0.446007 -0.810708
0.435431 0.460757 -0.773371
0.488086 0.478187 -0.730143
0.534607 0.497514 -0.683136
0.574703 0.518415 -0.633215
0.607496 0.539974 -0.582560
0.633493 0.561779 -0.532063
0.652873 0.582928 -0.483685
0.666821 0.603433 -0.437286
0.675846 0.622346 -0.394863
0.681067 0.639602 -0.356451
0.683400 0.654971 -0.322455
0.683687 0.668496 -0.292721
0.682604 0.680243 -0.267059
0.680748 0.690148 -0.245515
0.678576 0.698330 -0.227751
0.676418 0.704934 -0.213369
0.674488 0.710136 -0.201920
0.672894 0.714140 -0.192921
0.671683 0.717121 -0.185952
0.670818 0.719306 -0.180559
0.670253 0.720865 -0.176392
0.669904 0.721980 -0.173129
0.669688 0.722801 -0.170517
0.669538 0.723443 -0.168372
0.669400 0.723990 -0.166561
0.669238 0.724498 -0.164994
0.669032 0.725001 -0.163614
0.668778 0.725512 -0.162384
0.668482 0.726029 -0.161288
0.668158 0.726542 -0.160318
0.667828 0.727030 -0.159477
0.667515 0.727472 -0.158770
0.667242 0.727845 -0.158206
0.667029 0.728130 -0.157792
0.666895 0.728308 -0.157542
0.666849 0.728368 -0.157457
VECTORS q3 float
0.875775 0.469773 0.111051
0.874645 0.471043 0.114520
0.871176 0.474806 0.124945
0.865196 0.480849 0.142201
0.856456 0.488792 0.166030
0.844548 0.498189 0.196334
0.828980 0.508442 0.232978
0.809205 0.518801 0.275742
0.785092 0.528209 0.323459
0.755959 0.535820 0.376062
0.721713 0.540586 0.432316
0.682482 0.541592 0.490812
0.638360 0.538135 0.550370
0.589750 0.529748 0.609559
0.537968 0.516454 0.666233
0.483793 0.498508 0.719329
0.428681 0.476662 0.767481
0.374030 0.451938 0.809848
0.321203 0.425559 0.846007
0.271569 0.398902 0.875858
0.225929 0.373116 0.899856
0.185375 0.349507 0.918412
0.150418 0.329009 0.932270
0.121298 0.312301 0.942208
0.098167 0.299908 0.948904
0.080875 0.292083 0.952968
0.069251 0.288970 0.954830
0.063026 0.290585 0.954771
0.061849 0.296880 0.952910
0.065400 0.307757 0.949215
0.073370 0.323074 0.943525
0.085549 0.342765 0.935518
0.101723 0.366614 0.924796
0.121834 0.394491 0.910787
0.145446 0.425605 0.893144
0.172894 0.460048 0.870898
0.203452 0.496435 0.843896
0.237471 0.534593 0.811060
0.274153 0.572948 0.772380
0.313473 0.610742 0.727137
0.354557 0.646369 0.675646
0.396652 0.678469 0.618342
0.438927 0.705786 0.556066
0.480949 0.727500 0.489318
0.521475 0.742608 0.420235
0.560193 0.750871 0.349825
0.596411 0.752240 0.280052
0.629857 0.747105 0.212401
0.660613 0.736053 0.147703
0.688513 0.719952 0.087288
0.713762 0.699674 0.031637
0.736562 0.676105 -0.018937
0.757099 0.650136 -0.064215
0.775603 0.622564 -0.104182
0.792310 0.594087 -0.138947
0.807476 0.565238 -0.168784
0.821308 0.536483 -0.194008
0.834007 0.508107 -0.215081
0.845739 0.480260 -0.232542
0.856630 0.452974 -0.246981
0.866757 0.426204 -0.259004
0.876148 0.399859 -0.269216
0.884858 0.373621 -0.278269
0.892772 0.347601 -0.286585
0.899971 0.321275 -0.294677
0.906266 0.295170 -0.302584
0.911818 0.268594 -0.310558
0.916613 0.241706 -0.318432
0.920651 0.215067 -0.325802
0.924101 0.188701 -0.332309
0.927201 0.162339 -0.337556
0.930089 0.137024 -0.340820
0.933084 0.112560 -0.341590
0.936426 0.089383 -0.339288
0.940333 0.067920 -0.333409
0.944925 0.048825 -0.323623
0.950413 0.031996 -0.309341
0.956726 0.017991 -0.290434
0.963757 0.007108 -0.266686
0.971286 -0.000396 -0.237917
0.978967 -0.004303 -0.203974
0.986402 -0.004460 -0.164290
0.992805 -0.000735 -0.119741
0.997583 0.007044 -0.069127
0.999739 0.018839 -0.012943
0.998248 0.034456 0.048105
0.991848 0.054179 0.115338
0.979191 0.077601 0.187516
0.958903 0.104411 0.263823
0.929692 0.134146 0.343042
0.890533 0.166140 0.423496
0.840867 0.199521 0.503125
0.781541 0.232862 0.578765
0.711908 0.265852 0.650008
0.635224 0.296588 0.713110
0.552850 0.324555 0.767477
0.468402 0.348797 0.811751
0.383431 0.369346 0.846501
0.301298 0.386012 0.871903
0.221755 0.399534 0.889493
0.148141 0.410105 0.899927
0.080347 0.418587 0.904615
0.018871 0.425697 0.904669
-0.036788 0.432172 0.901041
-0.087131 0.438591 0.894453
-0.132031 0.445279 0.885604
-0.171927 0.452452 0.875059
-0.207200 0.460132 0.863334
-0.238213 0.468201 0.850907
-0.265332 0.476446 0.838211
-0.288731 0.484554 0.825737
-0.308816 0.492281 0.813813
-0.325733 0.499319 0.802857
-0.339783 0.505465 0.793128
-0.351246 0.510582 0.784814
-0.360358 0.514586 0.778038
-0.367385 0.517477 0.772817
-0.372569 0.519303 0.769101
-0.376157 0.520159 0.766773
-0.378391 0.520172 0.765664
-0.379512 0.519502 0.765564
-0.379776 0.518332 0.766226
-0.379439 0.516870 0.767380
-0.378749 0.515315 0.768765
-0.377940 0.513868 0.770131
-0.377204 0.512693 0.771274
-0.376701 0.511934 0.772023
-0.376522 0.511671 0.772285
