# vtk DataFile Version 2.0
VTK example
ASCII
DATASET UNSTRUCTURED_GRID
POINTS  128  float
-0.000458 -0.000081 -0.000289
-0.000458 -0.000083 -0.000280
-0.000458 -0.000085 -0.000271
-0.000459 -0.000088 -0.000263
-0.000459 -0.000090 -0.000254
-0.000459 -0.000092 -0.000245
-0.000459 -0.000094 -0.000236
-0.000459 -0.000096 -0.000227
-0.000458 -0.000099 -0.000219
-0.000457 -0.000101 -0.000210
-0.000456 -0.000104 -0.000201
-0.000454 -0.000106 -0.000193
-0.000452 -0.000108 -0.000184
-0.000449 -0.000111 -0.000176
-0.000446 -0.000113 -0.000168
-0.000442 -0.000116 -0.000160
-0.000438 -0.000118 -0.000153
-0.000433 -0.000120 -0.000145
-0.000427 -0.000123 -0.000139
-0.000421 -0.000124 -0.000132
-0.000414 -0.000126 -0.000127
-0.000407 -0.000127 -0.000121
-0.000399 -0.000128 -0.000117
-0.000391 -0.000129 -0.000113
-0.000382 -0.000129 -0.000110
-0.000374 -0.000129 -0.000108
-0.000365 -0.000129 -0.000106
-0.000356 -0.000129 -0.000105
-0.000347 -0.000128 -0.000104
-0.000338 -0.000127 -0.000104
-0.000329 -0.000126 -0.000105
-0.000320 -0.000124 -0.000106
-0.000311 -0.000123 -0.000108
-0.000302 -0.000122 -0.000110
-0.000294 -0.000120 -0.000113
-0.000285 -0.000119 -0.000115
-0.000277 -0.000118 -0.000118
-0.000268 -0.000116 -0.000121
-0.000260 -0.000115 -0.000125
-0.000252 -0.000114 -0.000128
-0.000244 -0.000112 -0.000132
-0.000236 -0.000111 -0.000136
-0.000227 -0.000110 -0.000140
-0.000219 -0.000108 -0.000144
-0.000212 -0.000107 -0.000148
-0.000204 -0.000106 -0.000152
-0.000196 -0.000104 -0.000156
-0.000188 -0.000102 -0.000160
-0.000180 -0.000101 -0.000165
-0.000172 -0.000099 -0.000169
-0.000164 -0.000097 -0.000173
-0.000156 -0.000095 -0.000177
-0.000148 -0.000093 -0.000180
-0.000140 -0.000091 -0.000184
-0.000132 -0.000089 -0.000187
-0.000124 -0.000087 -0.000189
-0.000115 -0.000084 -0.000192
-0.000107 -0.000082 -0.000193
-0.000098 -0.000079 -0.000195
-0.000089 -0.000077 -0.000196
-0.000081 -0.000074 -0.000196
-0.000072 -0.000071 -0.000196
-0.000064 -0.000068 -0.000195
-0.000055 -0.000065 -0.000194
-0.000047 -0.000062 -0.000192
-0.000039 -0.000059 -0.000189
-0.000031 -0.000055 -0.000186
-0.000024 -0.000051 -0.000182
-0.000017 -0.000048 -0.000178
-0.000010 -0.000044 -0.000173
-0.000004 -0.000040 -0.000168
0.000002 -0.000036 -0.000162
0.000007 -0.000032 -0.000156
0.000011 -0.000028 -0.000149
0.000015 -0.000024 -0.000142
0.000019 -0.000020 -0.000135
0.000022 -0.000016 -0.000127
0.000025 -0.000013 -0.000119
0.000027 -0.000009 -0.000111
0.000029 -0.000006 -0.000103
0.000031 -0.000003 -0.000095
0.000032 0.000000 -0.000086
0.000033 0.000003 -0.000078
0.000033 0.000006 -0.000069
0.000034 0.000009 -0.000061
0.000034 0.000011 -0.000052
0.000035 0.000014 -0.000043
0.000035 0.000017 -0.000035
0.000035 0.000019 -0.000026
0.000035 0.000022 -0.000017
0.000035 0.000025 -0.000009
0.000035 0.000028 -0.000000
0.000035 0.000031 0.000008
0.000035 0.000035 0.000016
0.000036 0.000039 0.000025
0.000036 0.000043 0.000033
0.000038 0.000048 0.000040
0.000039 0.000053 0.000048
0.000041 0.000058 0.000055
0.000043 0.000064 0.000061
0.000046 0.000070 0.000067
0.000050 0.000076 0.000073
0.000054 0.000083 0.000078
0.000059 0.000089 0.000082
0.000065 0.000095 0.000085
0.000071 0.000102 0.000087
0.000077 0.000108 0.000089
0.000084 0.000114 0.000090
0.000091 0.000119 0.000090
0.000099 0.000125 0.000090
0.000106 0.000130 0.000089
0.000114 0.000134 0.000088
0.000121 0.000139 0.000086
0.000129 0.000143 0.000084
0.000137 0.000147 0.000081
0.000145 0.000150 0.000078
0.000153 0.000154 0.000075
0.000161 0.000157 0.000072
0.000168 0.000160 0.000069
0.000176 0.000162 0.000066
0.000184 0.000165 0.000062
0.000193 0.000167 0.000059
0.000201 0.000170 0.000056
0.000209 0.000172 0.000053
0.000217 0.000174 0.000050
0.000226 0.000175 0.000047
0.000234 0.000177 0.000044
0.000242 0.000179 0.000041
CELLS  127 381
2 0 1 
2 1 2 
2 2 3 
2 3 4 
2 4 5 
2 5 6 
2 6 7 
2 7 8 
2 8 9 
2 9 10 
2 10 11 
2 11 12 
2 12 13 
2 13 14 
2 14 15 
2 15 16 
2 16 17 
2 17 18 
2 18 19 
2 19 20 
2 20 21 
2 21 22 
2 22 23 
2 23 24 
2 24 25 
2 25 26 
2 26 27 
2 27 28 
2 28 29 
2 29 30 
2 30 31 
2 31 32 
2 32 33 
2 33 34 
2 34 35 
2 35 36 
2 36 37 
2 37 38 
2 38 39 
2 39 40 
2 40 41 
2 41 42 
2 42 43 
2 43 44 
2 44 45 
2 45 46 
2 46 47 
2 47 48 
2 48 49 
2 49 50 
2 50 51 
2 51 52 
2 52 53 
2 53 54 
2 54 55 
2 55 56 
2 56 57 
2 57 58 
2 58 59 
2 59 60 
2 60 61 
2 61 62 
2 62 63 
2 63 64 
2 64 65 
2 65 66 
2 66 67 
2 67 68 
2 68 69 
2 69 70 
2 70 71 
2 71 72 
2 72 73 
2 73 74 
2 74 75 
2 75 76 
2 76 77 
2 77 78 
2 78 79 
2 79 80 
2 80 81 
2 81 82 
2 82 83 
2 83 84 
2 84 85 
2 85 86 
2 86 87 
2 87 88 
2 88 89 
2 89 90 
2 90 91 
2 91 92 
2 92 93 
2 93 94 
2 94 95 
2 95 96 
2 96 97 
2 97 98 
2 98 99 
2 99 100 
2 100 101 
2 101 102 
2 102 103 
2 103 104 
2 104 105 
2 105 106 
2 106 107 
2 107 108 
2 108 109 
2 109 110 
2 110 111 
2 111 112 
2 112 113 
2 113 114 
2 114 115 
2 115 116 
2 116 117 
2 117 118 
2 118 119 
2 119 120 
2 120 121 
2 121 122 
2 122 123 
2 123 124 
2 124 125 
2 125 126 
2 126 127 
CELL_TYPES  127
3
3
3
3
3
3
3
3
3
3
3
3
3
3
3
3
3
3
3
3
3
3
3
3
3
3
3
3
3
3
3
3
3
3
3
3
3
3
3
3
3
3
3
3
3
3
3
3
3
3
3
3
3
3
3
3
3
3
3
3
3
3
3
3
3
3
3
3
3
3
3
3
3
3
3
3
3
3
3
3
3
3
3
3
3
3
3
3
3
3
3
3
3
3
3
3
3
3
3
3
3
3
3
3
3
3
3
3
3
3
3
3
3
3
3
3
3
3
3
3
3
3
3
3
3
3
3
POINT_DATA  128
VECTORS Position float
-0.000458 -0.000081 -0.000289
-0.000458 -0.000083 -0.000280
-0.000458 -0.000085 -0.000271
-0.000459 -0.000088 -0.000263
-0.000459 -0.000090 -0.000254
-0.000459 -0.000092 -0.000245
-0.000459 -0.000094 -0.000236
-0.000459 -0.000096 -0.000227
-0.000458 -0.000099 -0.000219
-0.000457 -0.000101 -0.000210
-0.000456 -0.000104 -0.000201
-0.000454 -0.000106 -0.000193
-0.000452 -0.000108 -0.000184
-0.000449 -0.000111 -0.000176
-0.000446 -0.000113 -0.000168
-0.000442 -0.000116 -0.000160
-0.000438 -0.000118 -0.000153
-0.000433 -0.000120 -0.000145
-0.000427 -0.000123 -0.000139
-0.000421 -0.000124 -0.000132
-0.000414 -0.000126 -0.000127
-0.000407 -0.000127 -0.000121
-0.000399 -0.000128 -0.000117
-0.000391 -0.000129 -0.000113
-0.000382 -0.000129 -0.000110
-0.000374 -0.000129 -0.000108
-0.000365 -0.000129 -0.000106
-0.000356 -0.000129 -0.000105
-0.000347 -0.000128 -0.000104
-0.000338 -0.000127 -0.000104
-0.000329 -0.000126 -0.000105
-0.000320 -0.000124 -0.000106
-0.000311 -0.000123 -0.000108
-0.000302 -0.000122 -0.000110
-0.000294 -0.000120 -0.000113
-0.000285 -0.000119 -0.000115
-0.000277 -0.000118 -0.000118
-0.000268 -0.000116 -0.000121
-0.000260 -0.000115 -0.000125
-0.000252 -0.000114 -0.000128
-0.000244 -0.000112 -0.000132
-0.000236 -0.000111 -0.000136
-0.000227 -0.000110 -0.000140
-0.000219 -0.000108 -0.000144
-0.000212 -0.000107 -0.000148
-0.000204 -0.000106 -0.000152
-0.000196 -0.000104 -0.000156
-0.000188 -0.000102 -0.000160
-0.000180 -0.000101 -0.000165
-0.000172 -0.000099 -0.000169
-0.000164 -0.000097 -0.000173
-0.000156 -0.000095 -0.000177
-0.000148 -0.000093 -0.000180
-0.000140 -0.000091 -0.000184
-0.000132 -0.000089 -0.000187
-0.000124 -0.000087 -0.000189
-0.000115 -0.000084 -0.000192
-0.000107 -0.000082 -0.000193
-0.000098 -0.000079 -0.000195
-0.000089 -0.000077 -0.000196
-0.000081 -0.000074 -0.000196
-0.000072 -0.000071 -0.000196
-0.000064 -0.000068 -0.000195
-0.000055 -0.000065 -0.000194
-0.000047 -0.000062 -0.000192
-0.000039 -0.000059 -0.000189
-0.000031 -0.000055 -0.000186
-0.000024 -0.000051 -0.000182
-0.000017 -0.000048 -0.000178
-0.000010 -0.000044 -0.000173
-0.000004 -0.000040 -0.000168
0.000002 -0.000036 -0.000162
0.000007 -0.000032 -0.000156
0.000011 -0.000028 -0.000149
0.000015 -0.000024 -0.000142
0.000019 -0.000020 -0.000135
0.000022 -0.000016 -0.000127
0.000025 -0.000013 -0.000119
0.000027 -0.000009 -0.000111
0.000029 -0.000006 -0.000103
0.000031 -0.000003 -0.000095
0.000032 0.000000 -0.000086
0.000033 0.000003 -0.000078
0.000033 0.000006 -0.000069
0.000034 0.000009 -0.000061
0.000034 0.000011 -0.000052
0.000035 0.000014 -0.000043
0.000035 0.000017 -0.000035
0.000035 0.000019 -0.000026
0.000035 0.000022 -0.000017
0.000035 0.000025 -0.000009
0.000035 0.000028 -0.000000
0.000035 0.000031 0.000008
0.000035 0.000035 0.000016
0.000036 0.000039 0.000025
0.000036 0.000043 0.000033
0.000038 0.000048 0.000040
0.000039 0.000053 0.000048
0.000041 0.000058 0.000055
0.000043 0.000064 0.000061
0.000046 0.000070 0.000067
0.000050 0.000076 0.000073
0.000054 0.000083 0.000078
0.000059 0.000089 0.000082
0.000065 0.000095 0.000085
0.000071 0.000102 0.000087
0.000077 0.000108 0.000089
0.000084 0.000114 0.000090
0.000091 0.000119 0.000090
0.000099 0.000125 0.000090
0.000106 0.000130 0.000089
0.000114 0.000134 0.000088
0.000121 0.000139 0.000086
0.000129 0.000143 0.000084
0.000137 0.000147 0.000081
0.000145 0.000150 0.000078
0.000153 0.000154 0.000075
0.000161 0.000157 0.000072
0.000168 0.000160 0.000069
0.000176 0.000162 0.000066
0.000184 0.000165 0.000062
0.000193 0.000167 0.000059
0.000201 0.000170 0.000056
0.000209 0.000172 0.000053
0.000217 0.000174 0.000050
0.000226 0.000175 0.000047
0.000234 0.000177 0.000044
0.000242 0.000179 0.000041
VECTORS Rotation float
0.839032 -0.247614 0.048328
0.838915 -0.247596 0.046717
0.838519 -0.247597 0.041757
0.837748 -0.247769 0.033159
0.836477 -0.248342 0.020526
0.834495 -0.249586 0.003256
0.831555 -0.251752 -0.019297
0.827391 -0.255003 -0.047758
0.821941 -0.259272 -0.082098
0.814859 -0.264357 -0.123036
0.806073 -0.269704 -0.170444
0.795589 -0.274518 -0.224025
0.783378 -0.277860 -0.283706
0.769539 -0.278697 -0.349229
0.754559 -0.276064 -0.419458
0.738669 -0.269164 -0.494302
0.722415 -0.257480 -0.572961
0.706336 -0.240767 -0.654836
0.691005 -0.219066 -0.739320
0.677049 -0.192762 -0.825547
0.664916 -0.162317 -0.913219
0.655193 -0.128772 -1.001007
0.648183 -0.093176 -1.088164
0.644034 -0.056675 -1.174044
0.642753 -0.020612 -1.257679
0.644143 0.013894 -1.338594
0.647885 0.045679 -1.415965
0.653523 0.073790 -1.489029
0.660563 0.097729 -1.557591
0.668481 0.117126 -1.621118
0.676781 0.131917 -1.679216
0.685081 0.142407 -1.732038
0.693055 0.149012 -1.779497
0.700511 0.152345 -1.821949
0.707247 0.153051 -1.859024
0.713309 0.151877 -1.891823
0.718643 0.149580 -1.920144
0.723376 0.146817 -1.945065
0.727560 0.144271 -1.966781
0.731316 0.142485 -1.986066
0.734724 0.141958 -2.003215
0.737858 0.143062 -2.018512
0.740767 0.146030 -2.032048
0.743481 0.150967 -2.043831
0.745976 0.157718 -2.053382
0.748197 0.166058 -2.060241
0.750041 0.175526 -2.063693
0.751369 0.185608 -2.063029
0.752008 0.195842 -2.057573
0.751801 0.205710 -2.046801
0.750577 0.214921 -2.030298
0.748191 0.223353 -2.007834
0.744543 0.231058 -1.979415
0.739564 0.238270 -1.945217
0.733218 0.245349 -1.905594
0.725465 0.252734 -1.860959
0.716301 0.260861 -1.811882
0.705690 0.270132 -1.758866
0.693568 0.280863 -1.702352
0.679846 0.293251 -1.642680
0.664416 0.307339 -1.580117
0.647172 0.323009 -1.514883
0.627817 0.340095 -1.446644
0.606463 0.358026 -1.376115
0.582562 0.376531 -1.302214
0.556705 0.394551 -1.226672
0.528083 0.411834 -1.147635
0.496900 0.427493 -1.065657
0.464018 0.440544 -0.982551
0.429682 0.450466 -0.898512
0.393761 0.456872 -0.812792
0.358124 0.459227 -0.728887
0.322815 0.457486 -0.646235
0.288804 0.451711 -0.566305
0.256944 0.442231 -0.490428
0.228270 0.429751 -0.420579
0.202439 0.414670 -0.355801
0.179990 0.397948 -0.297411
0.160873 0.380438 -0.245563
0.144857 0.362979 -0.200124
0.131603 0.346361 -0.160744
0.120572 0.331089 -0.126484
0.111658 0.318143 -0.097613
0.104263 0.307710 -0.072843
0.098201 0.300361 -0.052014
0.093322 0.296543 -0.035000
0.089368 0.296513 -0.021205
0.086349 0.300634 -0.010818
0.084307 0.309235 -0.004025
0.083389 0.322638 -0.001196
0.083860 0.341135 -0.002894
0.086138 0.364966 -0.009874
0.090786 0.393956 -0.022980
0.098787 0.428817 -0.043727
0.111081 0.468468 -0.073030
0.129282 0.512806 -0.112850
0.154938 0.560266 -0.164495
0.190474 0.609868 -0.230540
0.237590 0.658804 -0.311986
0.299573 0.705405 -0.412416
0.375755 0.745082 -0.529546
0.465891 0.774938 -0.662746
0.566107 0.792053 -0.807137
0.671287 0.794955 -0.957020
0.775124 0.783592 -1.105477
0.870644 0.759773 -1.244418
0.954302 0.726464 -1.369730
1.024907 0.687020 -1.479751
1.083062 0.644545 -1.574743
1.130310 0.601495 -1.656050
1.168170 0.559891 -1.724840
1.198464 0.520655 -1.782930
1.222381 0.484581 -1.831170
1.241097 0.451682 -1.870638
1.255515 0.421660 -1.902138
1.266317 0.394113 -1.926218
1.274086 0.368481 -1.943429
1.279319 0.344275 -1.954293
1.282479 0.321100 -1.959435
1.284014 0.298754 -1.959621
1.284365 0.277302 -1.955791
1.283932 0.256957 -1.949024
1.283081 0.238237 -1.940524
1.282082 0.221662 -1.931467
1.281154 0.207937 -1.923032
1.280416 0.197600 -1.916183
1.279956 0.191215 -1.911758
1.279798 0.189044 -1.910220
VECTORS ControlForce float
0.000000 0.000000 0.000000
0.000192 0.000039 0.000183
0.000350 0.000062 0.000365
0.000447 0.000062 0.000529
0.000462 0.000038 0.000660
0.000383 0.000001 0.000755
0.000210 -0.000034 0.000821
-0.000047 -0.000049 0.000881
-0.000356 -0.000041 0.000921
-0.000658 -0.000019 0.000938
-0.000902 0.000009 0.000941
-0.001038 0.000027 0.000930
-0.001022 0.000024 0.000895
-0.000872 -0.000008 0.000849
-0.000651 -0.000069 0.000810
-0.000419 -0.000158 0.000779
-0.000225 -0.000272 0.000751
-0.000107 -0.000413 0.000728
-0.000057 -0.000574 0.000694
-0.000042 -0.000734 0.000633
-0.000055 -0.000882 0.000555
-0.000058 -0.000986 0.000452
-0.000051 -0.001032 0.000334
-0.000035 -0.001011 0.000217
0.000004 -0.000910 0.000108
0.000032 -0.000755 0.000024
0.000040 -0.000562 -0.000033
0.000023 -0.000349 -0.000069
-0.000005 -0.000124 -0.000088
-0.000050 0.000086 -0.000095
-0.000091 0.000282 -0.000096
-0.000121 0.000450 -0.000087
-0.000138 0.000582 -0.000066
-0.000117 0.000691 -0.000032
-0.000071 0.000770 0.000004
-0.000029 0.000802 0.000043
0.000001 0.000793 0.000074
0.000022 0.000753 0.000108
0.000030 0.000680 0.000141
0.000007 0.000553 0.000172
-0.000042 0.000365 0.000191
-0.000100 0.000124 0.000196
-0.000151 -0.000147 0.000190
-0.000185 -0.000416 0.000180
-0.000205 -0.000651 0.000163
-0.000191 -0.000798 0.000149
-0.000145 -0.000825 0.000139
-0.000104 -0.000740 0.000128
-0.000094 -0.000566 0.000115
-0.000101 -0.000318 0.000102
-0.000123 -0.000039 0.000088
-0.000149 0.000227 0.000073
-0.000149 0.000461 0.000061
-0.000127 0.000634 0.000048
-0.000102 0.000721 0.000028
-0.000078 0.000725 0.000003
-0.000057 0.000658 -0.000026
-0.000051 0.000532 -0.000056
-0.000052 0.000370 -0.000081
-0.000044 0.000205 -0.000098
-0.000016 0.000058 -0.000108
0.000016 -0.000070 -0.000112
0.000025 -0.000195 -0.000108
0.000041 -0.000295 -0.000101
0.000071 -0.000362 -0.000092
0.000123 -0.000389 -0.000091
0.000202 -0.000367 -0.000090
0.000288 -0.000318 -0.000090
0.000360 -0.000258 -0.000104
0.000418 -0.000189 -0.000128
0.000471 -0.000100 -0.000155
0.000500 -0.000008 -0.000184
0.000498 0.000084 -0.000203
0.000461 0.000167 -0.000202
0.000394 0.000247 -0.000195
0.000297 0.000325 -0.000197
0.000169 0.000387 -0.000191
0.000023 0.000435 -0.000184
-0.000133 0.000453 -0.000168
-0.000275 0.000436 -0.000138
-0.000376 0.000400 -0.000099
-0.000417 0.000348 -0.000044
-0.000391 0.000303 -0.000001
-0.000307 0.000276 0.000030
-0.000182 0.000267 0.000047
-0.000036 0.000278 0.000043
0.000113 0.000293 0.000060
0.000258 0.000303 0.000101
0.000393 0.000305 0.000155
0.000514 0.000291 0.000215
0.000616 0.000250 0.000285
0.000692 0.000190 0.000342
0.000735 0.000102 0.000396
0.000736 -0.000015 0.000459
0.000685 -0.000156 0.000514
0.000580 -0.000304 0.000549
0.000418 -0.000448 0.000560
0.000207 -0.000579 0.000554
-0.000040 -0.000672 0.000523
-0.000297 -0.000697 0.000463
-0.000546 -0.000642 0.000360
-0.000757 -0.000516 0.000225
-0.000896 -0.000316 0.000069
-0.000957 -0.000101 -0.000071
-0.000937 0.000096 -0.000179
-0.000830 0.000261 -0.000259
-0.000649 0.000363 -0.000311
-0.000416 0.000381 -0.000335
-0.000158 0.000319 -0.000331
0.000109 0.000214 -0.000303
0.000350 0.000078 -0.000258
0.000555 -0.000043 -0.000201
0.000720 -0.000105 -0.000138
0.000819 -0.000129 -0.000075
0.000848 -0.000101 -0.000014
0.000803 -0.000019 0.000041
0.000689 0.000120 0.000090
0.000534 0.000334 0.000134
0.000354 0.000593 0.000170
0.000165 0.000844 0.000188
-0.000006 0.001049 0.000185
-0.000139 0.001179 0.000164
-0.000223 0.001207 0.000129
-0.000251 0.001136 0.000091
-0.000229 0.000964 0.000057
-0.000169 0.000706 0.000031
-0.000089 0.000371 0.000012
0.000000 -0.000000 -0.000000
VECTORS ControlTorque float
0.000000 -0.000001 -0.000000
0.000000 -0.000001 -0.000000
-0.000000 -0.000001 -0.000000
-0.000000 -0.000002 -0.000000
-0.000000 -0.000002 -0.000000
-0.000000 -0.000002 -0.000000
-0.000001 -0.000003 -0.000001
-0.000000 -0.000002 -0.000000
-0.000001 -0.000003 -0.000001
-0.000000 -0.000002 -0.000001
-0.000000 -0.000002 -0.000001
0.000000 -0.000002 -0.000001
0.000000 -0.000003 -0.000001
0.000001 -0.000001 -0.000001
0.000001 -0.000002 -0.000001
0.000001 -0.000001 -0.000001
0.000001 -0.000001 -0.000001
0.000001 -0.000001 -0.000001
0.000001 -0.000001 -0.000001
0.000001 -0.000001 -0.000001
0.000000 -0.000000 -0.000001
0.000000 0.000000 -0.000000
0.000000 0.000000 -0.000000
-0.000000 0.000001 0.000000
-0.000000 0.000001 0.000001
-0.000000 0.000002 0.000001
-0.000000 0.000002 0.000001
-0.000000 0.000002 0.000001
-0.000000 0.000002 0.000002
-0.000000 0.000003 0.000002
-0.000000 0.000002 0.000002
-0.000000 0.000002 0.000002
0.000000 0.000002 0.000001
-0.000000 0.000003 0.000001
0.000000 0.000001 0.000001
-0.000000 0.000002 0.000000
-0.000000 0.000001 0.000000
-0.000000 0.000002 -0.000000
-0.000000 0.000001 -0.000000
-0.000000 0.000001 -0.000000
-0.000000 0.000001 -0.000001
-0.000000 0.000001 -0.000001
-0.000000 0.000001 -0.000001
-0.000000 0.000001 -0.000001
-0.000000 0.000001 -0.000001
-0.000000 0.000001 -0.000000
-0.000000 0.000002 -0.000000
-0.000000 0.000002 0.000000
-0.000000 0.000002 0.000000
-0.000000 0.000002 0.000000
-0.000000 0.000002 0.000000
-0.000000 0.000002 0.000000
-0.000000 0.000002 0.000000
-0.000000 0.000002 0.000000
-0.000001 0.000002 -0.000000
-0.000001 0.000002 -0.000000
-0.000001 0.000001 -0.000001
-0.000001 0.000001 -0.000001
-0.000000 0.000001 -0.000001
-0.000000 0.000001 -0.000001
-0.000000 0.000001 -0.000001
-0.000000 0.000001 -0.000001
0.000000 -0.000000 -0.000001
-0.000001 0.000002 -0.000001
0.000000 -0.000001 -0.000000
-0.000000 0.000002 -0.000001
-0.000000 0.000001 -0.000000
0.000000 -0.000001 0.000000
-0.000000 -0.000001 0.000000
-0.000001 0.000002 -0.000000
0.000000 -0.000002 0.000001
-0.000001 0.000000 0.000000
-0.000000 -0.000001 0.000001
-0.000000 -0.000001 0.000001
0.000000 -0.000003 0.000001
-0.000000 -0.000001 0.000000
0.000000 -0.000002 0.000001
0.000000 -0.000002 0.000001
0.000001 -0.000002 0.000001
0.000001 -0.000002 0.000001
0.000001 -0.000001 0.000000
0.000001 -0.000003 0.000001
0.000001 -0.000001 0.000000
0.000001 -0.000002 0.000000
0.000002 -0.000002 0.000000
0.000002 -0.000001 0.000000
0.000002 -0.000001 0.000000
0.000002 -0.000001 0.000000
0.000002 -0.000002 0.000000
0.000002 -0.000002 0.000001
0.000002 -0.000002 0.000001
0.000002 -0.000002 0.000001
0.000003 -0.000003 0.000001
0.000001 -0.000002 0.000001
0.000003 -0.000003 0.000001
0.000001 -0.000003 0.000001
0.000003 -0.000004 0.000002
0.000000 -0.000002 0.000001
0.000003 -0.000005 0.000003
-0.000001 -0.000001 0.000001
0.000001 -0.000002 0.000002
-0.000001 -0.000001 0.000001
-0.000001 -0.000001 0.000001
-0.000000 -0.000000 0.000001
-0.000001 0.000001 0.000000
-0.000001 0.000001 -0.000000
-0.000001 0.000002 -0.000001
-0.000002 0.000002 -0.000001
-0.000001 0.000002 -0.000001
-0.000002 0.000003 -0.000002
-0.000001 0.000002 -0.000001
-0.000002 0.000003 -0.000002
-0.000002 0.000002 -0.000001
-0.000001 0.000002 -0.000001
-0.000001 0.000002 -0.000001
-0.000001 0.000002 -0.000000
-0.000001 0.000002 -0.000000
-0.000001 0.000002 -0.000000
-0.000001 0.000002 -0.000000
-0.000001 0.000002 -0.000000
-0.000000 0.000001 -0.000000
-0.000000 0.000001 -0.000001
-0.000000 0.000000 -0.000001
-0.000000 -0.000000 -0.000001
-0.000000 -0.000001 -0.000001
-0.000000 -0.000001 -0.000002
-0.000000 -0.000001 -0.000002
-0.000000 -0.000001 -0.000002
VECTORS Curvature float
-73.530594 63.742115 -17.847042
-240.802281 212.943311 -56.255611
-539.814370 493.100888 -121.396398
-813.078502 781.157423 -175.370170
-1112.860430 1132.619254 -226.836337
-1440.345925 1552.324996 -272.339764
-1821.338217 2065.720815 -311.927188
-2185.451572 2576.007887 -346.024771
-2575.581849 3105.530553 -375.045751
-3035.807881 3672.292881 -400.286842
-3479.354847 4136.198472 -422.129019
-3960.454779 4533.391069 -440.923824
-4535.587865 4906.409539 -456.465558
-5085.881766 5129.285650 -467.820569
-5650.697196 5258.704880 -473.875019
-6270.978027 5369.478238 -473.367559
-6846.159988 5398.694550 -465.233708
-7420.459144 5419.398552 -449.006385
-7906.499267 5394.462024 -424.159311
-8368.087501 5385.433555 -392.817284
-8724.088612 5357.827803 -354.499636
-8873.570271 5259.117680 -313.443760
-8941.320947 5176.898882 -271.697235
-8836.303723 5061.788415 -231.472356
-8587.760398 4932.673711 -196.513470
-8222.567327 4803.391777 -167.174785
-7663.859358 4620.858160 -144.974033
-7032.842877 4443.492144 -130.203716
-6362.159210 4274.219231 -121.032045
-5602.000412 4056.768509 -116.819575
-4873.434315 3852.885612 -116.049013
-4181.635429 3641.637125 -116.821906
-3563.409735 3447.235981 -118.342137
-2952.210864 3173.310252 -119.473493
-2442.367545 2919.396596 -119.930966
-2027.259880 2654.372412 -119.373990
-1680.801147 2363.784983 -117.782941
-1455.419901 2108.336009 -115.470517
-1294.647540 1826.711348 -112.585179
-1230.333517 1575.612237 -109.634904
-1206.822401 1295.588342 -107.084953
-1218.719936 1012.893902 -105.643554
-1259.290333 728.651835 -106.218086
-1273.642421 425.687892 -109.780350
-1230.432491 94.629968 -117.443129
-1121.805114 -254.657973 -129.997851
-906.579159 -620.571824 -147.980746
-607.248892 -1007.203314 -171.151910
-222.055786 -1400.799593 -198.725838
230.634643 -1791.952665 -229.097388
719.437334 -2200.120819 -260.361584
1214.686059 -2614.136199 -290.298988
1683.305808 -3033.625607 -316.829702
2096.848676 -3456.971811 -338.302092
2440.039792 -3889.252683 -353.559098
2697.512847 -4320.629816 -362.215779
2862.505780 -4739.622811 -364.486302
2948.068536 -5154.201760 -361.296193
2964.350328 -5557.198682 -353.974932
2930.233370 -5952.466279 -343.985504
2844.744330 -6292.046808 -332.844992
2774.291749 -6689.176836 -320.913763
2665.730614 -6967.080550 -310.039763
2605.646218 -7319.955269 -297.532321
2526.546523 -7516.123981 -286.702022
2472.227542 -7648.781074 -271.827576
2553.037210 -8052.670471 -256.739817
2568.933075 -8104.970458 -239.397828
2562.155435 -7940.245044 -218.913158
2702.820702 -8089.296016 -196.811882
2786.319440 -7984.345360 -174.889948
2838.226648 -7680.740200 -152.606827
2966.925573 -7553.875500 -132.189457
3051.554047 -7259.598720 -114.116241
3024.217550 -6717.208015 -97.893588
3012.274834 -6217.645579 -85.526835
3009.198292 -5795.064851 -73.983412
2877.232687 -5178.645807 -64.781843
2717.885570 -4609.343588 -56.510497
2487.839963 -4024.905922 -48.782972
2268.283630 -3568.201684 -41.827751
1953.393868 -3077.562926 -34.245136
1591.246872 -2622.567693 -27.943611
1247.138645 -2304.626459 -21.338107
809.404027 -1906.501613 -15.537459
365.612998 -1587.113783 -10.380614
-103.508593 -1302.487473 -5.758043
-616.475357 -967.201897 -1.723578
-1163.747951 -614.851288 2.075020
-1742.564228 -217.673989 6.044498
-2379.939388 245.072317 10.583202
-2965.972764 755.391171 16.814367
-3669.959771 1383.587417 24.170225
-4365.505138 2079.232542 35.492263
-5000.594759 2852.816260 48.312939
-5601.748907 3675.776812 66.636789
-6168.621278 4590.368446 85.410415
-6597.215966 5459.721015 110.976659
-7057.639546 6477.546799 131.655720
-7375.349855 7398.298526 160.170687
-7335.856097 8040.777244 178.959764
-7283.789503 8645.497149 194.867361
-7055.626277 9035.287869 199.086681
-6863.048374 9415.044642 192.838350
-6524.645763 9504.054230 173.556034
-6049.788353 9287.941604 145.025072
-5581.121024 8939.142296 110.525822
-5095.345344 8428.070604 73.207502
-4637.886934 7846.539268 35.819336
-4162.630439 7149.634129 -1.144820
-3695.585672 6437.309932 -34.290759
-3226.788812 5736.113185 -65.281849
-2714.079029 5023.898613 -91.552595
-2206.440996 4417.581547 -114.092546
-1673.684750 3878.660005 -132.580449
-1124.297595 3419.519543 -146.907224
-573.280873 3044.362013 -157.217206
-36.373633 2735.169924 -163.350241
460.704299 2485.020611 -165.214788
885.313492 2261.826973 -162.607302
1213.549537 2055.858602 -155.437549
1414.606800 1840.811860 -143.620705
1479.934837 1606.028468 -127.428280
1402.106196 1341.719337 -107.176150
1187.848244 1041.152594 -83.351353
873.251970 722.047210 -57.722989
414.789630 332.249822 -26.745186
136.130584 107.247679 -8.505141
VECTORS LocalRotation float
0.982351 -0.216197 0.110029
0.980924 -0.214941 0.109692
0.977404 -0.211758 0.108891
0.971305 -0.206012 0.107553
0.962567 -0.197330 0.105729
0.950969 -0.185134 0.103461
0.936194 -0.168744 0.100814
0.918154 -0.147845 0.097852
0.896523 -0.122032 0.094576
0.871152 -0.091388 0.091070
0.841688 -0.056075 0.087351
0.807926 -0.016732 0.083435
0.769416 0.026056 0.079367
0.725989 0.071353 0.075195
0.677296 0.118465 0.070924
0.623352 0.166556 0.066638
0.563974 0.215301 0.062389
0.499375 0.264285 0.058250
0.429988 0.313241 0.054297
0.356181 0.362129 0.050592
0.278947 0.410674 0.047215
0.199256 0.458753 0.044190
0.118493 0.506064 0.041537
0.037991 0.552428 0.039259
-0.040968 0.597718 0.037319
-0.116961 0.641731 0.035675
-0.188753 0.684320 0.034265
-0.255322 0.725378 0.033018
-0.315910 0.764809 0.031882
-0.370077 0.802527 0.030805
-0.417656 0.838453 0.029747
-0.458711 0.872432 0.028692
-0.493813 0.904560 0.027626
-0.523173 0.934393 0.026554
-0.547707 0.962102 0.025465
-0.567829 0.987195 0.024388
-0.584702 1.010030 0.023309
-0.598860 1.030218 0.022256
-0.611348 1.048088 0.021220
-0.622750 1.063450 0.020217
-0.633769 1.076432 0.019237
-0.644759 1.086892 0.018273
-0.656020 1.094806 0.017310
-0.667454 1.100017 0.016335
-0.678809 1.102376 0.015305
-0.689436 1.101653 0.014187
-0.698617 1.097692 0.012929
-0.705484 1.090308 0.011481
-0.709232 1.079424 0.009809
-0.709194 1.064956 0.007871
-0.704888 1.046865 0.005652
-0.696132 1.025070 0.003160
-0.683014 0.999504 0.000411
-0.665901 0.970121 -0.002555
-0.645354 0.936851 -0.005688
-0.622104 0.899698 -0.008927
-0.596931 0.858677 -0.012217
-0.570618 0.813873 -0.015504
-0.543844 0.765368 -0.018743
-0.517156 0.713258 -0.021903
-0.491002 0.657804 -0.024968
-0.465515 0.598923 -0.027934
-0.440950 0.537257 -0.030783
-0.417007 0.472362 -0.033542
-0.393902 0.405572 -0.036173
-0.371066 0.336295 -0.038724
-0.348354 0.265330 -0.041113
-0.325341 0.192735 -0.043342
-0.302037 0.119862 -0.045424
-0.278012 0.046716 -0.047321
-0.253328 -0.025566 -0.048992
-0.227685 -0.096986 -0.050485
-0.201406 -0.165951 -0.051775
-0.174273 -0.232734 -0.052885
-0.146927 -0.295641 -0.053839
-0.119417 -0.354589 -0.054675
-0.092277 -0.408732 -0.055394
-0.065690 -0.458296 -0.056021
-0.040359 -0.502610 -0.056570
-0.016740 -0.541785 -0.057048
0.004878 -0.576297 -0.057459
0.023863 -0.606184 -0.057802
0.040027 -0.632176 -0.058085
0.052827 -0.654397 -0.058307
0.062108 -0.673402 -0.058474
0.067479 -0.689370 -0.058592
0.068663 -0.702424 -0.058665
0.065408 -0.712684 -0.058699
0.057357 -0.719840 -0.058697
0.044211 -0.723606 -0.058661
0.025571 -0.723482 -0.058586
0.001422 -0.718962 -0.058462
-0.028866 -0.709199 -0.058275
-0.064993 -0.693631 -0.058006
-0.107464 -0.671266 -0.057626
-0.155326 -0.641794 -0.057108
-0.208854 -0.604203 -0.056416
-0.266604 -0.558738 -0.055528
-0.328842 -0.504329 -0.054422
-0.393527 -0.442141 -0.053114
-0.460141 -0.372231 -0.051578
-0.526354 -0.296657 -0.049885
-0.591593 -0.216217 -0.048093
-0.654787 -0.132448 -0.046313
-0.715163 -0.047127 -0.044661
-0.772020 0.037844 -0.043221
-0.824685 0.120376 -0.042063
-0.873076 0.199093 -0.041231
-0.917197 0.272867 -0.040736
-0.957014 0.340715 -0.040580
-0.992645 0.402321 -0.040740
-1.023927 0.457332 -0.041190
-1.050841 0.506080 -0.041901
-1.073142 0.548870 -0.042833
-1.090706 0.586425 -0.043949
-1.103376 0.619473 -0.045215
-1.111060 0.648731 -0.046591
-1.113820 0.674899 -0.048043
-1.111899 0.698534 -0.049531
-1.105808 0.720017 -0.051014
-1.096298 0.739580 -0.052455
-1.084405 0.757214 -0.053809
-1.071284 0.772838 -0.055037
-1.058247 0.786173 -0.056098
-1.046509 0.796972 -0.056962
-1.037198 0.804937 -0.057599
-1.031353 0.809722 -0.057983
-1.028864 0.811707 -0.058142
VECTORS q1 float
0.676212 -0.721305 -0.149855
0.676055 -0.721232 -0.150908
0.675590 -0.720976 -0.154183
0.674812 -0.720444 -0.159964
0.673686 -0.719514 -0.168661
0.672145 -0.717998 -0.180831
0.670050 -0.715685 -0.197047
0.667162 -0.712362 -0.217796
0.663108 -0.707988 -0.242985
0.657453 -0.702351 -0.272870
0.649694 -0.695489 -0.306909
0.639359 -0.687531 -0.344269
0.626028 -0.678610 -0.384157
0.609379 -0.668956 -0.425623
0.589376 -0.659032 -0.467240
0.565919 -0.649061 -0.508384
0.539124 -0.639402 -0.548188
0.509127 -0.630329 -0.586067
0.476103 -0.622080 -0.621564
0.440368 -0.614892 -0.654205
0.402079 -0.608883 -0.683808
0.361866 -0.604267 -0.709869
0.320225 -0.601120 -0.732195
0.277648 -0.599462 -0.750704
0.234805 -0.599274 -0.765335
0.192127 -0.600456 -0.776235
0.150192 -0.602872 -0.783574
0.109519 -0.606333 -0.787633
0.070290 -0.610633 -0.788788
0.032863 -0.615548 -0.787414
-0.002462 -0.620845 -0.783929
-0.035683 -0.626331 -0.778740
-0.066598 -0.631810 -0.772257
-0.095243 -0.637142 -0.764839
-0.121107 -0.642148 -0.756954
-0.144672 -0.646808 -0.748805
-0.165453 -0.651013 -0.740816
-0.183910 -0.654798 -0.733087
-0.199837 -0.658140 -0.725891
-0.213500 -0.661082 -0.719297
-0.224838 -0.663639 -0.713464
-0.233855 -0.665832 -0.708505
-0.240503 -0.667671 -0.704538
-0.244750 -0.669156 -0.701661
-0.246401 -0.670265 -0.700022
-0.245319 -0.670960 -0.699737
-0.241340 -0.671194 -0.700894
-0.234330 -0.670915 -0.703536
-0.224141 -0.670048 -0.707669
-0.210726 -0.668556 -0.713181
-0.193955 -0.666369 -0.719954
-0.173687 -0.663415 -0.727814
-0.149796 -0.659628 -0.736514
-0.122140 -0.654925 -0.745758
-0.090607 -0.649221 -0.755183
-0.055093 -0.642406 -0.764381
-0.015632 -0.634386 -0.772859
0.027712 -0.625039 -0.780101
0.074798 -0.614235 -0.785570
0.125405 -0.601834 -0.788714
0.179190 -0.587707 -0.788981
0.235668 -0.571752 -0.785850
0.294648 -0.553736 -0.778819
0.354912 -0.533824 -0.767508
0.416636 -0.511623 -0.751436
0.477632 -0.487795 -0.730701
0.538612 -0.461748 -0.704760
0.598358 -0.433804 -0.673633
0.654997 -0.404813 -0.638048
0.708070 -0.375025 -0.598325
0.757774 -0.344315 -0.554279
0.802074 -0.314203 -0.507892
0.841498 -0.284615 -0.459212
0.875639 -0.256240 -0.409386
0.904396 -0.229679 -0.359605
0.927668 -0.205716 -0.311631
0.946443 -0.184019 -0.265298
0.960983 -0.165031 -0.221982
0.971935 -0.148727 -0.182269
0.979966 -0.134945 -0.146478
0.985703 -0.123430 -0.114695
0.989742 -0.113747 -0.086444
0.992439 -0.105834 -0.062162
0.994226 -0.099186 -0.040946
0.995344 -0.093654 -0.022771
0.995992 -0.089119 -0.007627
0.996338 -0.085354 0.004953
0.996492 -0.082373 0.014760
0.996543 -0.080213 0.021616
0.996556 -0.078995 0.025217
0.996563 -0.078935 0.025139
0.996547 -0.080365 0.020868
0.996418 -0.083716 0.011908
0.995966 -0.089697 -0.002530
0.994840 -0.098910 -0.022596
0.992470 -0.112339 -0.048821
0.988113 -0.130725 -0.080893
0.980715 -0.155194 -0.118802
0.969216 -0.186106 -0.161201
0.952043 -0.224683 -0.207681
0.928513 -0.269739 -0.255156
0.897677 -0.320951 -0.301939
0.859439 -0.376725 -0.345604
0.813948 -0.435593 -0.384379
0.761953 -0.495730 -0.416749
0.705500 -0.554434 -0.441444
0.646505 -0.609916 -0.458295
0.587018 -0.660776 -0.467744
0.528922 -0.706164 -0.470717
0.473694 -0.745788 -0.468416
0.422717 -0.779558 -0.462168
0.376383 -0.808054 -0.453193
0.335196 -0.831703 -0.442621
0.298916 -0.851255 -0.431293
0.267064 -0.867437 -0.419797
0.239106 -0.880867 -0.408536
0.214375 -0.892112 -0.397718
0.192272 -0.901616 -0.387454
0.172274 -0.909722 -0.377793
0.154001 -0.916672 -0.368776
0.137280 -0.922612 -0.360473
0.122041 -0.927645 -0.352959
0.108457 -0.931811 -0.346359
0.096714 -0.935157 -0.340775
0.087162 -0.937702 -0.336329
0.080054 -0.939490 -0.333091
0.075699 -0.940543 -0.331133
0.074224 -0.940891 -0.330476
VECTORS q2 float
0.735217 0.647804 0.199517
0.735459 0.647891 0.198338
0.736166 0.648176 0.194749
0.737289 0.648704 0.188648
0.738750 0.649525 0.179905
0.740413 0.650744 0.168287
0.742080 0.652490 0.153535
0.743479 0.654913 0.135383
0.744315 0.658046 0.113887
0.744125 0.662141 0.088582
0.742408 0.667309 0.059404
0.738575 0.673658 0.026300
0.731868 0.681358 -0.010949
0.721412 0.690519 -0.052424
0.706465 0.700987 -0.097592
0.685988 0.712743 -0.146346
0.659170 0.725480 -0.197922
0.625270 0.738802 -0.251416
0.583763 0.752189 -0.305666
0.534595 0.764989 -0.359165
0.477766 0.776624 -0.410603
0.414434 0.786365 -0.458120
0.345902 0.793724 -0.500354
0.273799 0.798396 -0.536282
0.200327 0.800279 -0.565175
0.127379 0.799537 -0.586954
0.057094 0.796530 -0.601897
-0.008678 0.791786 -0.610737
-0.068940 0.785879 -0.614525
-0.122766 0.779387 -0.614397
-0.169710 0.772819 -0.611514
-0.210060 0.766529 -0.606884
-0.244103 0.760773 -0.601364
-0.272578 0.755659 -0.595551
-0.295800 0.751268 -0.589999
-0.315034 0.747496 -0.584811
-0.330742 0.744295 -0.580202
-0.344056 0.741511 -0.576009
-0.355580 0.739041 -0.572172
-0.366145 0.736753 -0.568448
-0.376254 0.734552 -0.564683
-0.386314 0.732353 -0.560733
-0.396516 0.730097 -0.556537
-0.406919 0.727744 -0.552092
-0.417139 0.725310 -0.547650
-0.426767 0.722835 -0.543489
-0.435110 0.720419 -0.540070
-0.441459 0.718204 -0.537864
-0.445151 0.716358 -0.537282
-0.445571 0.715059 -0.538662
-0.442281 0.714470 -0.542143
-0.435032 0.714715 -0.547659
-0.423799 0.715854 -0.554930
-0.408776 0.717891 -0.563503
-0.390362 0.720773 -0.572803
-0.369094 0.724423 -0.582221
-0.345670 0.728722 -0.591165
-0.320798 0.733561 -0.599146
-0.295164 0.738839 -0.605801
-0.269370 0.744471 -0.610904
-0.243907 0.750387 -0.614353
-0.219146 0.756534 -0.616142
-0.195152 0.762957 -0.616290
-0.172233 0.769567 -0.614900
-0.150045 0.776557 -0.611920
-0.128952 0.783771 -0.607515
-0.108348 0.791553 -0.601419
-0.088244 0.799956 -0.593535
-0.068900 0.808877 -0.583927
-0.050244 0.818410 -0.572433
-0.032087 0.828758 -0.558686
-0.015038 0.839525 -0.543114
0.001026 0.850824 -0.525450
0.015850 0.862440 -0.505910
0.029221 0.874129 -0.484815
0.040874 0.885488 -0.462862
0.050989 0.896559 -0.439979
0.059432 0.906966 -0.416990
0.066270 0.916513 -0.394476
0.071626 0.925052 -0.373026
0.075667 0.932481 -0.353206
0.078610 0.938823 -0.335308
0.080600 0.943903 -0.320235
0.081875 0.947854 -0.308008
0.082603 0.950628 -0.299139
0.082949 0.952191 -0.294027
0.083058 0.952545 -0.292848
0.083045 0.951590 -0.295938
0.082986 0.949183 -0.303586
0.082914 0.945107 -0.316067
0.082796 0.939064 -0.333622
0.082516 0.930673 -0.356426
0.081854 0.919595 -0.384246
0.080445 0.905024 -0.417683
0.077815 0.886762 -0.455629
0.073313 0.864099 -0.497953
0.066257 0.836966 -0.543229
0.055805 0.804899 -0.590782
0.041372 0.768512 -0.638497
0.022072 0.727441 -0.685816
-0.001893 0.683750 -0.729714
-0.030494 0.638318 -0.769169
-0.063006 0.592810 -0.802874
-0.098684 0.548363 -0.830397
-0.136582 0.506022 -0.851638
-0.175173 0.467137 -0.866659
-0.213358 0.432204 -0.876172
-0.250212 0.401397 -0.881064
-0.285051 0.374607 -0.882279
-0.317424 0.351546 -0.880714
-0.346803 0.332007 -0.877211
-0.373029 0.315584 -0.872500
-0.395654 0.302102 -0.867290
-0.414470 0.291291 -0.862186
-0.429284 0.282924 -0.857712
-0.439903 0.276814 -0.854318
-0.446246 0.272750 -0.852333
-0.448329 0.270505 -0.851955
-0.446336 0.269807 -0.853222
-0.440660 0.270337 -0.856001
-0.431938 0.271737 -0.859993
-0.421009 0.273656 -0.864791
-0.408948 0.275748 -0.869900
-0.396864 0.277754 -0.874844
-0.385968 0.279457 -0.879166
-0.377276 0.280745 -0.882522
-0.371711 0.281531 -0.884630
-0.369786 0.281798 -0.885352
VECTORS q3 float
-0.046835 -0.245092 0.968368
-0.045276 -0.245074 0.968446
-0.040472 -0.245075 0.968659
-0.032141 -0.245242 0.968929
-0.019895 -0.245797 0.969117
-0.003155 -0.247003 0.969010
0.018688 -0.249101 0.968297
0.046196 -0.252249 0.966559
0.079265 -0.256377 0.963321
0.118463 -0.261288 0.957964
0.163488 -0.266446 0.949883
0.213837 -0.271083 0.938503
0.269179 -0.274298 0.923203
0.328970 -0.275104 0.903381
0.391845 -0.272570 0.878728
0.457335 -0.265926 0.848604
0.524252 -0.254644 0.812599
0.591462 -0.238447 0.770270
0.657682 -0.217318 0.721267
0.721307 -0.191570 0.665595
0.781072 -0.161605 0.603167
0.835043 -0.128416 0.534988
0.881934 -0.093042 0.462099
0.920840 -0.056645 0.385805
0.951176 -0.020611 0.307961
0.973068 0.013894 0.230099
0.987007 0.045663 0.154053
0.993947 0.073723 0.081454
0.995142 0.097574 0.013142
0.991891 0.116858 -0.049955
0.985491 0.131535 -0.107267
0.977037 0.141926 -0.158919
0.967460 0.148461 -0.204893
0.957408 0.151756 -0.245642
0.947542 0.152454 -0.280931
0.937989 0.151294 -0.311908
0.929104 0.149022 -0.338463
0.920762 0.146290 -0.361659
0.913032 0.143771 -0.381709
0.905735 0.142003 -0.399348
0.898822 0.141482 -0.414852
0.892229 0.142575 -0.428485
0.885965 0.145511 -0.440333
0.880065 0.150394 -0.450408
0.874804 0.157065 -0.458311
0.870453 0.165296 -0.463668
0.867430 0.174626 -0.465910
0.866143 0.184544 -0.464478
0.866950 0.194592 -0.458838
0.870093 0.204262 -0.448571
0.875653 0.213271 -0.433298
0.883504 0.221501 -0.412744
0.893283 0.229007 -0.386782
0.904425 0.236022 -0.355401
0.916192 0.242895 -0.318738
0.927758 0.250052 -0.277019
0.938226 0.257913 -0.230679
0.946742 0.266859 -0.180183
0.952514 0.277185 -0.126036
0.954837 0.289066 -0.068756
0.953100 0.302524 -0.008884
0.946803 0.317421 0.052994
0.935467 0.333577 0.116741
0.918898 0.350426 0.181187
0.896605 0.367697 0.246775
0.869045 0.384394 0.311452
0.835559 0.400291 0.376310
0.796355 0.414590 0.440380
0.752484 0.426432 0.501920
0.704352 0.435385 0.560649
0.651727 0.441143 0.616964
0.597035 0.443255 0.668636
0.540259 0.441694 0.716258
0.482706 0.436506 0.759248
0.425693 0.427956 0.797270
0.371163 0.416644 0.829847
0.318820 0.402888 0.857925
0.270146 0.387527 0.881387
0.225721 0.371327 0.900648
0.185838 0.355061 0.916186
0.150548 0.339477 0.928488
0.119296 0.325073 0.938134
0.092567 0.312803 0.945297
0.069360 0.302877 0.950502
0.049663 0.295865 0.953938
0.033465 0.292216 0.955767
0.020278 0.292187 0.956146
0.010332 0.296126 0.955093
0.003834 0.304330 0.952559
0.001135 0.317069 0.948402
0.002727 0.334557 0.942372
0.009223 0.356918 0.934090
0.021217 0.383844 0.923154
0.039755 0.415795 0.908589
0.065104 0.451519 0.889883
0.098126 0.490624 0.865829
0.138719 0.531411 0.835679
0.187309 0.572759 0.798036
0.242713 0.612172 0.752553
0.305167 0.648342 0.697514
0.371295 0.678032 0.634360
0.439599 0.699672 0.563216
0.507340 0.711796 0.485749
0.572494 0.713832 0.403353
0.633067 0.705828 0.317857
0.686719 0.688757 0.232443
0.732468 0.664231 0.149292
0.769937 0.634236 0.070293
0.799367 0.600835 -0.003155
0.821496 0.565876 -0.070206
0.837280 0.531094 -0.130008
0.848048 0.497449 -0.182647
0.855045 0.465837 -0.227803
0.859572 0.436479 -0.265748
0.862782 0.409276 -0.296818
0.865629 0.383989 -0.321308
0.868854 0.360199 -0.339630
0.872945 0.337514 -0.352210
0.878126 0.315611 -0.359561
0.884366 0.294329 -0.362308
0.891395 0.273761 -0.361207
0.898809 0.254138 -0.357150
0.906090 0.235990 -0.351155
0.912768 0.219851 -0.344267
0.918385 0.206442 -0.337566
0.922634 0.196316 -0.331973
0.925257 0.190052 -0.328299
0.926148 0.187920 -0.327012
