# vtk DataFile Version 2.0
VTK example
ASCII
DATASET UNSTRUCTURED_GRID
POINTS  128  float
-0.000446 -0.000120 -0.000189
-0.000442 -0.000121 -0.000182
-0.000437 -0.000121 -0.000174
-0.000433 -0.000121 -0.000166
-0.000428 -0.000122 -0.000158
-0.000423 -0.000122 -0.000151
-0.000417 -0.000123 -0.000144
-0.000411 -0.000123 -0.000137
-0.000405 -0.000124 -0.000131
-0.000398 -0.000124 -0.000125
-0.000391 -0.000125 -0.000119
-0.000383 -0.000125 -0.000115
-0.000375 -0.000125 -0.000111
-0.000366 -0.000125 -0.000107
-0.000358 -0.000124 -0.000105
-0.000349 -0.000124 -0.000103
-0.000340 -0.000123 -0.000102
-0.000331 -0.000123 -0.000102
-0.000322 -0.000122 -0.000103
-0.000313 -0.000121 -0.000104
-0.000304 -0.000120 -0.000106
-0.000295 -0.000119 -0.000109
-0.000287 -0.000118 -0.000112
-0.000279 -0.000117 -0.000115
-0.000271 -0.000116 -0.000119
-0.000263 -0.000115 -0.000124
-0.000255 -0.000114 -0.000128
-0.000247 -0.000113 -0.000133
-0.000240 -0.000112 -0.000138
-0.000232 -0.000111 -0.000143
-0.000225 -0.000110 -0.000148
-0.000217 -0.000109 -0.000153
-0.000210 -0.000108 -0.000158
-0.000202 -0.000107 -0.000163
-0.000195 -0.000105 -0.000167
-0.000187 -0.000104 -0.000172
-0.000179 -0.000103 -0.000176
-0.000171 -0.000101 -0.000180
-0.000163 -0.000099 -0.000184
-0.000155 -0.000098 -0.000187
-0.000147 -0.000096 -0.000191
-0.000138 -0.000094 -0.000194
-0.000130 -0.000092 -0.000196
-0.000121 -0.000090 -0.000199
-0.000113 -0.000087 -0.000201
-0.000104 -0.000085 -0.000202
-0.000096 -0.000082 -0.000203
-0.000087 -0.000080 -0.000204
-0.000078 -0.000077 -0.000204
-0.000070 -0.000074 -0.000203
-0.000061 -0.000071 -0.000202
-0.000053 -0.000068 -0.000200
-0.000045 -0.000065 -0.000198
-0.000037 -0.000061 -0.000195
-0.000030 -0.000058 -0.000191
-0.000023 -0.000054 -0.000186
-0.000017 -0.000050 -0.000181
-0.000011 -0.000047 -0.000175
-0.000005 -0.000043 -0.000169
-0.000001 -0.000039 -0.000162
0.000004 -0.000035 -0.000155
0.000007 -0.000032 -0.000148
0.000010 -0.000028 -0.000140
0.000013 -0.000024 -0.000132
0.000015 -0.000021 -0.000124
0.000017 -0.000017 -0.000116
0.000019 -0.000014 -0.000108
0.000020 -0.000010 -0.000100
0.000021 -0.000007 -0.000091
0.000022 -0.000004 -0.000083
0.000023 -0.000000 -0.000075
0.000023 0.000003 -0.000066
0.000024 0.000007 -0.000058
0.000024 0.000010 -0.000049
0.000024 0.000014 -0.000041
0.000025 0.000018 -0.000033
0.000025 0.000021 -0.000025
0.000025 0.000025 -0.000016
0.000026 0.000029 -0.000008
0.000027 0.000033 -0.000000
0.000028 0.000037 0.000008
0.000029 0.000041 0.000016
0.000030 0.000046 0.000023
0.000032 0.000051 0.000031
0.000034 0.000056 0.000038
0.000037 0.000061 0.000045
0.000040 0.000066 0.000052
0.000043 0.000072 0.000058
0.000047 0.000077 0.000064
0.000052 0.000083 0.000069
0.000057 0.000089 0.000074
0.000062 0.000095 0.000078
0.000068 0.000101 0.000081
0.000074 0.000107 0.000084
0.000081 0.000113 0.000086
0.000088 0.000118 0.000088
0.000095 0.000124 0.000088
0.000103 0.000129 0.000088
0.000110 0.000134 0.000088
0.000118 0.000138 0.000087
0.000126 0.000143 0.000085
0.000133 0.000147 0.000083
0.000141 0.000151 0.000080
0.000149 0.000154 0.000077
0.000157 0.000157 0.000074
0.000164 0.000161 0.000070
0.000172 0.000163 0.000066
0.000180 0.000166 0.000062
0.000187 0.000168 0.000058
0.000195 0.000171 0.000053
0.000202 0.000173 0.000049
0.000210 0.000175 0.000044
0.000218 0.000177 0.000040
0.000225 0.000178 0.000035
0.000233 0.000180 0.000031
0.000241 0.000181 0.000026
0.000248 0.000183 0.000022
0.000256 0.000184 0.000018
0.000265 0.000185 0.000014
0.000273 0.000186 0.000010
0.000281 0.000187 0.000007
0.000290 0.000188 0.000004
0.000298 0.000189 0.000001
0.000307 0.000189 -0.000001
0.000316 0.000190 -0.000004
0.000324 0.000191 -0.000006
0.000333 0.000192 -0.000007
0.000342 0.000193 -0.000009
CELLS  127 381
2 0 1 
2 1 2 
2 2 3 
2 3 4 
2 4 5 
2 5 6 
2 6 7 
2 7 8 
2 8 9 
2 9 10 
2 10 11 
2 11 12 
2 12 13 
2 13 14 
2 14 15 
2 15 16 
2 16 17 
2 17 18 
2 18 19 
2 19 20 
2 20 21 
2 21 22 
2 22 23 
2 23 24 
2 24 25 
2 25 26 
2 26 27 
2 27 28 
2 28 29 
2 29 30 
2 30 31 
2 31 32 
2 32 33 
2 33 34 
2 34 35 
2 35 36 
2 36 37 
2 37 38 
2 38 39 
2 39 40 
2 40 41 
2 41 42 
2 42 43 
2 43 44 
2 44 45 
2 45 46 
2 46 47 
2 47 48 
2 48 49 
2 49 50 
2 50 51 
2 51 52 
2 52 53 
2 53 54 
2 54 55 
2 55 56 
2 56 57 
2 57 58 
2 58 59 
2 59 60 
2 60 61 
2 61 62 
2 62 63 
2 63 64 
2 64 65 
2 65 66 
2 66 67 
2 67 68 
2 68 69 
2 69 70 
2 70 71 
2 71 72 
2 72 73 
2 73 74 
2 74 75 
2 75 76 
2 76 77 
2 77 78 
2 78 79 
2 79 80 
2 80 81 
2 81 82 
2 82 83 
2 83 84 
2 84 85 
2 85 86 
2 86 87 
2 87 88 
2 88 89 
2 89 90 
2 90 91 
2 91 92 
2 92 93 
2 93 94 
2 94 95 
2 95 96 
2 96 97 
2 97 98 
2 98 99 
2 99 100 
2 100 101 
2 101 102 
2 102 103 
2 103 104 
2 104 105 
2 105 106 
2 106 107 
2 107 108 
2 108 109 
2 109 110 
2 110 111 
2 111 112 
2 112 113 
2 113 114 
2 114 115 
2 115 116 
2 116 117 
2 117 118 
2 118 119 
2 119 120 
2 120 121 
2 121 122 
2 122 123 
2 123 124 
2 124 125 
2 125 126 
2 126 127 
CELL_TYPES  127
3
3
3
3
3
3
3
3
3
3
3
3
3
3
3
3
3
3
3
3
3
3
3
3
3
3
3
3
3
3
3
3
3
3
3
3
3
3
3
3
3
3
3
3
3
3
3
3
3
3
3
3
3
3
3
3
3
3
3
3
3
3
3
3
3
3
3
3
3
3
3
3
3
3
3
3
3
3
3
3
3
3
3
3
3
3
3
3
3
3
3
3
3
3
3
3
3
3
3
3
3
3
3
3
3
3
3
3
3
3
3
3
3
3
3
3
3
3
3
3
3
3
3
3
3
3
3
POINT_DATA  128
VECTORS Position float
-0.000446 -0.000120 -0.000189
-0.000442 -0.000121 -0.000182
-0.000437 -0.000121 -0.000174
-0.000433 -0.000121 -0.000166
-0.000428 -0.000122 -0.000158
-0.000423 -0.000122 -0.000151
-0.000417 -0.000123 -0.000144
-0.000411 -0.000123 -0.000137
-0.000405 -0.000124 -0.000131
-0.000398 -0.000124 -0.000125
-0.000391 -0.000125 -0.000119
-0.000383 -0.000125 -0.000115
-0.000375 -0.000125 -0.000111
-0.000366 -0.000125 -0.000107
-0.000358 -0.000124 -0.000105
-0.000349 -0.000124 -0.000103
-0.000340 -0.000123 -0.000102
-0.000331 -0.000123 -0.000102
-0.000322 -0.000122 -0.000103
-0.000313 -0.000121 -0.000104
-0.000304 -0.000120 -0.000106
-0.000295 -0.000119 -0.000109
-0.000287 -0.000118 -0.000112
-0.000279 -0.000117 -0.000115
-0.000271 -0.000116 -0.000119
-0.000263 -0.000115 -0.000124
-0.000255 -0.000114 -0.000128
-0.000247 -0.000113 -0.000133
-0.000240 -0.000112 -0.000138
-0.000232 -0.000111 -0.000143
-0.000225 -0.000110 -0.000148
-0.000217 -0.000109 -0.000153
-0.000210 -0.000108 -0.000158
-0.000202 -0.000107 -0.000163
-0.000195 -0.000105 -0.000167
-0.000187 -0.000104 -0.000172
-0.000179 -0.000103 -0.000176
-0.000171 -0.000101 -0.000180
-0.000163 -0.000099 -0.000184
-0.000155 -0.000098 -0.000187
-0.000147 -0.000096 -0.000191
-0.000138 -0.000094 -0.000194
-0.000130 -0.000092 -0.000196
-0.000121 -0.000090 -0.000199
-0.000113 -0.000087 -0.000201
-0.000104 -0.000085 -0.000202
-0.000096 -0.000082 -0.000203
-0.000087 -0.000080 -0.000204
-0.000078 -0.000077 -0.000204
-0.000070 -0.000074 -0.000203
-0.000061 -0.000071 -0.000202
-0.000053 -0.000068 -0.000200
-0.000045 -0.000065 -0.000198
-0.000037 -0.000061 -0.000195
-0.000030 -0.000058 -0.000191
-0.000023 -0.000054 -0.000186
-0.000017 -0.000050 -0.000181
-0.000011 -0.000047 -0.000175
-0.000005 -0.000043 -0.000169
-0.000001 -0.000039 -0.000162
0.000004 -0.000035 -0.000155
0.000007 -0.000032 -0.000148
0.000010 -0.000028 -0.000140
0.000013 -0.000024 -0.000132
0.000015 -0.000021 -0.000124
0.000017 -0.000017 -0.000116
0.000019 -0.000014 -0.000108
0.000020 -0.000010 -0.000100
0.000021 -0.000007 -0.000091
0.000022 -0.000004 -0.000083
0.000023 -0.000000 -0.000075
0.000023 0.000003 -0.000066
0.000024 0.000007 -0.000058
0.000024 0.000010 -0.000049
0.000024 0.000014 -0.000041
0.000025 0.000018 -0.000033
0.000025 0.000021 -0.000025
0.000025 0.000025 -0.000016
0.000026 0.000029 -0.000008
0.000027 0.000033 -0.000000
0.000028 0.000037 0.000008
0.000029 0.000041 0.000016
0.000030 0.000046 0.000023
0.000032 0.000051 0.000031
0.000034 0.000056 0.000038
0.000037 0.000061 0.000045
0.000040 0.000066 0.000052
0.000043 0.000072 0.000058
0.000047 0.000077 0.000064
0.000052 0.000083 0.000069
0.000057 0.000089 0.000074
0.000062 0.000095 0.000078
0.000068 0.000101 0.000081
0.000074 0.000107 0.000084
0.000081 0.000113 0.000086
0.000088 0.000118 0.000088
0.000095 0.000124 0.000088
0.000103 0.000129 0.000088
0.000110 0.000134 0.000088
0.000118 0.000138 0.000087
0.000126 0.000143 0.000085
0.000133 0.000147 0.000083
0.000141 0.000151 0.000080
0.000149 0.000154 0.000077
0.000157 0.000157 0.000074
0.000164 0.000161 0.000070
0.000172 0.000163 0.000066
0.000180 0.000166 0.000062
0.000187 0.000168 0.000058
0.000195 0.000171 0.000053
0.000202 0.000173 0.000049
0.000210 0.000175 0.000044
0.000218 0.000177 0.000040
0.000225 0.000178 0.000035
0.000233 0.000180 0.000031
0.000241 0.000181 0.000026
0.000248 0.000183 0.000022
0.000256 0.000184 0.000018
0.000265 0.000185 0.000014
0.000273 0.000186 0.000010
0.000281 0.000187 0.000007
0.000290 0.000188 0.000004
0.000298 0.000189 0.000001
0.000307 0.000189 -0.000001
0.000316 0.000190 -0.000004
0.000324 0.000191 -0.000006
0.000333 0.000192 -0.000007
0.000342 0.000193 -0.000009
VECTORS Rotation float
0.659347 -0.053117 -0.504042
0.659284 -0.053366 -0.509309
0.659071 -0.054017 -0.525121
0.658675 -0.054788 -0.551250
0.658071 -0.055248 -0.587220
0.657227 -0.054883 -0.632766
0.656149 -0.053141 -0.687531
0.654909 -0.049506 -0.751035
0.653752 -0.043646 -0.821451
0.652845 -0.035268 -0.898731
0.652501 -0.024406 -0.981341
0.653025 -0.011333 -1.067738
0.654654 0.003557 -1.156994
0.657572 0.019680 -1.248055
0.661861 0.036148 -1.338829
0.667477 0.052302 -1.428770
0.674270 0.067364 -1.516548
0.682002 0.080712 -1.601214
0.690384 0.091893 -1.681977
0.699094 0.100624 -1.757995
0.707867 0.106894 -1.829104
0.716404 0.110810 -1.894394
0.724489 0.112704 -1.953490
0.731961 0.113036 -2.006089
0.738694 0.112351 -2.051675
0.744621 0.111236 -2.090006
0.749698 0.110271 -2.120657
0.753904 0.109990 -2.143319
0.757241 0.110825 -2.157999
0.759710 0.113085 -2.164788
0.761318 0.116931 -2.164062
0.762057 0.122408 -2.156455
0.761937 0.129412 -2.142839
0.760960 0.137786 -2.124156
0.759224 0.147138 -2.101788
0.756691 0.157350 -2.076344
0.753524 0.167918 -2.049234
0.749660 0.178791 -2.020570
0.745193 0.189641 -1.991060
0.740009 0.200512 -1.960350
0.734063 0.211338 -1.928372
0.727211 0.222208 -1.894643
0.719260 0.233284 -1.858528
0.709878 0.244884 -1.818909
0.698874 0.257111 -1.775415
0.685842 0.270273 -1.726914
0.670514 0.284454 -1.672987
0.652580 0.299707 -1.613155
0.631655 0.316040 -1.546770
0.607640 0.333108 -1.474195
0.580371 0.350530 -1.395478
0.549843 0.367726 -1.311018
0.516290 0.383952 -1.221672
0.480146 0.398433 -1.128532
0.442078 0.410457 -1.032983
0.402888 0.419496 -0.936470
0.363582 0.425259 -0.840761
0.325135 0.427780 -0.747473
0.288439 0.427391 -0.658080
0.254223 0.424658 -0.573830
0.223027 0.420297 -0.495727
0.195188 0.415066 -0.424502
0.170622 0.409603 -0.360049
0.149539 0.404495 -0.303053
0.131399 0.400014 -0.252461
0.116448 0.396449 -0.209051
0.103927 0.393774 -0.171216
0.093662 0.392003 -0.138668
0.085655 0.391145 -0.111450
0.079619 0.391190 -0.088943
0.075204 0.392179 -0.070428
0.072602 0.394174 -0.056249
0.071607 0.397353 -0.046031
0.072270 0.401886 -0.039869
0.074677 0.407968 -0.037921
0.078996 0.415714 -0.040390
0.085335 0.425517 -0.047587
0.093924 0.437467 -0.059745
0.105029 0.451755 -0.077193
0.118982 0.468544 -0.100315
0.136189 0.487919 -0.129548
0.157291 0.510088 -0.165786
0.182528 0.534305 -0.208686
0.212996 0.560759 -0.259915
0.249186 0.588489 -0.319548
0.291387 0.616294 -0.387373
0.341049 0.643723 -0.465482
0.398089 0.669064 -0.553158
0.462428 0.690840 -0.650071
0.533395 0.707562 -0.755273
0.609581 0.717874 -0.867033
0.688871 0.720741 -0.982883
0.767782 0.715710 -1.098456
0.845450 0.702685 -1.213572
0.917825 0.682574 -1.322795
0.984155 0.656286 -1.425594
1.042875 0.625548 -1.519632
1.094495 0.591474 -1.605694
1.138729 0.555921 -1.682797
1.177050 0.519250 -1.753153
1.209194 0.483468 -1.815322
1.236210 0.449019 -1.870510
1.258692 0.416593 -1.918970
1.277378 0.386277 -1.961433
1.292848 0.358029 -1.998416
1.305464 0.332041 -2.029879
1.315666 0.308082 -2.056168
1.323814 0.285875 -2.077552
1.330210 0.265115 -2.094242
1.335098 0.245499 -2.106381
1.338665 0.226910 -2.113936
1.341067 0.209132 -2.116878
1.342443 0.192251 -2.115045
1.342909 0.176302 -2.108276
1.342578 0.161405 -2.096422
1.341577 0.147775 -2.079468
1.340030 0.135598 -2.057554
1.338071 0.125047 -2.031100
1.335828 0.116215 -2.000792
1.333421 0.109105 -1.967611
1.330971 0.103636 -1.932882
1.328574 0.099617 -1.898016
1.326343 0.096820 -1.864753
1.324357 0.094970 -1.834637
1.322714 0.093822 -1.809361
1.321476 0.093155 -1.790173
1.320715 0.092819 -1.778273
1.320456 0.092717 -1.774220
VECTORS ControlForce float
0.000000 0.000000 0.000000
-0.000194 0.000061 0.000070
-0.000367 0.000106 0.000139
-0.000515 0.000117 0.000204
-0.000625 0.000087 0.000250
-0.000703 0.000010 0.000285
-0.000745 -0.000109 0.000310
-0.000744 -0.000255 0.000315
-0.000722 -0.000427 0.000302
-0.000672 -0.000598 0.000268
-0.000605 -0.000754 0.000219
-0.000516 -0.000868 0.000155
-0.000401 -0.000913 0.000085
-0.000298 -0.000907 0.000025
-0.000211 -0.000851 -0.000024
-0.000148 -0.000755 -0.000059
-0.000105 -0.000620 -0.000078
-0.000087 -0.000457 -0.000080
-0.000093 -0.000278 -0.000068
-0.000149 -0.000125 -0.000048
-0.000249 -0.000015 -0.000027
-0.000362 0.000057 -0.000013
-0.000460 0.000102 -0.000006
-0.000518 0.000134 -0.000001
-0.000546 0.000142 -0.000002
-0.000516 0.000151 -0.000002
-0.000404 0.000181 -0.000001
-0.000221 0.000230 -0.000003
0.000023 0.000303 -0.000007
0.000293 0.000392 -0.000017
0.000559 0.000487 -0.000031
0.000777 0.000561 -0.000049
0.000920 0.000593 -0.000065
0.000957 0.000562 -0.000086
0.000886 0.000472 -0.000112
0.000714 0.000335 -0.000138
0.000461 0.000170 -0.000162
0.000176 0.000014 -0.000168
-0.000096 -0.000108 -0.000152
-0.000340 -0.000196 -0.000115
-0.000526 -0.000237 -0.000060
-0.000660 -0.000246 0.000000
-0.000736 -0.000226 0.000067
-0.000759 -0.000183 0.000144
-0.000722 -0.000117 0.000223
-0.000612 -0.000028 0.000302
-0.000439 0.000070 0.000368
-0.000242 0.000143 0.000412
-0.000029 0.000183 0.000434
0.000178 0.000182 0.000429
0.000357 0.000145 0.000401
0.000517 0.000108 0.000352
0.000641 0.000085 0.000281
0.000691 0.000073 0.000199
0.000680 0.000087 0.000111
0.000622 0.000126 0.000023
0.000541 0.000185 -0.000066
0.000435 0.000230 -0.000146
0.000334 0.000255 -0.000225
0.000229 0.000237 -0.000294
0.000116 0.000168 -0.000344
-0.000010 0.000052 -0.000367
-0.000138 -0.000082 -0.000360
-0.000258 -0.000204 -0.000335
-0.000348 -0.000280 -0.000310
-0.000397 -0.000293 -0.000303
-0.000403 -0.000263 -0.000286
-0.000365 -0.000207 -0.000261
-0.000286 -0.000129 -0.000253
-0.000185 -0.000040 -0.000258
-0.000082 0.000040 -0.000252
0.000011 0.000102 -0.000235
0.000085 0.000153 -0.000207
0.000136 0.000185 -0.000157
0.000165 0.000198 -0.000092
0.000173 0.000217 -0.000046
0.000165 0.000244 -0.000013
0.000145 0.000259 0.000019
0.000118 0.000248 0.000053
0.000090 0.000209 0.000085
0.000063 0.000139 0.000122
0.000038 0.000054 0.000157
0.000012 -0.000047 0.000184
-0.000016 -0.000140 0.000199
-0.000054 -0.000230 0.000202
-0.000105 -0.000310 0.000188
-0.000168 -0.000383 0.000179
-0.000241 -0.000441 0.000170
-0.000320 -0.000491 0.000157
-0.000393 -0.000519 0.000134
-0.000460 -0.000531 0.000105
-0.000507 -0.000506 0.000063
-0.000521 -0.000418 0.000011
-0.000506 -0.000286 -0.000028
-0.000484 -0.000153 -0.000054
-0.000455 -0.000039 -0.000071
-0.000418 0.000038 -0.000083
-0.000365 0.000072 -0.000087
-0.000302 0.000047 -0.000082
-0.000218 -0.000004 -0.000059
-0.000109 -0.000050 -0.000036
0.000014 -0.000089 -0.000018
0.000136 -0.000117 -0.000003
0.000254 -0.000106 0.000026
0.000346 -0.000073 0.000071
0.000395 -0.000050 0.000118
0.000399 -0.000044 0.000159
0.000361 -0.000055 0.000189
0.000282 -0.000091 0.000205
0.000177 -0.000139 0.000212
0.000059 -0.000181 0.000209
-0.000056 -0.000202 0.000202
-0.000148 -0.000177 0.000194
-0.000206 -0.000108 0.000182
-0.000211 0.000031 0.000178
-0.000154 0.000240 0.000181
-0.000045 0.000478 0.000180
0.000104 0.000732 0.000170
0.000272 0.000974 0.000146
0.000434 0.001178 0.000106
0.000565 0.001321 0.000053
0.000648 0.001401 -0.000001
0.000659 0.001367 -0.000052
0.000606 0.001240 -0.000086
0.000502 0.001038 -0.000095
0.000352 0.000735 -0.000081
0.000178 0.000372 -0.000048
-0.000000 -0.000000 -0.000000
VECTORS ControlTorque float
-0.000000 -0.000004 0.000000
-0.000000 -0.000004 -0.000000
-0.000000 -0.000004 -0.000000
0.000000 -0.000004 -0.000000
0.000000 -0.000004 -0.000000
0.000000 -0.000004 -0.000000
0.000000 -0.000004 -0.000001
0.000001 -0.000002 -0.000001
0.000001 -0.000003 -0.000001
0.000001 -0.000002 -0.000001
0.000000 -0.000001 -0.000001
0.000000 -0.000001 -0.000001
0.000000 -0.000001 -0.000001
-0.000000 0.000001 -0.000000
-0.000000 -0.000000 -0.000000
-0.000000 0.000001 0.000000
-0.000000 0.000001 0.000000
-0.000000 0.000002 0.000001
-0.000000 0.000002 0.000001
-0.000000 0.000002 0.000001
-0.000000 0.000003 0.000001
-0.000000 0.000003 0.000001
-0.000000 0.000003 0.000001
-0.000000 0.000003 0.000000
-0.000000 0.000003 0.000000
-0.000000 0.000003 0.000000
-0.000000 0.000003 -0.000000
-0.000001 0.000003 -0.000000
-0.000001 0.000003 -0.000000
-0.000001 0.000003 -0.000000
-0.000001 0.000003 -0.000000
-0.000001 0.000002 -0.000000
-0.000001 0.000002 -0.000000
-0.000000 0.000001 -0.000000
-0.000001 0.000002 -0.000000
-0.000000 0.000000 0.000000
-0.000000 0.000001 -0.000000
0.000000 -0.000000 0.000000
-0.000000 0.000001 -0.000000
-0.000000 0.000000 0.000000
-0.000000 0.000001 -0.000000
-0.000000 0.000001 -0.000000
-0.000001 0.000002 -0.000000
-0.000000 0.000001 -0.000000
-0.000001 0.000002 -0.000001
-0.000001 0.000002 -0.000001
-0.000001 0.000002 -0.000001
-0.000001 0.000003 -0.000001
-0.000001 0.000002 -0.000001
-0.000001 0.000002 -0.000001
-0.000000 0.000002 -0.000001
-0.000000 0.000001 -0.000001
-0.000000 0.000001 -0.000001
0.000000 0.000000 -0.000000
0.000000 0.000000 -0.000000
0.000000 -0.000001 0.000000
0.000000 -0.000001 0.000000
0.000001 -0.000001 0.000000
0.000001 -0.000002 0.000001
0.000001 -0.000002 0.000001
0.000001 -0.000002 0.000001
0.000001 -0.000002 0.000001
0.000001 -0.000003 0.000001
0.000001 -0.000001 0.000000
0.000001 -0.000003 0.000001
0.000001 -0.000001 0.000000
0.000001 -0.000002 0.000001
0.000001 -0.000002 0.000001
0.000001 -0.000002 0.000001
0.000000 -0.000001 0.000000
0.000000 -0.000002 0.000001
0.000001 -0.000001 0.000001
0.000001 -0.000001 0.000001
0.000001 -0.000001 0.000001
0.000001 -0.000001 0.000001
0.000001 -0.000002 0.000001
0.000001 -0.000002 0.000001
0.000001 -0.000002 0.000001
0.000001 -0.000002 0.000001
0.000001 -0.000002 0.000001
0.000002 -0.000002 0.000001
0.000001 -0.000001 0.000000
0.000002 -0.000003 0.000001
0.000001 -0.000002 0.000001
0.000001 -0.000001 0.000000
0.000002 -0.000003 0.000001
0.000001 -0.000001 0.000001
0.000001 -0.000002 0.000001
0.000001 -0.000001 0.000001
0.000000 -0.000001 0.000001
0.000000 -0.000001 0.000001
-0.000001 0.000001 -0.000000
0.000001 -0.000002 0.000001
-0.000001 0.000002 -0.000001
0.000000 -0.000000 0.000001
-0.000001 0.000002 -0.000001
-0.000000 0.000000 0.000000
-0.000002 0.000002 -0.000001
0.000000 -0.000000 0.000000
-0.000002 0.000003 -0.000002
-0.000001 0.000001 -0.000001
-0.000001 0.000002 -0.000001
-0.000001 0.000002 -0.000001
-0.000001 0.000001 -0.000001
-0.000001 0.000002 -0.000001
-0.000001 0.000002 -0.000001
-0.000001 0.000002 -0.000000
-0.000001 0.000002 -0.000000
-0.000001 0.000002 -0.000000
-0.000001 0.000002 -0.000000
-0.000000 0.000002 0.000000
-0.000001 0.000002 -0.000000
-0.000001 0.000002 -0.000000
-0.000001 0.000002 -0.000000
-0.000001 0.000002 -0.000000
-0.000001 0.000002 -0.000000
-0.000001 0.000002 -0.000000
-0.000001 0.000002 -0.000001
-0.000000 0.000001 -0.000001
-0.000000 0.000001 -0.000001
-0.000000 0.000000 -0.000001
-0.000000 -0.000001 -0.000001
-0.000000 -0.000001 -0.000000
0.000000 -0.000002 -0.000000
0.000000 -0.000002 -0.000000
0.000000 -0.000003 -0.000000
0.000000 -0.000003 -0.000000
0.000000 -0.000003 -0.000000
VECTORS Curvature float
-190.238584 272.724267 -14.001566
-619.378157 878.755628 -43.761654
-1374.973394 1916.872195 -93.676782
-2037.880474 2758.050932 -133.263611
-2732.664533 3559.419630 -168.767599
-3452.604077 4301.442777 -197.091843
-4242.995018 5033.828527 -218.201077
-4924.779151 5560.851810 -231.572814
-5569.174607 5983.714447 -238.379901
-6243.725368 6405.948615 -238.784580
-6727.919474 6618.740273 -233.916590
-7113.110248 6751.144121 -225.157734
-7467.841477 6887.229450 -213.709856
-7593.170549 6862.255729 -199.906842
-7558.599698 6753.480883 -186.939966
-7453.300608 6646.892218 -174.258176
-7170.981456 6444.297698 -164.097563
-6809.983113 6225.169485 -156.890095
-6336.308817 5941.827766 -153.049224
-5841.896200 5661.463031 -152.866341
-5312.210995 5345.150773 -155.457953
-4714.871321 4937.247800 -160.556946
-4150.372767 4516.870567 -166.947897
-3580.980688 4029.190269 -173.736283
-3023.197729 3482.179860 -180.021520
-2485.354552 2880.912769 -185.134277
-1939.922287 2196.865815 -188.604827
-1419.788957 1476.836933 -190.195676
-929.253988 739.415427 -189.863689
-464.984143 3.502119 -187.683667
-47.574947 -696.141350 -183.788106
312.327571 -1325.517412 -178.307634
621.475536 -1895.096691 -171.261119
846.718794 -2312.217238 -162.831779
1024.903084 -2660.367548 -152.520300
1139.676942 -2886.819637 -140.895559
1214.315080 -3025.840679 -127.050720
1277.672466 -3138.637985 -111.768394
1327.823146 -3204.774643 -94.352578
1404.484986 -3320.920906 -75.481376
1483.331976 -3429.762712 -54.983423
1582.045365 -3585.902336 -33.281148
1733.912751 -3874.502284 -10.614539
1901.139970 -4226.303385 11.822386
2080.609451 -4645.860816 33.943960
2287.688593 -5182.378107 54.165332
2463.424541 -5711.494948 71.767878
2656.521729 -6350.459435 85.909330
2820.854066 -6989.956797 94.877028
2936.205612 -7563.405228 98.821334
3039.343692 -8138.595161 96.917261
3106.043600 -8623.395318 89.279501
3138.298734 -8989.146624 76.550989
3138.368276 -9216.933254 59.505304
3113.761130 -9315.187783 39.317590
3058.050688 -9268.842277 16.882376
2962.969051 -9068.200892 -6.727614
2832.533210 -8752.259137 -30.970517
2660.811618 -8329.417675 -55.406107
2448.649059 -7823.191831 -79.804680
2187.407849 -7209.981107 -103.993483
1921.264027 -6626.802518 -127.928285
1622.445204 -5949.499384 -151.115018
1342.179267 -5332.247425 -173.739731
1066.658377 -4672.848483 -195.143840
811.548984 -4017.365491 -215.729983
621.996620 -3577.539368 -234.972990
429.517829 -3028.992725 -253.103091
258.095646 -2486.551789 -270.427566
109.752243 -2092.613877 -286.883073
-36.500498 -1679.843458 -302.740349
-191.148361 -1247.350240 -317.839808
-361.525029 -869.858829 -332.442970
-557.289328 -457.522086 -346.275814
-755.853701 -35.447700 -359.475323
-996.702502 406.431100 -371.874637
-1283.992245 868.244562 -383.391929
-1576.773850 1334.402896 -393.842133
-1915.334462 1821.217549 -403.227116
-2266.977349 2298.412290 -411.121343
-2722.811672 2864.298881 -417.947046
-3127.086312 3355.910592 -421.465758
-3545.335972 3857.524144 -424.220305
-4076.923292 4479.319759 -422.778736
-4394.295006 4872.316783 -417.392652
-4796.833106 5381.293431 -410.685386
-5245.561358 5955.389704 -397.845665
-5522.922261 6363.767254 -383.142233
-5775.256452 6766.391802 -365.800595
-5942.324860 7092.321233 -347.544402
-6080.792761 7411.375177 -329.561674
-5991.610106 7458.042889 -313.814312
-5975.783959 7633.118924 -299.607746
-5906.151793 7713.567251 -290.082628
-5659.040507 7579.649283 -281.090823
-5421.902067 7409.224579 -276.343806
-5146.208184 7165.464721 -269.687179
-4846.615092 6824.999071 -266.784989
-4608.389873 6542.865675 -259.165401
-4367.897916 6207.064983 -256.424071
-3971.833794 5643.570560 -249.056550
-3646.781904 5177.820744 -243.221212
-3277.689627 4673.105812 -236.070087
-2958.577485 4278.025912 -229.266681
-2591.696720 3864.080448 -223.189007
-2182.794936 3444.232608 -217.214244
-1781.749413 3091.889102 -212.080801
-1372.680978 2781.846306 -207.652677
-961.525054 2527.973552 -203.897840
-535.053672 2292.822136 -200.706496
-89.715300 2083.191645 -197.684079
374.653937 1882.080289 -194.607939
860.369935 1659.073629 -191.025828
1369.493693 1433.949831 -186.666832
1887.413702 1182.917828 -181.268188
2396.498436 907.634594 -174.819450
2874.263820 617.001321 -167.378702
3286.795061 321.708704 -159.182676
3613.919770 39.817547 -150.417254
3808.435108 -209.592384 -141.091321
3865.176969 -409.978277 -131.059726
3750.820624 -544.063986 -119.724294
3468.964353 -606.210802 -106.499233
3019.722947 -593.426408 -90.664897
2411.848950 -511.361213 -71.644627
1704.691186 -378.903881 -50.415559
792.402057 -180.493752 -23.620826
257.083825 -59.267089 -7.474099
VECTORS LocalRotation float
0.813896 -0.163689 0.094094
0.810221 -0.158464 0.093831
0.801228 -0.145857 0.093212
0.785840 -0.124779 0.092188
0.764198 -0.096118 0.090818
0.736101 -0.060410 0.089156
0.701241 -0.018122 0.087275
0.659964 0.029579 0.085250
0.612287 0.082029 0.083115
0.558877 0.138046 0.080957
0.500215 0.196949 0.078820
0.437403 0.257623 0.076736
0.371312 0.319441 0.074747
0.303333 0.381500 0.072880
0.234616 0.443251 0.071126
0.166689 0.503886 0.069491
0.100488 0.563147 0.067960
0.037183 0.620514 0.066506
-0.022332 0.675595 0.065103
-0.077561 0.728217 0.063716
-0.127963 0.777952 0.062323
-0.173370 0.824516 0.060892
-0.213561 0.867376 0.059407
-0.248570 0.906075 0.057864
-0.278498 0.940114 0.056261
-0.303400 0.968879 0.054610
-0.323398 0.991826 0.052921
-0.338616 1.008466 0.051206
-0.349241 1.018490 0.049486
-0.355553 1.021854 0.047777
-0.357881 1.018708 0.046090
-0.356681 1.009542 0.044448
-0.352449 0.994946 0.042864
-0.345833 0.975987 0.041358
-0.337321 0.953372 0.039924
-0.327576 0.928399 0.038603
-0.316865 0.901494 0.037384
-0.305615 0.873666 0.036306
-0.293783 0.844859 0.035370
-0.281446 0.815393 0.034603
-0.268389 0.784870 0.034013
-0.254500 0.753083 0.033613
-0.239431 0.719181 0.033414
-0.223022 0.682612 0.033419
-0.204967 0.642382 0.033627
-0.185231 0.597978 0.034025
-0.163726 0.548668 0.034595
-0.140500 0.493953 0.035310
-0.115744 0.433656 0.036127
-0.089656 0.367708 0.037005
-0.062576 0.296550 0.037892
-0.034755 0.220667 0.038735
-0.006488 0.140940 0.039486
0.021926 0.058520 0.040102
0.050241 -0.025409 0.040549
0.078172 -0.109511 0.040803
0.105432 -0.192532 0.040849
0.131677 -0.273232 0.040679
0.156553 -0.350584 0.040288
0.179686 -0.423715 0.039675
0.200682 -0.491798 0.038843
0.219318 -0.554560 0.037791
0.235320 -0.611349 0.036531
0.248786 -0.662593 0.035055
0.259630 -0.707635 0.033395
0.268210 -0.747334 0.031518
0.274690 -0.781660 0.029481
0.279414 -0.811343 0.027288
0.282537 -0.836393 0.024910
0.284215 -0.857289 0.022367
0.284545 -0.874253 0.019716
0.283507 -0.887599 0.016886
0.281005 -0.897183 0.013942
0.276863 -0.903167 0.010883
0.270953 -0.905386 0.007706
0.262966 -0.903695 0.004373
0.252686 -0.897950 0.000969
0.239765 -0.888002 -0.002541
0.223955 -0.873715 -0.006150
0.204979 -0.855024 -0.009845
0.182300 -0.831558 -0.013613
0.155992 -0.803584 -0.017388
0.125566 -0.770692 -0.021244
0.091192 -0.733095 -0.025064
0.052960 -0.690890 -0.028856
0.010950 -0.644024 -0.032641
-0.034417 -0.592809 -0.036293
-0.083096 -0.537121 -0.039824
-0.134196 -0.477735 -0.043211
-0.187197 -0.415049 -0.046438
-0.241560 -0.349470 -0.049499
-0.296093 -0.282303 -0.052406
-0.350716 -0.213422 -0.055205
-0.404137 -0.144423 -0.057857
-0.456580 -0.075075 -0.060447
-0.506603 -0.007411 -0.062963
-0.554662 0.058869 -0.065446
-0.599868 0.122159 -0.067873
-0.642963 0.183089 -0.070270
-0.683193 0.240231 -0.072581
-0.720956 0.293892 -0.074870
-0.755461 0.342903 -0.077100
-0.786965 0.387721 -0.079280
-0.815279 0.428361 -0.081393
-0.840309 0.465080 -0.083433
-0.861898 0.498126 -0.085425
-0.879850 0.527721 -0.087369
-0.894147 0.554344 -0.089271
-0.904728 0.578414 -0.091137
-0.911499 0.600225 -0.092967
-0.914332 0.620067 -0.094774
-0.913044 0.637985 -0.096546
-0.907449 0.654028 -0.098293
-0.897343 0.668047 -0.100005
-0.882600 0.679892 -0.101671
-0.863201 0.689359 -0.103283
-0.839344 0.696260 -0.104832
-0.811448 0.700510 -0.106311
-0.780204 0.702147 -0.107712
-0.746613 0.701379 -0.109032
-0.711844 0.698572 -0.110265
-0.677380 0.694254 -0.111400
-0.644653 0.689040 -0.112425
-0.615300 0.683613 -0.113317
-0.590685 0.678607 -0.114053
-0.572088 0.674585 -0.114604
-0.560756 0.672046 -0.114940
-0.556015 0.670963 -0.115081
VECTORS q1 float
0.676389 -0.611737 -0.410215
0.674180 -0.611679 -0.413921
0.667469 -0.611490 -0.424930
0.656108 -0.611151 -0.442738
0.639928 -0.610659 -0.466464
0.618596 -0.610004 -0.495211
0.591773 -0.609209 -0.527891
0.559177 -0.608341 -0.563243
0.521282 -0.607590 -0.599249
0.477809 -0.607071 -0.634951
0.429390 -0.606995 -0.668716
0.376881 -0.607553 -0.699171
0.320947 -0.608881 -0.725436
0.262437 -0.611079 -0.746799
0.202967 -0.614184 -0.762615
0.143206 -0.618160 -0.772897
0.084320 -0.622911 -0.777735
0.027188 -0.628296 -0.777499
-0.027467 -0.634146 -0.772725
-0.078936 -0.640269 -0.764084
-0.127004 -0.646504 -0.752265
-0.170963 -0.652649 -0.738120
-0.210487 -0.658548 -0.722503
-0.245315 -0.664065 -0.706285
-0.275064 -0.669078 -0.690417
-0.299559 -0.673505 -0.675763
-0.318530 -0.677279 -0.663198
-0.331797 -0.680354 -0.653475
-0.339390 -0.682705 -0.647093
-0.341378 -0.684312 -0.644343
-0.337996 -0.685165 -0.645219
-0.329616 -0.685245 -0.649456
-0.316764 -0.684552 -0.656544
-0.300005 -0.683081 -0.665881
-0.280296 -0.680921 -0.676595
-0.258009 -0.678038 -0.688256
-0.234244 -0.674589 -0.700042
-0.209085 -0.670529 -0.711811
-0.183158 -0.665956 -0.723156
-0.156212 -0.660785 -0.734140
-0.128230 -0.654987 -0.744680
-0.098824 -0.648444 -0.754821
-0.067442 -0.640982 -0.764587
-0.033082 -0.632296 -0.774020
0.004626 -0.622208 -0.782838
0.046711 -0.610334 -0.790766
0.093545 -0.596418 -0.797204
0.145476 -0.580169 -0.801399
0.202861 -0.561237 -0.802409
0.265000 -0.539548 -0.799164
0.331271 -0.514991 -0.790597
0.400558 -0.487620 -0.775745
0.471250 -0.457715 -0.753937
0.541560 -0.425727 -0.724893
0.609626 -0.392283 -0.688818
0.673812 -0.358081 -0.646340
0.732625 -0.323949 -0.598596
0.785069 -0.290652 -0.546981
0.830596 -0.258870 -0.493049
0.869084 -0.229156 -0.438383
0.900766 -0.201933 -0.384505
0.926153 -0.177482 -0.332777
0.946114 -0.155750 -0.283920
0.961276 -0.136959 -0.239144
0.972699 -0.120678 -0.198228
0.980914 -0.107173 -0.162238
0.986843 -0.095800 -0.130241
0.990999 -0.086431 -0.102231
0.993780 -0.079089 -0.078398
0.995585 -0.073527 -0.058339
0.996722 -0.069429 -0.041526
0.997354 -0.066975 -0.028257
0.997655 -0.065972 -0.018239
0.997723 -0.066454 -0.011533
0.997618 -0.068485 -0.008227
0.997355 -0.072192 -0.008410
0.996907 -0.077631 -0.012253
0.996188 -0.084954 -0.019785
0.995057 -0.094319 -0.031062
0.993306 -0.105909 -0.046105
0.990661 -0.119926 -0.064876
0.986735 -0.136703 -0.087557
0.981203 -0.156217 -0.113303
0.973465 -0.179015 -0.142544
0.963059 -0.205129 -0.174468
0.949602 -0.234429 -0.208084
0.932242 -0.267536 -0.243615
0.910659 -0.304079 -0.279707
0.884482 -0.343831 -0.315391
0.853490 -0.386403 -0.349639
0.817665 -0.431229 -0.381400
0.777219 -0.477587 -0.409685
0.733157 -0.524120 -0.433335
0.685028 -0.571012 -0.452418
0.634831 -0.616324 -0.465976
0.582909 -0.659801 -0.474215
0.530924 -0.700278 -0.477210
0.479225 -0.737725 -0.475506
0.429424 -0.771355 -0.469687
0.381084 -0.801756 -0.460393
0.336210 -0.828131 -0.448511
0.294780 -0.850916 -0.434794
0.257228 -0.870294 -0.420026
0.223342 -0.886728 -0.404762
0.192848 -0.900643 -0.389424
0.165795 -0.912296 -0.374471
0.141786 -0.922071 -0.360113
0.120419 -0.930301 -0.346466
0.101295 -0.937267 -0.333571
0.084052 -0.943197 -0.321427
0.068530 -0.948232 -0.310097
0.054495 -0.952512 -0.299585
0.042008 -0.956095 -0.290030
0.031100 -0.959046 -0.281539
0.021889 -0.961410 -0.274246
0.014574 -0.963230 -0.268282
0.009326 -0.964555 -0.263716
0.006277 -0.965444 -0.260536
0.005450 -0.965962 -0.258628
0.006729 -0.966179 -0.257784
0.009834 -0.966168 -0.257727
0.014332 -0.965994 -0.258165
0.019647 -0.965726 -0.258820
0.025160 -0.965417 -0.259494
0.030220 -0.965122 -0.260051
0.034287 -0.964879 -0.260449
0.036898 -0.964722 -0.260673
0.037801 -0.964667 -0.260747
VECTORS q2 float
0.556683 0.789278 -0.259122
0.555364 0.789306 -0.261853
0.551270 0.789408 -0.270066
0.544085 0.789617 -0.283683
0.533346 0.789966 -0.302482
0.518329 0.790497 -0.326267
0.498181 0.791229 -0.354644
0.472014 0.792132 -0.386949
0.439618 0.793051 -0.421670
0.400118 0.793865 -0.457913
0.353652 0.794331 -0.493931
0.300810 0.794199 -0.527979
0.242246 0.793254 -0.558628
0.179081 0.791325 -0.584581
0.113543 0.788335 -0.604679
0.046975 0.784312 -0.618586
-0.018653 0.779391 -0.626260
-0.081732 0.773785 -0.628153
-0.140971 0.767749 -0.625051
-0.195311 0.761554 -0.617972
-0.244463 0.755414 -0.607937
-0.287880 0.749547 -0.596075
-0.325612 0.744088 -0.583361
-0.357898 0.739118 -0.570626
-0.384943 0.734687 -0.558618
-0.407138 0.730800 -0.547878
-0.424758 0.727450 -0.538885
-0.438088 0.724617 -0.531986
-0.447489 0.722276 -0.527325
-0.453256 0.720404 -0.524954
-0.455715 0.718984 -0.524772
-0.455234 0.718005 -0.526528
-0.452211 0.717450 -0.529877
-0.447049 0.717311 -0.534427
-0.440279 0.717533 -0.539724
-0.432159 0.718129 -0.545462
-0.423206 0.719025 -0.551271
-0.413462 0.720253 -0.557032
-0.403159 0.721781 -0.562579
-0.392142 0.723667 -0.567918
-0.380358 0.725940 -0.573008
-0.367622 0.728664 -0.577843
-0.353722 0.731915 -0.582392
-0.338300 0.735814 -0.586627
-0.321338 0.740402 -0.590378
-0.302583 0.745793 -0.593496
-0.282120 0.752017 -0.595717
-0.260078 0.759103 -0.596760
-0.236578 0.767081 -0.596337
-0.212133 0.775868 -0.594162
-0.187124 0.785407 -0.590017
-0.161996 0.795607 -0.583752
-0.137242 0.806338 -0.575311
-0.113307 0.817454 -0.564739
-0.090599 0.828788 -0.552179
-0.069443 0.840169 -0.537860
-0.050157 0.851383 -0.522140
-0.032958 0.862217 -0.505465
-0.017981 0.872455 -0.488363
-0.005260 0.881894 -0.471419
0.005276 0.890356 -0.455235
0.013805 0.897713 -0.440363
0.020636 0.903959 -0.427120
0.026053 0.909042 -0.415890
0.030431 0.913116 -0.406564
0.034061 0.916191 -0.399292
0.037204 0.918485 -0.393702
0.040052 0.920095 -0.389642
0.042773 0.921084 -0.387007
0.045460 0.921528 -0.385643
0.048127 0.921467 -0.385465
0.050889 0.920882 -0.386506
0.053709 0.919726 -0.388870
0.056599 0.917923 -0.392702
0.059555 0.915370 -0.398184
0.062593 0.911975 -0.405442
0.065570 0.907511 -0.414878
0.068435 0.901835 -0.426626
0.071045 0.894725 -0.440932
0.073199 0.885919 -0.458028
0.074631 0.875132 -0.478095
0.074915 0.861928 -0.501465
0.073828 0.846326 -0.527524
0.070698 0.827715 -0.556678
0.065137 0.806090 -0.588198
0.056850 0.781627 -0.621149
0.045013 0.753798 -0.655563
0.029461 0.723065 -0.690151
0.009984 0.689765 -0.723965
-0.013460 0.654381 -0.756045
-0.040701 0.617544 -0.785482
-0.071358 0.579990 -0.811492
-0.104386 0.542919 -0.833272
-0.140015 0.506243 -0.850949
-0.176543 0.471429 -0.864053
-0.213720 0.438571 -0.872914
-0.250395 0.408352 -0.877811
-0.286502 0.380606 -0.879236
-0.321095 0.355692 -0.877713
-0.354692 0.333082 -0.873642
-0.386000 0.313227 -0.867694
-0.415063 0.295827 -0.860354
-0.441495 0.280800 -0.852194
-0.465259 0.267915 -0.843656
-0.486284 0.256984 -0.835157
-0.504248 0.247906 -0.827210
-0.519124 0.240489 -0.820168
-0.530893 0.234557 -0.814331
-0.539543 0.229947 -0.809949
-0.545041 0.226520 -0.807229
-0.547271 0.224155 -0.806380
-0.546099 0.222752 -0.807563
-0.541338 0.222204 -0.810912
-0.532773 0.222418 -0.816506
-0.520194 0.223302 -0.824339
-0.503498 0.224741 -0.834255
-0.482691 0.226624 -0.845961
-0.458015 0.228829 -0.858987
-0.429950 0.231242 -0.872737
-0.399261 0.233754 -0.886538
-0.367067 0.236258 -0.899691
-0.334618 0.238671 -0.911629
-0.303520 0.240892 -0.921871
-0.275244 0.242854 -0.930195
-0.251426 0.244465 -0.936494
-0.233295 0.245676 -0.940860
-0.222030 0.246417 -0.943388
-0.218189 0.246669 -0.944218
VECTORS q3 float
0.482288 -0.053092 0.874402
0.486880 -0.053341 0.871839
0.500586 -0.053991 0.864001
0.522967 -0.054761 0.850592
0.553204 -0.055220 0.831214
0.590487 -0.054855 0.805181
0.633735 -0.053116 0.771724
0.681560 -0.049486 0.730087
0.731438 -0.043632 0.680511
0.782051 -0.035261 0.622216
0.830996 -0.024404 0.555743
0.876056 -0.011332 0.482076
0.915593 0.003557 0.402092
0.948186 0.019678 0.317106
0.972580 0.036140 0.229742
0.988578 0.052279 0.141356
0.996264 0.067313 0.054099
0.996283 0.080624 -0.030314
0.989633 0.091764 -0.110484
0.977560 0.100454 -0.185166
0.961305 0.106690 -0.253987
0.942283 0.110584 -0.316029
0.921777 0.112465 -0.371052
0.900960 0.112795 -0.418984
0.880999 0.112115 -0.459642
0.862846 0.111006 -0.493127
0.847419 0.110048 -0.519394
0.835458 0.109768 -0.538480
0.827386 0.110598 -0.550636
0.823420 0.112845 -0.556099
0.823458 0.116665 -0.555254
0.827113 0.122102 -0.548613
0.833766 0.129051 -0.536824
0.842701 0.137350 -0.520567
0.852988 0.146608 -0.500917
0.864101 0.156702 -0.478304
0.875229 0.167130 -0.453918
0.886190 0.177840 -0.427832
0.896614 0.188506 -0.400686
0.906544 0.199171 -0.372167
0.915907 0.209768 -0.342217
0.924710 0.220384 -0.310391
0.932916 0.231174 -0.276091
0.940457 0.242444 -0.238248
0.946953 0.254287 -0.196514
0.951978 0.266995 -0.149840
0.954808 0.280634 -0.097914
0.954566 0.295240 -0.040458
0.950199 0.310805 0.022834
0.940625 0.326982 0.091149
0.924794 0.343395 0.163815
0.901837 0.359494 0.239694
0.871256 0.374587 0.317170
0.832991 0.387975 0.394463
0.787495 0.399029 0.469710
0.735632 0.407300 0.541250
0.678782 0.412557 0.607497
0.618531 0.414852 0.667321
0.556586 0.414497 0.720003
0.494636 0.412009 0.765235
0.434273 0.408031 0.803068
0.376895 0.403250 0.833870
0.323176 0.398246 0.858462
0.274352 0.393555 0.877408
0.230068 0.389432 0.891859
0.191435 0.386145 0.902355
0.157341 0.383677 0.909965
0.127740 0.382040 0.915275
0.102819 0.381247 0.918738
0.082116 0.381288 0.920802
0.065028 0.382203 0.921788
0.051908 0.384046 0.921854
0.042429 0.386978 0.921112
0.036683 0.391155 0.919593
0.034800 0.396745 0.917269
0.036940 0.403844 0.914082
0.043327 0.412792 0.909794
0.054086 0.423646 0.904212
0.069380 0.436545 0.897003
0.089354 0.451588 0.887741
0.114111 0.468788 0.875909
0.144019 0.488254 0.860736
0.178299 0.509243 0.841950
0.217639 0.531829 0.818408
0.261294 0.555105 0.789674
0.308259 0.578015 0.755562
0.359023 0.600178 0.714765
0.412107 0.620252 0.667425
0.466467 0.637185 0.613517
0.520935 0.649983 0.553307
0.574254 0.657785 0.487393
0.625171 0.659941 0.416700
0.672000 0.656153 0.343334
0.714935 0.646269 0.266841
0.752211 0.630793 0.190470
0.783927 0.610179 0.114635
0.809582 0.585542 0.041458
0.829614 0.557585 -0.028963
0.844093 0.527725 -0.094936
0.853796 0.496229 -0.157444
0.859050 0.464852 -0.214349
0.860713 0.434082 -0.265980
0.859602 0.404647 -0.312001
0.856535 0.376743 -0.352721
0.852255 0.350429 -0.388409
0.847494 0.325973 -0.418922
0.842857 0.303232 -0.444571
0.838840 0.281997 -0.465645
0.835842 0.262020 -0.482403
0.834185 0.243040 -0.495042
0.834145 0.224968 -0.503578
0.835946 0.207611 -0.508027
0.839755 0.191069 -0.508236
0.845686 0.175390 -0.504037
0.853767 0.160705 -0.495232
0.863873 0.147238 -0.481709
0.875741 0.135183 -0.463469
0.888922 0.124721 -0.440752
0.902836 0.115953 -0.414055
0.916813 0.108888 -0.384185
0.930143 0.103451 -0.352325
0.942245 0.099452 -0.319818
0.952622 0.096669 -0.288384
0.961045 0.094828 -0.259615
0.967405 0.093684 -0.235269
0.971801 0.093020 -0.216678
0.974342 0.092686 -0.205105
0.975174 0.092584 -0.201156
