# vtk DataFile Version 2.0
VTK example
ASCII
DATASET UNSTRUCTURED_GRID
POINTS  128  float
-0.000035 -0.000053 -0.000186
-0.000033 -0.000050 -0.000178
-0.000031 -0.000046 -0.000171
-0.000028 -0.000043 -0.000163
-0.000026 -0.000039 -0.000154
-0.000024 -0.000036 -0.000146
-0.000022 -0.000033 -0.000138
-0.000020 -0.000030 -0.000130
-0.000018 -0.000027 -0.000121
-0.000016 -0.000024 -0.000113
-0.000015 -0.000021 -0.000105
-0.000014 -0.000019 -0.000096
-0.000012 -0.000016 -0.000087
-0.000012 -0.000014 -0.000079
-0.000011 -0.000012 -0.000070
-0.000010 -0.000009 -0.000061
-0.000009 -0.000007 -0.000052
-0.000009 -0.000005 -0.000043
-0.000008 -0.000003 -0.000035
-0.000007 -0.000000 -0.000026
-0.000007 0.000002 -0.000017
-0.000006 0.000005 -0.000009
-0.000005 0.000008 -0.000000
-0.000003 0.000012 0.000008
-0.000002 0.000016 0.000016
0.000000 0.000020 0.000024
0.000003 0.000024 0.000031
0.000005 0.000029 0.000038
0.000008 0.000035 0.000045
0.000012 0.000040 0.000051
0.000016 0.000047 0.000056
0.000020 0.000053 0.000061
0.000024 0.000059 0.000066
0.000029 0.000066 0.000069
0.000034 0.000073 0.000072
0.000040 0.000080 0.000074
0.000045 0.000087 0.000076
0.000051 0.000093 0.000077
0.000057 0.000100 0.000078
0.000064 0.000107 0.000078
0.000070 0.000113 0.000078
0.000077 0.000119 0.000077
0.000083 0.000125 0.000076
0.000090 0.000131 0.000074
0.000097 0.000137 0.000073
0.000104 0.000142 0.000071
0.000111 0.000147 0.000068
0.000118 0.000152 0.000066
0.000126 0.000157 0.000063
0.000133 0.000161 0.000060
0.000140 0.000165 0.000057
0.000148 0.000169 0.000054
0.000156 0.000173 0.000051
0.000163 0.000177 0.000048
0.000171 0.000180 0.000045
0.000179 0.000183 0.000041
0.000187 0.000186 0.000038
0.000195 0.000189 0.000035
0.000203 0.000191 0.000031
0.000211 0.000194 0.000028
0.000219 0.000196 0.000025
0.000228 0.000197 0.000022
0.000236 0.000199 0.000019
0.000245 0.000200 0.000017
0.000253 0.000201 0.000014
0.000262 0.000202 0.000012
0.000271 0.000203 0.000010
0.000280 0.000203 0.000008
0.000288 0.000203 0.000006
0.000297 0.000204 0.000005
0.000306 0.000204 0.000003
0.000315 0.000204 0.000002
0.000324 0.000204 0.000002
0.000333 0.000204 0.000001
0.000342 0.000204 0.000001
0.000352 0.000204 0.000001
0.000361 0.000204 0.000002
0.000369 0.000205 0.000004
0.000378 0.000205 0.000005
0.000387 0.000206 0.000008
0.000395 0.000207 0.000011
0.000404 0.000208 0.000015
0.000411 0.000209 0.000019
0.000419 0.000211 0.000024
0.000425 0.000213 0.000030
0.000432 0.000215 0.000036
0.000437 0.000218 0.000043
0.000442 0.000221 0.000050
0.000446 0.000224 0.000057
0.000449 0.000227 0.000065
0.000452 0.000231 0.000073
0.000454 0.000234 0.000081
0.000455 0.000238 0.000089
0.000455 0.000242 0.000097
0.000455 0.000246 0.000105
0.000454 0.000250 0.000114
0.000453 0.000254 0.000122
0.000452 0.000259 0.000129
0.000450 0.000263 0.000137
0.000447 0.000267 0.000145
0.000445 0.000271 0.000153
0.000442 0.000275 0.000160
0.000439 0.000279 0.000168
0.000436 0.000283 0.000175
0.000432 0.000287 0.000183
0.000429 0.000291 0.000190
0.000425 0.000295 0.000197
0.000421 0.000299 0.000204
0.000418 0.000303 0.000212
0.000414 0.000307 0.000219
0.000411 0.000311 0.000227
0.000408 0.000315 0.000234
0.000404 0.000319 0.000241
0.000402 0.000323 0.000249
0.000399 0.000326 0.000257
0.000397 0.000330 0.000265
0.000394 0.000334 0.000273
0.000393 0.000337 0.000281
0.000391 0.000341 0.000289
0.000390 0.000344 0.000298
0.000390 0.000347 0.000306
0.000389 0.000350 0.000315
0.000389 0.000353 0.000323
0.000390 0.000355 0.000332
0.000390 0.000357 0.000341
0.000391 0.000359 0.000350
0.000391 0.000361 0.000358
0.000392 0.000363 0.000367
CELLS  127 381
2 0 1 
2 1 2 
2 2 3 
2 3 4 
2 4 5 
2 5 6 
2 6 7 
2 7 8 
2 8 9 
2 9 10 
2 10 11 
2 11 12 
2 12 13 
2 13 14 
2 14 15 
2 15 16 
2 16 17 
2 17 18 
2 18 19 
2 19 20 
2 20 21 
2 21 22 
2 22 23 
2 23 24 
2 24 25 
2 25 26 
2 26 27 
2 27 28 
2 28 29 
2 29 30 
2 30 31 
2 31 32 
2 32 33 
2 33 34 
2 34 35 
2 35 36 
2 36 37 
2 37 38 
2 38 39 
2 39 40 
2 40 41 
2 41 42 
2 42 43 
2 43 44 
2 44 45 
2 45 46 
2 46 47 
2 47 48 
2 48 49 
2 49 50 
2 50 51 
2 51 52 
2 52 53 
2 53 54 
2 54 55 
2 55 56 
2 56 57 
2 57 58 
2 58 59 
2 59 60 
2 60 61 
2 61 62 
2 62 63 
2 63 64 
2 64 65 
2 65 66 
2 66 67 
2 67 68 
2 68 69 
2 69 70 
2 70 71 
2 71 72 
2 72 73 
2 73 74 
2 74 75 
2 75 76 
2 76 77 
2 77 78 
2 78 79 
2 79 80 
2 80 81 
2 81 82 
2 82 83 
2 83 84 
2 84 85 
2 85 86 
2 86 87 
2 87 88 
2 88 89 
2 89 90 
2 90 91 
2 91 92 
2 92 93 
2 93 94 
2 94 95 
2 95 96 
2 96 97 
2 97 98 
2 98 99 
2 99 100 
2 100 101 
2 101 102 
2 102 103 
2 103 104 
2 104 105 
2 105 106 
2 106 107 
2 107 108 
2 108 109 
2 109 110 
2 110 111 
2 111 112 
2 112 113 
2 113 114 
2 114 115 
2 115 116 
2 116 117 
2 117 118 
2 118 119 
2 119 120 
2 120 121 
2 121 122 
2 122 123 
2 123 124 
2 124 125 
2 125 126 
2 126 127 
CELL_TYPES  127
3
3
3
3
3
3
3
3
3
3
3
3
3
3
3
3
3
3
3
3
3
3
3
3
3
3
3
3
3
3
3
3
3
3
3
3
3
3
3
3
3
3
3
3
3
3
3
3
3
3
3
3
3
3
3
3
3
3
3
3
3
3
3
3
3
3
3
3
3
3
3
3
3
3
3
3
3
3
3
3
3
3
3
3
3
3
3
3
3
3
3
3
3
3
3
3
3
3
3
3
3
3
3
3
3
3
3
3
3
3
3
3
3
3
3
3
3
3
3
3
3
3
3
3
3
3
3
POINT_DATA  128
VECTORS Position float
-0.000035 -0.000053 -0.000186
-0.000033 -0.000050 -0.000178
-0.000031 -0.000046 -0.000171
-0.000028 -0.000043 -0.000163
-0.000026 -0.000039 -0.000154
-0.000024 -0.000036 -0.000146
-0.000022 -0.000033 -0.000138
-0.000020 -0.000030 -0.000130
-0.000018 -0.000027 -0.000121
-0.000016 -0.000024 -0.000113
-0.000015 -0.000021 -0.000105
-0.000014 -0.000019 -0.000096
-0.000012 -0.000016 -0.000087
-0.000012 -0.000014 -0.000079
-0.000011 -0.000012 -0.000070
-0.000010 -0.000009 -0.000061
-0.000009 -0.000007 -0.000052
-0.000009 -0.000005 -0.000043
-0.000008 -0.000003 -0.000035
-0.000007 -0.000000 -0.000026
-0.000007 0.000002 -0.000017
-0.000006 0.000005 -0.000009
-0.000005 0.000008 -0.000000
-0.000003 0.000012 0.000008
-0.000002 0.000016 0.000016
0.000000 0.000020 0.000024
0.000003 0.000024 0.000031
0.000005 0.000029 0.000038
0.000008 0.000035 0.000045
0.000012 0.000040 0.000051
0.000016 0.000047 0.000056
0.000020 0.000053 0.000061
0.000024 0.000059 0.000066
0.000029 0.000066 0.000069
0.000034 0.000073 0.000072
0.000040 0.000080 0.000074
0.000045 0.000087 0.000076
0.000051 0.000093 0.000077
0.000057 0.000100 0.000078
0.000064 0.000107 0.000078
0.000070 0.000113 0.000078
0.000077 0.000119 0.000077
0.000083 0.000125 0.000076
0.000090 0.000131 0.000074
0.000097 0.000137 0.000073
0.000104 0.000142 0.000071
0.000111 0.000147 0.000068
0.000118 0.000152 0.000066
0.000126 0.000157 0.000063
0.000133 0.000161 0.000060
0.000140 0.000165 0.000057
0.000148 0.000169 0.000054
0.000156 0.000173 0.000051
0.000163 0.000177 0.000048
0.000171 0.000180 0.000045
0.000179 0.000183 0.000041
0.000187 0.000186 0.000038
0.000195 0.000189 0.000035
0.000203 0.000191 0.000031
0.000211 0.000194 0.000028
0.000219 0.000196 0.000025
0.000228 0.000197 0.000022
0.000236 0.000199 0.000019
0.000245 0.000200 0.000017
0.000253 0.000201 0.000014
0.000262 0.000202 0.000012
0.000271 0.000203 0.000010
0.000280 0.000203 0.000008
0.000288 0.000203 0.000006
0.000297 0.000204 0.000005
0.000306 0.000204 0.000003
0.000315 0.000204 0.000002
0.000324 0.000204 0.000002
0.000333 0.000204 0.000001
0.000342 0.000204 0.000001
0.000352 0.000204 0.000001
0.000361 0.000204 0.000002
0.000369 0.000205 0.000004
0.000378 0.000205 0.000005
0.000387 0.000206 0.000008
0.000395 0.000207 0.000011
0.000404 0.000208 0.000015
0.000411 0.000209 0.000019
0.000419 0.000211 0.000024
0.000425 0.000213 0.000030
0.000432 0.000215 0.000036
0.000437 0.000218 0.000043
0.000442 0.000221 0.000050
0.000446 0.000224 0.000057
0.000449 0.000227 0.000065
0.000452 0.000231 0.000073
0.000454 0.000234 0.000081
0.000455 0.000238 0.000089
0.000455 0.000242 0.000097
0.000455 0.000246 0.000105
0.000454 0.000250 0.000114
0.000453 0.000254 0.000122
0.000452 0.000259 0.000129
0.000450 0.000263 0.000137
0.000447 0.000267 0.000145
0.000445 0.000271 0.000153
0.000442 0.000275 0.000160
0.000439 0.000279 0.000168
0.000436 0.000283 0.000175
0.000432 0.000287 0.000183
0.000429 0.000291 0.000190
0.000425 0.000295 0.000197
0.000421 0.000299 0.000204
0.000418 0.000303 0.000212
0.000414 0.000307 0.000219
0.000411 0.000311 0.000227
0.000408 0.000315 0.000234
0.000404 0.000319 0.000241
0.000402 0.000323 0.000249
0.000399 0.000326 0.000257
0.000397 0.000330 0.000265
0.000394 0.000334 0.000273
0.000393 0.000337 0.000281
0.000391 0.000341 0.000289
0.000390 0.000344 0.000298
0.000390 0.000347 0.000306
0.000389 0.000350 0.000315
0.000389 0.000353 0.000323
0.000390 0.000355 0.000332
0.000390 0.000357 0.000341
0.000391 0.000359 0.000350
0.000391 0.000361 0.000358
0.000392 0.000363 0.000367
VECTORS Rotation float
0.057128 0.407217 -0.299894
0.056534 0.405846 -0.298046
0.054762 0.401719 -0.292521
0.051893 0.394872 -0.283473
0.048084 0.385420 -0.271210
0.043495 0.373480 -0.256050
0.038331 0.359282 -0.238421
0.032827 0.343199 -0.218850
0.027363 0.326056 -0.198292
0.022068 0.308339 -0.177151
0.017183 0.290969 -0.156226
0.012883 0.274907 -0.136259
0.009239 0.261002 -0.117814
0.006312 0.250110 -0.101476
0.004207 0.243124 -0.088007
0.002954 0.240653 -0.077902
0.002655 0.243215 -0.071754
0.003448 0.251151 -0.070076
0.005535 0.264655 -0.073330
0.009198 0.283761 -0.081918
0.014820 0.308539 -0.096273
0.022865 0.338719 -0.116695
0.033926 0.374094 -0.143605
0.048740 0.414381 -0.177525
0.068133 0.458959 -0.218916
0.093124 0.507194 -0.268501
0.124733 0.557933 -0.326819
0.163936 0.609689 -0.394307
0.211827 0.661012 -0.471706
0.269004 0.709916 -0.559074
0.335492 0.754354 -0.655922
0.411017 0.792677 -0.761756
0.493961 0.823207 -0.874564
0.582234 0.844905 -0.992131
0.671154 0.856964 -1.109050
0.758721 0.859763 -1.223690
0.839874 0.853996 -1.330210
0.913717 0.840766 -1.428077
0.977942 0.821628 -1.514530
1.033051 0.797776 -1.590299
1.079158 0.770651 -1.655367
1.117255 0.741385 -1.710796
1.148522 0.710896 -1.757893
1.174399 0.679567 -1.798415
1.195615 0.648242 -1.833107
1.213183 0.617031 -1.863243
1.227620 0.586360 -1.889371
1.239357 0.556418 -1.911940
1.248742 0.527142 -1.931288
1.255887 0.498760 -1.947334
1.260951 0.471183 -1.960069
1.264067 0.444294 -1.969426
1.265373 0.417974 -1.975344
1.265037 0.392041 -1.977831
1.263254 0.366293 -1.976968
1.260242 0.340501 -1.972915
1.256232 0.314528 -1.965906
1.251451 0.288263 -1.956212
1.246115 0.261677 -1.944127
1.240421 0.234839 -1.929962
1.234539 0.207934 -1.914033
1.228604 0.181264 -1.896650
1.222717 0.155016 -1.877985
1.216946 0.129865 -1.858492
1.211330 0.105867 -1.838118
1.205841 0.083998 -1.817512
1.200483 0.064075 -1.796203
1.195214 0.046523 -1.774170
1.189929 0.031858 -1.751453
1.184588 0.020128 -1.727377
1.179248 0.011221 -1.700751
1.173763 0.005460 -1.671511
1.168216 0.002781 -1.638224
1.162560 0.003295 -1.600207
1.156717 0.007133 -1.556930
1.150496 0.014381 -1.508609
1.143837 0.025387 -1.453879
1.136425 0.040191 -1.393393
1.127954 0.058889 -1.327305
1.118068 0.081483 -1.255850
1.106385 0.107816 -1.179349
1.092428 0.137865 -1.097233
1.076003 0.170300 -1.011997
1.056598 0.205102 -0.922093
1.034176 0.240831 -0.829262
1.009088 0.275951 -0.735483
0.981027 0.310181 -0.639423
0.950697 0.342045 -0.543266
0.918702 0.370745 -0.448068
0.885727 0.395774 -0.354828
0.852496 0.416901 -0.264503
0.819707 0.434138 -0.177952
0.788470 0.447523 -0.096944
0.758368 0.457692 -0.020066
0.730691 0.464766 0.050375
0.705269 0.469280 0.115003
0.682632 0.471623 0.172946
0.662427 0.472257 0.225004
0.644922 0.471576 0.270731
0.629406 0.469916 0.311533
0.616311 0.467633 0.346643
0.605282 0.464980 0.376776
0.596282 0.462200 0.402065
0.589181 0.459465 0.422806
0.583976 0.456928 0.439060
0.580851 0.454754 0.450526
0.579926 0.453050 0.457006
0.581343 0.451864 0.458244
0.585235 0.451145 0.453986
0.591704 0.450708 0.444023
0.600776 0.450222 0.428308
0.612431 0.449204 0.406807
0.626468 0.447065 0.379884
0.642619 0.443141 0.347929
0.660484 0.436768 0.311535
0.679499 0.427380 0.271602
0.699023 0.414560 0.229124
0.718335 0.398166 0.185316
0.736726 0.378365 0.141448
0.753566 0.355683 0.098807
0.768350 0.331040 0.058693
0.780816 0.305556 0.022103
0.790851 0.280682 -0.009962
0.798577 0.257778 -0.036944
0.804178 0.238323 -0.058257
0.807938 0.223436 -0.073697
0.810072 0.214155 -0.082974
0.810766 0.210985 -0.086084
VECTORS ControlForce float
-0.000000 -0.000000 0.000000
0.000060 0.000029 0.000049
0.000132 0.000074 0.000104
0.000231 0.000158 0.000142
0.000345 0.000279 0.000160
0.000459 0.000426 0.000165
0.000553 0.000575 0.000176
0.000619 0.000707 0.000197
0.000659 0.000813 0.000210
0.000679 0.000888 0.000207
0.000683 0.000917 0.000191
0.000679 0.000896 0.000166
0.000665 0.000819 0.000156
0.000640 0.000696 0.000162
0.000600 0.000546 0.000166
0.000535 0.000382 0.000185
0.000449 0.000227 0.000216
0.000351 0.000102 0.000251
0.000255 0.000017 0.000284
0.000171 -0.000038 0.000324
0.000106 -0.000067 0.000357
0.000048 -0.000094 0.000392
-0.000015 -0.000138 0.000426
-0.000093 -0.000207 0.000453
-0.000184 -0.000293 0.000457
-0.000277 -0.000392 0.000437
-0.000369 -0.000513 0.000402
-0.000433 -0.000618 0.000331
-0.000454 -0.000684 0.000226
-0.000427 -0.000704 0.000101
-0.000356 -0.000671 -0.000028
-0.000258 -0.000597 -0.000139
-0.000160 -0.000502 -0.000215
-0.000076 -0.000391 -0.000259
-0.000006 -0.000254 -0.000282
0.000041 -0.000108 -0.000281
0.000063 0.000039 -0.000267
0.000072 0.000184 -0.000239
0.000092 0.000347 -0.000202
0.000107 0.000478 -0.000153
0.000119 0.000564 -0.000103
0.000125 0.000592 -0.000059
0.000127 0.000568 -0.000022
0.000123 0.000495 0.000015
0.000100 0.000368 0.000042
0.000065 0.000202 0.000058
0.000033 0.000031 0.000061
0.000023 -0.000113 0.000056
0.000039 -0.000210 0.000050
0.000076 -0.000258 0.000042
0.000133 -0.000246 0.000036
0.000187 -0.000198 0.000034
0.000222 -0.000139 0.000030
0.000243 -0.000059 0.000029
0.000243 0.000033 0.000028
0.000208 0.000098 0.000020
0.000147 0.000149 0.000007
0.000076 0.000203 -0.000008
-0.000004 0.000252 -0.000027
-0.000094 0.000274 -0.000055
-0.000171 0.000299 -0.000087
-0.000229 0.000329 -0.000119
-0.000263 0.000349 -0.000150
-0.000278 0.000337 -0.000182
-0.000283 0.000261 -0.000214
-0.000283 0.000121 -0.000245
-0.000290 -0.000082 -0.000258
-0.000308 -0.000313 -0.000251
-0.000328 -0.000519 -0.000240
-0.000348 -0.000664 -0.000218
-0.000361 -0.000720 -0.000173
-0.000369 -0.000695 -0.000118
-0.000358 -0.000571 -0.000043
-0.000335 -0.000392 0.000044
-0.000304 -0.000198 0.000128
-0.000264 -0.000017 0.000195
-0.000206 0.000140 0.000252
-0.000137 0.000242 0.000293
-0.000050 0.000293 0.000313
0.000066 0.000318 0.000310
0.000202 0.000308 0.000291
0.000359 0.000291 0.000257
0.000529 0.000281 0.000193
0.000681 0.000271 0.000109
0.000778 0.000246 0.000011
0.000789 0.000194 -0.000086
0.000710 0.000128 -0.000151
0.000571 0.000068 -0.000180
0.000416 0.000033 -0.000191
0.000280 0.000012 -0.000192
0.000184 -0.000010 -0.000184
0.000123 -0.000035 -0.000180
0.000072 -0.000063 -0.000183
0.000019 -0.000096 -0.000167
-0.000049 -0.000124 -0.000147
-0.000124 -0.000151 -0.000115
-0.000197 -0.000173 -0.000078
-0.000266 -0.000180 -0.000043
-0.000299 -0.000178 0.000006
-0.000288 -0.000160 0.000076
-0.000245 -0.000116 0.000131
-0.000162 -0.000052 0.000177
-0.000052 0.000022 0.000218
0.000047 0.000098 0.000253
0.000119 0.000154 0.000288
0.000171 0.000172 0.000329
0.000209 0.000140 0.000378
0.000229 0.000055 0.000433
0.000229 -0.000070 0.000490
0.000213 -0.000217 0.000545
0.000188 -0.000363 0.000596
0.000142 -0.000483 0.000631
0.000078 -0.000563 0.000650
0.000012 -0.000601 0.000671
-0.000080 -0.000595 0.000689
-0.000219 -0.000546 0.000690
-0.000395 -0.000460 0.000677
-0.000598 -0.000336 0.000642
-0.000790 -0.000182 0.000590
-0.000949 -0.000004 0.000521
-0.001043 0.000175 0.000450
-0.001063 0.000334 0.000376
-0.001001 0.000445 0.000312
-0.000865 0.000486 0.000262
-0.000678 0.000453 0.000210
-0.000462 0.000350 0.000150
-0.000232 0.000190 0.000076
0.000000 0.000000 -0.000000
VECTORS ControlTorque float
-0.000001 0.000001 -0.000000
-0.000001 0.000001 -0.000000
-0.000001 0.000001 -0.000000
-0.000001 0.000001 -0.000000
-0.000001 0.000001 -0.000000
-0.000001 0.000001 -0.000000
-0.000001 0.000001 -0.000000
-0.000000 0.000000 -0.000000
-0.000000 0.000000 -0.000000
0.000000 -0.000000 -0.000000
0.000001 -0.000000 -0.000000
0.000001 -0.000001 0.000000
0.000001 -0.000001 0.000000
0.000002 -0.000001 0.000000
0.000002 -0.000001 0.000000
0.000002 -0.000002 0.000000
0.000002 -0.000002 0.000000
0.000002 -0.000002 0.000000
0.000002 -0.000002 0.000000
0.000003 -0.000002 0.000000
0.000002 -0.000002 0.000000
0.000002 -0.000002 0.000001
0.000002 -0.000002 0.000001
0.000002 -0.000002 0.000001
0.000002 -0.000002 0.000001
0.000002 -0.000002 0.000001
0.000001 -0.000001 0.000000
0.000001 -0.000001 0.000000
0.000001 -0.000001 0.000000
-0.000000 -0.000000 0.000000
0.000000 -0.000000 0.000000
-0.000001 0.000000 0.000000
-0.000000 -0.000000 0.000001
-0.000002 0.000002 0.000000
-0.000000 -0.000000 0.000001
-0.000003 0.000002 0.000000
-0.000001 0.000000 0.000001
-0.000002 0.000002 0.000000
-0.000001 0.000001 0.000001
-0.000002 0.000002 0.000000
-0.000001 0.000001 0.000000
-0.000001 0.000001 -0.000000
-0.000001 0.000001 0.000000
-0.000001 0.000001 -0.000000
-0.000000 0.000001 0.000000
-0.000001 0.000001 -0.000000
-0.000001 0.000001 -0.000000
-0.000000 0.000001 -0.000000
-0.000001 0.000001 -0.000000
-0.000001 0.000001 -0.000000
-0.000001 0.000001 -0.000000
-0.000001 0.000001 -0.000000
-0.000001 0.000001 0.000000
-0.000001 0.000001 0.000000
-0.000000 0.000001 0.000000
-0.000000 0.000001 0.000000
-0.000000 0.000001 0.000000
-0.000000 0.000001 0.000000
-0.000000 0.000001 0.000000
-0.000000 0.000001 0.000000
-0.000000 0.000001 -0.000000
-0.000000 0.000001 0.000000
-0.000000 0.000000 -0.000001
-0.000000 0.000001 -0.000000
-0.000000 -0.000000 -0.000001
-0.000000 0.000001 -0.000000
-0.000000 0.000000 -0.000001
-0.000000 0.000000 -0.000001
-0.000000 0.000000 -0.000001
-0.000000 0.000002 -0.000001
-0.000000 0.000000 -0.000001
-0.000000 0.000002 -0.000001
-0.000000 0.000002 -0.000001
-0.000000 0.000003 -0.000001
0.000000 0.000001 -0.000001
0.000000 0.000003 -0.000002
0.000000 0.000002 -0.000002
0.000000 0.000002 -0.000002
0.000000 0.000002 -0.000002
0.000001 0.000001 -0.000002
0.000001 0.000003 -0.000002
0.000001 -0.000001 -0.000001
0.000001 0.000003 -0.000002
0.000001 0.000001 -0.000001
0.000001 -0.000002 0.000000
0.000001 0.000002 -0.000001
0.000000 -0.000001 0.000001
0.000000 -0.000001 0.000001
0.000000 -0.000001 0.000001
-0.000000 -0.000002 0.000001
-0.000000 -0.000001 0.000001
-0.000001 -0.000003 0.000002
-0.000000 -0.000000 0.000000
-0.000001 -0.000003 0.000002
-0.000000 -0.000001 0.000001
-0.000001 -0.000003 0.000001
-0.000000 -0.000001 0.000001
-0.000000 -0.000003 0.000001
-0.000000 -0.000001 0.000000
-0.000000 -0.000002 0.000001
-0.000000 -0.000001 0.000001
-0.000000 -0.000002 0.000001
-0.000000 -0.000001 0.000001
-0.000000 -0.000001 0.000001
-0.000000 -0.000002 0.000001
-0.000000 -0.000002 0.000001
-0.000000 -0.000002 0.000001
-0.000000 -0.000002 0.000001
-0.000000 -0.000002 0.000001
-0.000000 -0.000002 0.000001
-0.000001 -0.000002 0.000001
-0.000001 -0.000002 0.000001
-0.000001 -0.000002 0.000001
-0.000001 -0.000002 0.000000
-0.000001 -0.000001 0.000000
-0.000001 -0.000001 0.000000
-0.000001 -0.000001 -0.000000
-0.000001 -0.000000 -0.000000
-0.000001 0.000000 -0.000000
-0.000000 0.000001 -0.000000
-0.000000 0.000001 -0.000000
0.000000 0.000002 -0.000001
0.000001 0.000002 -0.000001
0.000002 0.000002 -0.000001
0.000002 0.000002 -0.000001
0.000002 0.000002 -0.000001
0.000002 0.000002 -0.000001
0.000003 0.000003 -0.000001
VECTORS Curvature float
92.433406 -102.194641 -8.784411
299.369306 -329.797290 -27.751064
657.918574 -721.657889 -59.121513
956.990888 -1042.148996 -83.559231
1247.340747 -1346.783403 -104.969779
1514.921763 -1622.301030 -121.430889
1765.330026 -1879.312906 -133.174402
1916.763357 -2038.571469 -140.074049
1990.852526 -2131.101782 -143.463702
2010.515361 -2190.772033 -143.512121
1897.788962 -2140.194922 -141.416263
1691.479434 -2023.599986 -138.075767
1405.640024 -1859.407240 -134.296406
1012.460961 -1601.527267 -130.874528
536.370565 -1268.562836 -128.778658
5.914295 -883.087318 -128.546191
-573.430796 -429.253904 -130.815162
-1183.198651 73.391191 -135.887836
-1799.546950 613.039712 -143.809192
-2436.196006 1188.985782 -154.400788
-3070.742753 1783.175008 -166.908881
-3672.356123 2372.117245 -180.601385
-4286.396146 2976.551432 -194.486311
-4871.678567 3564.993299 -206.973415
-5432.396270 4137.579222 -217.385652
-5963.152740 4686.660087 -223.916763
-6374.072532 5140.079691 -225.637137
-6712.381715 5536.923647 -222.864104
-6966.954200 5869.275904 -213.971206
-7035.118604 6055.232234 -199.774488
-7017.139354 6189.769773 -182.096209
-6885.857257 6245.952735 -160.191179
-6703.670900 6302.201551 -137.856644
-6299.298895 6170.307484 -114.082087
-5872.275446 6082.300738 -93.679204
-5384.854314 5933.095497 -74.354354
-4804.878516 5738.068396 -57.841588
-4286.595072 5590.230596 -44.231017
-3709.938720 5378.516566 -31.821284
-3221.659185 5232.635439 -21.997859
-2719.401836 5007.675373 -12.963124
-2278.972866 4776.935202 -4.836422
-1927.966957 4619.287405 3.752336
-1632.925816 4447.094633 11.843234
-1375.921005 4253.516766 21.659934
-1174.162585 4102.889840 32.092915
-976.172050 3895.013245 44.127338
-793.687588 3732.944011 57.574292
-597.016853 3560.773205 71.973648
-371.467204 3362.279927 87.484766
-120.941095 3193.561624 103.556716
159.007688 3029.168114 119.942120
462.178923 2876.485597 136.402910
779.915350 2741.369580 152.779841
1104.963104 2631.758082 168.998352
1425.365318 2543.535868 185.124619
1730.117214 2468.445048 201.303388
2015.509289 2407.265569 217.801265
2273.250912 2349.324275 234.955534
2500.137436 2286.933338 253.132170
2673.353116 2196.308331 272.861031
2839.507959 2105.384914 294.119263
2924.088808 1959.570558 318.085245
3006.218961 1800.955157 343.533296
2999.146673 1584.893228 372.551463
2948.938668 1323.853015 402.525459
3006.522253 1083.785887 434.774379
2958.830714 758.044278 467.890392
2889.400614 395.701306 501.004666
3019.985749 6.184145 532.686598
3152.908087 -419.810876 562.434217
3322.968117 -892.868799 587.682724
3670.415309 -1426.827215 608.126087
4057.877264 -2018.642136 621.907206
4365.760653 -2579.455481 627.784619
4765.142104 -3226.682124 625.709996
5241.324083 -3956.934607 613.812491
5560.875380 -4617.507098 592.387383
5881.273062 -5315.230804 560.925983
6099.007858 -5949.846697 518.480849
6432.194451 -6734.989763 468.121331
6541.803660 -7289.568631 402.957613
6583.068649 -7761.441219 334.407959
6769.817154 -8372.222169 253.358449
6555.534576 -8440.836861 165.936878
6458.339140 -8584.073390 79.538684
6414.262595 -8731.456442 -12.367641
6164.145971 -8527.754439 -97.669943
5923.875250 -8271.957001 -177.058853
5637.568353 -7903.049484 -246.814120
5369.049438 -7522.816628 -304.767793
4955.403041 -6920.903400 -350.843816
4660.405413 -6458.890819 -382.209438
4361.489894 -5990.958723 -402.760206
3974.396344 -5383.923474 -409.384137
3627.810007 -4837.362718 -405.868771
3282.523609 -4288.014862 -392.823059
2945.313959 -3764.186061 -372.591463
2665.540460 -3320.053366 -347.611137
2401.609841 -2917.544004 -319.682060
2072.838715 -2449.802586 -291.552957
1801.655767 -2072.045720 -265.094845
1520.108819 -1696.739714 -242.671223
1265.171258 -1363.701309 -225.697902
982.522341 -1008.887121 -215.089940
670.355345 -628.756557 -211.035570
345.732709 -236.568233 -212.936736
6.419058 178.109263 -219.649518
-339.819204 620.836853 -229.490044
-673.844791 1081.841424 -240.565737
-986.731797 1570.782757 -250.928462
-1255.747239 2072.798882 -258.909276
-1458.453248 2566.423527 -263.110401
-1603.068226 3072.641207 -262.609028
-1671.353769 3556.657811 -256.858455
-1662.731179 4002.525824 -245.632076
-1584.047717 4393.050824 -229.165694
-1440.715308 4693.799421 -207.972169
-1250.508109 4891.731393 -182.967789
-1025.160309 4936.759784 -155.545361
-788.998720 4833.285292 -126.994040
-561.693972 4551.512029 -99.364674
-361.637165 4103.917299 -73.761277
-204.648867 3498.502459 -51.869091
-94.988342 2747.654803 -33.808599
-32.576694 1918.474711 -20.111461
-6.034902 885.682139 -8.511002
-0.172360 286.238674 -2.181671
VECTORS LocalRotation float
-0.137618 -0.354224 -0.013648
-0.135840 -0.356185 -0.013814
-0.131523 -0.360926 -0.014206
-0.124242 -0.368879 -0.014849
-0.114241 -0.379717 -0.015705
-0.101694 -0.393204 -0.016733
-0.086835 -0.409066 -0.017886
-0.070256 -0.426706 -0.019117
-0.052503 -0.445650 -0.020405
-0.034412 -0.465190 -0.021702
-0.016737 -0.484776 -0.022991
-0.000448 -0.503672 -0.024259
0.013590 -0.521273 -0.025494
0.024504 -0.536894 -0.026691
0.031528 -0.549910 -0.027868
0.033982 -0.559646 -0.029033
0.031413 -0.565587 -0.030207
0.023459 -0.567198 -0.031414
0.009956 -0.564091 -0.032681
-0.009254 -0.555918 -0.034033
-0.034137 -0.542488 -0.035485
-0.064674 -0.523671 -0.037059
-0.100754 -0.499423 -0.038759
-0.142225 -0.469801 -0.040577
-0.188919 -0.434896 -0.042500
-0.240433 -0.395005 -0.044495
-0.296186 -0.350597 -0.046527
-0.355462 -0.302235 -0.048558
-0.417335 -0.250644 -0.050534
-0.480729 -0.196656 -0.052407
-0.544554 -0.141039 -0.054142
-0.607589 -0.084657 -0.055693
-0.669179 -0.027787 -0.057044
-0.727772 0.028417 -0.058180
-0.783127 0.084140 -0.059124
-0.833805 0.138232 -0.059881
-0.880174 0.191341 -0.060482
-0.921214 0.242479 -0.060943
-0.957529 0.292292 -0.061289
-0.988827 0.340204 -0.061532
-1.015689 0.386505 -0.061690
-1.038337 0.430838 -0.061770
-1.057454 0.473537 -0.061775
-1.073529 0.514465 -0.061705
-1.087172 0.553918 -0.061553
-1.098693 0.591672 -0.061310
-1.108427 0.627873 -0.060965
-1.116455 0.662475 -0.060504
-1.122741 0.695441 -0.059918
-1.127130 0.726813 -0.059196
-1.129361 0.756523 -0.058330
-1.129189 0.784694 -0.057318
-1.126377 0.811427 -0.056158
-1.120754 0.836859 -0.054848
-1.112217 0.861193 -0.053391
-1.100766 0.884614 -0.051789
-1.086480 0.907306 -0.050039
-1.069518 0.929385 -0.048141
-1.050097 0.950925 -0.046091
-1.028485 0.971916 -0.043881
-1.005055 0.992220 -0.041499
-0.980050 1.011731 -0.038927
-0.954024 1.030087 -0.036163
-0.927087 1.047168 -0.033158
-0.900052 1.062411 -0.029934
-0.872879 1.075699 -0.026393
-0.845963 1.086580 -0.022609
-0.819161 1.094856 -0.018553
-0.792600 1.100096 -0.014153
-0.765634 1.101930 -0.009436
-0.737875 1.100069 -0.004511
-0.708350 1.094085 0.000732
-0.676692 1.083584 0.006146
-0.641851 1.068051 0.011691
-0.603938 1.047356 0.017316
-0.562326 1.020895 0.023028
-0.517225 0.988518 0.028615
-0.468436 0.949790 0.034063
-0.416632 0.904820 0.039284
-0.362276 0.853710 0.044182
-0.305319 0.796054 0.048666
-0.246973 0.732983 0.052584
-0.187125 0.664352 0.055946
-0.126907 0.591594 0.058597
-0.066768 0.515714 0.060489
-0.007286 0.437899 0.061611
0.050868 0.359674 0.061914
0.107728 0.281655 0.061417
0.162401 0.205671 0.060174
0.214696 0.132508 0.058257
0.264462 0.062760 0.055763
0.311100 -0.002485 0.052802
0.354989 -0.063554 0.049456
0.395551 -0.119529 0.045926
0.433351 -0.171109 0.042244
0.467670 -0.217251 0.038563
0.499095 -0.258749 0.034931
0.527269 -0.295176 0.031469
0.552843 -0.327466 0.028186
0.575552 -0.355421 0.025195
0.595813 -0.379725 0.022428
0.613361 -0.400205 0.019907
0.628474 -0.417351 0.017596
0.641120 -0.431246 0.015470
0.651256 -0.441946 0.013482
0.658730 -0.449351 0.011555
0.663331 -0.453269 0.009636
0.664927 -0.453534 0.007675
0.663416 -0.449912 0.005639
0.658829 -0.442209 0.003512
0.651300 -0.430181 0.001284
0.641166 -0.413716 -0.001020
0.628870 -0.392699 -0.003385
0.614994 -0.367141 -0.005768
0.600172 -0.337133 -0.008119
0.585074 -0.302902 -0.010395
0.570378 -0.264900 -0.012544
0.556683 -0.223758 -0.014523
0.544498 -0.180358 -0.016293
0.534199 -0.135877 -0.017825
0.525979 -0.091610 -0.019105
0.519867 -0.049141 -0.020130
0.515682 -0.009906 -0.020914
0.513120 0.024484 -0.021483
0.511762 0.052791 -0.021871
0.511186 0.073871 -0.022115
0.511010 0.086596 -0.022245
0.510982 0.091891 -0.022293
VECTORS q1 float
0.960490 -0.052428 -0.273333
0.960936 -0.051914 -0.271860
0.962256 -0.050377 -0.267442
0.964378 -0.047878 -0.260158
0.967175 -0.044539 -0.250178
0.970501 -0.040484 -0.237674
0.974181 -0.035875 -0.222902
0.978020 -0.030907 -0.206209
0.981764 -0.025918 -0.188329
0.985290 -0.021026 -0.169591
0.988443 -0.016460 -0.150699
0.991124 -0.012398 -0.132362
0.993306 -0.008926 -0.115169
0.994994 -0.006116 -0.099745
0.996210 -0.004084 -0.086884
0.997018 -0.002869 -0.077121
0.997469 -0.002577 -0.071055
0.997600 -0.003340 -0.069164
0.997403 -0.005342 -0.071820
0.996815 -0.008830 -0.079256
0.995693 -0.014120 -0.091634
0.993824 -0.021564 -0.108855
0.990911 -0.031574 -0.130762
0.986579 -0.044598 -0.157076
0.980419 -0.061035 -0.187227
0.971974 -0.081283 -0.220588
0.960856 -0.105543 -0.256157
0.946786 -0.133798 -0.292737
0.929535 -0.165962 -0.329272
0.909135 -0.201566 -0.364478
0.885813 -0.239917 -0.397210
0.859765 -0.280455 -0.426790
0.831434 -0.322339 -0.452565
0.801108 -0.365019 -0.474329
0.769717 -0.407173 -0.491677
0.737068 -0.448996 -0.505106
0.704225 -0.489157 -0.514580
0.670878 -0.528032 -0.520678
0.637756 -0.564812 -0.523694
0.604675 -0.599746 -0.524093
0.572027 -0.632482 -0.522256
0.539957 -0.662970 -0.518572
0.508577 -0.691214 -0.513394
0.477645 -0.717529 -0.506958
0.447548 -0.741698 -0.499585
0.418082 -0.764001 -0.491437
0.389460 -0.784391 -0.482755
0.361755 -0.802937 -0.473735
0.334882 -0.819815 -0.464497
0.309063 -0.834991 -0.455268
0.284262 -0.848602 -0.446173
0.260431 -0.860772 -0.437318
0.237521 -0.871617 -0.428798
0.215417 -0.881269 -0.420667
0.193978 -0.889854 -0.412955
0.173023 -0.897498 -0.405660
0.152430 -0.904281 -0.398800
0.132088 -0.910266 -0.392388
0.111948 -0.915488 -0.386456
0.092034 -0.919957 -0.381063
0.072468 -0.923662 -0.376293
0.053468 -0.926588 -0.372258
0.035203 -0.928758 -0.369012
0.018164 -0.930147 -0.366739
0.002481 -0.930844 -0.365408
-0.011164 -0.930846 -0.365241
-0.022706 -0.930301 -0.366094
-0.031715 -0.929288 -0.367993
-0.037701 -0.927871 -0.370990
-0.040324 -0.926156 -0.374978
-0.039170 -0.924261 -0.379746
-0.033869 -0.922199 -0.385231
-0.023845 -0.920049 -0.391076
-0.008652 -0.917817 -0.396908
0.012108 -0.915464 -0.402218
0.038462 -0.912872 -0.406430
0.071254 -0.909936 -0.408582
0.110144 -0.906402 -0.407803
0.154920 -0.901971 -0.403049
0.205091 -0.896274 -0.393232
0.259817 -0.888894 -0.377310
0.318514 -0.879324 -0.354031
0.378215 -0.867336 -0.323545
0.438454 -0.852438 -0.284794
0.496461 -0.834638 -0.238549
0.549669 -0.814326 -0.186378
0.597665 -0.791409 -0.128331
0.638556 -0.766677 -0.066732
0.671703 -0.740813 -0.003361
0.697033 -0.714515 0.060114
0.714923 -0.688436 0.122230
0.726083 -0.663138 0.181800
0.731330 -0.639427 0.237254
0.731911 -0.616952 0.289269
0.728707 -0.596592 0.336250
0.722768 -0.578160 0.378600
0.715019 -0.561970 0.415858
0.706205 -0.547714 0.448647
0.697004 -0.535524 0.476864
0.687762 -0.524857 0.501506
0.678955 -0.515970 0.522297
0.670787 -0.508584 0.539803
0.663454 -0.502646 0.554234
0.657070 -0.498051 0.565866
0.651745 -0.494784 0.574820
0.647626 -0.492967 0.581003
0.644823 -0.492682 0.584353
0.643432 -0.494032 0.584746
0.643523 -0.497128 0.582015
0.645134 -0.502076 0.575953
0.648216 -0.508953 0.566377
0.652701 -0.517828 0.553024
0.658361 -0.528667 0.535790
0.664949 -0.541408 0.514509
0.672135 -0.555906 0.489084
0.679496 -0.571881 0.459605
0.686599 -0.588964 0.426266
0.692993 -0.606649 0.389535
0.698286 -0.624345 0.350128
0.702192 -0.641416 0.309051
0.704571 -0.657217 0.267668
0.705486 -0.671256 0.227385
0.705168 -0.683130 0.189926
0.703996 -0.692694 0.156729
0.702426 -0.699903 0.129356
0.700908 -0.704895 0.108861
0.699832 -0.707791 0.096267
0.699443 -0.708742 0.091997
VECTORS q2 float
-0.062263 0.916729 -0.394628
-0.061735 0.917301 -0.393380
-0.060173 0.919010 -0.389614
-0.057650 0.921803 -0.383347
-0.054291 0.925570 -0.374664
-0.050253 0.930183 -0.363641
-0.045739 0.935462 -0.350456
-0.040980 0.941176 -0.335424
-0.036252 0.946958 -0.319305
-0.031746 0.952607 -0.302543
-0.027656 0.957825 -0.286019
-0.024108 0.962371 -0.270669
-0.021155 0.966091 -0.257335
-0.018793 0.968866 -0.246872
-0.016968 0.970582 -0.240172
-0.015603 0.971178 -0.237843
-0.014617 0.970565 -0.240394
-0.013962 0.968621 -0.248149
-0.013644 0.965168 -0.261275
-0.013740 0.959969 -0.279770
-0.014435 0.952674 -0.303652
-0.015970 0.942935 -0.332595
-0.018697 0.930303 -0.366314
-0.023061 0.914279 -0.404429
-0.029531 0.894434 -0.446224
-0.038641 0.870323 -0.490963
-0.050820 0.841760 -0.537454
-0.066351 0.808834 -0.584281
-0.085447 0.771728 -0.630187
-0.107960 0.731141 -0.673630
-0.133465 0.688087 -0.713248
-0.161520 0.643480 -0.748228
-0.191332 0.598602 -0.777861
-0.222238 0.554432 -0.802007
-0.252869 0.512726 -0.820469
-0.283033 0.473615 -0.834015
-0.311376 0.438569 -0.843032
-0.337898 0.407342 -0.848468
-0.361846 0.380512 -0.851045
-0.383315 0.357670 -0.851552
-0.402135 0.338691 -0.850633
-0.418428 0.323152 -0.848817
-0.432424 0.310565 -0.846498
-0.444547 0.300324 -0.843910
-0.454959 0.292107 -0.841240
-0.463996 0.285492 -0.838571
-0.471767 0.280274 -0.835992
-0.478314 0.276318 -0.833585
-0.483593 0.273548 -0.831450
-0.487397 0.271998 -0.829736
-0.489500 0.271685 -0.828599
-0.489644 0.272628 -0.828205
-0.487590 0.274811 -0.828694
-0.483141 0.278180 -0.830175
-0.476157 0.282636 -0.832701
-0.466561 0.288042 -0.836273
-0.454367 0.294224 -0.840823
-0.439641 0.300991 -0.846239
-0.422506 0.308147 -0.852370
-0.403151 0.315494 -0.859030
-0.381832 0.322849 -0.866010
-0.358866 0.330055 -0.873086
-0.334444 0.337003 -0.880100
-0.309194 0.343594 -0.886759
-0.283118 0.349805 -0.893018
-0.257174 0.355649 -0.898541
-0.230940 0.361165 -0.903453
-0.204604 0.366417 -0.907676
-0.178448 0.371538 -0.911107
-0.151944 0.376603 -0.913829
-0.124028 0.381596 -0.915970
-0.094824 0.386678 -0.917327
-0.063077 0.391793 -0.917889
-0.028298 0.396989 -0.917387
0.009825 0.402337 -0.915439
0.050882 0.407992 -0.911566
0.095739 0.413971 -0.905241
0.143442 0.420500 -0.895882
0.193360 0.427767 -0.882965
0.244707 0.435969 -0.866054
0.296566 0.445296 -0.844843
0.348566 0.455963 -0.818901
0.398349 0.467980 -0.788868
0.446206 0.481528 -0.754342
0.490566 0.496480 -0.716137
0.530202 0.512482 -0.675461
0.565582 0.529628 -0.632148
0.595893 0.547452 -0.587544
0.621102 0.565622 -0.542498
0.641388 0.583816 -0.497776
0.657074 0.601738 -0.454055
0.668591 0.619128 -0.411907
0.676419 0.635511 -0.372267
0.681163 0.651240 -0.334521
0.683345 0.665719 -0.299763
0.683471 0.679121 -0.267696
0.682091 0.691210 -0.238707
0.679556 0.702195 -0.212426
0.676331 0.711923 -0.189056
0.672528 0.720754 -0.167987
0.668617 0.728407 -0.149579
0.664752 0.735034 -0.133530
0.661171 0.740610 -0.119790
0.658032 0.745172 -0.108224
0.655516 0.748691 -0.098796
0.653877 0.751033 -0.091622
0.653296 0.752113 -0.086775
0.653921 0.751848 -0.084338
0.655828 0.750181 -0.084370
0.659000 0.747108 -0.086880
0.663311 0.742697 -0.091761
0.668538 0.737076 -0.098868
0.674357 0.730486 -0.107853
0.680417 0.723205 -0.118352
0.686362 0.715561 -0.129921
0.691866 0.707921 -0.142021
0.696681 0.700631 -0.154116
0.700652 0.694006 -0.165657
0.703729 0.688284 -0.176155
0.705957 0.683609 -0.185212
0.707462 0.680017 -0.192545
0.708410 0.677436 -0.198078
0.708976 0.675721 -0.201879
0.709305 0.674673 -0.204211
0.709504 0.674096 -0.205424
0.709628 0.673814 -0.205919
0.709701 0.673697 -0.206050
0.709726 0.673666 -0.206065
VECTORS q3 float
0.271261 0.396055 0.877244
0.269799 0.394796 0.878262
0.265410 0.391001 0.881292
0.258168 0.384690 0.886207
0.248245 0.375948 0.892770
0.235802 0.364858 0.900709
0.221089 0.351603 0.909668
0.204446 0.336501 0.919222
0.186616 0.320310 0.928750
0.167915 0.303477 0.937927
0.149051 0.286881 0.946300
0.130737 0.271457 0.953530
0.113561 0.258049 0.959435
0.098150 0.247511 0.963901
0.085309 0.240736 0.966834
0.075581 0.238337 0.968237
0.069583 0.240824 0.968071
0.067822 0.248519 0.966250
0.070714 0.261576 0.962589
0.078554 0.279968 0.956790
0.091585 0.303667 0.948366
0.109815 0.332279 0.936767
0.133215 0.365429 0.921257
0.161648 0.402623 0.900980
0.194697 0.443015 0.875117
0.231890 0.485727 0.842791
0.272348 0.529434 0.803447
0.314951 0.572613 0.756915
0.358696 0.613916 0.703167
0.402265 0.651770 0.642945
0.444436 0.684818 0.577496
0.484475 0.712235 0.507942
0.521642 0.733330 0.436024
0.555731 0.747908 0.363039
0.586169 0.755858 0.291692
0.613696 0.757688 0.222006
0.638054 0.753911 0.156539
0.660112 0.745154 0.094856
0.679952 0.732255 0.038299
0.698167 0.715805 -0.013618
0.714893 0.696602 -0.060603
0.730318 0.675310 -0.102918
0.744553 0.652513 -0.140952
0.757782 0.628456 -0.175527
0.769879 0.603786 -0.206710
0.780971 0.578616 -0.235134
0.791048 0.553333 -0.260894
0.800218 0.528148 -0.284097
0.808698 0.503065 -0.304850
0.816654 0.478337 -0.322908
0.824370 0.453941 -0.338161
0.832120 0.429820 -0.350471
0.840142 0.405910 -0.359719
0.848629 0.382075 -0.365853
0.857699 0.358157 -0.368885
0.867401 0.333960 -0.368899
0.877676 0.309368 -0.366027
0.888408 0.284288 -0.360433
0.899420 0.258701 -0.352303
0.910494 0.232686 -0.341846
0.921387 0.206438 -0.329287
0.931857 0.180273 -0.314873
0.941758 0.154396 -0.298754
0.950826 0.129501 -0.281354
0.959082 0.105669 -0.262670
0.966301 0.083899 -0.243359
0.972703 0.064032 -0.223044
0.978331 0.046506 -0.201756
0.983227 0.031852 -0.179584
0.987566 0.020126 -0.155910
0.991505 0.011221 -0.129581
0.994918 0.005460 -0.100543
0.997724 0.002781 -0.067377
0.999562 0.003295 -0.029407
0.999878 0.007133 0.013866
0.997964 0.014380 0.062141
0.992853 0.025384 0.116614
0.983510 0.040180 0.176331
0.968820 0.058855 0.240675
0.947658 0.081393 0.308738
0.918991 0.107608 0.379311
0.881505 0.137428 0.451733
0.835627 0.169478 0.522499
0.780166 0.203667 0.591490
0.716151 0.238510 0.655928
0.645561 0.272462 0.713453
0.568255 0.305231 0.764147
0.486989 0.335414 0.806436
0.403790 0.362310 0.840050
0.320572 0.385522 0.865220
0.239038 0.404929 0.882550
0.160594 0.420629 0.892906
0.087260 0.432733 0.897289
0.018000 0.441879 0.896894
-0.045012 0.448214 0.892792
-0.102344 0.452244 0.886003
-0.153299 0.454333 0.877543
-0.198690 0.454897 0.868096
-0.238247 0.454290 0.858405
-0.273293 0.452812 0.848689
-0.303267 0.450775 0.839542
-0.328862 0.448405 0.831133
-0.350259 0.445918 0.823696
-0.367766 0.443469 0.817363
-0.381480 0.441193 0.812294
-0.391185 0.439241 0.808728
-0.396747 0.437710 0.806847
-0.397975 0.436644 0.806820
-0.394674 0.435996 0.808789
-0.386678 0.435603 0.812853
-0.373944 0.435165 0.819022
-0.356424 0.434249 0.827278
-0.334369 0.432320 0.837434
-0.308019 0.428779 0.849278
-0.277745 0.423013 0.862506
-0.244145 0.414488 0.876694
-0.207886 0.402787 0.891373
-0.169844 0.387728 0.905991
-0.131006 0.369402 0.919989
-0.092472 0.348231 0.932837
-0.055475 0.325027 0.944076
-0.021078 0.300823 0.953447
0.009572 0.277011 0.960819
0.035715 0.254933 0.966299
0.056578 0.236074 0.970087
0.071800 0.221581 0.972495
0.080986 0.212522 0.973795
0.084071 0.209424 0.974204
