# vtk DataFile Version 2.0
VTK example
ASCII
DATASET UNSTRUCTURED_GRID
POINTS  128  float
-0.000082 -0.000112 -0.000208
-0.000077 -0.000106 -0.000205
-0.000072 -0.000099 -0.000202
-0.000067 -0.000092 -0.000198
-0.000062 -0.000086 -0.000195
-0.000057 -0.000079 -0.000191
-0.000052 -0.000073 -0.000187
-0.000047 -0.000066 -0.000183
-0.000042 -0.000060 -0.000178
-0.000038 -0.000054 -0.000173
-0.000034 -0.000049 -0.000167
-0.000030 -0.000044 -0.000161
-0.000026 -0.000039 -0.000154
-0.000022 -0.000034 -0.000147
-0.000019 -0.000030 -0.000140
-0.000017 -0.000026 -0.000132
-0.000014 -0.000022 -0.000124
-0.000012 -0.000019 -0.000116
-0.000010 -0.000016 -0.000108
-0.000009 -0.000013 -0.000099
-0.000008 -0.000011 -0.000091
-0.000007 -0.000008 -0.000082
-0.000006 -0.000006 -0.000073
-0.000005 -0.000004 -0.000064
-0.000005 -0.000001 -0.000056
-0.000004 0.000001 -0.000047
-0.000004 0.000004 -0.000038
-0.000003 0.000006 -0.000030
-0.000002 0.000009 -0.000021
-0.000001 0.000012 -0.000013
0.000000 0.000015 -0.000004
0.000002 0.000019 0.000004
0.000004 0.000023 0.000012
0.000006 0.000027 0.000020
0.000008 0.000032 0.000027
0.000011 0.000036 0.000034
0.000014 0.000042 0.000041
0.000018 0.000047 0.000047
0.000022 0.000053 0.000053
0.000026 0.000059 0.000058
0.000031 0.000065 0.000062
0.000036 0.000072 0.000066
0.000041 0.000078 0.000069
0.000047 0.000085 0.000072
0.000053 0.000092 0.000074
0.000059 0.000099 0.000075
0.000065 0.000105 0.000076
0.000071 0.000112 0.000076
0.000077 0.000118 0.000076
0.000084 0.000124 0.000075
0.000091 0.000130 0.000074
0.000097 0.000136 0.000072
0.000104 0.000142 0.000070
0.000111 0.000147 0.000068
0.000118 0.000152 0.000066
0.000126 0.000157 0.000064
0.000133 0.000162 0.000061
0.000141 0.000166 0.000058
0.000148 0.000170 0.000056
0.000156 0.000174 0.000053
0.000164 0.000177 0.000050
0.000172 0.000180 0.000048
0.000180 0.000184 0.000045
0.000188 0.000186 0.000042
0.000196 0.000189 0.000040
0.000205 0.000191 0.000037
0.000213 0.000193 0.000034
0.000222 0.000195 0.000032
0.000230 0.000196 0.000029
0.000239 0.000197 0.000026
0.000247 0.000199 0.000024
0.000256 0.000199 0.000021
0.000265 0.000200 0.000019
0.000273 0.000201 0.000016
0.000282 0.000201 0.000014
0.000291 0.000201 0.000012
0.000300 0.000201 0.000010
0.000309 0.000201 0.000008
0.000318 0.000202 0.000006
0.000327 0.000202 0.000005
0.000336 0.000202 0.000004
0.000345 0.000202 0.000004
0.000354 0.000202 0.000004
0.000363 0.000202 0.000004
0.000372 0.000202 0.000005
0.000381 0.000203 0.000007
0.000389 0.000203 0.000010
0.000398 0.000204 0.000013
0.000406 0.000205 0.000017
0.000413 0.000207 0.000021
0.000421 0.000209 0.000027
0.000427 0.000211 0.000032
0.000433 0.000213 0.000039
0.000438 0.000216 0.000046
0.000442 0.000219 0.000053
0.000446 0.000222 0.000061
0.000449 0.000226 0.000069
0.000451 0.000229 0.000077
0.000452 0.000233 0.000085
0.000453 0.000237 0.000093
0.000453 0.000241 0.000101
0.000452 0.000245 0.000110
0.000452 0.000249 0.000118
0.000450 0.000253 0.000126
0.000449 0.000257 0.000134
0.000447 0.000261 0.000141
0.000444 0.000265 0.000149
0.000442 0.000270 0.000157
0.000439 0.000274 0.000164
0.000436 0.000279 0.000171
0.000434 0.000283 0.000179
0.000430 0.000288 0.000186
0.000427 0.000292 0.000193
0.000424 0.000297 0.000200
0.000421 0.000301 0.000207
0.000417 0.000306 0.000214
0.000414 0.000310 0.000222
0.000411 0.000314 0.000229
0.000407 0.000318 0.000236
0.000404 0.000323 0.000244
0.000401 0.000327 0.000251
0.000398 0.000330 0.000259
0.000395 0.000334 0.000266
0.000391 0.000338 0.000274
0.000388 0.000341 0.000282
0.000385 0.000344 0.000290
0.000382 0.000348 0.000297
0.000379 0.000351 0.000305
CELLS  127 381
2 0 1 
2 1 2 
2 2 3 
2 3 4 
2 4 5 
2 5 6 
2 6 7 
2 7 8 
2 8 9 
2 9 10 
2 10 11 
2 11 12 
2 12 13 
2 13 14 
2 14 15 
2 15 16 
2 16 17 
2 17 18 
2 18 19 
2 19 20 
2 20 21 
2 21 22 
2 22 23 
2 23 24 
2 24 25 
2 25 26 
2 26 27 
2 27 28 
2 28 29 
2 29 30 
2 30 31 
2 31 32 
2 32 33 
2 33 34 
2 34 35 
2 35 36 
2 36 37 
2 37 38 
2 38 39 
2 39 40 
2 40 41 
2 41 42 
2 42 43 
2 43 44 
2 44 45 
2 45 46 
2 46 47 
2 47 48 
2 48 49 
2 49 50 
2 50 51 
2 51 52 
2 52 53 
2 53 54 
2 54 55 
2 55 56 
2 56 57 
2 57 58 
2 58 59 
2 59 60 
2 60 61 
2 61 62 
2 62 63 
2 63 64 
2 64 65 
2 65 66 
2 66 67 
2 67 68 
2 68 69 
2 69 70 
2 70 71 
2 71 72 
2 72 73 
2 73 74 
2 74 75 
2 75 76 
2 76 77 
2 77 78 
2 78 79 
2 79 80 
2 80 81 
2 81 82 
2 82 83 
2 83 84 
2 84 85 
2 85 86 
2 86 87 
2 87 88 
2 88 89 
2 89 90 
2 90 91 
2 91 92 
2 92 93 
2 93 94 
2 94 95 
2 95 96 
2 96 97 
2 97 98 
2 98 99 
2 99 100 
2 100 101 
2 101 102 
2 102 103 
2 103 104 
2 104 105 
2 105 106 
2 106 107 
2 107 108 
2 108 109 
2 109 110 
2 110 111 
2 111 112 
2 112 113 
2 113 114 
2 114 115 
2 115 116 
2 116 117 
2 117 118 
2 118 119 
2 119 120 
2 120 121 
2 121 122 
2 122 123 
2 123 124 
2 124 125 
2 125 126 
2 126 127 
CELL_TYPES  127
3
3
3
3
3
3
3
3
3
3
3
3
3
3
3
3
3
3
3
3
3
3
3
3
3
3
3
3
3
3
3
3
3
3
3
3
3
3
3
3
3
3
3
3
3
3
3
3
3
3
3
3
3
3
3
3
3
3
3
3
3
3
3
3
3
3
3
3
3
3
3
3
3
3
3
3
3
3
3
3
3
3
3
3
3
3
3
3
3
3
3
3
3
3
3
3
3
3
3
3
3
3
3
3
3
3
3
3
3
3
3
3
3
3
3
3
3
3
3
3
3
3
3
3
3
3
3
POINT_DATA  128
VECTORS Position float
-0.000082 -0.000112 -0.000208
-0.000077 -0.000106 -0.000205
-0.000072 -0.000099 -0.000202
-0.000067 -0.000092 -0.000198
-0.000062 -0.000086 -0.000195
-0.000057 -0.000079 -0.000191
-0.000052 -0.000073 -0.000187
-0.000047 -0.000066 -0.000183
-0.000042 -0.000060 -0.000178
-0.000038 -0.000054 -0.000173
-0.000034 -0.000049 -0.000167
-0.000030 -0.000044 -0.000161
-0.000026 -0.000039 -0.000154
-0.000022 -0.000034 -0.000147
-0.000019 -0.000030 -0.000140
-0.000017 -0.000026 -0.000132
-0.000014 -0.000022 -0.000124
-0.000012 -0.000019 -0.000116
-0.000010 -0.000016 -0.000108
-0.000009 -0.000013 -0.000099
-0.000008 -0.000011 -0.000091
-0.000007 -0.000008 -0.000082
-0.000006 -0.000006 -0.000073
-0.000005 -0.000004 -0.000064
-0.000005 -0.000001 -0.000056
-0.000004 0.000001 -0.000047
-0.000004 0.000004 -0.000038
-0.000003 0.000006 -0.000030
-0.000002 0.000009 -0.000021
-0.000001 0.000012 -0.000013
0.000000 0.000015 -0.000004
0.000002 0.000019 0.000004
0.000004 0.000023 0.000012
0.000006 0.000027 0.000020
0.000008 0.000032 0.000027
0.000011 0.000036 0.000034
0.000014 0.000042 0.000041
0.000018 0.000047 0.000047
0.000022 0.000053 0.000053
0.000026 0.000059 0.000058
0.000031 0.000065 0.000062
0.000036 0.000072 0.000066
0.000041 0.000078 0.000069
0.000047 0.000085 0.000072
0.000053 0.000092 0.000074
0.000059 0.000099 0.000075
0.000065 0.000105 0.000076
0.000071 0.000112 0.000076
0.000077 0.000118 0.000076
0.000084 0.000124 0.000075
0.000091 0.000130 0.000074
0.000097 0.000136 0.000072
0.000104 0.000142 0.000070
0.000111 0.000147 0.000068
0.000118 0.000152 0.000066
0.000126 0.000157 0.000064
0.000133 0.000162 0.000061
0.000141 0.000166 0.000058
0.000148 0.000170 0.000056
0.000156 0.000174 0.000053
0.000164 0.000177 0.000050
0.000172 0.000180 0.000048
0.000180 0.000184 0.000045
0.000188 0.000186 0.000042
0.000196 0.000189 0.000040
0.000205 0.000191 0.000037
0.000213 0.000193 0.000034
0.000222 0.000195 0.000032
0.000230 0.000196 0.000029
0.000239 0.000197 0.000026
0.000247 0.000199 0.000024
0.000256 0.000199 0.000021
0.000265 0.000200 0.000019
0.000273 0.000201 0.000016
0.000282 0.000201 0.000014
0.000291 0.000201 0.000012
0.000300 0.000201 0.000010
0.000309 0.000201 0.000008
0.000318 0.000202 0.000006
0.000327 0.000202 0.000005
0.000336 0.000202 0.000004
0.000345 0.000202 0.000004
0.000354 0.000202 0.000004
0.000363 0.000202 0.000004
0.000372 0.000202 0.000005
0.000381 0.000203 0.000007
0.000389 0.000203 0.000010
0.000398 0.000204 0.000013
0.000406 0.000205 0.000017
0.000413 0.000207 0.000021
0.000421 0.000209 0.000027
0.000427 0.000211 0.000032
0.000433 0.000213 0.000039
0.000438 0.000216 0.000046
0.000442 0.000219 0.000053
0.000446 0.000222 0.000061
0.000449 0.000226 0.000069
0.000451 0.000229 0.000077
0.000452 0.000233 0.000085
0.000453 0.000237 0.000093
0.000453 0.000241 0.000101
0.000452 0.000245 0.000110
0.000452 0.000249 0.000118
0.000450 0.000253 0.000126
0.000449 0.000257 0.000134
0.000447 0.000261 0.000141
0.000444 0.000265 0.000149
0.000442 0.000270 0.000157
0.000439 0.000274 0.000164
0.000436 0.000279 0.000171
0.000434 0.000283 0.000179
0.000430 0.000288 0.000186
0.000427 0.000292 0.000193
0.000424 0.000297 0.000200
0.000421 0.000301 0.000207
0.000417 0.000306 0.000214
0.000414 0.000310 0.000222
0.000411 0.000314 0.000229
0.000407 0.000318 0.000236
0.000404 0.000323 0.000244
0.000401 0.000327 0.000251
0.000398 0.000330 0.000259
0.000395 0.000334 0.000266
0.000391 0.000338 0.000274
0.000388 0.000341 0.000282
0.000385 0.000344 0.000290
0.000382 0.000348 0.000297
0.000379 0.000351 0.000305
VECTORS Rotation float
0.537595 0.848447 -1.019291
0.533909 0.846367 -1.014494
0.522916 0.840105 -1.000120
0.504979 0.829702 -0.976466
0.480760 0.815250 -0.944119
0.450928 0.796699 -0.903576
0.416370 0.773970 -0.855553
0.378194 0.746982 -0.801021
0.338313 0.716247 -0.742157
0.297596 0.681573 -0.679648
0.257630 0.643517 -0.615386
0.219724 0.602810 -0.551073
0.184653 0.560072 -0.487771
0.153016 0.516139 -0.426492
0.125467 0.472529 -0.368748
0.101906 0.430133 -0.314876
0.082293 0.390261 -0.265599
0.066342 0.354020 -0.221320
0.053672 0.322368 -0.182316
0.043892 0.296151 -0.148874
0.036547 0.275795 -0.120979
0.031335 0.261744 -0.098907
0.027967 0.254067 -0.082695
0.026249 0.252640 -0.072341
0.026101 0.257213 -0.067877
0.027536 0.267453 -0.069287
0.030670 0.282956 -0.076572
0.035705 0.303282 -0.089713
0.042938 0.328127 -0.108791
0.052728 0.357072 -0.133829
0.065491 0.389679 -0.164863
0.081782 0.425703 -0.202199
0.102161 0.464618 -0.245998
0.127375 0.506056 -0.296789
0.157733 0.548700 -0.354106
0.194447 0.592534 -0.419413
0.237425 0.635665 -0.491656
0.287907 0.677792 -0.572399
0.345510 0.717104 -0.660548
0.410799 0.752790 -0.756817
0.482762 0.783316 -0.859742
0.560051 0.807550 -0.967738
0.640618 0.824610 -1.078514
0.722741 0.834056 -1.190408
0.802724 0.835601 -1.299167
0.878518 0.829523 -1.402730
0.947441 0.816455 -1.498019
1.007935 0.797323 -1.583208
1.059562 0.773058 -1.657732
1.101908 0.744910 -1.720806
1.135593 0.713891 -1.772897
1.161498 0.680940 -1.814756
1.180620 0.646924 -1.847282
1.194040 0.612527 -1.871541
1.202806 0.578270 -1.888643
1.207900 0.544461 -1.899721
1.210177 0.511328 -1.905847
1.210392 0.478921 -1.908059
1.209178 0.447182 -1.907324
1.207044 0.415990 -1.904511
1.204387 0.385221 -1.900383
1.201497 0.354786 -1.895586
1.198563 0.324430 -1.890594
1.195691 0.294475 -1.885813
1.192913 0.264570 -1.881386
1.190200 0.235590 -1.877492
1.187519 0.207026 -1.873985
1.184807 0.179282 -1.870723
1.181972 0.153088 -1.867498
1.178970 0.128539 -1.863953
1.175817 0.105406 -1.859606
1.172445 0.084554 -1.854089
1.168919 0.065709 -1.846722
1.165275 0.049063 -1.836884
1.161567 0.034748 -1.823915
1.157822 0.023004 -1.807336
1.154171 0.013590 -1.786103
1.150637 0.006690 -1.759890
1.147248 0.002384 -1.728235
1.144001 0.000801 -1.690769
1.140847 0.002135 -1.647232
1.137705 0.006686 -1.596907
1.134329 0.014655 -1.540977
1.130505 0.026569 -1.478093
1.125854 0.042608 -1.409099
1.119972 0.062748 -1.335078
1.112305 0.087496 -1.254517
1.102321 0.116332 -1.168729
1.089476 0.148705 -1.078151
1.073284 0.183746 -0.983311
1.053404 0.220285 -0.884911
1.029718 0.256936 -0.783857
1.002768 0.291847 -0.682535
0.972356 0.324549 -0.579780
0.940034 0.353212 -0.479569
0.906410 0.377643 -0.382172
0.872988 0.397486 -0.290145
0.840278 0.413396 -0.203430
0.809466 0.425932 -0.123823
0.780168 0.436308 -0.049674
0.753456 0.445168 0.017089
0.729013 0.453435 0.077513
0.706830 0.461657 0.131822
0.686563 0.470199 0.180872
0.667941 0.479140 0.225305
0.651059 0.488220 0.265026
0.635835 0.497121 0.300305
0.622267 0.505434 0.331271
0.610389 0.512735 0.357999
0.600235 0.518643 0.380568
0.591911 0.522795 0.398927
0.585391 0.524936 0.413259
0.580709 0.524841 0.423619
0.577782 0.522373 0.430256
0.576478 0.517459 0.433478
0.576624 0.510114 0.433649
0.577999 0.500430 0.431202
0.580350 0.488616 0.426611
0.583411 0.474989 0.420378
0.586913 0.460000 0.413021
0.590592 0.444253 0.405068
0.594222 0.428395 0.396998
0.597595 0.413226 0.389298
0.600559 0.399459 0.382357
0.602977 0.387882 0.376567
0.604769 0.379078 0.372193
0.605863 0.373609 0.369488
0.606233 0.371744 0.368567
VECTORS ControlForce float
-0.000000 -0.000000 0.000000
-0.000121 0.000139 0.000119
-0.000210 0.000273 0.000239
-0.000252 0.000390 0.000349
-0.000215 0.000515 0.000430
-0.000101 0.000646 0.000483
0.000057 0.000752 0.000520
0.000255 0.000853 0.000533
0.000469 0.000943 0.000515
0.000662 0.000999 0.000478
0.000818 0.001026 0.000425
0.000932 0.001041 0.000354
0.000991 0.001040 0.000278
0.000998 0.001027 0.000204
0.000955 0.000991 0.000139
0.000870 0.000917 0.000098
0.000760 0.000806 0.000080
0.000648 0.000671 0.000065
0.000536 0.000507 0.000056
0.000421 0.000311 0.000070
0.000310 0.000104 0.000100
0.000206 -0.000085 0.000128
0.000114 -0.000235 0.000154
0.000035 -0.000339 0.000191
-0.000027 -0.000385 0.000225
-0.000071 -0.000375 0.000247
-0.000102 -0.000328 0.000265
-0.000127 -0.000266 0.000279
-0.000149 -0.000201 0.000285
-0.000172 -0.000152 0.000285
-0.000197 -0.000131 0.000285
-0.000218 -0.000126 0.000273
-0.000233 -0.000128 0.000251
-0.000246 -0.000144 0.000228
-0.000260 -0.000176 0.000203
-0.000268 -0.000212 0.000173
-0.000262 -0.000246 0.000129
-0.000245 -0.000287 0.000086
-0.000210 -0.000329 0.000041
-0.000163 -0.000381 0.000005
-0.000104 -0.000434 -0.000029
-0.000030 -0.000470 -0.000066
0.000056 -0.000468 -0.000101
0.000125 -0.000446 -0.000120
0.000157 -0.000412 -0.000126
0.000147 -0.000363 -0.000125
0.000103 -0.000289 -0.000124
0.000040 -0.000190 -0.000124
-0.000015 -0.000052 -0.000124
-0.000057 0.000094 -0.000126
-0.000089 0.000213 -0.000129
-0.000086 0.000324 -0.000131
-0.000051 0.000413 -0.000130
0.000016 0.000482 -0.000125
0.000107 0.000536 -0.000115
0.000204 0.000568 -0.000101
0.000294 0.000578 -0.000086
0.000358 0.000561 -0.000071
0.000379 0.000512 -0.000061
0.000368 0.000470 -0.000051
0.000307 0.000409 -0.000049
0.000203 0.000334 -0.000056
0.000077 0.000255 -0.000067
-0.000050 0.000179 -0.000085
-0.000159 0.000102 -0.000106
-0.000248 0.000013 -0.000135
-0.000314 -0.000085 -0.000155
-0.000348 -0.000157 -0.000164
-0.000363 -0.000220 -0.000181
-0.000375 -0.000302 -0.000201
-0.000377 -0.000385 -0.000205
-0.000368 -0.000462 -0.000196
-0.000353 -0.000529 -0.000161
-0.000328 -0.000560 -0.000098
-0.000302 -0.000553 -0.000023
-0.000277 -0.000503 0.000050
-0.000257 -0.000412 0.000126
-0.000253 -0.000301 0.000193
-0.000265 -0.000184 0.000243
-0.000292 -0.000072 0.000276
-0.000323 0.000032 0.000300
-0.000357 0.000100 0.000322
-0.000364 0.000163 0.000337
-0.000332 0.000214 0.000351
-0.000262 0.000226 0.000360
-0.000141 0.000215 0.000354
0.000020 0.000172 0.000353
0.000232 0.000145 0.000344
0.000479 0.000150 0.000309
0.000712 0.000157 0.000244
0.000899 0.000178 0.000143
0.000995 0.000207 0.000007
0.000963 0.000219 -0.000141
0.000798 0.000210 -0.000261
0.000526 0.000186 -0.000347
0.000197 0.000168 -0.000407
-0.000136 0.000152 -0.000445
-0.000409 0.000106 -0.000442
-0.000578 0.000025 -0.000400
-0.000623 -0.000079 -0.000326
-0.000554 -0.000196 -0.000254
-0.000413 -0.000306 -0.000213
-0.000230 -0.000409 -0.000188
-0.000050 -0.000487 -0.000175
0.000109 -0.000538 -0.000157
0.000224 -0.000553 -0.000145
0.000276 -0.000533 -0.000152
0.000260 -0.000487 -0.000178
0.000210 -0.000433 -0.000201
0.000145 -0.000381 -0.000216
0.000074 -0.000332 -0.000225
-0.000012 -0.000284 -0.000239
-0.000109 -0.000233 -0.000261
-0.000198 -0.000182 -0.000279
-0.000290 -0.000123 -0.000295
-0.000379 -0.000053 -0.000305
-0.000474 0.000032 -0.000314
-0.000579 0.000130 -0.000327
-0.000676 0.000231 -0.000338
-0.000757 0.000323 -0.000346
-0.000804 0.000393 -0.000342
-0.000825 0.000435 -0.000338
-0.000793 0.000440 -0.000316
-0.000712 0.000407 -0.000279
-0.000584 0.000338 -0.000227
-0.000420 0.000243 -0.000164
-0.000224 0.000127 -0.000092
0.000000 -0.000000 -0.000000
VECTORS ControlTorque float
-0.000003 0.000002 0.000000
-0.000003 0.000002 0.000000
-0.000003 0.000002 0.000000
-0.000002 0.000002 0.000000
-0.000002 0.000002 -0.000000
-0.000002 0.000002 -0.000000
-0.000003 0.000002 -0.000000
-0.000001 0.000001 -0.000000
-0.000002 0.000002 -0.000000
-0.000001 0.000001 -0.000001
-0.000001 0.000001 -0.000000
-0.000000 0.000001 -0.000000
-0.000000 0.000001 -0.000000
0.000001 -0.000000 -0.000000
0.000001 -0.000000 -0.000000
0.000002 -0.000001 -0.000000
0.000002 -0.000001 0.000000
0.000002 -0.000001 0.000000
0.000003 -0.000002 0.000000
0.000002 -0.000002 0.000000
0.000003 -0.000002 0.000000
0.000003 -0.000002 0.000000
0.000003 -0.000002 0.000000
0.000003 -0.000002 0.000000
0.000002 -0.000002 0.000000
0.000002 -0.000002 0.000000
0.000002 -0.000002 0.000000
0.000002 -0.000002 0.000001
0.000002 -0.000002 0.000001
0.000002 -0.000002 0.000000
0.000002 -0.000002 0.000001
0.000001 -0.000002 0.000000
0.000002 -0.000002 0.000001
0.000000 -0.000001 0.000000
0.000002 -0.000002 0.000001
-0.000000 0.000000 -0.000000
0.000002 -0.000002 0.000000
-0.000000 0.000000 -0.000000
0.000001 -0.000001 0.000000
-0.000000 0.000000 0.000000
-0.000000 0.000000 0.000000
-0.000001 0.000001 0.000000
-0.000000 -0.000000 0.000000
-0.000002 0.000001 0.000000
-0.000001 0.000001 0.000001
-0.000002 0.000001 0.000001
-0.000002 0.000001 0.000001
-0.000001 0.000001 0.000001
-0.000002 0.000002 0.000001
-0.000001 0.000002 0.000001
-0.000001 0.000002 0.000001
-0.000001 0.000002 0.000001
-0.000001 0.000002 0.000000
-0.000001 0.000002 0.000000
-0.000001 0.000002 0.000000
-0.000001 0.000001 -0.000000
-0.000001 0.000001 -0.000000
-0.000001 0.000001 -0.000000
-0.000000 0.000001 -0.000000
-0.000000 0.000000 -0.000000
-0.000000 0.000000 -0.000000
-0.000000 0.000000 0.000000
-0.000000 -0.000000 -0.000001
0.000000 -0.000000 0.000001
-0.000000 -0.000000 -0.000001
0.000000 -0.000000 0.000000
-0.000000 -0.000000 -0.000000
-0.000000 -0.000000 -0.000001
-0.000000 0.000000 -0.000001
-0.000000 0.000000 -0.000000
-0.000000 0.000000 -0.000001
-0.000000 0.000001 -0.000000
-0.000000 0.000001 -0.000001
-0.000000 0.000001 -0.000001
-0.000000 0.000001 -0.000001
-0.000000 0.000002 -0.000001
-0.000000 0.000002 -0.000001
-0.000000 0.000002 -0.000001
-0.000000 0.000002 -0.000001
-0.000000 0.000002 -0.000001
-0.000000 0.000004 -0.000001
0.000000 0.000001 -0.000001
0.000000 0.000004 -0.000002
0.000000 0.000003 -0.000002
0.000000 0.000001 -0.000001
0.000000 0.000004 -0.000002
0.000001 0.000002 -0.000002
0.000001 0.000002 -0.000002
0.000001 0.000001 -0.000002
0.000001 0.000001 -0.000001
0.000001 0.000001 -0.000001
0.000000 -0.000002 0.000001
0.000000 0.000002 -0.000001
-0.000000 -0.000003 0.000002
-0.000000 -0.000001 0.000000
-0.000000 -0.000004 0.000002
-0.000000 -0.000001 0.000001
-0.000000 -0.000004 0.000002
0.000000 -0.000001 0.000000
0.000000 -0.000004 0.000002
0.000000 -0.000002 0.000001
0.000000 -0.000002 0.000001
0.000000 -0.000002 0.000001
0.000000 -0.000001 0.000001
0.000000 -0.000002 0.000001
-0.000000 -0.000002 0.000001
-0.000000 -0.000002 0.000001
-0.000001 -0.000001 0.000001
-0.000001 -0.000001 0.000000
-0.000001 -0.000001 0.000000
-0.000001 -0.000001 0.000000
-0.000001 -0.000001 0.000000
-0.000001 -0.000001 0.000000
-0.000001 -0.000001 0.000000
-0.000001 -0.000001 0.000000
-0.000001 -0.000001 0.000000
-0.000001 -0.000001 -0.000000
-0.000001 -0.000001 -0.000000
-0.000001 -0.000000 -0.000000
-0.000000 -0.000000 -0.000000
-0.000000 -0.000000 0.000000
0.000000 0.000000 0.000000
0.000001 0.000000 0.000000
0.000001 0.000000 0.000000
0.000001 0.000000 0.000000
0.000001 0.000001 0.000000
0.000001 0.000001 0.000000
0.000002 0.000001 0.000000
VECTORS Curvature float
215.420679 -104.558192 5.935162
696.350920 -341.124923 17.602982
1526.190038 -768.240672 36.793003
2213.858758 -1164.230088 49.948117
2887.451850 -1602.403325 59.248042
3531.351473 -2079.645356 63.735498
4184.306209 -2619.921958 63.682952
4675.058797 -3107.346490 61.413420
5080.001463 -3571.477794 55.524310
5472.737030 -4051.520760 49.626910
5666.344993 -4395.778372 43.221699
5760.172889 -4657.675424 36.379561
5814.067507 -4879.475318 29.234920
5678.306658 -4930.549383 22.755184
5409.951652 -4851.672660 13.677884
5075.326097 -4704.629354 4.280667
4597.480302 -4420.847657 -7.150423
4044.836278 -4064.480029 -19.938600
3400.642924 -3616.171502 -33.702733
2718.715004 -3127.356571 -48.282863
2004.073644 -2592.827477 -62.569525
1259.439733 -2000.659850 -76.648646
538.145810 -1405.370359 -89.893218
-158.097265 -796.532048 -102.212656
-820.093548 -184.170415 -113.551503
-1445.301510 425.475888 -124.006754
-2017.863495 1022.518051 -133.638495
-2558.594647 1607.512414 -142.619872
-3078.790732 2181.166449 -150.851258
-3543.341781 2710.147068 -158.109455
-4007.642892 3229.032012 -164.578164
-4450.211106 3713.987622 -168.971639
-4927.186092 4214.741874 -172.119002
-5267.201786 4575.394666 -169.968340
-5647.250014 4961.623683 -167.605343
-5949.604271 5255.198661 -155.684886
-6177.551383 5484.009782 -143.297079
-6403.953661 5695.802431 -120.457862
-6504.473229 5808.152568 -95.805049
-6611.315060 5930.744077 -63.932691
-6539.397771 5921.181366 -30.688004
-6364.833299 5851.324751 3.436357
-6189.262408 5837.377251 34.918790
-5902.331652 5768.627571 63.103158
-5492.331670 5657.830092 85.141162
-5062.236300 5586.426224 101.479632
-4495.672470 5430.854255 111.708936
-3932.137756 5331.675675 117.151925
-3326.762275 5207.009972 117.488444
-2677.218811 5027.151792 114.802856
-2053.269882 4863.761475 109.551775
-1442.035252 4670.104316 103.048750
-861.707400 4450.130395 96.602172
-327.331666 4212.365694 91.274090
151.646963 3974.581024 88.001191
567.449294 3742.536905 87.251207
915.028124 3521.402689 89.274025
1193.848357 3332.740563 93.920001
1405.553347 3180.039084 100.933220
1556.221680 3068.711040 110.015655
1640.528612 2977.401429 121.004084
1695.333475 2951.586975 133.626860
1688.369140 2907.771990 148.172866
1673.126247 2909.451987 164.134963
1612.235572 2859.087298 182.179063
1532.892415 2777.912960 201.331787
1517.139432 2783.560284 221.758874
1452.283066 2646.421667 242.791092
1380.592427 2427.150771 263.982666
1403.519457 2281.479335 284.339446
1429.924856 2046.316017 303.610522
1481.863433 1735.036088 320.554848
1633.863594 1447.387865 335.204563
1838.090202 1088.879172 346.793163
2050.352622 676.732282 355.509533
2362.342328 235.244346 360.603803
2772.272370 -231.083710 362.666364
3163.716846 -734.024303 361.135482
3611.674956 -1268.599954 356.133768
4042.912743 -1816.474690 347.274199
4604.255187 -2466.568935 334.709321
5035.858660 -3080.662945 317.304284
5448.300057 -3738.690787 296.165999
6003.382625 -4549.222834 269.817890
6220.296962 -5158.866278 237.889809
6551.104660 -5909.747609 203.896544
6940.645692 -6749.498948 163.687938
7109.505838 -7400.842520 122.334676
7265.793722 -8020.945505 79.523753
7335.088894 -8506.229071 37.032280
7391.111218 -8915.297462 -2.624426
7183.898767 -8922.536027 -41.977788
7093.242273 -8981.187370 -70.936416
6921.094738 -8864.726274 -103.006210
6548.775677 -8421.019652 -124.366658
6159.897410 -7928.094524 -145.921748
5710.317272 -7351.439683 -161.072491
5201.483912 -6740.491201 -175.650334
4739.715092 -6248.710383 -185.279340
4257.030695 -5807.608816 -194.118953
3634.085616 -5237.446964 -198.340084
3109.718551 -4837.470469 -199.919737
2591.078754 -4447.274991 -197.548204
2168.901020 -4177.277402 -191.605904
1773.310806 -3871.497285 -182.237774
1417.497241 -3512.215173 -169.448752
1135.863381 -3153.952214 -153.963667
914.689192 -2766.036197 -136.447062
755.591435 -2366.330032 -117.789089
643.798274 -1934.735430 -98.900836
578.910628 -1492.363456 -80.678294
554.086601 -1047.722013 -63.946444
558.522337 -597.337965 -49.384034
595.588836 -168.538852 -37.476647
653.721617 238.175840 -28.516567
726.836141 612.003322 -22.544653
808.060566 943.495945 -19.355110
886.687357 1221.855576 -18.532637
955.249334 1440.643542 -19.459545
998.333317 1583.108243 -21.402445
1011.472714 1649.716837 -23.502055
983.048641 1628.755176 -25.013336
911.811144 1524.211213 -25.176426
796.073152 1337.580610 -23.607534
637.424418 1074.438041 -19.964961
451.463241 762.713785 -14.726364
210.156889 355.576081 -7.080995
68.286015 115.558638 -2.214388
VECTORS LocalRotation float
-0.483044 -0.118485 -0.025976
-0.478906 -0.120508 -0.025869
-0.468884 -0.125510 -0.025623
-0.452021 -0.134223 -0.025232
-0.428878 -0.146775 -0.024737
-0.399720 -0.163500 -0.024178
-0.364769 -0.184789 -0.023601
-0.324881 -0.210575 -0.023038
-0.280561 -0.240919 -0.022507
-0.232849 -0.275385 -0.022031
-0.182474 -0.313587 -0.021611
-0.130619 -0.354672 -0.021250
-0.078157 -0.397901 -0.020953
-0.026285 -0.442179 -0.020718
0.024003 -0.486544 -0.020553
0.071447 -0.529785 -0.020471
0.115234 -0.571094 -0.020484
0.154366 -0.609515 -0.020607
0.188073 -0.644287 -0.020850
0.215825 -0.674869 -0.021222
0.237165 -0.700717 -0.021723
0.251944 -0.721519 -0.022353
0.260093 -0.736960 -0.023108
0.261814 -0.746930 -0.023978
0.257381 -0.751375 -0.024956
0.247141 -0.750284 -0.026030
0.231490 -0.743740 -0.027194
0.210761 -0.731827 -0.028445
0.185262 -0.714691 -0.029773
0.155281 -0.692545 -0.031172
0.120984 -0.665570 -0.032637
0.082637 -0.634091 -0.034150
0.040138 -0.598157 -0.035695
-0.005800 -0.558547 -0.037237
-0.055438 -0.515174 -0.038772
-0.107645 -0.469179 -0.040228
-0.162830 -0.420310 -0.041588
-0.219625 -0.369843 -0.042779
-0.278246 -0.317599 -0.043761
-0.337468 -0.264594 -0.044482
-0.396928 -0.211007 -0.044910
-0.455396 -0.157667 -0.045033
-0.512445 -0.104551 -0.044859
-0.567029 -0.052158 -0.044417
-0.618698 -0.000345 -0.043744
-0.666383 0.050456 -0.042901
-0.709646 0.100324 -0.041936
-0.747876 0.149145 -0.040898
-0.780685 0.196778 -0.039838
-0.807892 0.243154 -0.038785
-0.829329 0.287978 -0.037768
-0.845153 0.331138 -0.036806
-0.855581 0.372423 -0.035902
-0.860964 0.411639 -0.035051
-0.861760 0.448716 -0.034240
-0.858506 0.483640 -0.033446
-0.851794 0.516527 -0.032647
-0.842244 0.547566 -0.031818
-0.830473 0.577059 -0.030935
-0.817063 0.605350 -0.029980
-0.802586 0.632732 -0.028934
-0.787455 0.659625 -0.027779
-0.772175 0.686083 -0.026506
-0.756907 0.712507 -0.025088
-0.742116 0.738476 -0.023529
-0.727749 0.764227 -0.021777
-0.713964 0.789363 -0.019865
-0.700622 0.813759 -0.017777
-0.687756 0.836802 -0.015476
-0.675051 0.858289 -0.012974
-0.662310 0.877750 -0.010330
-0.649034 0.894990 -0.007484
-0.634930 0.909397 -0.004516
-0.619277 0.920831 -0.001441
-0.601776 0.928777 0.001720
-0.581666 0.932934 0.004984
-0.558524 0.932952 0.008243
-0.531713 0.928593 0.011513
-0.501038 0.919527 0.014760
-0.466308 0.905529 0.017951
-0.427005 0.886062 0.021051
-0.383652 0.861115 0.023983
-0.335845 0.830019 0.026781
-0.284201 0.792643 0.029333
-0.229034 0.748829 0.031625
-0.170660 0.698238 0.033644
-0.109709 0.641048 0.035304
-0.046197 0.577083 0.036597
0.018821 0.507332 0.037510
0.084864 0.432576 0.038038
0.151449 0.353804 0.038193
0.217287 0.273227 0.037992
0.282452 0.191509 0.037476
0.345460 0.111274 0.036694
0.406540 0.032891 0.035663
0.463911 -0.040914 0.034443
0.517892 -0.110399 0.033047
0.567255 -0.174148 0.031524
0.612566 -0.233352 0.029879
0.652888 -0.287386 0.028178
0.688620 -0.337399 0.026401
0.719163 -0.383029 0.024597
0.745099 -0.425271 0.022789
0.766710 -0.464428 0.021022
0.784489 -0.500727 0.019336
0.798917 -0.534113 0.017746
0.810478 -0.564298 0.016282
0.819772 -0.591130 0.014965
0.827344 -0.614395 0.013813
0.833675 -0.633855 0.012832
0.839219 -0.649394 0.012018
0.844339 -0.660873 0.011365
0.849380 -0.668325 0.010851
0.854611 -0.671797 0.010458
0.860266 -0.671481 0.010159
0.866517 -0.667631 0.009928
0.873465 -0.660591 0.009738
0.881138 -0.650787 0.009566
0.889478 -0.638732 0.009394
0.898319 -0.625047 0.009209
0.907426 -0.610399 0.009006
0.916451 -0.595563 0.008786
0.925041 -0.581271 0.008559
0.932766 -0.568326 0.008338
0.939263 -0.557395 0.008141
0.944182 -0.549095 0.007984
0.947184 -0.544020 0.007885
0.948442 -0.541892 0.007843
VECTORS q1 float
0.777284 -0.338556 -0.530292
0.778198 -0.337254 -0.529781
0.780993 -0.333297 -0.528170
0.785768 -0.326604 -0.525260
0.792632 -0.317098 -0.520752
0.801743 -0.304655 -0.514192
0.813189 -0.289234 -0.505042
0.826935 -0.270930 -0.492722
0.842516 -0.250341 -0.476966
0.859715 -0.227712 -0.457206
0.877854 -0.203829 -0.433390
0.896184 -0.179543 -0.405732
0.914075 -0.155554 -0.374526
0.930903 -0.132564 -0.340361
0.945977 -0.111425 -0.304488
0.959040 -0.092464 -0.267757
0.969878 -0.076019 -0.231424
0.978507 -0.062182 -0.196613
0.985092 -0.050883 -0.164332
0.989886 -0.041968 -0.135518
0.993229 -0.035158 -0.110726
0.995425 -0.030263 -0.090630
0.996774 -0.027066 -0.075564
0.997515 -0.025412 -0.065710
0.997808 -0.025240 -0.061178
0.997726 -0.026554 -0.061947
0.997256 -0.029446 -0.067925
0.996299 -0.034068 -0.078918
0.994674 -0.040634 -0.094725
0.992139 -0.049379 -0.114987
0.988406 -0.060538 -0.139241
0.983128 -0.074400 -0.167105
0.975966 -0.091173 -0.197933
0.966541 -0.111109 -0.231198
0.954722 -0.134021 -0.265601
0.940059 -0.160285 -0.300994
0.922745 -0.189260 -0.335742
0.902449 -0.221182 -0.369683
0.879553 -0.255265 -0.401529
0.853997 -0.291434 -0.430993
0.826242 -0.328941 -0.457298
0.796670 -0.367223 -0.480067
0.765688 -0.405739 -0.499098
0.733347 -0.444409 -0.514493
0.700311 -0.482425 -0.526147
0.666578 -0.519786 -0.534319
0.632549 -0.556013 -0.539195
0.598442 -0.590849 -0.541077
0.564260 -0.624260 -0.540287
0.530414 -0.655805 -0.537197
0.497034 -0.685365 -0.532195
0.464297 -0.712803 -0.525681
0.432437 -0.737970 -0.518072
0.401632 -0.760812 -0.509762
0.372013 -0.781347 -0.501103
0.343596 -0.799696 -0.492370
0.316377 -0.816001 -0.483785
0.290229 -0.830475 -0.475477
0.264947 -0.843354 -0.467501
0.240282 -0.854865 -0.459859
0.215984 -0.865200 -0.452526
0.191845 -0.874500 -0.445472
0.167547 -0.882923 -0.438607
0.143254 -0.890417 -0.432014
0.118657 -0.897107 -0.425581
0.094450 -0.902797 -0.419568
0.070289 -0.907640 -0.413823
0.046598 -0.911578 -0.408479
0.024106 -0.914533 -0.403792
0.003063 -0.916589 -0.399819
-0.016505 -0.917882 -0.396511
-0.033687 -0.918409 -0.394196
-0.048419 -0.918342 -0.392815
-0.060256 -0.917791 -0.392465
-0.068788 -0.916874 -0.393205
-0.073568 -0.915689 -0.395097
-0.074318 -0.914376 -0.397988
-0.070674 -0.913003 -0.401784
-0.062293 -0.911634 -0.406256
-0.048821 -0.910297 -0.411067
-0.029894 -0.908985 -0.415756
-0.004890 -0.907652 -0.419694
0.025878 -0.906153 -0.422157
0.063383 -0.904308 -0.422148
0.107239 -0.901816 -0.418602
0.156637 -0.898317 -0.410478
0.212135 -0.893291 -0.396270
0.271997 -0.886227 -0.374992
0.334664 -0.876602 -0.345787
0.398163 -0.863980 -0.308229
0.460230 -0.848110 -0.262483
0.518547 -0.829016 -0.209383
0.570437 -0.807318 -0.151127
0.615629 -0.783082 -0.088217
0.652124 -0.757724 -0.024274
0.680358 -0.731820 0.039413
0.700543 -0.706513 0.100394
0.713946 -0.682086 0.158239
0.721544 -0.659240 0.211606
0.724678 -0.637503 0.261593
0.724188 -0.617483 0.307027
0.720997 -0.598819 0.348682
0.715804 -0.581442 0.386717
0.709151 -0.565092 0.421635
0.701465 -0.549625 0.453717
0.693213 -0.535226 0.482689
0.684793 -0.521969 0.508534
0.676588 -0.509998 0.531159
0.668947 -0.499478 0.550484
0.662161 -0.490556 0.566478
0.656502 -0.483421 0.579059
0.652127 -0.478131 0.588320
0.649170 -0.474775 0.594278
0.647667 -0.473329 0.597065
0.647591 -0.473713 0.596843
0.648856 -0.475788 0.593811
0.651326 -0.479354 0.588213
0.654817 -0.484155 0.580352
0.659110 -0.489891 0.570596
0.663957 -0.496228 0.559391
0.669081 -0.502800 0.547287
0.674217 -0.509272 0.534859
0.679080 -0.515298 0.522799
0.683442 -0.520614 0.511731
0.687065 -0.524968 0.502345
0.689793 -0.528207 0.495160
0.691475 -0.530187 0.490677
0.692047 -0.530857 0.489145
VECTORS q2 float
-0.280571 0.567889 -0.773810
-0.278721 0.570475 -0.772575
-0.273174 0.578200 -0.768805
-0.264037 0.590834 -0.762365
-0.251541 0.607959 -0.753069
-0.235884 0.629194 -0.740590
-0.217366 0.654042 -0.724556
-0.196414 0.681891 -0.704589
-0.173989 0.711520 -0.680784
-0.150504 0.742447 -0.652779
-0.126892 0.773588 -0.620854
-0.104030 0.803941 -0.585540
-0.082547 0.832814 -0.547363
-0.063010 0.859569 -0.507120
-0.046038 0.883421 -0.466314
-0.031743 0.904195 -0.425939
-0.020202 0.921680 -0.387424
-0.011257 0.935923 -0.352024
-0.004601 0.947122 -0.320841
0.000147 0.955546 -0.294843
0.003430 0.961567 -0.274550
0.005637 0.965466 -0.260468
0.007115 0.967520 -0.252695
0.008116 0.967922 -0.251118
0.008790 0.966773 -0.255484
0.009177 0.964081 -0.265448
0.009228 0.959783 -0.280592
0.008813 0.953753 -0.300461
0.007712 0.945775 -0.324730
0.005659 0.935622 -0.352958
0.002343 0.923048 -0.384677
-0.002629 0.907705 -0.419601
-0.009636 0.889331 -0.457162
-0.019135 0.867577 -0.496934
-0.031279 0.842611 -0.537613
-0.046658 0.813895 -0.579135
-0.065080 0.782103 -0.619741
-0.086990 0.746897 -0.659225
-0.111960 0.709170 -0.696091
-0.140034 0.669068 -0.729890
-0.170569 0.627598 -0.759623
-0.202919 0.585664 -0.784743
-0.236299 0.544247 -0.804959
-0.270206 0.503905 -0.820408
-0.303427 0.465991 -0.831134
-0.335409 0.430993 -0.837703
-0.365237 0.399765 -0.840708
-0.392258 0.372792 -0.840928
-0.416094 0.350197 -0.839183
-0.436219 0.332210 -0.836271
-0.452450 0.318650 -0.832918
-0.464706 0.309212 -0.829721
-0.473004 0.303498 -0.827137
-0.477483 0.301020 -0.825468
-0.478376 0.301250 -0.824867
-0.475997 0.303656 -0.825361
-0.470729 0.307722 -0.826874
-0.463001 0.312976 -0.829263
-0.453261 0.319000 -0.832342
-0.441962 0.325442 -0.835917
-0.429545 0.332011 -0.839798
-0.416434 0.338482 -0.843809
-0.402902 0.344723 -0.847842
-0.389392 0.350600 -0.851736
-0.375921 0.356116 -0.855491
-0.362969 0.361213 -0.858940
-0.350265 0.365977 -0.862192
-0.337850 0.370442 -0.865234
-0.325827 0.374667 -0.868021
-0.313938 0.378726 -0.870637
-0.301690 0.382654 -0.873246
-0.289086 0.386514 -0.875806
-0.275444 0.390303 -0.878518
-0.260298 0.394023 -0.881471
-0.243130 0.397662 -0.884733
-0.223614 0.401229 -0.888263
-0.200744 0.404639 -0.892171
-0.174301 0.407897 -0.896236
-0.143903 0.410997 -0.900207
-0.109278 0.413955 -0.903714
-0.070299 0.416824 -0.906265
-0.026502 0.419669 -0.907290
0.020828 0.422696 -0.906032
0.072468 0.426052 -0.901791
0.127225 0.430015 -0.893812
0.183642 0.434851 -0.881578
0.242152 0.440903 -0.864273
0.300931 0.448474 -0.841612
0.358790 0.457841 -0.813420
0.414498 0.469207 -0.779767
0.466823 0.482663 -0.741022
0.514625 0.498153 -0.697858
0.556486 0.515222 -0.651820
0.592782 0.533944 -0.602920
0.622351 0.553352 -0.553607
0.645710 0.573130 -0.504560
0.663066 0.592446 -0.457550
0.675316 0.611047 -0.413001
0.683172 0.628247 -0.372266
0.687616 0.644207 -0.334935
0.689430 0.658248 -0.302319
0.689433 0.670464 -0.274153
0.688314 0.680820 -0.250418
0.686577 0.689495 -0.230670
0.684576 0.696690 -0.214426
0.682599 0.702511 -0.201339
0.680775 0.707190 -0.190861
0.679149 0.710960 -0.182461
0.677700 0.714052 -0.175649
0.676367 0.716683 -0.169981
0.675087 0.719027 -0.165100
0.673764 0.721271 -0.160657
0.672332 0.723541 -0.156390
0.670717 0.725962 -0.152048
0.668859 0.728625 -0.147422
0.666726 0.731582 -0.142354
0.664302 0.734853 -0.136724
0.661605 0.738413 -0.130479
0.658678 0.742197 -0.123635
0.655598 0.746102 -0.116291
0.652470 0.749986 -0.108649
0.649408 0.753708 -0.100961
0.646552 0.757109 -0.093581
0.644014 0.760068 -0.086851
0.641920 0.762464 -0.081162
0.640351 0.764232 -0.076818
0.639387 0.765305 -0.074111
0.639060 0.765667 -0.073187
VECTORS q3 float
0.563125 0.750255 0.346422
0.562781 0.748877 0.349943
0.561628 0.744713 0.360522
0.559333 0.737730 0.378023
0.555393 0.727897 0.402125
0.549152 0.715052 0.432588
0.539885 0.698980 0.468990
0.526877 0.679427 0.510666
0.509799 0.656559 0.555910
0.488097 0.630016 0.604021
0.461813 0.600013 0.653233
0.431314 0.566960 0.701801
0.397055 0.531247 0.748414
0.359790 0.493526 0.791823
0.320950 0.455140 0.830565
0.281488 0.416992 0.864223
0.242751 0.380429 0.892382
0.205905 0.346671 0.915108
0.171968 0.316814 0.932768
0.141868 0.291841 0.945887
0.116123 0.272312 0.955176
0.095383 0.258766 0.961219
0.079949 0.251342 0.964591
0.069984 0.249961 0.965723
0.065593 0.254386 0.964876
0.066771 0.264276 0.962133
0.073455 0.279196 0.957421
0.085504 0.298654 0.950524
0.102784 0.322270 0.941051
0.125013 0.349532 0.928547
0.151814 0.379891 0.912488
0.182900 0.412961 0.892194
0.217709 0.448082 0.867079
0.255797 0.484732 0.836423
0.295850 0.521579 0.800268
0.337804 0.558465 0.757631
0.379877 0.593713 0.709365
0.421924 0.627075 0.654796
0.462440 0.657204 0.595173
0.501078 0.683677 0.530572
0.536870 0.705633 0.462441
0.569334 0.722596 0.392064
0.598235 0.734283 0.320847
0.623852 0.740662 0.249455
0.646140 0.741699 0.179958
0.665714 0.737609 0.112949
0.682996 0.728723 0.049795
0.698571 0.715489 -0.008671
0.713075 0.698327 -0.062149
0.726893 0.677905 -0.109866
0.740437 0.654780 -0.151714
0.753974 0.629524 -0.187678
0.767636 0.602735 -0.217819
0.781474 0.574937 -0.242376
0.795464 0.546576 -0.261709
0.809549 0.517957 -0.276318
0.823601 0.489336 -0.286759
0.837495 0.460822 -0.293676
0.851092 0.432426 -0.297742
0.864254 0.404096 -0.299620
0.876836 0.375764 -0.299933
0.888695 0.347389 -0.299235
0.899777 0.318768 -0.297974
0.909864 0.290237 -0.296496
0.919023 0.261495 -0.294986
0.927002 0.233417 -0.293571
0.934010 0.205550 -0.292190
0.940046 0.178323 -0.290715
0.945122 0.152491 -0.288948
0.949439 0.128185 -0.286592
0.953263 0.105211 -0.283231
0.956710 0.084453 -0.278520
0.960097 0.065661 -0.271850
0.963646 0.049044 -0.262642
0.967552 0.034741 -0.250274
0.971897 0.023002 -0.234278
0.976821 0.013589 -0.213627
0.982153 0.006690 -0.187965
0.987629 0.002384 -0.156789
0.992812 0.000801 -0.119685
0.997078 0.002135 -0.076362
0.999637 0.006686 -0.026107
0.999448 0.014654 0.029812
0.995355 0.026566 0.092538
0.986060 0.042595 0.160848
0.970433 0.062707 0.233082
0.946763 0.087385 0.309843
0.914034 0.116070 0.388677
0.871361 0.148157 0.467738
0.818326 0.182714 0.544939
0.755159 0.218508 0.618053
0.682840 0.254119 0.684948
0.604090 0.287722 0.743163
0.519239 0.318882 0.792909
0.432913 0.345913 0.832424
0.346658 0.368731 0.862477
0.263787 0.387102 0.883498
0.185011 0.401722 0.896878
0.112472 0.413170 0.903682
0.045002 0.422596 0.905200
-0.015423 0.430609 0.902407
-0.069611 0.438056 0.896249
-0.117681 0.445433 0.887548
-0.160366 0.453064 0.876935
-0.198246 0.461016 0.864964
-0.231332 0.469054 0.852334
-0.260006 0.476897 0.839622
-0.284578 0.484187 0.827392
-0.305341 0.490563 0.816159
-0.322600 0.495702 0.806355
-0.336546 0.499304 0.798394
-0.347523 0.501158 0.792508
-0.355735 0.501076 0.788908
-0.361477 0.498938 0.787651
-0.365039 0.494673 0.788698
-0.366691 0.488277 0.791911
-0.366711 0.479803 0.797065
-0.365368 0.469404 0.803845
-0.362927 0.457329 0.811871
-0.359656 0.443948 0.820706
-0.355829 0.429783 0.829863
-0.351711 0.415411 0.838888
-0.347593 0.401566 0.847304
-0.343734 0.388920 0.854744
-0.340412 0.378229 0.860850
-0.337841 0.370064 0.865399
-0.336225 0.364978 0.868184
-0.335670 0.363241 0.869127
