# vtk DataFile Version 2.0
VTK example
ASCII
DATASET UNSTRUCTURED_GRID
POINTS  128  float
-0.000153 -0.000118 -0.000201
-0.000145 -0.000115 -0.000201
-0.000136 -0.000112 -0.000202
-0.000128 -0.000109 -0.000202
-0.000119 -0.000106 -0.000203
-0.000111 -0.000103 -0.000203
-0.000102 -0.000099 -0.000202
-0.000094 -0.000096 -0.000202
-0.000086 -0.000092 -0.000201
-0.000078 -0.000088 -0.000200
-0.000070 -0.000083 -0.000199
-0.000063 -0.000079 -0.000196
-0.000055 -0.000074 -0.000194
-0.000048 -0.000069 -0.000191
-0.000042 -0.000064 -0.000187
-0.000035 -0.000059 -0.000183
-0.000030 -0.000054 -0.000178
-0.000024 -0.000049 -0.000173
-0.000020 -0.000044 -0.000167
-0.000015 -0.000039 -0.000161
-0.000012 -0.000035 -0.000154
-0.000009 -0.000030 -0.000147
-0.000006 -0.000026 -0.000139
-0.000004 -0.000022 -0.000131
-0.000002 -0.000019 -0.000123
-0.000000 -0.000015 -0.000115
0.000001 -0.000012 -0.000106
0.000001 -0.000009 -0.000098
0.000002 -0.000007 -0.000089
0.000002 -0.000004 -0.000080
0.000003 -0.000001 -0.000072
0.000003 0.000001 -0.000063
0.000003 0.000004 -0.000054
0.000004 0.000006 -0.000046
0.000004 0.000009 -0.000037
0.000005 0.000012 -0.000029
0.000005 0.000015 -0.000020
0.000006 0.000018 -0.000012
0.000007 0.000022 -0.000003
0.000009 0.000026 0.000005
0.000011 0.000030 0.000013
0.000013 0.000034 0.000020
0.000015 0.000039 0.000027
0.000018 0.000044 0.000034
0.000021 0.000050 0.000041
0.000024 0.000056 0.000047
0.000028 0.000062 0.000053
0.000032 0.000068 0.000058
0.000037 0.000074 0.000062
0.000042 0.000081 0.000066
0.000047 0.000087 0.000069
0.000052 0.000094 0.000072
0.000058 0.000100 0.000074
0.000064 0.000107 0.000076
0.000071 0.000113 0.000077
0.000078 0.000119 0.000077
0.000085 0.000125 0.000077
0.000092 0.000131 0.000077
0.000099 0.000136 0.000076
0.000106 0.000141 0.000075
0.000114 0.000146 0.000074
0.000121 0.000151 0.000072
0.000129 0.000155 0.000070
0.000137 0.000159 0.000068
0.000145 0.000163 0.000066
0.000153 0.000167 0.000063
0.000161 0.000170 0.000061
0.000169 0.000173 0.000058
0.000177 0.000177 0.000055
0.000185 0.000179 0.000052
0.000193 0.000182 0.000049
0.000201 0.000185 0.000046
0.000209 0.000187 0.000042
0.000217 0.000189 0.000039
0.000225 0.000191 0.000035
0.000233 0.000192 0.000032
0.000241 0.000193 0.000028
0.000250 0.000194 0.000024
0.000258 0.000195 0.000021
0.000266 0.000196 0.000018
0.000275 0.000196 0.000014
0.000283 0.000197 0.000011
0.000292 0.000197 0.000009
0.000301 0.000197 0.000006
0.000310 0.000197 0.000005
0.000319 0.000197 0.000003
0.000328 0.000196 0.000002
0.000337 0.000196 0.000001
0.000346 0.000196 0.000001
0.000355 0.000196 0.000002
0.000364 0.000196 0.000003
0.000373 0.000197 0.000005
0.000381 0.000197 0.000007
0.000390 0.000198 0.000011
0.000398 0.000199 0.000015
0.000405 0.000200 0.000019
0.000412 0.000202 0.000025
0.000419 0.000204 0.000031
0.000425 0.000207 0.000037
0.000430 0.000210 0.000044
0.000434 0.000213 0.000051
0.000438 0.000217 0.000058
0.000441 0.000221 0.000066
0.000443 0.000225 0.000074
0.000445 0.000229 0.000081
0.000446 0.000234 0.000089
0.000447 0.000238 0.000097
0.000447 0.000243 0.000105
0.000446 0.000248 0.000113
0.000445 0.000252 0.000120
0.000444 0.000257 0.000128
0.000443 0.000262 0.000135
0.000441 0.000267 0.000143
0.000438 0.000271 0.000150
0.000436 0.000276 0.000158
0.000433 0.000281 0.000165
0.000430 0.000285 0.000172
0.000427 0.000290 0.000179
0.000424 0.000295 0.000186
0.000421 0.000299 0.000194
0.000417 0.000304 0.000201
0.000414 0.000308 0.000208
0.000410 0.000313 0.000214
0.000406 0.000317 0.000221
0.000403 0.000322 0.000228
0.000399 0.000326 0.000235
0.000395 0.000331 0.000242
0.000391 0.000335 0.000249
CELLS  127 381
2 0 1 
2 1 2 
2 2 3 
2 3 4 
2 4 5 
2 5 6 
2 6 7 
2 7 8 
2 8 9 
2 9 10 
2 10 11 
2 11 12 
2 12 13 
2 13 14 
2 14 15 
2 15 16 
2 16 17 
2 17 18 
2 18 19 
2 19 20 
2 20 21 
2 21 22 
2 22 23 
2 23 24 
2 24 25 
2 25 26 
2 26 27 
2 27 28 
2 28 29 
2 29 30 
2 30 31 
2 31 32 
2 32 33 
2 33 34 
2 34 35 
2 35 36 
2 36 37 
2 37 38 
2 38 39 
2 39 40 
2 40 41 
2 41 42 
2 42 43 
2 43 44 
2 44 45 
2 45 46 
2 46 47 
2 47 48 
2 48 49 
2 49 50 
2 50 51 
2 51 52 
2 52 53 
2 53 54 
2 54 55 
2 55 56 
2 56 57 
2 57 58 
2 58 59 
2 59 60 
2 60 61 
2 61 62 
2 62 63 
2 63 64 
2 64 65 
2 65 66 
2 66 67 
2 67 68 
2 68 69 
2 69 70 
2 70 71 
2 71 72 
2 72 73 
2 73 74 
2 74 75 
2 75 76 
2 76 77 
2 77 78 
2 78 79 
2 79 80 
2 80 81 
2 81 82 
2 82 83 
2 83 84 
2 84 85 
2 85 86 
2 86 87 
2 87 88 
2 88 89 
2 89 90 
2 90 91 
2 91 92 
2 92 93 
2 93 94 
2 94 95 
2 95 96 
2 96 97 
2 97 98 
2 98 99 
2 99 100 
2 100 101 
2 101 102 
2 102 103 
2 103 104 
2 104 105 
2 105 106 
2 106 107 
2 107 108 
2 108 109 
2 109 110 
2 110 111 
2 111 112 
2 112 113 
2 113 114 
2 114 115 
2 115 116 
2 116 117 
2 117 118 
2 118 119 
2 119 120 
2 120 121 
2 121 122 
2 122 123 
2 123 124 
2 124 125 
2 125 126 
2 126 127 
CELL_TYPES  127
3
3
3
3
3
3
3
3
3
3
3
3
3
3
3
3
3
3
3
3
3
3
3
3
3
3
3
3
3
3
3
3
3
3
3
3
3
3
3
3
3
3
3
3
3
3
3
3
3
3
3
3
3
3
3
3
3
3
3
3
3
3
3
3
3
3
3
3
3
3
3
3
3
3
3
3
3
3
3
3
3
3
3
3
3
3
3
3
3
3
3
3
3
3
3
3
3
3
3
3
3
3
3
3
3
3
3
3
3
3
3
3
3
3
3
3
3
3
3
3
3
3
3
3
3
3
3
POINT_DATA  128
VECTORS Position float
-0.000153 -0.000118 -0.000201
-0.000145 -0.000115 -0.000201
-0.000136 -0.000112 -0.000202
-0.000128 -0.000109 -0.000202
-0.000119 -0.000106 -0.000203
-0.000111 -0.000103 -0.000203
-0.000102 -0.000099 -0.000202
-0.000094 -0.000096 -0.000202
-0.000086 -0.000092 -0.000201
-0.000078 -0.000088 -0.000200
-0.000070 -0.000083 -0.000199
-0.000063 -0.000079 -0.000196
-0.000055 -0.000074 -0.000194
-0.000048 -0.000069 -0.000191
-0.000042 -0.000064 -0.000187
-0.000035 -0.000059 -0.000183
-0.000030 -0.000054 -0.000178
-0.000024 -0.000049 -0.000173
-0.000020 -0.000044 -0.000167
-0.000015 -0.000039 -0.000161
-0.000012 -0.000035 -0.000154
-0.000009 -0.000030 -0.000147
-0.000006 -0.000026 -0.000139
-0.000004 -0.000022 -0.000131
-0.000002 -0.000019 -0.000123
-0.000000 -0.000015 -0.000115
0.000001 -0.000012 -0.000106
0.000001 -0.000009 -0.000098
0.000002 -0.000007 -0.000089
0.000002 -0.000004 -0.000080
0.000003 -0.000001 -0.000072
0.000003 0.000001 -0.000063
0.000003 0.000004 -0.000054
0.000004 0.000006 -0.000046
0.000004 0.000009 -0.000037
0.000005 0.000012 -0.000029
0.000005 0.000015 -0.000020
0.000006 0.000018 -0.000012
0.000007 0.000022 -0.000003
0.000009 0.000026 0.000005
0.000011 0.000030 0.000013
0.000013 0.000034 0.000020
0.000015 0.000039 0.000027
0.000018 0.000044 0.000034
0.000021 0.000050 0.000041
0.000024 0.000056 0.000047
0.000028 0.000062 0.000053
0.000032 0.000068 0.000058
0.000037 0.000074 0.000062
0.000042 0.000081 0.000066
0.000047 0.000087 0.000069
0.000052 0.000094 0.000072
0.000058 0.000100 0.000074
0.000064 0.000107 0.000076
0.000071 0.000113 0.000077
0.000078 0.000119 0.000077
0.000085 0.000125 0.000077
0.000092 0.000131 0.000077
0.000099 0.000136 0.000076
0.000106 0.000141 0.000075
0.000114 0.000146 0.000074
0.000121 0.000151 0.000072
0.000129 0.000155 0.000070
0.000137 0.000159 0.000068
0.000145 0.000163 0.000066
0.000153 0.000167 0.000063
0.000161 0.000170 0.000061
0.000169 0.000173 0.000058
0.000177 0.000177 0.000055
0.000185 0.000179 0.000052
0.000193 0.000182 0.000049
0.000201 0.000185 0.000046
0.000209 0.000187 0.000042
0.000217 0.000189 0.000039
0.000225 0.000191 0.000035
0.000233 0.000192 0.000032
0.000241 0.000193 0.000028
0.000250 0.000194 0.000024
0.000258 0.000195 0.000021
0.000266 0.000196 0.000018
0.000275 0.000196 0.000014
0.000283 0.000197 0.000011
0.000292 0.000197 0.000009
0.000301 0.000197 0.000006
0.000310 0.000197 0.000005
0.000319 0.000197 0.000003
0.000328 0.000196 0.000002
0.000337 0.000196 0.000001
0.000346 0.000196 0.000001
0.000355 0.000196 0.000002
0.000364 0.000196 0.000003
0.000373 0.000197 0.000005
0.000381 0.000197 0.000007
0.000390 0.000198 0.000011
0.000398 0.000199 0.000015
0.000405 0.000200 0.000019
0.000412 0.000202 0.000025
0.000419 0.000204 0.000031
0.000425 0.000207 0.000037
0.000430 0.000210 0.000044
0.000434 0.000213 0.000051
0.000438 0.000217 0.000058
0.000441 0.000221 0.000066
0.000443 0.000225 0.000074
0.000445 0.000229 0.000081
0.000446 0.000234 0.000089
0.000447 0.000238 0.000097
0.000447 0.000243 0.000105
0.000446 0.000248 0.000113
0.000445 0.000252 0.000120
0.000444 0.000257 0.000128
0.000443 0.000262 0.000135
0.000441 0.000267 0.000143
0.000438 0.000271 0.000150
0.000436 0.000276 0.000158
0.000433 0.000281 0.000165
0.000430 0.000285 0.000172
0.000427 0.000290 0.000179
0.000424 0.000295 0.000186
0.000421 0.000299 0.000194
0.000417 0.000304 0.000201
0.000414 0.000308 0.000208
0.000410 0.000313 0.000214
0.000406 0.000317 0.000221
0.000403 0.000322 0.000228
0.000399 0.000326 0.000235
0.000395 0.000331 0.000242
0.000391 0.000335 0.000249
VECTORS Rotation float
0.788006 0.329340 -1.635630
0.787163 0.331379 -1.633008
0.784569 0.337504 -1.625044
0.780081 0.347633 -1.611597
0.773488 0.361563 -1.592529
0.764443 0.379122 -1.567491
0.752512 0.400031 -1.536073
0.737176 0.423871 -1.497816
0.718169 0.449626 -1.452966
0.694709 0.476822 -1.400562
0.666378 0.504296 -1.340509
0.632848 0.530750 -1.272769
0.593726 0.554921 -1.196993
0.548939 0.575347 -1.113229
0.499442 0.590333 -1.023081
0.446021 0.598641 -0.927414
0.390495 0.599233 -0.828605
0.334923 0.591646 -0.729216
0.281423 0.576056 -0.631902
0.231964 0.553344 -0.539312
0.187646 0.524776 -0.452917
0.149460 0.492301 -0.374558
0.117480 0.457864 -0.304847
0.091321 0.423324 -0.243858
0.070436 0.390474 -0.191589
0.054034 0.360627 -0.147546
0.041413 0.334907 -0.111386
0.031913 0.314094 -0.082704
0.024925 0.298520 -0.060906
0.020016 0.288395 -0.045591
0.016876 0.283731 -0.036381
0.015303 0.284394 -0.032884
0.015226 0.290228 -0.034831
0.016685 0.301094 -0.042034
0.019760 0.316636 -0.054217
0.024742 0.336968 -0.071518
0.031789 0.361464 -0.093536
0.041411 0.390346 -0.120716
0.053910 0.422922 -0.152808
0.069970 0.459196 -0.190429
0.090115 0.498428 -0.233702
0.115040 0.539937 -0.283090
0.145505 0.582833 -0.339148
0.182656 0.626418 -0.403126
0.226907 0.668861 -0.474982
0.279212 0.708950 -0.555765
0.339535 0.744775 -0.645115
0.407417 0.774654 -0.742374
0.482010 0.797217 -0.846648
0.560721 0.811139 -0.954884
0.640839 0.815840 -1.064164
0.719281 0.811319 -1.171156
0.793091 0.798207 -1.272627
0.860134 0.777656 -1.366238
0.919201 0.751146 -1.450631
0.970010 0.720243 -1.525453
1.012772 0.686545 -1.590808
1.048155 0.651459 -1.647314
1.077002 0.616161 -1.695777
1.100200 0.581557 -1.737053
1.118602 0.548292 -1.771990
1.133013 0.516761 -1.801434
1.144282 0.486894 -1.826447
1.152963 0.458931 -1.847664
1.159802 0.432256 -1.866250
1.165081 0.407193 -1.882560
1.169396 0.382741 -1.897695
1.172978 0.358630 -1.912085
1.175879 0.334884 -1.925793
1.178211 0.311028 -1.938967
1.180073 0.286349 -1.951682
1.181249 0.261410 -1.963180
1.181774 0.235687 -1.973122
1.181576 0.209373 -1.980765
1.180635 0.182769 -1.985332
1.178978 0.156586 -1.986046
1.176767 0.130607 -1.982270
1.174154 0.105618 -1.973505
1.171341 0.082068 -1.959407
1.168528 0.060365 -1.939822
1.165894 0.040869 -1.914794
1.163575 0.023655 -1.884201
1.161625 0.009382 -1.849108
1.160066 -0.002114 -1.808975
1.158837 -0.010514 -1.764510
1.157804 -0.015565 -1.716383
1.156879 -0.017178 -1.663364
1.155854 -0.015032 -1.605858
1.154499 -0.008765 -1.543560
1.152516 0.002054 -1.476152
1.149525 0.017879 -1.403453
1.145059 0.039108 -1.325495
1.138612 0.065695 -1.243548
1.129550 0.098273 -1.156123
1.117458 0.135667 -1.066076
1.101836 0.177530 -0.973161
1.082639 0.222153 -0.879438
1.059640 0.268581 -0.784654
1.033370 0.314535 -0.690902
1.003519 0.359405 -0.596681
0.971544 0.400405 -0.505309
0.937939 0.436763 -0.416661
0.903759 0.467534 -0.331877
0.869611 0.492594 -0.251067
0.836042 0.512127 -0.174370
0.804013 0.526422 -0.102818
0.773872 0.536269 -0.036408
0.745802 0.542556 0.024992
0.719815 0.546169 0.081669
0.695796 0.547880 0.134028
0.673776 0.548288 0.182134
0.653509 0.547814 0.226482
0.635081 0.546717 0.266963
0.618394 0.545143 0.303766
0.603389 0.543166 0.337003
0.590078 0.540832 0.366662
0.578421 0.538180 0.392822
0.568383 0.535260 0.415549
0.559891 0.532143 0.434984
0.552843 0.528919 0.451315
0.547133 0.525698 0.464745
0.542602 0.522587 0.475572
0.539119 0.519715 0.484051
0.536511 0.517185 0.490509
0.534654 0.515110 0.495195
0.533414 0.513563 0.498369
0.532713 0.512615 0.500188
0.532485 0.512293 0.500782
VECTORS ControlForce float
-0.000000 -0.000000 0.000000
-0.000018 -0.000057 0.000080
0.000006 -0.000096 0.000167
0.000081 -0.000116 0.000248
0.000177 -0.000139 0.000313
0.000283 -0.000156 0.000364
0.000378 -0.000178 0.000409
0.000452 -0.000214 0.000449
0.000515 -0.000257 0.000475
0.000561 -0.000313 0.000494
0.000608 -0.000361 0.000503
0.000657 -0.000388 0.000503
0.000710 -0.000372 0.000496
0.000762 -0.000301 0.000485
0.000796 -0.000173 0.000466
0.000810 0.000012 0.000439
0.000789 0.000233 0.000408
0.000735 0.000467 0.000373
0.000664 0.000701 0.000322
0.000578 0.000906 0.000252
0.000480 0.001041 0.000171
0.000373 0.001086 0.000082
0.000257 0.001026 0.000006
0.000133 0.000872 -0.000038
0.000014 0.000665 -0.000051
-0.000088 0.000444 -0.000045
-0.000169 0.000237 -0.000023
-0.000226 0.000060 0.000010
-0.000256 -0.000071 0.000050
-0.000263 -0.000148 0.000074
-0.000254 -0.000176 0.000075
-0.000238 -0.000171 0.000063
-0.000221 -0.000146 0.000048
-0.000207 -0.000114 0.000034
-0.000193 -0.000079 0.000016
-0.000178 -0.000059 0.000016
-0.000158 -0.000061 0.000030
-0.000128 -0.000076 0.000046
-0.000085 -0.000099 0.000051
-0.000037 -0.000141 0.000059
0.000006 -0.000216 0.000071
0.000031 -0.000328 0.000085
0.000042 -0.000448 0.000083
0.000043 -0.000544 0.000064
0.000036 -0.000603 0.000030
0.000012 -0.000631 -0.000002
-0.000023 -0.000620 -0.000030
-0.000059 -0.000562 -0.000056
-0.000101 -0.000474 -0.000070
-0.000144 -0.000351 -0.000081
-0.000183 -0.000195 -0.000089
-0.000221 -0.000019 -0.000094
-0.000264 0.000147 -0.000096
-0.000321 0.000264 -0.000098
-0.000374 0.000319 -0.000104
-0.000393 0.000334 -0.000117
-0.000355 0.000327 -0.000136
-0.000276 0.000284 -0.000156
-0.000145 0.000251 -0.000172
0.000023 0.000254 -0.000180
0.000200 0.000295 -0.000177
0.000354 0.000347 -0.000167
0.000463 0.000385 -0.000151
0.000524 0.000386 -0.000134
0.000555 0.000361 -0.000113
0.000551 0.000295 -0.000095
0.000491 0.000160 -0.000072
0.000380 -0.000013 -0.000048
0.000236 -0.000181 -0.000038
0.000063 -0.000343 -0.000042
-0.000126 -0.000494 -0.000047
-0.000301 -0.000592 -0.000053
-0.000446 -0.000631 -0.000047
-0.000558 -0.000615 -0.000029
-0.000619 -0.000531 -0.000006
-0.000636 -0.000410 0.000007
-0.000598 -0.000251 0.000022
-0.000513 -0.000075 0.000035
-0.000386 0.000113 0.000041
-0.000243 0.000279 0.000037
-0.000117 0.000379 0.000028
-0.000030 0.000402 0.000022
0.000002 0.000346 0.000014
-0.000036 0.000210 0.000018
-0.000126 0.000052 0.000037
-0.000263 -0.000110 0.000068
-0.000414 -0.000226 0.000130
-0.000539 -0.000245 0.000220
-0.000611 -0.000169 0.000321
-0.000597 0.000000 0.000417
-0.000489 0.000217 0.000490
-0.000295 0.000420 0.000522
-0.000030 0.000565 0.000504
0.000261 0.000596 0.000454
0.000558 0.000522 0.000366
0.000823 0.000367 0.000243
0.001012 0.000134 0.000103
0.001093 -0.000136 -0.000028
0.001056 -0.000384 -0.000136
0.000904 -0.000559 -0.000207
0.000654 -0.000644 -0.000250
0.000332 -0.000633 -0.000274
-0.000021 -0.000560 -0.000263
-0.000354 -0.000445 -0.000214
-0.000618 -0.000311 -0.000136
-0.000778 -0.000193 -0.000047
-0.000825 -0.000105 0.000028
-0.000774 -0.000058 0.000075
-0.000639 -0.000061 0.000112
-0.000465 -0.000093 0.000136
-0.000291 -0.000134 0.000150
-0.000155 -0.000163 0.000152
-0.000071 -0.000176 0.000146
-0.000030 -0.000178 0.000144
-0.000025 -0.000169 0.000149
-0.000045 -0.000155 0.000160
-0.000089 -0.000135 0.000168
-0.000143 -0.000115 0.000174
-0.000185 -0.000101 0.000184
-0.000230 -0.000088 0.000184
-0.000256 -0.000078 0.000184
-0.000272 -0.000068 0.000176
-0.000268 -0.000060 0.000162
-0.000240 -0.000052 0.000146
-0.000191 -0.000044 0.000124
-0.000133 -0.000032 0.000090
-0.000075 -0.000016 0.000042
-0.000000 -0.000000 -0.000000
VECTORS ControlTorque float
-0.000001 0.000002 -0.000002
-0.000001 0.000002 -0.000002
-0.000001 0.000002 -0.000002
-0.000001 0.000002 -0.000002
-0.000001 0.000002 -0.000002
-0.000001 0.000002 -0.000001
-0.000001 0.000002 -0.000002
-0.000001 0.000001 -0.000001
-0.000001 0.000002 -0.000001
-0.000001 0.000002 -0.000001
-0.000001 0.000002 -0.000000
-0.000001 0.000002 -0.000000
-0.000001 0.000002 -0.000000
-0.000001 0.000001 0.000001
-0.000001 0.000001 0.000000
-0.000001 0.000001 0.000001
-0.000001 0.000000 0.000001
-0.000001 -0.000000 0.000001
-0.000001 -0.000001 0.000001
-0.000001 -0.000001 0.000001
0.000000 -0.000002 0.000001
0.000001 -0.000002 0.000001
0.000001 -0.000002 0.000001
0.000002 -0.000003 0.000001
0.000002 -0.000002 0.000001
0.000002 -0.000003 0.000001
0.000002 -0.000003 0.000001
0.000002 -0.000002 0.000001
0.000002 -0.000002 0.000001
0.000002 -0.000002 0.000001
0.000002 -0.000002 0.000001
0.000002 -0.000002 0.000001
0.000002 -0.000002 0.000001
0.000002 -0.000002 0.000000
0.000002 -0.000002 0.000001
0.000001 -0.000001 0.000000
0.000002 -0.000002 0.000001
0.000001 -0.000001 0.000000
0.000002 -0.000002 0.000001
0.000001 -0.000001 0.000000
0.000002 -0.000001 0.000000
0.000001 -0.000001 0.000000
0.000002 -0.000002 0.000001
0.000000 -0.000001 0.000000
0.000001 -0.000001 0.000001
-0.000000 -0.000001 0.000001
-0.000000 -0.000000 0.000001
-0.000000 -0.000001 0.000001
-0.000001 0.000000 0.000001
-0.000001 0.000000 0.000001
-0.000001 0.000000 0.000001
-0.000001 0.000001 0.000001
-0.000001 0.000001 0.000001
-0.000001 0.000001 0.000001
-0.000001 0.000001 0.000000
-0.000001 0.000001 0.000000
-0.000001 0.000001 -0.000000
-0.000001 0.000001 -0.000000
-0.000001 0.000001 -0.000001
-0.000001 0.000001 -0.000001
-0.000001 0.000001 -0.000001
-0.000001 0.000001 -0.000000
-0.000001 0.000001 -0.000001
-0.000000 0.000000 -0.000000
-0.000001 0.000001 -0.000001
-0.000000 0.000000 0.000000
-0.000000 0.000000 -0.000000
-0.000000 0.000000 -0.000000
-0.000000 0.000000 -0.000000
0.000000 -0.000000 0.000001
-0.000000 0.000001 -0.000000
0.000000 0.000000 0.000001
-0.000000 0.000001 0.000000
-0.000000 0.000001 0.000000
-0.000001 0.000002 -0.000000
-0.000000 0.000002 0.000000
-0.000000 0.000002 -0.000000
-0.000000 0.000002 -0.000000
-0.000000 0.000002 -0.000001
-0.000000 0.000002 -0.000001
-0.000000 0.000003 -0.000001
-0.000001 0.000001 -0.000002
-0.000000 0.000003 -0.000001
-0.000000 0.000002 -0.000001
-0.000000 0.000001 -0.000001
-0.000000 0.000003 -0.000001
-0.000000 0.000002 -0.000002
-0.000000 0.000002 -0.000002
0.000000 0.000002 -0.000002
0.000000 0.000002 -0.000002
0.000000 0.000003 -0.000002
0.000000 0.000000 -0.000002
0.000001 0.000004 -0.000003
0.000001 -0.000001 -0.000002
0.000001 0.000002 -0.000003
0.000001 -0.000001 -0.000001
0.000001 0.000001 -0.000002
0.000001 -0.000003 0.000001
0.000001 0.000001 -0.000001
-0.000000 -0.000004 0.000002
-0.000000 -0.000001 0.000001
-0.000001 -0.000003 0.000002
-0.000001 -0.000002 0.000001
-0.000001 -0.000002 0.000001
-0.000001 -0.000002 0.000002
-0.000001 -0.000002 0.000001
-0.000001 -0.000002 0.000001
-0.000001 -0.000002 0.000001
-0.000000 -0.000001 0.000001
-0.000000 -0.000001 0.000001
-0.000000 -0.000001 0.000001
-0.000000 -0.000001 0.000001
-0.000000 -0.000001 0.000001
-0.000000 -0.000001 0.000001
-0.000000 -0.000001 0.000001
-0.000000 -0.000001 0.000001
-0.000000 -0.000001 0.000001
-0.000000 -0.000001 0.000000
-0.000000 -0.000001 0.000000
-0.000000 -0.000001 0.000000
-0.000000 -0.000001 0.000000
-0.000000 -0.000001 0.000000
-0.000000 -0.000001 0.000000
0.000000 -0.000001 0.000000
0.000000 -0.000000 0.000000
0.000000 -0.000000 0.000000
0.000000 -0.000000 0.000000
0.000000 -0.000000 0.000000
VECTORS Curvature float
19.781374 -201.064428 -0.566004
66.319805 -653.785612 -1.116468
152.423849 -1447.155360 -2.108942
238.330190 -2132.560108 -2.112161
340.413048 -2835.271411 -1.155666
461.271547 -3544.499838 0.637180
613.090042 -4306.449671 3.204675
773.651137 -4947.507503 4.902785
963.908285 -5552.268442 6.990797
1201.871323 -6205.099839 6.687802
1460.508856 -6703.085039 4.447770
1763.312911 -7151.106647 0.229205
2139.050010 -7627.401173 -5.887452
2526.865224 -7927.336931 -13.647268
2942.808833 -8112.867165 -19.989075
3390.817150 -8260.789739 -24.922671
3806.507627 -8238.150073 -26.240172
4195.233820 -8129.853583 -23.917760
4492.091964 -7870.812761 -17.830285
4721.112219 -7550.836411 -10.119423
4825.754620 -7134.143482 -0.543797
4750.863967 -6565.860013 8.115123
4570.061347 -5980.202590 15.750624
4248.602125 -5332.163019 22.523898
3818.808695 -4656.066875 28.007144
3312.043030 -3978.361176 33.458006
2716.501147 -3266.177653 38.927797
2095.985628 -2577.748880 44.687581
1470.569726 -1919.757452 50.985823
838.764177 -1272.671791 57.293529
227.507000 -661.801871 63.093382
-357.120071 -85.576526 67.648704
-940.482602 478.753966 70.039119
-1471.939773 995.259114 69.686101
-2021.002666 1515.511224 65.450954
-2527.503009 1986.941592 57.724243
-3026.031749 2442.815703 44.946441
-3523.431567 2884.136710 28.959611
-3984.674826 3291.511426 8.421852
-4465.766854 3713.103320 -13.836136
-4861.022922 4072.774311 -37.613573
-5192.796957 4396.687859 -60.265042
-5549.257175 4777.051826 -81.338647
-5806.363757 5111.503090 -95.330939
-5947.404895 5405.399832 -104.764663
-6043.931430 5716.792087 -105.337416
-5956.940012 5922.031588 -100.133994
-5841.007888 6166.755217 -91.293777
-5622.689555 6359.813743 -80.846942
-5281.658130 6469.810047 -73.503436
-4917.009740 6581.389600 -69.840330
-4499.405850 6635.524216 -69.943162
-4053.455724 6629.220260 -71.675530
-3604.024616 6560.637658 -72.358259
-3173.626773 6439.158752 -69.378311
-2768.247561 6252.224165 -61.466248
-2386.492526 5990.025662 -47.872387
-2037.842829 5677.286508 -29.228519
-1717.286736 5320.502773 -6.649797
-1423.306788 4939.977875 18.428725
-1151.084722 4528.885938 44.537282
-921.070679 4182.452597 70.733202
-721.602179 3824.174464 95.342394
-568.403553 3558.960115 118.822637
-454.381136 3305.275397 139.423085
-375.257679 3097.398520 158.467678
-345.127313 3084.215425 174.487874
-316.875978 3007.588586 187.758309
-282.291441 2920.738109 198.435589
-238.712119 3005.061248 206.426938
-152.214665 3030.590172 210.717253
-5.211959 3000.901975 212.421890
203.933581 3036.916522 210.612591
494.439320 2991.444727 205.937531
829.990079 2808.380314 198.572405
1243.444496 2598.548287 189.339048
1721.682659 2365.807005 178.976701
2192.571694 1995.684756 168.647738
2683.427094 1587.742207 159.335742
3132.279722 1129.364666 152.350492
3647.948907 658.203585 148.158338
4023.705190 164.245411 148.889063
4354.048082 -345.326900 152.905573
4782.187791 -866.543323 162.171190
4946.110675 -1352.826072 175.251450
5228.197211 -1887.858173 191.114762
5604.755433 -2486.020038 209.083945
5864.505705 -3083.787201 226.601716
6176.998601 -3755.124078 241.939730
6472.309230 -4475.836225 252.391061
6802.071598 -5300.519543 256.157613
6902.372332 -6000.591370 248.264689
7114.116868 -6886.012342 233.121546
7220.607751 -7713.345260 199.024988
7088.992812 -8346.504514 157.558719
6892.264705 -8865.047111 98.269269
6603.323552 -9231.341364 35.116146
6222.548550 -9338.248923 -40.932052
5916.634900 -9414.514727 -109.612915
5596.869306 -9277.636446 -185.041883
5128.646014 -8684.281061 -245.019139
4797.626773 -8125.904597 -298.911777
4474.449148 -7425.724675 -338.842923
4279.923157 -6840.624968 -367.239631
4066.780344 -6191.695576 -384.332531
3823.746106 -5516.156139 -390.404853
3608.054088 -4946.289189 -388.181586
3386.166563 -4449.891202 -379.076700
3177.188782 -4053.328786 -364.777261
2946.386476 -3698.258061 -346.576377
2722.973713 -3396.868164 -325.664803
2505.770953 -3125.226482 -302.943589
2276.241866 -2839.237341 -279.242630
2076.346450 -2579.911666 -255.188076
1882.971100 -2313.029621 -231.316592
1698.359321 -2041.191420 -208.039603
1524.905497 -1771.517385 -185.601437
1357.885577 -1505.082823 -164.194756
1200.730561 -1253.251060 -143.904581
1046.861345 -1015.931544 -124.723846
900.681613 -802.736242 -106.638585
758.959221 -615.348097 -89.507587
622.605471 -456.041353 -73.266033
491.516632 -325.544025 -57.747554
363.448286 -219.292590 -42.733113
243.028547 -135.696188 -28.570594
109.474120 -58.128016 -12.994876
34.920214 -17.967511 -4.037331
VECTORS LocalRotation float
-0.263509 0.332460 -0.012279
-0.263118 0.328581 -0.012287
-0.262132 0.319107 -0.012302
-0.260370 0.302967 -0.012321
-0.257745 0.280429 -0.012335
-0.254103 0.251449 -0.012338
-0.249236 0.215885 -0.012320
-0.242993 0.174220 -0.012284
-0.235098 0.126516 -0.012230
-0.225306 0.073358 -0.012168
-0.213266 0.014982 -0.012118
-0.198636 -0.047889 -0.012096
-0.180948 -0.114876 -0.012122
-0.159888 -0.185083 -0.012210
-0.135082 -0.257829 -0.012363
-0.106423 -0.331918 -0.012566
-0.073842 -0.406605 -0.012798
-0.037611 -0.480718 -0.013025
0.001718 -0.553156 -0.013214
0.043501 -0.623094 -0.013340
0.086640 -0.689450 -0.013389
0.130008 -0.751491 -0.013354
0.172264 -0.808368 -0.013246
0.212197 -0.859594 -0.013073
0.248755 -0.904856 -0.012844
0.280991 -0.943889 -0.012566
0.308235 -0.976628 -0.012239
0.330033 -1.003098 -0.011860
0.346165 -1.023441 -0.011427
0.356620 -1.037895 -0.010937
0.361463 -1.046681 -0.010390
0.360876 -1.050070 -0.009798
0.354995 -1.048288 -0.009174
0.344124 -1.041645 -0.008544
0.328239 -1.030227 -0.007929
0.307762 -1.014459 -0.007375
0.282490 -0.994301 -0.006908
0.252925 -0.970255 -0.006574
0.218828 -0.942209 -0.006404
0.180672 -0.910581 -0.006429
0.138502 -0.875378 -0.006661
0.092948 -0.837003 -0.007105
0.044134 -0.795316 -0.007748
-0.007128 -0.750677 -0.008546
-0.060425 -0.702988 -0.009453
-0.114602 -0.652738 -0.010402
-0.168922 -0.600057 -0.011332
-0.222440 -0.545219 -0.012201
-0.274254 -0.488601 -0.012979
-0.323666 -0.430465 -0.013678
-0.369885 -0.371319 -0.014328
-0.412514 -0.311485 -0.014961
-0.451230 -0.251439 -0.015602
-0.485896 -0.191728 -0.016254
-0.516591 -0.132854 -0.016896
-0.543481 -0.075419 -0.017488
-0.566819 -0.019992 -0.017983
-0.586855 0.032843 -0.018332
-0.603859 0.082645 -0.018494
-0.618078 0.129100 -0.018441
-0.629737 0.171983 -0.018156
-0.639136 0.211496 -0.017633
-0.646554 0.247651 -0.016883
-0.652413 0.281187 -0.015910
-0.657018 0.312088 -0.014748
-0.660808 0.341337 -0.013387
-0.664064 0.369276 -0.011882
-0.667038 0.396646 -0.010255
-0.669759 0.423571 -0.008501
-0.672137 0.450612 -0.006653
-0.673895 0.477754 -0.004777
-0.674612 0.505252 -0.002848
-0.673713 0.532584 -0.000933
-0.670564 0.559762 0.000945
-0.664603 0.585866 0.002765
-0.655154 0.610507 0.004533
-0.641790 0.632882 0.006193
-0.624111 0.652581 0.007763
-0.602035 0.668805 0.009248
-0.575648 0.681133 0.010662
-0.544831 0.689257 0.012028
-0.510330 0.692956 0.013364
-0.472128 0.692130 0.014740
-0.430926 0.686665 0.016161
-0.387021 0.676649 0.017684
-0.340518 0.661837 0.019359
-0.291578 0.642077 0.021167
-0.239732 0.616899 0.023136
-0.185270 0.585968 0.025255
-0.128054 0.548737 0.027491
-0.068034 0.504533 0.029791
-0.006129 0.453484 0.032069
0.057847 0.394666 0.034266
0.122295 0.329027 0.036209
0.187183 0.256203 0.037826
0.250299 0.178505 0.038981
0.311671 0.096210 0.039588
0.369693 0.012204 0.039561
0.425023 -0.073270 0.038875
0.476624 -0.157043 0.037555
0.525190 -0.238377 0.035607
0.570147 -0.314511 0.033144
0.612331 -0.385265 0.030242
0.652078 -0.450038 0.027037
0.689720 -0.508811 0.023647
0.725398 -0.561750 0.020144
0.759049 -0.609124 0.016619
0.790750 -0.651712 0.013141
0.820503 -0.690258 0.009769
0.848208 -0.725328 0.006551
0.873914 -0.757499 0.003503
0.897542 -0.786972 0.000662
0.919207 -0.813994 -0.001976
0.938934 -0.838554 -0.004398
0.956856 -0.860703 -0.006600
0.973074 -0.880420 -0.008590
0.987663 -0.897678 -0.010371
1.000716 -0.912514 -0.011955
1.012300 -0.925002 -0.013350
1.022472 -0.935272 -0.014566
1.031297 -0.943512 -0.015614
1.038807 -0.949930 -0.016502
1.045069 -0.954786 -0.017240
1.050109 -0.958322 -0.017832
1.053984 -0.960791 -0.018288
1.056724 -0.962395 -0.018610
1.058323 -0.963274 -0.018798
1.058976 -0.963618 -0.018875
VECTORS q1 float
0.183113 -0.670847 -0.718634
0.186131 -0.669815 -0.718820
0.195236 -0.666662 -0.719336
0.210413 -0.661264 -0.720039
0.231526 -0.653465 -0.720680
0.258547 -0.642987 -0.720917
0.291358 -0.629514 -0.720293
0.329719 -0.612713 -0.718240
0.372528 -0.592608 -0.714170
0.419710 -0.568757 -0.707360
0.470221 -0.541193 -0.697138
0.522951 -0.510077 -0.682893
0.577074 -0.475503 -0.663989
0.631571 -0.437777 -0.639898
0.684726 -0.397879 -0.610609
0.735707 -0.356363 -0.575969
0.783246 -0.314326 -0.536401
0.826408 -0.272826 -0.492560
0.864522 -0.232903 -0.445375
0.897124 -0.195584 -0.396125
0.924289 -0.161444 -0.345869
0.946043 -0.131221 -0.296282
0.962869 -0.105137 -0.248656
0.975415 -0.083145 -0.204088
0.984370 -0.065081 -0.163649
0.990493 -0.050534 -0.127946
0.994464 -0.039101 -0.097537
0.996889 -0.030346 -0.072744
0.998282 -0.023820 -0.053533
0.999020 -0.019188 -0.039880
0.999368 -0.016201 -0.031647
0.999484 -0.014688 -0.028583
0.999429 -0.014588 -0.030466
0.999186 -0.015934 -0.037072
0.998669 -0.018776 -0.048036
0.997723 -0.023348 -0.063276
0.996175 -0.029730 -0.082162
0.993769 -0.038285 -0.104682
0.990278 -0.049137 -0.130135
0.985386 -0.062670 -0.158390
0.978831 -0.079044 -0.188790
0.970333 -0.098457 -0.220816
0.959622 -0.121055 -0.253911
0.946312 -0.147154 -0.287819
0.930301 -0.176492 -0.321543
0.911262 -0.209192 -0.354740
0.889150 -0.244871 -0.386587
0.863920 -0.283177 -0.416476
0.835434 -0.323891 -0.444010
0.803978 -0.366235 -0.468499
0.769693 -0.409693 -0.489616
0.732844 -0.453642 -0.507099
0.693853 -0.497337 -0.520792
0.653197 -0.540071 -0.530714
0.611435 -0.581157 -0.537032
0.569136 -0.620026 -0.540049
0.527009 -0.656112 -0.540165
0.485706 -0.689044 -0.537874
0.445818 -0.718612 -0.533706
0.407825 -0.744776 -0.528193
0.372067 -0.767639 -0.521820
0.338714 -0.787432 -0.514999
0.307508 -0.804615 -0.507971
0.278542 -0.819399 -0.500999
0.251064 -0.832406 -0.494031
0.225280 -0.843694 -0.487267
0.200115 -0.853911 -0.480407
0.175253 -0.863255 -0.473368
0.150719 -0.871753 -0.466188
0.126113 -0.879593 -0.458707
0.100867 -0.886984 -0.450649
0.075690 -0.893653 -0.442330
0.050299 -0.899700 -0.433600
0.025117 -0.905000 -0.424670
0.000670 -0.909444 -0.415827
-0.022174 -0.912909 -0.407561
-0.043331 -0.915505 -0.399966
-0.061947 -0.917224 -0.393527
-0.077471 -0.918172 -0.388533
-0.089443 -0.918499 -0.385174
-0.097500 -0.918374 -0.383515
-0.101444 -0.917968 -0.383463
-0.101026 -0.917411 -0.384905
-0.096087 -0.916828 -0.387549
-0.086534 -0.916287 -0.391062
-0.072330 -0.915813 -0.395038
-0.052837 -0.915417 -0.399023
-0.027879 -0.915036 -0.402407
0.002999 -0.914557 -0.404445
0.040254 -0.913787 -0.404195
0.084199 -0.912424 -0.400491
0.134837 -0.910038 -0.391982
0.191084 -0.906094 -0.377465
0.253260 -0.899857 -0.355129
0.318214 -0.890729 -0.324563
0.384540 -0.878019 -0.284978
0.448939 -0.861494 -0.237237
0.509698 -0.840910 -0.181872
0.563880 -0.816885 -0.121402
0.611163 -0.789481 -0.056559
0.649348 -0.760443 0.008615
0.678892 -0.730646 0.072541
0.700270 -0.701343 0.133193
0.714669 -0.673236 0.189741
0.723319 -0.646801 0.241781
0.727295 -0.622646 0.288710
0.727734 -0.600798 0.330825
0.725560 -0.581114 0.368606
0.721487 -0.563339 0.402623
0.716045 -0.547174 0.433451
0.709640 -0.532482 0.461383
0.702576 -0.519008 0.486844
0.695145 -0.506769 0.509861
0.687588 -0.495698 0.530572
0.680124 -0.485769 0.549053
0.672965 -0.477013 0.565311
0.666281 -0.469422 0.579408
0.660213 -0.462986 0.591408
0.654856 -0.457655 0.601427
0.650258 -0.453355 0.609618
0.646430 -0.449995 0.616143
0.643336 -0.447447 0.621216
0.640922 -0.445593 0.625032
0.639104 -0.444291 0.627815
0.637801 -0.443424 0.629750
0.636932 -0.442882 0.631009
0.636439 -0.442593 0.631709
0.636280 -0.442502 0.631934
VECTORS q2 float
-0.273547 0.667357 -0.692681
-0.273244 0.667455 -0.692706
-0.272303 0.667767 -0.692775
-0.270657 0.668335 -0.692874
-0.268213 0.669219 -0.692970
-0.264841 0.670515 -0.693015
-0.260387 0.672342 -0.692932
-0.254683 0.674850 -0.692614
-0.247657 0.678170 -0.691919
-0.239041 0.682549 -0.690642
-0.228698 0.688212 -0.688521
-0.216496 0.695415 -0.685221
-0.202261 0.704484 -0.680288
-0.185925 0.715736 -0.673167
-0.167763 0.729279 -0.663331
-0.147963 0.745285 -0.650121
-0.127097 0.763605 -0.633051
-0.105849 0.783904 -0.611793
-0.085003 0.805627 -0.586293
-0.065399 0.827985 -0.556923
-0.047655 0.850244 -0.524227
-0.032417 0.871423 -0.489459
-0.019955 0.890816 -0.453926
-0.010276 0.907930 -0.418997
-0.003209 0.922436 -0.386137
0.001623 0.934310 -0.356457
0.004641 0.943631 -0.330967
0.006289 0.950592 -0.310378
0.006980 0.955476 -0.294986
0.007034 0.958509 -0.284974
0.006683 0.959881 -0.280328
0.006070 0.959719 -0.280895
0.005251 0.958068 -0.286494
0.004209 0.954880 -0.296963
0.002859 0.950103 -0.311924
0.001058 0.943473 -0.331449
-0.001369 0.934907 -0.354889
-0.004685 0.923984 -0.382401
-0.009126 0.910569 -0.413257
-0.015040 0.894216 -0.447384
-0.022710 0.874771 -0.484004
-0.032428 0.852072 -0.522420
-0.044438 0.826084 -0.561792
-0.059075 0.796656 -0.601539
-0.076251 0.764419 -0.640195
-0.096061 0.729650 -0.677040
-0.118174 0.693266 -0.710927
-0.142188 0.656166 -0.741100
-0.167726 0.619094 -0.767197
-0.193990 0.583218 -0.788812
-0.220360 0.549298 -0.806048
-0.246214 0.517976 -0.819194
-0.270963 0.489743 -0.828692
-0.294182 0.464829 -0.835099
-0.315592 0.443263 -0.838999
-0.335074 0.424899 -0.840944
-0.352548 0.409546 -0.841417
-0.368023 0.396941 -0.840831
-0.381538 0.386809 -0.839528
-0.393142 0.378880 -0.837788
-0.402906 0.372892 -0.835834
-0.410945 0.368578 -0.833831
-0.417493 0.365624 -0.831877
-0.422740 0.363794 -0.830027
-0.427041 0.362774 -0.828270
-0.430607 0.362406 -0.826583
-0.433772 0.362438 -0.824912
-0.436699 0.362761 -0.823225
-0.439394 0.363359 -0.821525
-0.441766 0.364222 -0.819869
-0.443591 0.365349 -0.818381
-0.444433 0.366868 -0.817244
-0.443797 0.368798 -0.816720
-0.441104 0.371181 -0.817100
-0.435769 0.374003 -0.818674
-0.427336 0.377198 -0.821648
-0.415137 0.380642 -0.826300
-0.398954 0.384171 -0.832615
-0.378578 0.387608 -0.840499
-0.353942 0.390793 -0.849709
-0.325136 0.393600 -0.859864
-0.292000 0.395949 -0.870609
-0.255643 0.397832 -0.881122
-0.215490 0.399278 -0.891146
-0.172268 0.400384 -0.900009
-0.126696 0.401304 -0.907140
-0.077750 0.402140 -0.912271
-0.026024 0.403091 -0.914790
0.028450 0.404362 -0.914157
0.085525 0.406189 -0.909778
0.144793 0.408855 -0.901040
0.205506 0.412677 -0.887392
0.265845 0.417952 -0.868702
0.325952 0.425006 -0.844467
0.382868 0.433945 -0.815539
0.435960 0.444855 -0.782332
0.483507 0.457474 -0.746283
0.525460 0.471648 -0.708124
0.561106 0.486812 -0.669458
0.591444 0.503005 -0.630222
0.616133 0.519413 -0.592107
0.636101 0.535929 -0.555118
0.651941 0.552268 -0.519589
0.664328 0.568424 -0.485348
0.673750 0.584395 -0.452266
0.680563 0.599886 -0.420679
0.685145 0.614809 -0.390622
0.687827 0.629057 -0.362190
0.688910 0.642538 -0.335482
0.688671 0.655199 -0.310558
0.687399 0.666922 -0.287573
0.685304 0.677772 -0.266428
0.682635 0.687680 -0.247195
0.679566 0.696706 -0.229762
0.676241 0.704908 -0.214015
0.672802 0.712312 -0.199872
0.669355 0.718965 -0.187225
0.665995 0.724899 -0.175988
0.662799 0.730148 -0.166075
0.659829 0.734744 -0.157409
0.657141 0.738705 -0.149937
0.654765 0.742069 -0.143585
0.652737 0.744851 -0.138318
0.651064 0.747087 -0.134074
0.649765 0.748792 -0.130827
0.648833 0.749997 -0.128528
0.648279 0.750708 -0.127166
0.648094 0.750945 -0.126713
VECTORS q3 float
0.944268 0.323419 -0.061306
0.943765 0.325347 -0.058789
0.942196 0.331133 -0.051162
0.939399 0.340673 -0.038349
0.935124 0.353736 -0.020326
0.928985 0.370105 0.003071
0.920494 0.389446 0.031975
0.909078 0.411292 0.066463
0.894365 0.434629 0.105873
0.875616 0.458958 0.150517
0.852402 0.483191 0.199843
0.824410 0.506181 0.253239
0.791249 0.526876 0.310364
0.752695 0.544126 0.370644
0.709229 0.556637 0.432606
0.660940 0.563521 0.495583
0.608582 0.564009 0.558140
0.553033 0.557728 0.618946
0.495355 0.544721 0.676685
0.436911 0.525535 0.730015
0.378707 0.501019 0.778178
0.322414 0.472655 0.820150
0.269231 0.442033 0.855641
0.220135 0.410793 0.884754
0.176086 0.380627 0.907809
0.137555 0.352861 0.925510
0.104980 0.328682 0.938588
0.078568 0.308955 0.947826
0.058176 0.294106 0.954001
0.043693 0.284414 0.957705
0.034919 0.279940 0.959382
0.031557 0.280576 0.959313
0.033368 0.286170 0.957598
0.040131 0.296565 0.954169
0.051496 0.311372 0.948892
0.067438 0.330627 0.941349
0.087364 0.353644 0.931291
0.111365 0.380509 0.918047
0.138803 0.410427 0.901268
0.169673 0.443228 0.880205
0.203406 0.478045 0.854458
0.239587 0.514082 0.823600
0.277760 0.550391 0.787349
0.317811 0.586247 0.745192
0.358783 0.620092 0.697682
0.400467 0.651037 0.644807
0.442093 0.677806 0.587480
0.483140 0.699469 0.526611
0.523371 0.715414 0.462887
0.562127 0.725072 0.397849
0.599177 0.728301 0.332511
0.634286 0.725196 0.267903
0.667194 0.716106 0.205050
0.697704 0.701611 0.144746
0.725636 0.682477 0.087618
0.750873 0.659568 0.034071
0.773286 0.633869 -0.015477
0.792873 0.606347 -0.060788
0.809738 0.577906 -0.101732
0.824086 0.549326 -0.138286
0.836201 0.521230 -0.170546
0.846403 0.494066 -0.198749
0.855066 0.467883 -0.223489
0.862384 0.442990 -0.245060
0.868679 0.418920 -0.264392
0.873972 0.396033 -0.281657
0.878519 0.373464 -0.297873
0.882372 0.350992 -0.313408
0.885560 0.328660 -0.328278
0.888222 0.306037 -0.342641
0.890535 0.282452 -0.356606
0.892609 0.258443 -0.369401
0.894714 0.233511 -0.380735
0.897104 0.207846 -0.389876
0.900058 0.181753 -0.396057
0.903821 0.155947 -0.398483
0.908726 0.130236 -0.396554
0.914876 0.105421 -0.389728
0.922322 0.081976 -0.377628
0.930981 0.060329 -0.360050
0.940628 0.040858 -0.336972
0.951023 0.023653 -0.308213
0.961478 0.009382 -0.274721
0.971767 -0.002114 -0.235933
0.981242 -0.010514 -0.192494
0.989301 -0.015564 -0.145056
0.995572 -0.017177 -0.092421
0.999272 -0.015031 -0.035051
0.999591 -0.008765 0.027232
0.995523 0.002054 0.094502
0.985873 0.017878 0.166537
0.969323 0.039098 0.242663
0.944888 0.065648 0.320745
0.910832 0.098115 0.400947
0.867267 0.135251 0.479119
0.813676 0.176598 0.553845
0.751449 0.220330 0.621916
0.681249 0.265363 0.682263
0.605970 0.309374 0.732863
0.525998 0.351717 0.774352
0.445789 0.389791 0.805814
0.366718 0.423009 0.828602
0.290852 0.450686 0.843971
0.218901 0.472913 0.853485
0.151230 0.490032 0.858486
0.088741 0.502443 0.860044
0.031290 0.510932 0.859051
-0.021400 0.516327 0.856124
-0.069710 0.519417 0.851673
-0.114068 0.520879 0.845975
-0.154579 0.521227 0.839302
-0.191691 0.520822 0.831865
-0.225351 0.519885 0.823976
-0.255760 0.518540 0.815906
-0.283070 0.516849 0.807923
-0.307336 0.514850 0.800296
-0.328686 0.512574 0.793242
-0.347231 0.510064 0.786934
-0.363126 0.507381 0.781476
-0.376551 0.504600 0.776910
-0.387677 0.501817 0.773231
-0.396738 0.499124 0.770373
-0.403922 0.496633 0.768247
-0.409465 0.494435 0.766728
-0.413540 0.492630 0.765702
-0.416332 0.491284 0.765054
-0.417946 0.490457 0.764704
-0.418477 0.490177 0.764594
