-0.5089319944  0.0258387923  -0.3753662109 
-0.5056205988  0.0190811753  -0.3703613281 
-0.5023387671  0.0123269558  -0.3652343750 
-0.4991165400  0.0055873394  -0.3602294922 
-0.4959841967  -0.0011225939  -0.3549804688 
-0.4929693937  -0.0077811480  -0.3496093750 
-0.4900938272  -0.0143611431  -0.3441162109 
-0.4873751402  -0.0208371282  -0.3383789062 
-0.4848214388  -0.0271833539  -0.3323974609 
-0.4824336767  -0.0333752036  -0.3262939453 
-0.4802066088  -0.0393927097  -0.3199462891 
-0.4781304598  -0.0452193022  -0.3132324219 
-0.4761928320  -0.0508411527  -0.3065185547 
-0.4743868113  -0.0562470555  -0.2994384766 
-0.4727042913  -0.0614256859  -0.2922363281 
-0.4711307287  -0.0663633347  -0.2847900391 
-0.4696499109  -0.0710442364  -0.2770996094 
-0.4682434797  -0.0754549205  -0.2694091797 
-0.4668825865  -0.0795885623  -0.2614746094 
-0.4655371904  -0.0834408700  -0.2532958984 
-0.4641612768  -0.0870250165  -0.2451171875 
-0.4627085924  -0.0903676450  -0.2368164062 
-0.4611269236  -0.0935015678  -0.2285156250 
-0.4593597651  -0.0964591503  -0.2200927734 
-0.4573513269  -0.0992764533  -0.2117919922 
-0.4550539255  -0.1019831002  -0.2034912109 
-0.4524153471  -0.1046105027  -0.1951904297 
-0.4493852854  -0.1071830690  -0.1870117188 
-0.4459255934  -0.1097058952  -0.1790771484 
-0.4420119524  -0.1121686697  -0.1712646484 
-0.4376348257  -0.1145500541  -0.1636962891 
-0.4327911139  -0.1168249249  -0.1563720703 
-0.4274858236  -0.1189714372  -0.1494140625 
-0.4217294455  -0.1209648550  -0.1427001953 
-0.4155350924  -0.1227772236  -0.1363525391 
-0.4089168310  -0.1243837178  -0.1303710938 
-0.4018944502  -0.1257624924  -0.1248779297 
-0.3944915533  -0.1268907487  -0.1197509766 
-0.3867384195  -0.1277416646  -0.1151123047 
-0.3786743879  -0.1282983720  -0.1110839844 
-0.3703464270  -0.1285542846  -0.1075439453 
-0.3618036509  -0.1285132766  -0.1044921875 
-0.3530942202  -0.1281894147  -0.1020507812 
-0.3442629576  -0.1276074946  -0.1000976562 
-0.3353489637  -0.1268023252  -0.0987548828 
-0.3263856173  -0.1258183718  -0.0979003906 
-0.3174043894  -0.1246953607  -0.0976562500 
-0.3084372282  -0.1234680414  -0.0979003906 
-0.2995136976  -0.1221678853  -0.0987548828 
-0.2906576395  -0.1208263040  -0.1000976562 
-0.2818847895  -0.1194764376  -0.1019287109 
-0.2732058764  -0.1181391478  -0.1041259766 
-0.2646304369  -0.1168266535  -0.1066894531 
-0.2561687231  -0.1155424714  -0.1096191406 
-0.2478297949  -0.1142854393  -0.1129150391 
-0.2396196127  -0.1130516231  -0.1165771484 
-0.2315390110  -0.1118361354  -0.1204833984 
-0.2235841751  -0.1106379926  -0.1246337891 
-0.2157495022  -0.1094620824  -0.1290283203 
-0.2080260515  -0.1083053648  -0.1335449219 
-0.2004054785  -0.1071591973  -0.1383056641 
-0.1928757429  -0.1060110927  -0.1431884766 
-0.1854169369  -0.1048462987  -0.1481933594 
-0.1780024767  -0.1036507785  -0.1533203125 
-0.1705989838  -0.1024150848  -0.1583251953 
-0.1631668806  -0.1011310518  -0.1633300781 
-0.1556625366  -0.0997843444  -0.1682128906 
-0.1480472088  -0.0983558595  -0.1729736328 
-0.1402918100  -0.0968276262  -0.1773681641 
-0.1323819160  -0.0951853693  -0.1815185547 
-0.1243146658  -0.0934191346  -0.1851806641 
-0.1160974503  -0.0915131271  -0.1884765625 
-0.1077448130  -0.0894483626  -0.1912841797 
-0.0992819071  -0.0872071087  -0.1936035156 
-0.0907409191  -0.0847761929  -0.1953125000 
-0.0821623802  -0.0821357071  -0.1965332031 
-0.0735951662  -0.0792671144  -0.1971435547 
-0.0650888681  -0.0761623383  -0.1971435547 
-0.0566970110  -0.0728208721  -0.1965332031 
-0.0484751463  -0.0692466199  -0.1953125000 
-0.0404821634  -0.0654398799  -0.1933593750 
-0.0327724218  -0.0614106059  -0.1907958984 
-0.0253996849  -0.0571725965  -0.1877441406 
-0.0184106827  -0.0527511835  -0.1840820312 
-0.0118433237  -0.0481795073  -0.1798095703 
-0.0057296753  -0.0434947014  -0.1750488281 
-0.0000939369  -0.0387340784  -0.1697998047 
0.0050470829  -0.0339335203  -0.1640625000 
0.0096861124  -0.0291318893  -0.1579589844 
0.0138260126  -0.0243683457  -0.1514892578 
0.0174787045  -0.0196816325  -0.1446533203 
0.0206661224  -0.0151145458  -0.1374511719 
0.0234194994  -0.0107151270  -0.1301269531 
0.0257755518  -0.0065295696  -0.1224365234 
0.0277738571  -0.0025949478  -0.1145019531 
0.0294523239  0.0010583401  -0.1064453125 
0.0308500528  0.0044139624  -0.0981445312 
0.0320067406  0.0074686408  -0.0895996094 
0.0329607725  0.0102320910  -0.0810546875 
0.0337495804  0.0127254725  -0.0723876953 
0.0344125032  0.0149827003  -0.0637207031 
0.0349897146  0.0170483589  -0.0548095703 
0.0355234146  0.0189871192  -0.0460205078 
0.0360566378  0.0208719969  -0.0372314453 
0.0366343260  0.0227809548  -0.0283203125 
0.0372974873  0.0247957706  -0.0195312500 
0.0380827188  0.0270005465  -0.0108642578 
0.0390232801  0.0294727087  -0.0021972656 
0.0401567221  0.0322820544  0.0063476562 
0.0415215492  0.0354812741  0.0147705078 
0.0431579351  0.0391089916  0.0228271484 
0.0451067686  0.0431840420  0.0307617188 
0.0474083424  0.0477063656  0.0382080078 
0.0500965118  0.0526481271  0.0452880859 
0.0531979799  0.0579636097  0.0520019531 
0.0567264557  0.0635972619  0.0581054688 
0.0606780052  0.0694860220  0.0637207031 
0.0650379658  0.0755643249  0.0688476562 
0.0697842836  0.0817666650  0.0733642578 
0.0748836994  0.0880362988  0.0775146484 
0.0802987814  0.0943276286  0.0811767578 
0.0859862566  0.1006085277  0.0843505859 
0.0919009447  0.1068589091  0.0871582031 
0.0979973078  0.1130689979  0.0895996094 
0.1042338610  0.1192368269  0.0919189453 
0.1105726957  0.1253666878  0.0939941406 
0.1169786453  0.1314676404  0.0958251953 
0.1234180927  0.1375527978  0.0977783203 
