-0.5455116034  0.0468452573  -0.3760986328 
-0.5398317575  0.0403342247  -0.3732910156 
-0.5341700315  0.0338214636  -0.3706054688 
-0.5285454988  0.0273056030  -0.3677978516 
-0.5229784250  0.0207855701  -0.3648681641 
-0.5174936056  0.0142608285  -0.3618164062 
-0.5121172667  0.0077340007  -0.3586425781 
-0.5068768263  0.0012106299  -0.3551025391 
-0.5017992258  -0.0053003430  -0.3514404297 
-0.4969109297  -0.0117875338  -0.3474121094 
-0.4922364950  -0.0182341337  -0.3431396484 
-0.4877971411  -0.0246177316  -0.3385009766 
-0.4836119413  -0.0309125781  -0.3334960938 
-0.4796952009  -0.0370871425  -0.3281250000 
-0.4760566950  -0.0431082845  -0.3223876953 
-0.4726990461  -0.0489446521  -0.3164062500 
-0.4696182013  -0.0545683503  -0.3099365234 
-0.4668067694  -0.0599581003  -0.3032226562 
-0.4642533064  -0.0650951266  -0.2962646484 
-0.4619437456  -0.0699654818  -0.2889404297 
-0.4598554373  -0.0745535493  -0.2814941406 
-0.4579678774  -0.0788459778  -0.2736816406 
-0.4562517405  -0.0828336179  -0.2657470703 
-0.4546724558  -0.0865176022  -0.2576904297 
-0.4531928301  -0.0899032056  -0.2493896484 
-0.4517658949  -0.0929987431  -0.2409667969 
-0.4503360987  -0.0958292186  -0.2325439453 
-0.4488490820  -0.0984327793  -0.2239990234 
-0.4472554922  -0.1008518636  -0.2153320312 
-0.4455074072  -0.1031283736  -0.2067871094 
-0.4435607195  -0.1052947938  -0.1982421875 
-0.4413689375  -0.1073838174  -0.1896972656 
-0.4388831854  -0.1094217300  -0.1812744141 
-0.4360584021  -0.1114333868  -0.1728515625 
-0.4328554869  -0.1134417057  -0.1646728516 
-0.4292377234  -0.1154626608  -0.1566162109 
-0.4251681566  -0.1175007820  -0.1488037109 
-0.4206119776  -0.1195497215  -0.1412353516 
-0.4155431986  -0.1215898991  -0.1340332031 
-0.4099458456  -0.1235910058  -0.1271972656 
-0.4038137197  -0.1255126894  -0.1207275391 
-0.3971570730  -0.1273093522  -0.1148681641 
-0.3900057077  -0.1289324462  -0.1096191406 
-0.3824039698  -0.1303380728  -0.1048583984 
-0.3744083643  -0.1314871609  -0.1008300781 
-0.3660820723  -0.1323480606  -0.0972900391 
-0.3574908972  -0.1328986287  -0.0944824219 
-0.3487015963  -0.1331259906  -0.0924072266 
-0.3397794962  -0.1330271065  -0.0908203125 
-0.3307837248  -0.1326088905  -0.0898437500 
-0.3217653036  -0.1318874061  -0.0894775391 
-0.3127669096  -0.1308867335  -0.0895996094 
-0.3038212061  -0.1296357512  -0.0902099609 
-0.2949544191  -0.1281626523  -0.0913085938 
-0.2861872911  -0.1264933050  -0.0928955078 
-0.2775362730  -0.1246531606  -0.0948486328 
-0.2690135241  -0.1226675212  -0.0971679688 
-0.2606285810  -0.1205620766  -0.0998535156 
-0.2523871660  -0.1183615923  -0.1029052734 
-0.2442911863  -0.1160877943  -0.1062011719 
-0.2363389730  -0.1137600243  -0.1098632812 
-0.2285219431  -0.1113961339  -0.1137695312 
-0.2208278179  -0.1090140641  -0.1179199219 
-0.2132407427  -0.1066333652  -0.1223144531 
-0.2057416439  -0.1042763293  -0.1268310547 
-0.1983112097  -0.1019621193  -0.1314697266 
-0.1909308434  -0.0997079313  -0.1361083984 
-0.1835809946  -0.0975322425  -0.1409912109 
-0.1762402058  -0.0954509676  -0.1458740234 
-0.1688860655  -0.0934820175  -0.1507568359 
-0.1614912748  -0.0916397870  -0.1556396484 
-0.1540263891  -0.0899314880  -0.1605224609 
-0.1464619637  -0.0883529484  -0.1651611328 
-0.1387693882  -0.0868892968  -0.1696777344 
-0.1309255362  -0.0855231285  -0.1740722656 
-0.1229144335  -0.0842313170  -0.1781005859 
-0.1147302389  -0.0829886794  -0.1817626953 
-0.1063746214  -0.0817678273  -0.1850585938 
-0.0978548527  -0.0805364847  -0.1878662109 
-0.0891866684  -0.0792602897  -0.1900634766 
-0.0803961754  -0.0779047906  -0.1917724609 
-0.0715221167  -0.0764363110  -0.1928710938 
-0.0626176596  -0.0748249888  -0.1932373047 
-0.0537503958  -0.0730401874  -0.1927490234 
-0.0450000763  -0.0710525215  -0.1915283203 
-0.0364563465  -0.0688379705  -0.1895751953 
-0.0282129049  -0.0663755536  -0.1866455078 
-0.0203607082  -0.0636519194  -0.1831054688 
-0.0129774809  -0.0606645346  -0.1788330078 
-0.0061331987  -0.0574139357  -0.1738281250 
0.0001283884  -0.0539080501  -0.1683349609 
0.0057762861  -0.0501677394  -0.1623535156 
0.0108047724  -0.0462254882  -0.1558837891 
0.0152220726  -0.0421240330  -0.1491699219 
0.0190502405  -0.0379047990  -0.1420898438 
0.0223219395  -0.0336149931  -0.1347656250 
0.0250806808  -0.0292968750  -0.1273193359 
0.0273783207  -0.0249854326  -0.1197509766 
0.0292662382  -0.0207097530  -0.1119384766 
0.0307983160  -0.0164926648  -0.1041259766 
0.0320289135  -0.0123509169  -0.0961914062 
0.0330091715  -0.0082969666  -0.0881347656 
0.0337870121  -0.0043311715  -0.0799560547 
0.0344052315  -0.0004476905  -0.0718994141 
0.0349074602  0.0033594966  -0.0635986328 
0.0353381634  0.0070977807  -0.0554199219 
0.0357388258  0.0107781291  -0.0471191406 
0.0361489058  0.0144150257  -0.0388183594 
0.0366040468  0.0180274248  -0.0305175781 
0.0371371508  0.0216370821  -0.0223388672 
0.0377763510  0.0252670646  -0.0140380859 
0.0385452509  0.0289403200  -0.0057373047 
0.0394650698  0.0326811671  0.0024414062 
0.0405527353  0.0365120769  0.0104980469 
0.0418212414  0.0404519439  0.0185546875 
0.0432804823  0.0445159674  0.0266113281 
0.0449367762  0.0487148762  0.0344238281 
0.0467914343  0.0530516505  0.0421142578 
0.0488423109  0.0575230718  0.0498046875 
0.0510838032  0.0621204972  0.0572509766 
0.0535058975  0.0668320060  0.0645751953 
0.0560930967  0.0716425776  0.0717773438 
0.0588265657  0.0765368938  0.0788574219 
0.0616842508  0.0814999938  0.0859375000 
0.0646425486  0.0865178704  0.0928955078 
0.0676760674  0.0915762782  0.0997314453 
0.0707592964  0.0966611505  0.1065673828 
0.0738668442  0.1017590761  0.1134033203 
