-0.6574069262  0.0944692492  -0.3471679688 
-0.6498504877  0.0904886723  -0.3502197266 
-0.6422756910  0.0865288973  -0.3531494141 
-0.6346637011  0.0826116204  -0.3560791016 
-0.6269966364  0.0787537098  -0.3590087891 
-0.6192649603  0.0749604702  -0.3618164062 
-0.6114662886  0.0712224245  -0.3645019531 
-0.6036015749  0.0675229430  -0.3670654297 
-0.5956765413  0.0638390779  -0.3693847656 
-0.5876990557  0.0601447821  -0.3715820312 
-0.5796774626  0.0564174056  -0.3735351562 
-0.5716217756  0.0526326299  -0.3751220703 
-0.5635491610  0.0487607718  -0.3764648438 
-0.5554825068  0.0447723269  -0.3775634766 
-0.5474475622  0.0406428576  -0.3781738281 
-0.5394772291  0.0363493562  -0.3782958984 
-0.5316122770  0.0318702459  -0.3780517578 
-0.5238977671  0.0271920562  -0.3773193359 
-0.5163832903  0.0223070383  -0.3759765625 
-0.5091239214  0.0172122717  -0.3741455078 
-0.5021756887  0.0119165182  -0.3718261719 
-0.4955862761  0.0064438581  -0.3687744141 
-0.4893952608  0.0008269548  -0.3653564453 
-0.4836345911  -0.0048962235  -0.3613281250 
-0.4783257246  -0.0106819868  -0.3568115234 
-0.4734767675  -0.0164826512  -0.3518066406 
-0.4690858126  -0.0222558379  -0.3464355469 
-0.4651383162  -0.0279590487  -0.3405761719 
-0.4616197348  -0.0335572958  -0.3344726562 
-0.4585148096  -0.0390127301  -0.3278808594 
-0.4558035135  -0.0442939997  -0.3210449219 
-0.4534577131  -0.0493751764  -0.3139648438 
-0.4514530897  -0.0542411804  -0.3065185547 
-0.4497624636  -0.0588831306  -0.2989501953 
-0.4483553171  -0.0632976294  -0.2912597656 
-0.4471966028  -0.0674890578  -0.2832031250 
-0.4462531805  -0.0714655817  -0.2751464844 
-0.4454849958  -0.0752395093  -0.2669677734 
-0.4448465109  -0.0788249969  -0.2586669922 
-0.4442881346  -0.0822314322  -0.2503662109 
-0.4437640905  -0.0854677856  -0.2419433594 
-0.4432131052  -0.0885645449  -0.2333984375 
-0.4425724745  -0.0915511847  -0.2248535156 
-0.4417792559  -0.0944557190  -0.2163085938 
-0.4407705069  -0.0973016322  -0.2077636719 
-0.4394866228  -0.1001028717  -0.1992187500 
-0.4378732443  -0.1028650999  -0.1907958984 
-0.4358841181  -0.1055866778  -0.1823730469 
-0.4334717989  -0.1082647741  -0.1740722656 
-0.4305940866  -0.1108877957  -0.1658935547 
-0.4272199869  -0.1134288609  -0.1579589844 
-0.4233213663  -0.1158564687  -0.1501464844 
-0.4188817739  -0.1181313694  -0.1425781250 
-0.4138940573  -0.1202142537  -0.1352539062 
-0.4083682299  -0.1220764220  -0.1282958984 
-0.4023278952  -0.1236989200  -0.1218261719 
-0.3958071470  -0.1250746250  -0.1157226562 
-0.3888429403  -0.1262049675  -0.1099853516 
-0.3814748526  -0.1270976663  -0.1048583984 
-0.3737436533  -0.1277647316  -0.1000976562 
-0.3656920195  -0.1282218397  -0.0960693359 
-0.3573621511  -0.1284856200  -0.0925292969 
-0.3487986326  -0.1285725236  -0.0895996094 
-0.3400470018  -0.1284983158  -0.0872802734 
-0.3311537504  -0.1282770932  -0.0855712891 
-0.3221660852  -0.1279212534  -0.0844726562 
-0.3131326437  -0.1274416447  -0.0841064453 
-0.3040999174  -0.1268482506  -0.0843505859 
-0.2951117754  -0.1261488199  -0.0852050781 
-0.2862080336  -0.1253514588  -0.0866699219 
-0.2774239779  -0.1244650781  -0.0886230469 
-0.2687889338  -0.1235000193  -0.0911865234 
-0.2603250742  -0.1224692166  -0.0942382812 
-0.2520443201  -0.1213894188  -0.0977783203 
-0.2439521551  -0.1202706993  -0.1016845703 
-0.2360459566  -0.1191171110  -0.1058349609 
-0.2283191681  -0.1179275513  -0.1104736328 
-0.2207581997  -0.1166966259  -0.1152343750 
-0.2133475542  -0.1154161990  -0.1203613281 
-0.2060632706  -0.1140768826  -0.1254882812 
-0.1988755465  -0.1126707792  -0.1308593750 
-0.1917489767  -0.1111887395  -0.1362304688 
-0.1846438646  -0.1096153259  -0.1416015625 
-0.1775193214  -0.1079314053  -0.1469726562 
-0.1703343391  -0.1061285734  -0.1522216797 
-0.1630507708  -0.1042121649  -0.1572265625 
-0.1556354761  -0.1022058129  -0.1619873047 
-0.1480606794  -0.1001213193  -0.1665039062 
-0.1403087378  -0.0979629755  -0.1706542969 
-0.1323730946  -0.0957379341  -0.1744384766 
-0.1242556572  -0.0934581161  -0.1777343750 
-0.1159702539  -0.0911324322  -0.1805419922 
-0.1075413227  -0.0887581408  -0.1828613281 
-0.0990016460  -0.0863232613  -0.1845703125 
-0.0903881788  -0.0838108361  -0.1857910156 
-0.0817412138  -0.0812037289  -0.1865234375 
-0.0731065273  -0.0784775019  -0.1865234375 
-0.0645353794  -0.0756042600  -0.1860351562 
-0.0560843945  -0.0725566745  -0.1849365234 
-0.0478125811  -0.0693154335  -0.1831054688 
-0.0397772789  -0.0658737421  -0.1807861328 
-0.0320367813  -0.0622263551  -0.1778564453 
-0.0246483088  -0.0583761334  -0.1743164062 
-0.0176676512  -0.0543411970  -0.1701660156 
-0.0111432076  -0.0501515269  -0.1654052734 
-0.0051130056  -0.0458478928  -0.1602783203 
0.0003994703  -0.0414758921  -0.1545410156 
0.0053869486  -0.0370786786  -0.1484375000 
0.0098527670  -0.0326998830  -0.1418457031 
0.0138114691  -0.0283830762  -0.1350097656 
0.0172843933  -0.0241703391  -0.1276855469 
0.0202995539  -0.0201028585  -0.1202392578 
0.0228872299  -0.0162199736  -0.1124267578 
0.0250806808  -0.0125575662  -0.1044921875 
0.0269138813  -0.0091463923  -0.0963134766 
0.0284234285  -0.0060101151  -0.0878906250 
0.0296474695  -0.0031654835  -0.0794677734 
0.0306235552  -0.0006220937  -0.0708007812 
0.0313862562  0.0016154647  -0.0620117188 
0.0319674015  0.0035472512  -0.0532226562 
0.0323952436  0.0051805973  -0.0443115234 
0.0326945782  0.0065357685  -0.0354003906 
0.0328909159  0.0076399446  -0.0263671875 
0.0330106020  0.0085309744  -0.0173339844 
0.0330766439  0.0092498660  -0.0083007812 
0.0331059694  0.0098444819  0.0007324219 
0.0331126451  0.0103589296  0.0097656250 
0.0331084728  0.0108345747  0.0187988281 
