-0.0141354799  -0.0069898367  -0.1267089844 
-0.0136934519  -0.0072093606  -0.1176757812 
-0.0132632256  -0.0073904395  -0.1086425781 
-0.0128520727  -0.0075041056  -0.0996093750 
-0.0124628544  -0.0075328946  -0.0905761719 
-0.0120946169  -0.0074679255  -0.0815429688 
-0.0117431879  -0.0072946548  -0.0725097656 
-0.0114011765  -0.0069929957  -0.0634765625 
-0.0110567808  -0.0065364242  -0.0544433594 
-0.0106952190  -0.0058931112  -0.0454101562 
-0.0102976561  -0.0050265789  -0.0363769531 
-0.0098416805  -0.0038959980  -0.0273437500 
-0.0092998743  -0.0024583340  -0.0184326172 
-0.0086406469  -0.0006706119  -0.0096435547 
-0.0078282356  0.0015081167  -0.0008544922 
-0.0068223476  0.0041111112  0.0078125000 
-0.0055801868  0.0071724057  0.0162353516 
-0.0040578842  0.0107209086  0.0244140625 
-0.0022134781  0.0147706270  0.0322265625 
-0.0000120401  0.0193232894  0.0397949219 
0.0025689602  0.0243707299  0.0468750000 
0.0055358410  0.0298914909  0.0533447266 
0.0088837147  0.0358480215  0.0593261719 
0.0126013756  0.0421881676  0.0645751953 
0.0166704655  0.0488469601  0.0692138672 
0.0210727453  0.0557486415  0.0731201172 
0.0257836580  0.0628134608  0.0761718750 
0.0307810307  0.0699631572  0.0786132812 
0.0360485315  0.0771195292  0.0804443359 
0.0415710211  0.0842123628  0.0814208984 
0.0473313332  0.0911824703  0.0819091797 
0.0533133745  0.0979796648  0.0819091797 
0.0595006943  0.1045613289  0.0812988281 
0.0658788681  0.1108909845  0.0800781250 
0.0724359751  0.1169396639  0.0786132812 
0.0791566372  0.1226910353  0.0766601562 
0.0860235691  0.1281389594  0.0743408203 
0.0930212736  0.1332858801  0.0717773438 
0.1001313925  0.1381426454  0.0689697266 
0.1073402166  0.1427201033  0.0660400391 
0.1146371365  0.1470326185  0.0627441406 
0.1220109463  0.1511009336  0.0594482422 
0.1294534206  0.1549463272  0.0560302734 
0.1369594336  0.1585832834  0.0524902344 
0.1445255280  0.1620252132  0.0489501953 
0.1521536112  0.1652799845  0.0452880859 
0.1598455906  0.1683548093  0.0416259766 
0.1676021814  0.1712502241  0.0379638672 
0.1754217148  0.1739682555  0.0343017578 
0.1833060980  0.1765067577  0.0306396484 
0.1912560463  0.1788654923  0.0269775391 
0.1992753744  0.1810426712  0.0234375000 
0.2073651552  0.1830439568  0.0198974609 
0.2155265808  0.1848798394  0.0163574219 
0.2237592936  0.1865617633  0.0130615234 
0.2320634127  0.1880998015  0.0097656250 
0.2404427528  0.1894982457  0.0065917969 
0.2489000559  0.1907662153  0.0036621094 
0.2574372292  0.1919169426  0.0008544922 
0.2660561800  0.1929658055  -0.0017089844 
0.2747545242  0.1939294934  -0.0040283203 
0.2835283279  0.1948222518  -0.0061035156 
0.2923718691  0.1956554651  -0.0078125000 
0.3012748957  0.1964504123  -0.0092773438 
0.3102233410  0.1972420216  -0.0104980469 
0.3192054033  0.1980544925  -0.0112304688 
0.3282095194  0.1989015341  -0.0117187500 
0.3372198343  0.1997976303  -0.0118408203 
0.3462181091  0.2007603049  -0.0114746094 
0.3551841974  0.2018072605  -0.0107421875 
0.3640936613  0.2029521465  -0.0096435547 
0.3729163408  0.2042029500  -0.0080566406 
0.3816169500  0.2055615187  -0.0058593750 
0.3901581764  0.2070341110  -0.0032958984 
0.3984955549  0.2086295485  -0.0001220703 
0.4065773487  0.2103555202  0.0035400391 
0.4143449068  0.2122170925  0.0078125000 
0.4217265844  0.2142158151  0.0126953125 
0.4286398888  0.2163541913  0.0181884766 
0.4350033998  0.2186355591  0.0241699219 
0.4407460690  0.2210605145  0.0307617188 
0.4458148479  0.2235997915  0.0378417969 
0.4501718283  0.2262207866  0.0452880859 
0.4537971020  0.2288855910  0.0531005859 
0.4566831589  0.2315654755  0.0612792969 
0.4588325024  0.2342520356  0.0697021484 
0.4602599144  0.2369561195  0.0782470703 
0.4609929323  0.2396948338  0.0867919922 
0.4610685110  0.2424911261  0.0954589844 
0.4605319500  0.2453700304  0.1040039062 
0.4594347477  0.2483553886  0.1124267578 
0.4578330517  0.2514670491  0.1208496094 
0.4557796717  0.2547253370  0.1290283203 
0.4533250332  0.2581484318  0.1369628906 
0.4505186081  0.2617464662  0.1448974609 
0.4474109411  0.2655202746  0.1524658203 
0.4440567493  0.2694627643  0.1599121094 
0.4405100346  0.2735533714  0.1671142578 
0.4368233681  0.2777624726  0.1743164062 
0.4330458641  0.2820570469  0.1812744141 
0.4292216301  0.2864016891  0.1882324219 
0.4253952503  0.2907626629  0.1951904297 
0.4216115475  0.2951064706  0.2021484375 
0.4179159403  0.2994018197  0.2092285156 
0.4143518209  0.3036155105  0.2164306641 
0.4109598398  0.3077139854  0.2237548828 
0.4077812433  0.3116656542  0.2312011719 
0.4048546553  0.3154370189  0.2390136719 
0.4022200108  0.3190070391  0.2468261719 
0.3999179602  0.3223627210  0.2548828125 
0.3979840279  0.3255022168  0.2631835938 
0.3964481354  0.3284342885  0.2716064453 
0.3953295946  0.3311761618  0.2801513672 
0.3946396112  0.3337530494  0.2888183594 
0.3943809271  0.3361970186  0.2976074219 
0.3945455551  0.3385438323  0.3062744141 
0.3951188326  0.3408296704  0.3150634766 
0.3960806131  0.3430886865  0.3237304688 
0.3974026442  0.3453494906  0.3323974609 
0.3990519047  0.3476348519  0.3410644531 
0.4009928703  0.3499627113  0.3496093750 
0.4031829834  0.3523435593  0.3580322266 
0.4055793285  0.3547832966  0.3664550781 
0.4081398249  0.3572806716  0.3747558594 
0.4108257294  0.3598308563  0.3830566406 
0.4136010408  0.3624250293  0.3912353516 
0.4164315462  0.3650504351  0.3994140625 
0.4192866087  0.3676920533  0.4075927734 
