-0.8611286879  0.2051194310  -0.4461669922 
-0.8642991781  0.2031456232  -0.4378662109 
-0.8674098253  0.2011080980  -0.4296875000 
-0.8703998327  0.1989395022  -0.4213867188 
-0.8732072115  0.1965779662  -0.4130859375 
-0.8757611513  0.1939642429  -0.4047851562 
-0.8779917955  0.1910564303  -0.3964843750 
-0.8798230886  0.1878138781  -0.3883056641 
-0.8811806440  0.1842036247  -0.3801269531 
-0.8819915056  0.1802095175  -0.3719482422 
-0.8821905851  0.1758324504  -0.3641357422 
-0.8817237616  0.1710913181  -0.3563232422 
-0.8805485964  0.1660187840  -0.3489990234 
-0.8786379099  0.1606636643  -0.3419189453 
-0.8759857416  0.1550878882  -0.3353271484 
-0.8725973368  0.1493654847  -0.3291015625 
-0.8684824705  0.1435782313  -0.3234863281 
-0.8636642694  0.1378093958  -0.3184814453 
-0.8581925631  0.1321374774  -0.3140869141 
-0.8521319628  0.1266326904  -0.3101806641 
-0.8455425501  0.1213606596  -0.3068847656 
-0.8384910822  0.1163734198  -0.3041992188 
-0.8310419321  0.1117126942  -0.3020019531 
-0.8232549429  0.1074091196  -0.3002929688 
-0.8151901960  0.1034765244  -0.2990722656 
-0.8069049120  0.0999106765  -0.2982177734 
-0.7984505892  0.0966931581  -0.2978515625 
-0.7898725271  0.0937926173  -0.2978515625 
-0.7812079191  0.0911758542  -0.2980957031 
-0.7724837065  0.0888102055  -0.2985839844 
-0.7637232542  0.0866557956  -0.2994384766 
-0.7549446821  0.0846700668  -0.3004150391 
-0.7461620569  0.0828152299  -0.3016357422 
-0.7373851538  0.0810614228  -0.3029785156 
-0.7286206484  0.0793890953  -0.3044433594 
-0.7198721170  0.0777872801  -0.3061523438 
-0.7111417055  0.0762489438  -0.3079833984 
-0.7024317980  0.0747628212  -0.3100585938 
-0.6937462091  0.0733157992  -0.3121337891 
-0.6850885153  0.0718968511  -0.3143310547 
-0.6764606237  0.0704976916  -0.3167724609 
-0.6678618193  0.0691155791  -0.3192138672 
-0.6592918634  0.0677446127  -0.3217773438 
-0.6507502794  0.0663750768  -0.3244628906 
-0.6422361135  0.0649957061  -0.3272705078 
-0.6337484121  0.0635962486  -0.3300781250 
-0.6252883673  0.0621562600  -0.3330078125 
-0.6168550253  0.0606496930  -0.3359375000 
-0.6084457636  0.0590471625  -0.3388671875 
-0.6000572443  0.0573194623  -0.3417968750 
-0.5916863680  0.0554392934  -0.3447265625 
-0.5833328962  0.0533726811  -0.3475341797 
-0.5749984980  0.0510848165  -0.3502197266 
-0.5666850805  0.0485435128  -0.3527832031 
-0.5584019423  0.0457119942  -0.3551025391 
-0.5501650572  0.0425537229  -0.3570556641 
-0.5419970751  0.0390424132  -0.3587646484 
-0.5339287519  0.0351565480  -0.3601074219 
-0.5259963274  0.0308852196  -0.3610839844 
-0.5182365179  0.0262376070  -0.3614501953 
-0.5106858015  0.0212407708  -0.3613281250 
-0.5033804178  0.0159348845  -0.3607177734 
-0.4963530302  0.0103721619  -0.3593750000 
-0.4896296263  0.0046107769  -0.3575439453 
-0.4832288027  -0.0012910962  -0.3549804688 
-0.4771605730  -0.0072781444  -0.3519287109 
-0.4714297056  -0.0132980347  -0.3483886719 
-0.4660326242  -0.0193042755  -0.3442382812 
-0.4609590769  -0.0252550840  -0.3397216797 
-0.4561940432  -0.0311151743  -0.3347167969 
-0.4517241716  -0.0368559957  -0.3293457031 
-0.4475394487  -0.0424541235  -0.3236083984 
-0.4436324835  -0.0478883386  -0.3175048828 
-0.4399946928  -0.0531391501  -0.3110351562 
-0.4366177320  -0.0581880212  -0.3043212891 
-0.4334894419  -0.0630169511  -0.2973632812 
-0.4306000471  -0.0676122606  -0.2900390625 
-0.4279369116  -0.0719665289  -0.2825927734 
-0.4254866838  -0.0760733783  -0.2749023438 
-0.4232295752  -0.0799305737  -0.2670898438 
-0.4211410284  -0.0835349858  -0.2590332031 
-0.4191974401  -0.0868880451  -0.2508544922 
-0.4173661470  -0.0900010467  -0.2425537109 
-0.4156090021  -0.0928902924  -0.2341308594 
-0.4138859510  -0.0955685377  -0.2255859375 
-0.4121593237  -0.0980523229  -0.2170410156 
-0.4103828669  -0.1003571749  -0.2084960938 
-0.4085048437  -0.1025055051  -0.1999511719 
-0.4064697027  -0.1045228541  -0.1912841797 
-0.4042230844  -0.1064304113  -0.1827392578 
-0.4017156363  -0.1082543135  -0.1743164062 
-0.3988937140  -0.1100213528  -0.1658935547 
-0.3957041502  -0.1117549539  -0.1575927734 
-0.3920966387  -0.1134715378  -0.1494140625 
-0.3880232573  -0.1151846647  -0.1414794922 
-0.3834446669  -0.1169030666  -0.1339111328 
-0.3783296347  -0.1186261475  -0.1265869141 
-0.3726605177  -0.1203413606  -0.1197509766 
-0.3664346933  -0.1220211089  -0.1134033203 
-0.3596636057  -0.1236327589  -0.1076660156 
-0.3523753881  -0.1251366735  -0.1024169922 
-0.3446143866  -0.1264887452  -0.0980224609 
-0.3364413977  -0.1276526749  -0.0942382812 
-0.3279286623  -0.1285997629  -0.0913085938 
-0.3191577196  -0.1293084025  -0.0892333984 
-0.3102134466  -0.1297665238  -0.0878906250 
-0.3011780977  -0.1299709082  -0.0872802734 
-0.2921248674  -0.1299267113  -0.0875244141 
-0.2831159830  -0.1296448410  -0.0883789062 
-0.2742010355  -0.1291415393  -0.0898437500 
-0.2654172182  -0.1284368634  -0.0919189453 
-0.2567888498  -0.1275533140  -0.0946044922 
-0.2483257055  -0.1265165508  -0.0976562500 
-0.2400273085  -0.1253556907  -0.1010742188 
-0.2318822145  -0.1241036057  -0.1047363281 
-0.2238739729  -0.1227850318  -0.1087646484 
-0.2159807682  -0.1214177310  -0.1130371094 
-0.2081797123  -0.1200135946  -0.1174316406 
-0.2004468441  -0.1185836792  -0.1219482422 
-0.1927551031  -0.1171397567  -0.1264648438 
-0.1850775480  -0.1156969965  -0.1309814453 
-0.1773911715  -0.1142638624  -0.1356201172 
-0.1696786880  -0.1128427088  -0.1401367188 
-0.1619281769  -0.1114327013  -0.1445312500 
-0.1541368961  -0.1100314558  -0.1489257812 
-0.1463086605  -0.1086398065  -0.1533203125 
-0.1384596825  -0.1072593331  -0.1575927734 
-0.1306005716  -0.1058847904  -0.1618652344 
