-0.6730984449  0.0948936939  -0.3220214844 
-0.6667321920  0.0915197730  -0.3275146484 
-0.6603137255  0.0881611705  -0.3330078125 
-0.6537986994  0.0848347545  -0.3383789062 
-0.6471499205  0.0815557837  -0.3435058594 
-0.6403328180  0.0783399343  -0.3485107422 
-0.6333230734  0.0751950145  -0.3532714844 
-0.6261104345  0.0721119046  -0.3579101562 
-0.6186996698  0.0690740347  -0.3620605469 
-0.6111096144  0.0660517216  -0.3659667969 
-0.6033648252  0.0630078316  -0.3695068359 
-0.5954908133  0.0599046350  -0.3728027344 
-0.5875064135  0.0567129254  -0.3756103516 
-0.5794354677  0.0534025431  -0.3780517578 
-0.5713020563  0.0499504805  -0.3800048828 
-0.5631393194  0.0463315248  -0.3814697266 
-0.5549830198  0.0425288081  -0.3825683594 
-0.5468732119  0.0385296345  -0.3830566406 
-0.5388482809  0.0343353152  -0.3829345703 
-0.5309511423  0.0299528241  -0.3823242188 
-0.5232323408  0.0253881812  -0.3809814453 
-0.5157541037  0.0206404328  -0.3791503906 
-0.5085834265  0.0157119036  -0.3767089844 
-0.5017772913  0.0106194019  -0.3735351562 
-0.4953809977  0.0053914189  -0.3698730469 
-0.4894226789  0.0000674725  -0.3656005859 
-0.4839173555  -0.0053054094  -0.3608398438 
-0.4788771868  -0.0106859803  -0.3554687500 
-0.4743131399  -0.0160402656  -0.3498535156 
-0.4702259302  -0.0213260055  -0.3437500000 
-0.4666100740  -0.0265039206  -0.3372802734 
-0.4634534121  -0.0315480232  -0.3304443359 
-0.4607325792  -0.0364516973  -0.3232421875 
-0.4584084749  -0.0412261486  -0.3159179688 
-0.4564286470  -0.0458764434  -0.3084716797 
-0.4547370672  -0.0504076481  -0.3007812500 
-0.4532808065  -0.0548301935  -0.2929687500 
-0.4520140886  -0.0591484904  -0.2851562500 
-0.4508937597  -0.0633572936  -0.2772216797 
-0.4498740435  -0.0674517155  -0.2691650391 
-0.4489048719  -0.0714234114  -0.2611083984 
-0.4479345083  -0.0752685964  -0.2529296875 
-0.4469119310  -0.0789785981  -0.2447509766 
-0.4457908869  -0.0825476348  -0.2365722656 
-0.4445325136  -0.0859760642  -0.2282714844 
-0.4431043863  -0.0892686844  -0.2199707031 
-0.4414633512  -0.0924425423  -0.2116699219 
-0.4395612478  -0.0955146849  -0.2033691406 
-0.4373482466  -0.0984902978  -0.1950683594 
-0.4347831011  -0.1013711393  -0.1868896484 
-0.4318319559  -0.1041557491  -0.1788330078 
-0.4284600019  -0.1068466306  -0.1707763672 
-0.4246414900  -0.1094410121  -0.1629638672 
-0.4203709364  -0.1119166911  -0.1553955078 
-0.4156514406  -0.1142517328  -0.1480712891 
-0.4104846716  -0.1164195240  -0.1409912109 
-0.4048796892  -0.1183837354  -0.1341552734 
-0.3988496065  -0.1201124191  -0.1275634766 
-0.3924118280  -0.1215930581  -0.1213378906 
-0.3855849504  -0.1228277087  -0.1156005859 
-0.3783894777  -0.1238282025  -0.1102294922 
-0.3708490133  -0.1246124506  -0.1052246094 
-0.3629893064  -0.1252037883  -0.1007080078 
-0.3548363447  -0.1256258488  -0.0968017578 
-0.3464220762  -0.1259000897  -0.0935058594 
-0.3377813101  -0.1260443926  -0.0908203125 
-0.3289576769  -0.1260718703  -0.0887451172 
-0.3200036287  -0.1259916425  -0.0874023438 
-0.3109747171  -0.1258100271  -0.0867919922 
-0.3019238710  -0.1255291998  -0.0867919922 
-0.2929013968  -0.1251493692  -0.0874023438 
-0.2839533091  -0.1246689856  -0.0887451172 
-0.2751220465  -0.1240850687  -0.0906982422 
-0.2664445639  -0.1233940423  -0.0931396484 
-0.2579494715  -0.1225938499  -0.0961914062 
-0.2496534586  -0.1216853559  -0.0997314453 
-0.2415603399  -0.1206751168  -0.1036376953 
-0.2336615324  -0.1195752919  -0.1079101562 
-0.2259428501  -0.1184022427  -0.1125488281 
-0.2183780670  -0.1171614826  -0.1173095703 
-0.2109327316  -0.1158510447  -0.1223144531 
-0.2035702467  -0.1144653261  -0.1274414062 
-0.1962569952  -0.1129992604  -0.1325683594 
-0.1889560223  -0.1114510894  -0.1376953125 
-0.1816314459  -0.1098271608  -0.1427001953 
-0.1742557287  -0.1081250608  -0.1477050781 
-0.1668027639  -0.1063368618  -0.1524658203 
-0.1592427492  -0.1044525504  -0.1571044922 
-0.1515471935  -0.1024655402  -0.1614990234 
-0.1436930895  -0.1003786922  -0.1654052734 
-0.1356712580  -0.0981888175  -0.1690673828 
-0.1274820566  -0.0958907902  -0.1721191406 
-0.1191389561  -0.0934836268  -0.1746826172 
-0.1106721163  -0.0909634829  -0.1767578125 
-0.1021211147  -0.0883261561  -0.1781005859 
-0.0935355425  -0.0855521858  -0.1788330078 
-0.0849719048  -0.0826130211  -0.1789550781 
-0.0764877796  -0.0794832408  -0.1785888672 
-0.0681368113  -0.0761486590  -0.1774902344 
-0.0599699020  -0.0725938976  -0.1759033203 
-0.0520337820  -0.0688112080  -0.1737060547 
-0.0443669558  -0.0648083091  -0.1710205078 
-0.0370000601  -0.0605995655  -0.1678466797 
-0.0299572945  -0.0562037826  -0.1641845703 
-0.0232559443  -0.0516445041  -0.1601562500 
-0.0169146061  -0.0469457507  -0.1557617188 
-0.0109444857  -0.0421401262  -0.1508789062 
-0.0053546429  -0.0372652411  -0.1457519531 
-0.0001547337  -0.0323624611  -0.1401367188 
0.0046443939  -0.0274762511  -0.1342773438 
0.0090279579  -0.0226544142  -0.1279296875 
0.0129796267  -0.0179466605  -0.1213378906 
0.0164868832  -0.0134018064  -0.1142578125 
0.0195389986  -0.0090649724  -0.1069335938 
0.0221331120  -0.0049833655  -0.0992431641 
0.0242729187  -0.0012047887  -0.0913085938 
0.0259814262  0.0022214651  -0.0831298828 
0.0272920132  0.0052589178  -0.0747070312 
0.0282436609  0.0078783631  -0.0661621094 
0.0288774967  0.0100675225  -0.0573730469 
0.0292332172  0.0118259192  -0.0484619141 
0.0293468237  0.0131620169  -0.0395507812 
0.0292493105  0.0140990615  -0.0305175781 
0.0289671421  0.0146738887  -0.0214843750 
0.0285325050  0.0149437785  -0.0124511719 
0.0279815197  0.0149796009  -0.0034179688 
0.0273495913  0.0148549676  0.0056152344 
0.0266741514  0.0146473050  0.0146484375 
