-0.8430587053  0.2120438814  -0.4864501953 
-0.8472322226  0.2102871537  -0.4786376953 
-0.8513585329  0.2084864974  -0.4708251953 
-0.8553894758  0.2065910101  -0.4628906250 
-0.8592866659  0.2045536041  -0.4549560547 
-0.8630069494  0.2023398876  -0.4470214844 
-0.8665021658  0.1999306679  -0.4390869141 
-0.8697232008  0.1973157525  -0.4310302734 
-0.8726221323  0.1944888234  -0.4228515625 
-0.8751527071  0.1914412975  -0.4147949219 
-0.8772629499  0.1881684065  -0.4066162109 
-0.8789066076  0.1846606731  -0.3984375000 
-0.8800374269  0.1809120774  -0.3902587891 
-0.8806048632  0.1769235730  -0.3820800781 
-0.8805700541  0.1727042794  -0.3741455078 
-0.8799024820  0.1682646275  -0.3662109375 
-0.8785802126  0.1636232734  -0.3585205078 
-0.8765915632  0.1588009596  -0.3511962891 
-0.8739374876  0.1538271904  -0.3441162109 
-0.8706392050  0.1487393975  -0.3374023438 
-0.8667255640  0.1435790062  -0.3310546875 
-0.8622270823  0.1383876204  -0.3251953125 
-0.8571716547  0.1332217455  -0.3197021484 
-0.8515802622  0.1281403899  -0.3146972656 
-0.8454688787  0.1231992841  -0.3101806641 
-0.8388689756  0.1184526086  -0.3061523438 
-0.8318239450  0.1139478683  -0.3027343750 
-0.8243864775  0.1097159386  -0.2998046875 
-0.8166168928  0.1057711840  -0.2973632812 
-0.8085750341  0.1021105647  -0.2952880859 
-0.8003145456  0.0987250209  -0.2938232422 
-0.7918816805  0.0956025124  -0.2927246094 
-0.7833193541  0.0927251577  -0.2921142578 
-0.7746633291  0.0900772214  -0.2918701172 
-0.7659448385  0.0876346231  -0.2919921875 
-0.7571903467  0.0853719115  -0.2924804688 
-0.7484186888  0.0832715631  -0.2933349609 
-0.7396451235  0.0813120008  -0.2944335938 
-0.7308818102  0.0794717073  -0.2957763672 
-0.7221342325  0.0777357221  -0.2972412109 
-0.7134078741  0.0760843754  -0.2990722656 
-0.7047082186  0.0744966269  -0.3010253906 
-0.6960383654  0.0729538798  -0.3031005859 
-0.6873999834  0.0714432597  -0.3054199219 
-0.6787966490  0.0699460506  -0.3077392578 
-0.6702340841  0.0684402585  -0.3103027344 
-0.6617182493  0.0669050217  -0.3129882812 
-0.6532524824  0.0653238297  -0.3157958984 
-0.6448408365  0.0636765957  -0.3187255859 
-0.6364876032  0.0619383454  -0.3217773438 
-0.6281946898  0.0600840449  -0.3248291016 
-0.6199582815  0.0580915809  -0.3280029297 
-0.6117717028  0.0559467077  -0.3312988281 
-0.6036328077  0.0536304712  -0.3344726562 
-0.5955399275  0.0511245131  -0.3376464844 
-0.5874866247  0.0484189987  -0.3408203125 
-0.5794678926  0.0455020070  -0.3438720703 
-0.5714770555  0.0423652530  -0.3466796875 
-0.5635143518  0.0389955044  -0.3493652344 
-0.5555819273  0.0353808403  -0.3519287109 
-0.5476797819  0.0315202475  -0.3540039062 
-0.5398067236  0.0274196267  -0.3558349609 
-0.5319730043  0.0230803490  -0.3571777344 
-0.5242007971  0.0185088515  -0.3580322266 
-0.5165230036  0.0137166381  -0.3582763672 
-0.5089801550  0.0087140799  -0.3580322266 
-0.5016123056  0.0035184026  -0.3571777344 
-0.4944530725  -0.0018432140  -0.3557128906 
-0.4875258207  -0.0073373914  -0.3537597656 
-0.4808474779  -0.0129278302  -0.3513183594 
-0.4744325876  -0.0185747743  -0.3482666016 
-0.4682945013  -0.0242362618  -0.3448486328 
-0.4624446630  -0.0298708677  -0.3408203125 
-0.4568935633  -0.0354365110  -0.3363037109 
-0.4516538382  -0.0408926010  -0.3312988281 
-0.4467452765  -0.0462073088  -0.3259277344 
-0.4421826601  -0.0513519049  -0.3199462891 
-0.4379712343  -0.0563029051  -0.3137207031 
-0.4341179132  -0.0610491037  -0.3070068359 
-0.4306226969  -0.0655802488  -0.3000488281 
-0.4274717569  -0.0698907375  -0.2927246094 
-0.4246422052  -0.0739732087  -0.2851562500 
-0.4221118689  -0.0778249204  -0.2773437500 
-0.4198492765  -0.0814530849  -0.2692871094 
-0.4178181887  -0.0848681927  -0.2612304688 
-0.4159818888  -0.0880763233  -0.2529296875 
-0.4142891169  -0.0910842419  -0.2445068359 
-0.4126840830  -0.0939049423  -0.2360839844 
-0.4111081362  -0.0965516865  -0.2275390625 
-0.4095028639  -0.0990314186  -0.2189941406 
-0.4078136683  -0.1013554931  -0.2104492188 
-0.4059919119  -0.1035342515  -0.2019042969 
-0.4039818048  -0.1055864394  -0.1932373047 
-0.4017251730  -0.1075314581  -0.1846923828 
-0.3991657495  -0.1093846560  -0.1762695312 
-0.3962522745  -0.1111526787  -0.1678466797 
-0.3929284811  -0.1128450036  -0.1595458984 
-0.3891428709  -0.1144670546  -0.1514892578 
-0.3848570585  -0.1160154045  -0.1436767578 
-0.3800405264  -0.1174910069  -0.1362304688 
-0.3746782541  -0.1188964546  -0.1290283203 
-0.3687678576  -0.1202323139  -0.1223144531 
-0.3623152971  -0.1214930713  -0.1160888672 
-0.3553375006  -0.1226631701  -0.1103515625 
-0.3478692770  -0.1237162948  -0.1053466797 
-0.3399599791  -0.1246280968  -0.1010742188 
-0.3316723108  -0.1253779531  -0.0975341797 
-0.3230799437  -0.1259513795  -0.0947265625 
-0.3142606020  -0.1263390183  -0.0926513672 
-0.3052943945  -0.1265372038  -0.0914306641 
-0.2962542772  -0.1265485287  -0.0909423828 
-0.2872022390  -0.1263796091  -0.0910644531 
-0.2781878710  -0.1260406673  -0.0919189453 
-0.2692481279  -0.1255445778  -0.0932617188 
-0.2604080439  -0.1249057055  -0.0950927734 
-0.2516795397  -0.1241396964  -0.0974121094 
-0.2430664301  -0.1232644022  -0.0999755859 
-0.2345646620  -0.1223002970  -0.1030273438 
-0.2261626720  -0.1212722659  -0.1062011719 
-0.2178404331  -0.1202086508  -0.1096191406 
-0.2095764875  -0.1191261411  -0.1131591797 
-0.2013522387  -0.1180313826  -0.1168212891 
-0.1931487322  -0.1169251204  -0.1204833984 
-0.1849509478  -0.1158048511  -0.1241455078 
-0.1767519712  -0.1146673262  -0.1278076172 
-0.1685481071  -0.1135119200  -0.1314697266 
-0.1603375673  -0.1123411357  -0.1351318359 
-0.1521229744  -0.1111667752  -0.1386718750 
