-0.5669764280  0.0640307069  -0.3726806641 
-0.5608807802  0.0575109720  -0.3712158203 
-0.5547858477  0.0509978533  -0.3696289062 
-0.5486928225  0.0444983244  -0.3680419922 
-0.5426119566  0.0380129814  -0.3663330078 
-0.5365577936  0.0315411091  -0.3643798828 
-0.5305494070  0.0250805616  -0.3624267578 
-0.5246077776  0.0186310410  -0.3601074219 
-0.5187586546  0.0121931434  -0.3576660156 
-0.5130311251  0.0057694912  -0.3548583984 
-0.5074547529  -0.0006336570  -0.3516845703 
-0.5020581484  -0.0070060492  -0.3481445312 
-0.4968687296  -0.0133327246  -0.3442382812 
-0.4919127226  -0.0195949078  -0.3399658203 
-0.4872151613  -0.0257709622  -0.3353271484 
-0.4827958345  -0.0318375826  -0.3303222656 
-0.4786673784  -0.0377719998  -0.3248291016 
-0.4748376608  -0.0435499549  -0.3189697266 
-0.4713126421  -0.0491510630  -0.3128662109 
-0.4680916071  -0.0545526147  -0.3062744141 
-0.4651662111  -0.0597379804  -0.2994384766 
-0.4625183344  -0.0646893382  -0.2923583984 
-0.4601219893  -0.0693933368  -0.2850341797 
-0.4579485655  -0.0738430917  -0.2774658203 
-0.4559637308  -0.0780361593  -0.2696533203 
-0.4541333914  -0.0819740295  -0.2617187500 
-0.4524215460  -0.0856647193  -0.2536621094 
-0.4507902861  -0.0891224742  -0.2453613281 
-0.4492014647  -0.0923627317  -0.2370605469 
-0.4476119280  -0.0954050422  -0.2287597656 
-0.4459775686  -0.0982741117  -0.2203369141 
-0.4442547560  -0.1009961963  -0.2117919922 
-0.4423998594  -0.1035965979  -0.2033691406 
-0.4403735399  -0.1060942709  -0.1949462891 
-0.4381381273  -0.1085042059  -0.1865234375 
-0.4356597662  -0.1108395457  -0.1781005859 
-0.4329069853  -0.1131075025  -0.1697998047 
-0.4298435450  -0.1153118014  -0.1614990234 
-0.4264296293  -0.1174574494  -0.1534423828 
-0.4226244688  -0.1195474863  -0.1455078125 
-0.4183892012  -0.1215753257  -0.1376953125 
-0.4136935472  -0.1235303879  -0.1302490234 
-0.4085115194  -0.1253947914  -0.1230468750 
-0.4028300047  -0.1271471977  -0.1162109375 
-0.3966459036  -0.1287625730  -0.1097412109 
-0.3899718523  -0.1302148402  -0.1038818359 
-0.3828328848  -0.1314763129  -0.0983886719 
-0.3752619028  -0.1325222254  -0.0936279297 
-0.3673020601  -0.1333301067  -0.0893554688 
-0.3590029478  -0.1338811219  -0.0856933594 
-0.3504227400  -0.1341608465  -0.0828857422 
-0.3416279554  -0.1341610849  -0.0806884766 
-0.3326903582  -0.1338803470  -0.0793457031 
-0.3236800432  -0.1333269775  -0.0786132812 
-0.3146611452  -0.1325178444  -0.0786132812 
-0.3056880236  -0.1314733326  -0.0792236328 
-0.2968055010  -0.1302123964  -0.0804443359 
-0.2880498171  -0.1287539005  -0.0821533203 
-0.2794481516  -0.1271179318  -0.0844726562 
-0.2710183859  -0.1253266931  -0.0872802734 
-0.2627681494  -0.1234030724  -0.0904541016 
-0.2546962500  -0.1213703752  -0.0939941406 
-0.2467919588  -0.1192523539  -0.0979003906 
-0.2390393019  -0.1170713902  -0.1020507812 
-0.2314187288  -0.1148485541  -0.1064453125 
-0.2239089012  -0.1126039922  -0.1109619141 
-0.2164871693  -0.1103589237  -0.1156005859 
-0.2091323137  -0.1081323028  -0.1203613281 
-0.2018237114  -0.1059416533  -0.1252441406 
-0.1945439577  -0.1037990451  -0.1302490234 
-0.1872761250  -0.1017155349  -0.1352539062 
-0.1800041199  -0.0997022390  -0.1402587891 
-0.1727118492  -0.0977682173  -0.1452636719 
-0.1653821468  -0.0959194601  -0.1502685547 
-0.1579935551  -0.0941525996  -0.1551513672 
-0.1505233049  -0.0924597085  -0.1600341797 
-0.1429445744  -0.0908252001  -0.1646728516 
-0.1352319717  -0.0892227888  -0.1690673828 
-0.1273641586  -0.0876242816  -0.1733398438 
-0.1193301678  -0.0860035419  -0.1771240234 
-0.1111289263  -0.0843295455  -0.1806640625 
-0.1027660370  -0.0825804472  -0.1835937500 
-0.0942566395  -0.0807349384  -0.1861572266 
-0.0856269598  -0.0787701905  -0.1879882812 
-0.0769152641  -0.0766625702  -0.1893310547 
-0.0681716204  -0.0743893385  -0.1899414062 
-0.0594573021  -0.0719309747  -0.1898193359 
-0.0508439541  -0.0692739487  -0.1889648438 
-0.0424108505  -0.0664132237  -0.1872558594 
-0.0342408419  -0.0633495450  -0.1849365234 
-0.0264136791  -0.0600931644  -0.1816406250 
-0.0189990997  -0.0566601753  -0.1777343750 
-0.0120562315  -0.0530706644  -0.1732177734 
-0.0056271553  -0.0493447185  -0.1680908203 
0.0002560616  -0.0454984307  -0.1623535156 
0.0055769682  -0.0415568948  -0.1561279297 
0.0103318691  -0.0375455618  -0.1495361328 
0.0145341158  -0.0334928036  -0.1427001953 
0.0182110071  -0.0294247270  -0.1354980469 
0.0213984251  -0.0253651142  -0.1280517578 
0.0241397619  -0.0213338137  -0.1203613281 
0.0264811516  -0.0173494816  -0.1125488281 
0.0284676552  -0.0134274364  -0.1047363281 
0.0301433802  -0.0095776320  -0.0966796875 
0.0315508842  -0.0058065653  -0.0885009766 
0.0327348709  -0.0021144748  -0.0803222656 
0.0337358713  0.0015012622  -0.0721435547 
0.0345935822  0.0050480962  -0.0638427734 
0.0353466272  0.0085361004  -0.0555419922 
0.0360327959  0.0119766593  -0.0471191406 
0.0366867781  0.0153833628  -0.0388183594 
0.0373394489  0.0187740922  -0.0303955078 
0.0380165577  0.0221676230  -0.0220947266 
0.0387390852  0.0255796313  -0.0136718750 
0.0395247936  0.0290248990  -0.0053710938 
0.0403866768  0.0325163603  0.0029296875 
0.0413352251  0.0360659957  0.0112304688 
0.0423772335  0.0396826863  0.0194091797 
0.0435167551  0.0433730483  0.0275878906 
0.0447551012  0.0471401811  0.0357666016 
0.0460900068  0.0509821177  0.0438232422 
0.0475164652  0.0548949242  0.0518798828 
0.0490264893  0.0588724017  0.0599365234 
0.0506098270  0.0629068017  0.0678710938 
0.0522543192  0.0669888258  0.0758056641 
0.0539451838  0.0711072087  0.0836181641 
0.0556668043  0.0752499700  0.0915527344 
0.0574036837  0.0794050097  0.0993652344 
