-0.8707908392  0.1804217100  -0.3682861328 
-0.8678187132  0.1742777228  -0.3623046875 
-0.8647795916  0.1681330800  -0.3564453125 
-0.8616060019  0.1619887948  -0.3505859375 
-0.8582311869  0.1558473110  -0.3448486328 
-0.8545867205  0.1497164965  -0.3392333984 
-0.8506067991  0.1436095238  -0.3338623047 
-0.8462370634  0.1375452876  -0.3287353516 
-0.8414326906  0.1315513253  -0.3239746094 
-0.8361531496  0.1256666780  -0.3195800781 
-0.8303741217  0.1199385524  -0.3155517578 
-0.8240877390  0.1144265532  -0.3121337891 
-0.8173049688  0.1091956496  -0.3092041016 
-0.8100575209  0.1043078899  -0.3067626953 
-0.8024066687  0.0998026133  -0.3050537109 
-0.7944225073  0.0957046747  -0.3038330078 
-0.7861770391  0.0920214057  -0.3032226562 
-0.7777358294  0.0887479782  -0.3029785156 
-0.7691563368  0.0858677030  -0.3033447266 
-0.7604876757  0.0833519697  -0.3040771484 
-0.7517706156  0.0811642408  -0.3051757812 
-0.7430349588  0.0792672038  -0.3066406250 
-0.7343014479  0.0776255131  -0.3083496094 
-0.7255858183  0.0761982203  -0.3103027344 
-0.7168985605  0.0749424696  -0.3125000000 
-0.7082444429  0.0738152862  -0.3149414062 
-0.6996265650  0.0727755427  -0.3175048828 
-0.6910461187  0.0717854500  -0.3203125000 
-0.6825014353  0.0708144307  -0.3231201172 
-0.6739875078  0.0698376894  -0.3260498047 
-0.6654981375  0.0688388944  -0.3289794922 
-0.6570287943  0.0678007603  -0.3320312500 
-0.6485766172  0.0667058229  -0.3350830078 
-0.6401375532  0.0655384064  -0.3381347656 
-0.6317065954  0.0642850399  -0.3411865234 
-0.6232775450  0.0629376173  -0.3442382812 
-0.6148446798  0.0614831448  -0.3471679688 
-0.6064039469  0.0599063635  -0.3500976562 
-0.5979524851  0.0581914186  -0.3527832031 
-0.5894879103  0.0563241243  -0.3554687500 
-0.5810111761  0.0542840362  -0.3579101562 
-0.5725256205  0.0520492792  -0.3601074219 
-0.5640367270  0.0495993495  -0.3620605469 
-0.5555568933  0.0469085574  -0.3637695312 
-0.5471056700  0.0439496636  -0.3651123047 
-0.5387071371  0.0407016873  -0.3660888672 
-0.5303956270  0.0371451378  -0.3665771484 
-0.5222131014  0.0332669616  -0.3666992188 
-0.5142053366  0.0290670395  -0.3662109375 
-0.5064216852  0.0245556235  -0.3651123047 
-0.4989138842  0.0197486877  -0.3635253906 
-0.4917329550  0.0146738887  -0.3614501953 
-0.4849289656  0.0093667507  -0.3586425781 
-0.4785438776  0.0038743019  -0.3553466797 
-0.4726086855  -0.0017503500  -0.3514404297 
-0.4671434164  -0.0074510574  -0.3470458984 
-0.4621568918  -0.0131695867  -0.3420410156 
-0.4576493502  -0.0188543797  -0.3366699219 
-0.4536136389  -0.0244607329  -0.3308105469 
-0.4500304461  -0.0299511552  -0.3245849609 
-0.4468721151  -0.0352964401  -0.3179931641 
-0.4440969229  -0.0404762030  -0.3110351562 
-0.4416571856  -0.0454779863  -0.3039550781 
-0.4395056963  -0.0502979159  -0.2965087891 
-0.4375976324  -0.0549343228  -0.2890625000 
-0.4358843565  -0.0593882203  -0.2813720703 
-0.4343169928  -0.0636664033  -0.2735595703 
-0.4328476191  -0.0677759349  -0.2656250000 
-0.4314314127  -0.0717274547  -0.2575683594 
-0.4300295115  -0.0755296648  -0.2493896484 
-0.4285990000  -0.0791928768  -0.2413330078 
-0.4270938635  -0.0827239156  -0.2330322266 
-0.4254721403  -0.0861273408  -0.2248535156 
-0.4236944914  -0.0894103050  -0.2165527344 
-0.4217272997  -0.0925782621  -0.2083740234 
-0.4195426702  -0.0956312418  -0.2000732422 
-0.4171122313  -0.0985687971  -0.1918945312 
-0.4144085646  -0.1013967395  -0.1837158203 
-0.4114099741  -0.1041234732  -0.1756591797 
-0.4080904722  -0.1067553461  -0.1676025391 
-0.4044164419  -0.1093002558  -0.1597900391 
-0.4003525972  -0.1117619872  -0.1520996094 
-0.3958686590  -0.1141366959  -0.1445312500 
-0.3909417391  -0.1164097488  -0.1373291016 
-0.3855563402  -0.1185624003  -0.1303710938 
-0.3797029257  -0.1205784678  -0.1237792969 
-0.3733829260  -0.1224425137  -0.1175537109 
-0.3666082621  -0.1241398454  -0.1118164062 
-0.3593970537  -0.1256583631  -0.1064453125 
-0.3517760038  -0.1269887388  -0.1018066406 
-0.3437799215  -0.1281259358  -0.0976562500 
-0.3354548216  -0.1290660203  -0.0942382812 
-0.3268567324  -0.1298069060  -0.0915527344 
-0.3180474043  -0.1303481460  -0.0894775391 
-0.3090912104  -0.1306920946  -0.0882568359 
-0.3000549078  -0.1308446527  -0.0876464844 
-0.2910009623  -0.1308128536  -0.0877685547 
-0.2819856405  -0.1306031942  -0.0886230469 
-0.2730559111  -0.1302224696  -0.0900878906 
-0.2642499208  -0.1296785474  -0.0921630859 
-0.2555967569  -0.1289797127  -0.0947265625 
-0.2471166849  -0.1281324625  -0.0977783203 
-0.2388225794  -0.1271442175  -0.1011962891 
-0.2307182550  -0.1260235310  -0.1051025391 
-0.2228000164  -0.1247799098  -0.1093750000 
-0.2150522470  -0.1234244108  -0.1137695312 
-0.2074528933  -0.1219706833  -0.1185302734 
-0.1999785900  -0.1204234660  -0.1234130859 
-0.1926045418  -0.1187847853  -0.1284179688 
-0.1853059530  -0.1170528829  -0.1334228516 
-0.1780573130  -0.1152263284  -0.1385498047 
-0.1708335876  -0.1133071780  -0.1436767578 
-0.1636109352  -0.1113018095  -0.1488037109 
-0.1563675404  -0.1092214286  -0.1538085938 
-0.1490843296  -0.1070780456  -0.1586914062 
-0.1417441368  -0.1048843563  -0.1635742188 
-0.1343321800  -0.1026473343  -0.1682128906 
-0.1268367767  -0.1003732979  -0.1727294922 
-0.1192501783  -0.0980716348  -0.1771240234 
-0.1115671396  -0.0957538486  -0.1813964844 
-0.1037892103  -0.0934271514  -0.1853027344 
-0.0959241390  -0.0911001861  -0.1892089844 
-0.0879836082  -0.0887813270  -0.1928710938 
-0.0799837112  -0.0864756107  -0.1964111328 
-0.0719404221  -0.0841895342  -0.1999511719 
-0.0638682842  -0.0819246173  -0.2033691406 
-0.0557802916  -0.0796785057  -0.2067871094 
-0.0476863384  -0.0774443150  -0.2100830078 
