-0.8688172102  0.0918267369  -0.3226318359 
-0.8601106405  0.0919321179  -0.3201904297 
-0.8513962030  0.0920050740  -0.3177490234 
-0.8426650763  0.0920200348  -0.3153076172 
-0.8339055777  0.0919646025  -0.3129882812 
-0.8251091242  0.0918363929  -0.3109130859 
-0.8162704706  0.0916338563  -0.3089599609 
-0.8073874712  0.0913495421  -0.3072509766 
-0.7984606028  0.0909904242  -0.3056640625 
-0.7894934416  0.0905671120  -0.3045654297 
-0.7804931402  0.0900942683  -0.3037109375 
-0.7714682817  0.0895925164  -0.3031005859 
-0.7624303102  0.0890727043  -0.3029785156 
-0.7533923388  0.0885407925  -0.3031005859 
-0.7443689108  0.0879969597  -0.3035888672 
-0.7353752851  0.0874378681  -0.3044433594 
-0.7264281511  0.0868554711  -0.3057861328 
-0.7175444365  0.0862393975  -0.3073730469 
-0.7087393999  0.0855803490  -0.3094482422 
-0.7000263929  0.0848731995  -0.3117675781 
-0.6914113760  0.0841175318  -0.3144531250 
-0.6828950644  0.0833138227  -0.3173828125 
-0.6744731665  0.0824585557  -0.3206787109 
-0.6661382914  0.0815445185  -0.3240966797 
-0.6578816175  0.0805584192  -0.3276367188 
-0.6496914625  0.0794815421  -0.3314208984 
-0.6415556669  0.0782936215  -0.3352050781 
-0.6334604025  0.0769752264  -0.3389892578 
-0.6253885031  0.0755094886  -0.3427734375 
-0.6173239946  0.0738728046  -0.3465576172 
-0.6092563868  0.0720381737  -0.3503417969 
-0.6011785269  0.0699780583  -0.3537597656 
-0.5930868387  0.0676712990  -0.3571777344 
-0.5849798918  0.0651068687  -0.3602294922 
-0.5768619776  0.0622761846  -0.3631591797 
-0.5687407255  0.0591772199  -0.3656005859 
-0.5606287718  0.0558068752  -0.3677978516 
-0.5525404215  0.0521654487  -0.3696289062 
-0.5444964170  0.0482550263  -0.3710937500 
-0.5365182161  0.0440846086  -0.3720703125 
-0.5286308527  0.0396662354  -0.3725585938 
-0.5208586454  0.0350199938  -0.3725585938 
-0.5132266283  0.0301699042  -0.3721923828 
-0.5057624578  0.0251398683  -0.3710937500 
-0.4984980822  0.0199503303  -0.3696289062 
-0.4914633036  0.0146239400  -0.3675537109 
-0.4846891165  0.0091835260  -0.3649902344 
-0.4782077074  0.0036497712  -0.3619384766 
-0.4720486403  -0.0019560456  -0.3583984375 
-0.4662388563  -0.0076082945  -0.3543701172 
-0.4607983828  -0.0132762790  -0.3498535156 
-0.4557443857  -0.0189262629  -0.3449707031 
-0.4510926008  -0.0245200396  -0.3395996094 
-0.4468556643  -0.0300139189  -0.3337402344 
-0.4430423975  -0.0353599787  -0.3275146484 
-0.4396599531  -0.0405138731  -0.3208007812 
-0.4367166758  -0.0454432368  -0.3138427734 
-0.4342130423  -0.0501205921  -0.3065185547 
-0.4321433306  -0.0545281768  -0.2988281250 
-0.4304898977  -0.0586566925  -0.2910156250 
-0.4292265177  -0.0625175238  -0.2829589844 
-0.4283057451  -0.0661352277  -0.2746582031 
-0.4276734591  -0.0695380867  -0.2662353516 
-0.4272774458  -0.0727564096  -0.2578125000 
-0.4270647764  -0.0758185983  -0.2492675781 
-0.4269808531  -0.0787456632  -0.2407226562 
-0.4269672632  -0.0815626085  -0.2321777344 
-0.4269632101  -0.0842914283  -0.2235107422 
-0.4269040823  -0.0869556665  -0.2148437500 
-0.4267240763  -0.0895756781  -0.2061767578 
-0.4263545275  -0.0921754241  -0.1975097656 
-0.4257258177  -0.0947774947  -0.1888427734 
-0.4247678518  -0.0973962545  -0.1802978516 
-0.4234114885  -0.1000426114  -0.1717529297 
-0.4215933084  -0.1027192771  -0.1632080078 
-0.4192591906  -0.1054276526  -0.1549072266 
-0.4163554907  -0.1081624329  -0.1468505859 
-0.4128359556  -0.1109062135  -0.1389160156 
-0.4086672068  -0.1136372387  -0.1313476562 
-0.4038282633  -0.1163209975  -0.1241455078 
-0.3983224630  -0.1189201474  -0.1174316406 
-0.3921741247  -0.1213929355  -0.1113281250 
-0.3854273558  -0.1236923933  -0.1057128906 
-0.3781408072  -0.1257728636  -0.1008300781 
-0.3703838587  -0.1275963783  -0.0964355469 
-0.3622320890  -0.1291316152  -0.0928955078 
-0.3537632227  -0.1303556263  -0.0898437500 
-0.3450514078  -0.1312517226  -0.0875244141 
-0.3361667395  -0.1318179965  -0.0859375000 
-0.3271740675  -0.1320658326  -0.0848388672 
-0.3181303740  -0.1320183277  -0.0844726562 
-0.3090809584  -0.1317079067  -0.0845947266 
-0.3000625372  -0.1311734617  -0.0852050781 
-0.2911022902  -0.1304591000  -0.0863037109 
-0.2822223902  -0.1296093762  -0.0877685547 
-0.2734411955  -0.1286593974  -0.0898437500 
-0.2647744417  -0.1276356876  -0.0921630859 
-0.2562361956  -0.1265543997  -0.0949707031 
-0.2478362322  -0.1254249811  -0.0982666016 
-0.2395795584  -0.1242511570  -0.1016845703 
-0.2314655781  -0.1230335534  -0.1055908203 
-0.2234861851  -0.1217705011  -0.1096191406 
-0.2156286240  -0.1204608381  -0.1140136719 
-0.2078731060  -0.1191053689  -0.1184082031 
-0.2001963854  -0.1177089214  -0.1230468750 
-0.1925756931  -0.1162700951  -0.1276855469 
-0.1849869490  -0.1147828400  -0.1324462891 
-0.1774076223  -0.1132390499  -0.1370849609 
-0.1698137522  -0.1116302311  -0.1418457031 
-0.1621823311  -0.1099503636  -0.1463623047 
-0.1544966698  -0.1081862152  -0.1508789062 
-0.1467424631  -0.1063193381  -0.1551513672 
-0.1389086246  -0.1043305993  -0.1591796875 
-0.1309881210  -0.1022044122  -0.1630859375 
-0.1229786873  -0.0999279022  -0.1666259766 
-0.1148853302  -0.0974842012  -0.1697998047 
-0.1067175865  -0.0948566794  -0.1727294922 
-0.0984899998  -0.0920332074  -0.1752929688 
-0.0902198553  -0.0890119076  -0.1773681641 
-0.0819277763  -0.0857947469  -0.1790771484 
-0.0736361742  -0.0823883712  -0.1802978516 
-0.0653674603  -0.0788053572  -0.1812744141 
-0.0571382046  -0.0750653446  -0.1817626953 
-0.0489543676  -0.0711973011  -0.1820068359 
-0.0408132076  -0.0672328174  -0.1820068359 
-0.0327057838  -0.0632026792  -0.1818847656 
-0.0246206522  -0.0591328740  -0.1816406250 
-0.0165463686  -0.0550441742  -0.1812744141 
