-0.6633385420  0.0868345499  -0.3425292969 
-0.6555510759  0.0838727951  -0.3460693359 
-0.6477526426  0.0809217691  -0.3496093750 
-0.6399317980  0.0779848695  -0.3530273438 
-0.6320790052  0.0750492811  -0.3564453125 
-0.6241830587  0.0721040368  -0.3598632812 
-0.6162379980  0.0691330433  -0.3630371094 
-0.6082383394  0.0661202073  -0.3659667969 
-0.6001857519  0.0630455613  -0.3687744141 
-0.5920845270  0.0598888993  -0.3713378906 
-0.5839413404  0.0566341877  -0.3735351562 
-0.5757652521  0.0532632470  -0.3754882812 
-0.5675724745  0.0497540236  -0.3770751953 
-0.5593842268  0.0460851192  -0.3782958984 
-0.5512291193  0.0422325730  -0.3791503906 
-0.5431407690  0.0381761789  -0.3793945312 
-0.5351625681  0.0338957906  -0.3792724609 
-0.5273443460  0.0293780565  -0.3786621094 
-0.5197359324  0.0246219039  -0.3774414062 
-0.5123864412  0.0196379423  -0.3756103516 
-0.5053423643  0.0144450068  -0.3732910156 
-0.4986456633  0.0090702772  -0.3704833984 
-0.4923306704  0.0035520792  -0.3670654297 
-0.4864288568  -0.0020700097  -0.3630371094 
-0.4809702635  -0.0077557564  -0.3586425781 
-0.4759765863  -0.0134632587  -0.3536376953 
-0.4714545012  -0.0191482306  -0.3482666016 
-0.4673961401  -0.0247621536  -0.3424072266 
-0.4637900591  -0.0302604437  -0.3361816406 
-0.4606198072  -0.0356068611  -0.3295898438 
-0.4578689337  -0.0407756567  -0.3227539062 
-0.4555093050  -0.0457504988  -0.3155517578 
-0.4535199404  -0.0505240560  -0.3081054688 
-0.4518650770  -0.0550916791  -0.3004150391 
-0.4505020380  -0.0594468117  -0.2926025391 
-0.4493819475  -0.0635929108  -0.2846679688 
-0.4484511614  -0.0675373971  -0.2766113281 
-0.4476555586  -0.0712898970  -0.2683105469 
-0.4469424486  -0.0748628378  -0.2600097656 
-0.4462631941  -0.0782685876  -0.2517089844 
-0.4455739260  -0.0815216303  -0.2432861328 
-0.4448252916  -0.0846441090  -0.2348632812 
-0.4439629316  -0.0876611769  -0.2263183594 
-0.4429301023  -0.0905958712  -0.2177734375 
-0.4416679144  -0.0934752226  -0.2093505859 
-0.4401181936  -0.0963214338  -0.2008056641 
-0.4382272959  -0.0991469622  -0.1925048828 
-0.4359480143  -0.1019501388  -0.1842041016 
-0.4332460165  -0.1047172844  -0.1760253906 
-0.4300955534  -0.1074301004  -0.1679687500 
-0.4264799356  -0.1100679636  -0.1600341797 
-0.4223920107  -0.1126043200  -0.1523437500 
-0.4178355932  -0.1150099039  -0.1448974609 
-0.4128168821  -0.1172531545  -0.1376953125 
-0.4073435068  -0.1193072200  -0.1308593750 
-0.4014202356  -0.1211471558  -0.1242675781 
-0.3950580359  -0.1227597594  -0.1180419922 
-0.3882728815  -0.1241405308  -0.1121826172 
-0.3810862303  -0.1252913475  -0.1068115234 
-0.3735247850  -0.1262182593  -0.1019287109 
-0.3656202555  -0.1269314587  -0.0975341797 
-0.3574081659  -0.1274422407  -0.0937500000 
-0.3489304781  -0.1277619302  -0.0905761719 
-0.3402336836  -0.1279018521  -0.0880126953 
-0.3313690424  -0.1278725564  -0.0861816406 
-0.3223918676  -0.1276843250  -0.0850830078 
-0.3133567572  -0.1273477077  -0.0845947266 
-0.3043154478  -0.1268736720  -0.0847167969 
-0.2953141928  -0.1262719035  -0.0854492188 
-0.2863942385  -0.1255525947  -0.0869140625 
-0.2775920630  -0.1247267127  -0.0888671875 
-0.2689372301  -0.1238061190  -0.0913085938 
-0.2604533434  -0.1228035092  -0.0943603516 
-0.2521539927  -0.1217344403  -0.0977783203 
-0.2440446615  -0.1206139624  -0.1016845703 
-0.2361234426  -0.1194492579  -0.1058349609 
-0.2283848524  -0.1182411611  -0.1104736328 
-0.2208180428  -0.1169835925  -0.1152343750 
-0.2134034634  -0.1156664491  -0.1202392578 
-0.2061132193  -0.1142784357  -0.1254882812 
-0.1989136934  -0.1128094792  -0.1307373047 
-0.1917674541  -0.1112482250  -0.1361083984 
-0.1846332550  -0.1095766425  -0.1413574219 
-0.1774677038  -0.1077848375  -0.1466064453 
-0.1702274084  -0.1058742404  -0.1517333984 
-0.1628724337  -0.1038609743  -0.1566162109 
-0.1553741693  -0.1017651558  -0.1612548828 
-0.1477123499  -0.0996049345  -0.1655273438 
-0.1398717165  -0.0973897576  -0.1695556641 
-0.1318447590  -0.0951237082  -0.1729736328 
-0.1236342192  -0.0928162634  -0.1760253906 
-0.1152564287  -0.0904740989  -0.1785888672 
-0.1067407131  -0.0880918503  -0.1805419922 
-0.0981252193  -0.0856570303  -0.1818847656 
-0.0894548893  -0.0831522346  -0.1826171875 
-0.0807794333  -0.0805600584  -0.1827392578 
-0.0721546412  -0.0778554082  -0.1822509766 
-0.0636414289  -0.0750092566  -0.1810302734 
-0.0553030968  -0.0719958544  -0.1791992188 
-0.0472000837  -0.0687972903  -0.1766357422 
-0.0393849611  -0.0654072762  -0.1735839844 
-0.0319018364  -0.0618184805  -0.1700439453 
-0.0247849226  -0.0580305457  -0.1658935547 
-0.0180661678  -0.0540495515  -0.1612548828 
-0.0117748976  -0.0498901010  -0.1562500000 
-0.0059326887  -0.0455836654  -0.1508789062 
-0.0005552769  -0.0411756635  -0.1450195312 
0.0043510199  -0.0367189646  -0.1389160156 
0.0087851286  -0.0322633386  -0.1323242188 
0.0127515793  -0.0278530717  -0.1254882812 
0.0162650347  -0.0235331655  -0.1184082031 
0.0193427801  -0.0193454623  -0.1109619141 
0.0220084190  -0.0153257847  -0.1032714844 
0.0242860317  -0.0114974380  -0.0954589844 
0.0262080431  -0.0078771710  -0.0874023438 
0.0278123617  -0.0044769049  -0.0791015625 
0.0291409492  -0.0012944937  -0.0708007812 
0.0302333832  0.0016763806  -0.0622558594 
0.0311279297  0.0044459701  -0.0537109375 
0.0318596363  0.0070239902  -0.0450439453 
0.0324611664  0.0094219446  -0.0363769531 
0.0329618454  0.0116539598  -0.0275878906 
0.0333856344  0.0137432218  -0.0187988281 
0.0337517262  0.0157171488  -0.0098876953 
0.0340763330  0.0176020861  -0.0010986328 
0.0343708992  0.0194215178  0.0078125000 
0.0346463919  0.0211981535  0.0166015625 
0.0349124670  0.0229538679  0.0255126953 
