-0.8771630526  0.1876720786  -0.3895263672 
-0.8759373426  0.1832793951  -0.3817138672 
-0.8746472597  0.1788118482  -0.3740234375 
-0.8732200861  0.1742132306  -0.3663330078 
-0.8715745211  0.1694394946  -0.3587646484 
-0.8696314096  0.1644635201  -0.3514404297 
-0.8673175573  0.1592731476  -0.3444824219 
-0.8645693064  0.1538696289  -0.3377685547 
-0.8613425493  0.1482679844  -0.3314208984 
-0.8575955629  0.1425006986  -0.3254394531 
-0.8532935381  0.1366227269  -0.3200683594 
-0.8484312296  0.1307058334  -0.3153076172 
-0.8430141211  0.1248327494  -0.3110351562 
-0.8370565176  0.1190924048  -0.3073730469 
-0.8305765390  0.1135789156  -0.3041992188 
-0.8236056566  0.1083809137  -0.3017578125 
-0.8161972761  0.1035577059  -0.2996826172 
-0.8084157705  0.0991467834  -0.2983398438 
-0.8003276587  0.0951705575  -0.2974853516 
-0.7919977903  0.0916388035  -0.2971191406 
-0.7834881544  0.0885450244  -0.2972412109 
-0.7748545408  0.0858672857  -0.2977294922 
-0.7661424875  0.0835751891  -0.2985839844 
-0.7573868036  0.0816341639  -0.2999267578 
-0.7486146688  0.0799978375  -0.3013916016 
-0.7398470640  0.0786129236  -0.3032226562 
-0.7310966253  0.0774236321  -0.3051757812 
-0.7223736048  0.0763753057  -0.3073730469 
-0.7136839628  0.0754192472  -0.3098144531 
-0.7050324678  0.0745126009  -0.3122558594 
-0.6964207888  0.0736200213  -0.3149414062 
-0.6878470182  0.0727137327  -0.3177490234 
-0.6793092489  0.0717742443  -0.3205566406 
-0.6708031893  0.0707935095  -0.3234863281 
-0.6623257399  0.0697623491  -0.3265380859 
-0.6538738012  0.0686721206  -0.3295898438 
-0.6454430819  0.0675157905  -0.3326416016 
-0.6370257139  0.0662896633  -0.3358154297 
-0.6286152601  0.0649835467  -0.3388671875 
-0.6202079058  0.0635839105  -0.3419189453 
-0.6118000746  0.0620768070  -0.3449707031 
-0.6033877134  0.0604494810  -0.3479003906 
-0.5949703455  0.0586822629  -0.3507080078 
-0.5865489244  0.0567495823  -0.3533935547 
-0.5781258345  0.0546261072  -0.3559570312 
-0.5697077513  0.0522792339  -0.3583984375 
-0.5613061190  0.0496727228  -0.3604736328 
-0.5529376268  0.0467707515  -0.3624267578 
-0.5446225405  0.0435431004  -0.3638916016 
-0.5363894701  0.0399633050  -0.3651123047 
-0.5282746553  0.0360146165  -0.3658447266 
-0.5203195810  0.0316957235  -0.3660888672 
-0.5125731230  0.0270170569  -0.3658447266 
-0.5050865412  0.0220050812  -0.3648681641 
-0.4979103804  0.0166989565  -0.3634033203 
-0.4910892248  0.0111482143  -0.3612060547 
-0.4846597910  0.0054094195  -0.3583984375 
-0.4786492586  -0.0004546642  -0.3549804688 
-0.4730721712  -0.0063785315  -0.3510742188 
-0.4679321051  -0.0122999549  -0.3465576172 
-0.4632247686  -0.0181643367  -0.3414306641 
-0.4589382410  -0.0239276290  -0.3359375000 
-0.4550532103  -0.0295556188  -0.3300781250 
-0.4515401125  -0.0350242257  -0.3237304688 
-0.4483665228  -0.0403221250  -0.3171386719 
-0.4454907179  -0.0454427600  -0.3101806641 
-0.4428685904  -0.0503866673  -0.3031005859 
-0.4404560328  -0.0551543832  -0.2957763672 
-0.4382163286  -0.0597479939  -0.2883300781 
-0.4361120462  -0.0641718507  -0.2806396484 
-0.4341083765  -0.0684264004  -0.2729492188 
-0.4321769476  -0.0725114048  -0.2651367188 
-0.4302881956  -0.0764285326  -0.2572021484 
-0.4284132719  -0.0801763237  -0.2491455078 
-0.4265264273  -0.0837547183  -0.2410888672 
-0.4245978594  -0.0871693790  -0.2329101562 
-0.4225963354  -0.0904232860  -0.2246093750 
-0.4204932451  -0.0935226083  -0.2164306641 
-0.4182637930  -0.0964727700  -0.2081298828 
-0.4158803225  -0.0992841721  -0.1998291016 
-0.4133144617  -0.1019684076  -0.1916503906 
-0.4105404615  -0.1045331955  -0.1833496094 
-0.4075309038  -0.1069863439  -0.1751708984 
-0.4042567015  -0.1093356907  -0.1671142578 
-0.4006820917  -0.1115942597  -0.1590576172 
-0.3967705965  -0.1137748361  -0.1512451172 
-0.3924816847  -0.1158849001  -0.1435546875 
-0.3877767324  -0.1179339886  -0.1361083984 
-0.3826166391  -0.1199284792  -0.1289062500 
-0.3769704103  -0.1218674779  -0.1220703125 
-0.3708208799  -0.1237408817  -0.1157226562 
-0.3641644716  -0.1255256534  -0.1098632812 
-0.3570133448  -0.1271944642  -0.1046142578 
-0.3493973017  -0.1287140250  -0.0998535156 
-0.3413635492  -0.1300450861  -0.0959472656 
-0.3329750299  -0.1311556101  -0.0927734375 
-0.3243061304  -0.1320217848  -0.0902099609 
-0.3154369593  -0.1326295435  -0.0885009766 
-0.3064450026  -0.1329745650  -0.0875244141 
-0.2973963022  -0.1330608428  -0.0871582031 
-0.2883478403  -0.1328983307  -0.0875244141 
-0.2793477774  -0.1325009465  -0.0883789062 
-0.2704371214  -0.1318844855  -0.0898437500 
-0.2616523504  -0.1310668290  -0.0919189453 
-0.2530254126  -0.1300677061  -0.0944824219 
-0.2445796728  -0.1289098561  -0.0975341797 
-0.2363282442  -0.1276203990  -0.1010742188 
-0.2282775640  -0.1262203157  -0.1049804688 
-0.2204256058  -0.1247257888  -0.1092529297 
-0.2127653360  -0.1231496930  -0.1137695312 
-0.2052826881  -0.1215024590  -0.1186523438 
-0.1979584694  -0.1197956502  -0.1236572266 
-0.1907680035  -0.1180421710  -0.1289062500 
-0.1836855412  -0.1162475049  -0.1341552734 
-0.1766862869  -0.1144121289  -0.1396484375 
-0.1697438955  -0.1125366092  -0.1451416016 
-0.1628323793  -0.1106225252  -0.1506347656 
-0.1559321880  -0.1086764038  -0.1562500000 
-0.1490269899  -0.1067005098  -0.1617431641 
-0.1421051025  -0.1046960354  -0.1672363281 
-0.1351603270  -0.1026666760  -0.1726074219 
-0.1281871796  -0.1006203592  -0.1781005859 
-0.1211835146  -0.0985615551  -0.1834716797 
-0.1141513586  -0.0964947939  -0.1887207031 
-0.1070926189  -0.0944266617  -0.1939697266 
-0.1000117064  -0.0923581123  -0.1992187500 
-0.0929166079  -0.0902880728  -0.2044677734 
-0.0858147144  -0.0882153809  -0.2097167969 
