-1.0443233252  0.2450580001  -0.7043457031 
-1.0387324095  0.2519330978  -0.7025146484 
-1.0330990553  0.2587792277  -0.7006835938 
-1.0273793936  0.2655651569  -0.6988525391 
-1.0215255022  0.2722535729  -0.6971435547 
-1.0154896975  0.2788019776  -0.6955566406 
-1.0092264414  0.2851629853  -0.6939697266 
-1.0027016401  0.2912897468  -0.6926269531 
-0.9958914518  0.2971335649  -0.6914062500 
-0.9887799025  0.3026394248  -0.6904296875 
-0.9813808203  0.3077772260  -0.6894531250 
-0.9737161398  0.3125234246  -0.6885986328 
-0.9658142328  0.3168651462  -0.6877441406 
-0.9577032328  0.3207910061  -0.6868896484 
-0.9494084120  0.3242807388  -0.6859130859 
-0.9409583807  0.3273142576  -0.6846923828 
-0.9323812723  0.3298588395  -0.6832275391 
-0.9237099886  0.3318818212  -0.6816406250 
-0.9149843454  0.3333457708  -0.6796875000 
-0.9062527418  0.3342282772  -0.6774902344 
-0.8975733519  0.3345194459  -0.6749267578 
-0.8890112638  0.3342210054  -0.6719970703 
-0.8806325197  0.3333449364  -0.6687011719 
-0.8725053072  0.3319157362  -0.6649169922 
-0.8646920919  0.3299723864  -0.6607666016 
-0.8572386503  0.3275678158  -0.6562500000 
-0.8501793146  0.3247498274  -0.6513671875 
-0.8435381651  0.3215673566  -0.6461181641 
-0.8373349905  0.3180596232  -0.6405029297 
-0.8315850496  0.3142672181  -0.6346435547 
-0.8262981176  0.3102316260  -0.6284179688 
-0.8214832544  0.3059880733  -0.6220703125 
-0.8171504736  0.3015613556  -0.6154785156 
-0.8133012056  0.2969787121  -0.6086425781 
-0.8099232912  0.2922649384  -0.6016845703 
-0.8069959879  0.2874500155  -0.5946044922 
-0.8045033216  0.2825620174  -0.5874023438 
-0.8024212122  0.2776246667  -0.5800781250 
-0.8007229567  0.2726668715  -0.5727539062 
-0.7993866205  0.2677171826  -0.5653076172 
-0.7983998060  0.2627994418  -0.5577392578 
-0.7977648973  0.2579280734  -0.5501708984 
-0.7974997759  0.2531200051  -0.5424804688 
-0.7976382971  0.2483904362  -0.5347900391 
-0.7982074022  0.2437469959  -0.5269775391 
-0.7992130518  0.2391941547  -0.5191650391 
-0.8006466627  0.2347356677  -0.5114746094 
-0.8024789095  0.2303739786  -0.5037841797 
-0.8046823740  0.2261074185  -0.4960937500 
-0.8072246313  0.2219306231  -0.4884033203 
-0.8100687265  0.2178344727  -0.4808349609 
-0.8131831884  0.2138081193  -0.4733886719 
-0.8165324926  0.2098494768  -0.4659423828 
-0.8200863600  0.2059586048  -0.4586181641 
-0.8238090277  0.2021275759  -0.4512939453 
-0.8276511431  0.1983486414  -0.4439697266 
-0.8315585852  0.1946069598  -0.4367675781 
-0.8354731798  0.1908826232  -0.4294433594 
-0.8393310308  0.1871476769  -0.4222412109 
-0.8430718184  0.1833813190  -0.4149169922 
-0.8466445208  0.1795641184  -0.4074707031 
-0.8500038385  0.1756854653  -0.4000244141 
-0.8530987501  0.1717339754  -0.3924560547 
-0.8558605909  0.1676882505  -0.3848876953 
-0.8582185507  0.1635304689  -0.3771972656 
-0.8601113558  0.1592420936  -0.3693847656 
-0.8614865541  0.1548134685  -0.3616943359 
-0.8622940779  0.1502363682  -0.3538818359 
-0.8624864817  0.1455150247  -0.3461914062 
-0.8620163202  0.1406606436  -0.3385009766 
-0.8608371019  0.1356866956  -0.3310546875 
-0.8589073420  0.1306215525  -0.3238525391 
-0.8561960459  0.1255035400  -0.3167724609 
-0.8526922464  0.1203751564  -0.3103027344 
-0.8484109640  0.1152894497  -0.3040771484 
-0.8433827162  0.1103044152  -0.2984619141 
-0.8376516104  0.1054793000  -0.2933349609 
-0.8312755823  0.1008711457  -0.2889404297 
-0.8243225813  0.0965301394  -0.2850341797 
-0.8168712854  0.0924940109  -0.2818603516 
-0.8090039492  0.0887874961  -0.2792968750 
-0.8008047342  0.0854214430  -0.2774658203 
-0.7923547029  0.0824020505  -0.2762451172 
-0.7837287188  0.0797169209  -0.2756347656 
-0.7749904394  0.0773435235  -0.2755126953 
-0.7661885023  0.0752588511  -0.2760009766 
-0.7573615313  0.0734274387  -0.2768554688 
-0.7485374212  0.0718141198  -0.2780761719 
-0.7397376299  0.0703702569  -0.2796630859 
-0.7309769392  0.0690404177  -0.2814941406 
-0.7222625017  0.0677679777  -0.2835693359 
-0.7136007547  0.0665018559  -0.2858886719 
-0.7049967051  0.0652080774  -0.2884521484 
-0.6964513063  0.0638710260  -0.2911376953 
-0.6879645586  0.0624748468  -0.2939453125 
-0.6795312166  0.0610071421  -0.2968750000 
-0.6711467505  0.0594661832  -0.2999267578 
-0.6628051996  0.0578577518  -0.3031005859 
-0.6545037031  0.0561856627  -0.3062744141 
-0.6462384462  0.0544562936  -0.3095703125 
-0.6380017996  0.0526822209  -0.3128662109 
-0.6297904253  0.0508657694  -0.3162841797 
-0.6215976477  0.0490064621  -0.3195800781 
-0.6134103537  0.0471067429  -0.3229980469 
-0.6052166224  0.0451564193  -0.3262939453 
-0.5970026255  0.0431377292  -0.3295898438 
-0.5887581110  0.0410323143  -0.3326416016 
-0.5804725885  0.0388262272  -0.3355712891 
-0.5721420050  0.0364981294  -0.3382568359 
-0.5637658834  0.0340284109  -0.3405761719 
-0.5553549528  0.0313862562  -0.3426513672 
-0.5469299555  0.0285366774  -0.3443603516 
-0.5385173559  0.0254480243  -0.3457031250 
-0.5301476717  0.0220994949  -0.3465576172 
-0.5218590498  0.0184748769  -0.3469238281 
-0.5136886835  0.0145714283  -0.3469238281 
-0.5056751966  0.0103878975  -0.3463134766 
-0.4978505373  0.0059312582  -0.3453369141 
-0.4902309179  0.0012266636  -0.3439941406 
-0.4828206301  -0.0036897659  -0.3422851562 
-0.4756139517  -0.0087755322  -0.3403320312 
-0.4685922861  -0.0139822960  -0.3378906250 
-0.4617289305  -0.0192671418  -0.3353271484 
-0.4549919367  -0.0245974064  -0.3323974609 
-0.4483488798  -0.0299547315  -0.3294677734 
-0.4417694807  -0.0353295803  -0.3262939453 
-0.4352277517  -0.0407156348  -0.3231201172 
-0.4287029505  -0.0461080074  -0.3198242188 
