-1.1389278173  0.1558515429  -0.8173828125 
-1.1332091093  0.1559106112  -0.8103027344 
-1.1275073290  0.1560370922  -0.8032226562 
-1.1218434572  0.1562967896  -0.7962646484 
-1.1162310839  0.1567546725  -0.7890625000 
-1.1106735468  0.1574745178  -0.7819824219 
-1.1051729918  0.1585190296  -0.7749023438 
-1.0997313261  0.1599461436  -0.7678222656 
-1.0943375826  0.1618108153  -0.7607421875 
-1.0889729261  0.1641553044  -0.7539062500 
-1.0836187601  0.1670143604  -0.7471923828 
-1.0782574415  0.1704136133  -0.7407226562 
-1.0728820562  0.1743643880  -0.7344970703 
-1.0674968958  0.1788498759  -0.7288818359 
-1.0621153116  0.1838309765  -0.7235107422 
-1.0567523241  0.1892524362  -0.7186279297 
-1.0514146090  0.1950542331  -0.7141113281 
-1.0461007357  0.2011752129  -0.7100830078 
-1.0407997370  0.2075532079  -0.7065429688 
-1.0354911089  0.2141239643  -0.7032470703 
-1.0301572084  0.2208329439  -0.7003173828 
-1.0247842073  0.2276362181  -0.6977539062 
-1.0193575621  0.2344949841  -0.6953125000 
-1.0138562918  0.2413685322  -0.6932373047 
-1.0082522631  0.2482135892  -0.6912841797 
-1.0025185347  0.2549903393  -0.6895751953 
-0.9966279268  0.2616610527  -0.6878662109 
-0.9905544519  0.2681853175  -0.6862792969 
-0.9842714071  0.2745192647  -0.6846923828 
-0.9777628183  0.2806246877  -0.6831054688 
-0.9710224867  0.2864708304  -0.6816406250 
-0.9640468359  0.2920230031  -0.6800537109 
-0.9568365812  0.2972446084  -0.6783447266 
-0.9493979216  0.3021008968  -0.6766357422 
-0.9417454004  0.3065642118  -0.6748046875 
-0.9339038134  0.3106194139  -0.6727294922 
-0.9259022474  0.3142570257  -0.6705322266 
-0.9177688360  0.3174659014  -0.6682128906 
-0.9095360041  0.3202403784  -0.6656494141 
-0.9012368917  0.3225712776  -0.6628417969 
-0.8929103613  0.3244541287  -0.6599121094 
-0.8845978975  0.3258859515  -0.6566162109 
-0.8763397932  0.3268626332  -0.6529541016 
-0.8681808710  0.3273753524  -0.6490478516 
-0.8601664305  0.3274096251  -0.6448974609 
-0.8523484468  0.3269447684  -0.6403808594 
-0.8447889090  0.3259742856  -0.6354980469 
-0.8375481367  0.3245095015  -0.6302490234 
-0.8306797743  0.3225798607  -0.6246337891 
-0.8242312670  0.3202143908  -0.6187744141 
-0.8182395697  0.3174384832  -0.6125488281 
-0.8127349615  0.3142837286  -0.6060791016 
-0.8077460527  0.3107769489  -0.5993652344 
-0.8033007383  0.3069546819  -0.5925292969 
-0.7994242907  0.3028606772  -0.5854492188 
-0.7961364985  0.2985250354  -0.5781250000 
-0.7934468985  0.2939683199  -0.5708007812 
-0.7913628817  0.2892054915  -0.5633544922 
-0.7898820639  0.2842436433  -0.5559082031 
-0.7889927626  0.2791015506  -0.5485839844 
-0.7886804342  0.2738073468  -0.5412597656 
-0.7889293432  0.2683951259  -0.5339355469 
-0.7897235155  0.2628922462  -0.5268554688 
-0.7910398245  0.2573232651  -0.5197753906 
-0.7928591967  0.2517242432  -0.5129394531 
-0.7951587439  0.2461317778  -0.5062255859 
-0.7979058027  0.2405859232  -0.4995117188 
-0.8010517359  0.2351194024  -0.4930419922 
-0.8045426607  0.2297537327  -0.4866943359 
-0.8083096743  0.2244948149  -0.4803466797 
-0.8122760057  0.2193330526  -0.4739990234 
-0.8163665533  0.2142561078  -0.4677734375 
-0.8205088377  0.2092497349  -0.4614257812 
-0.8246356249  0.2042987347  -0.4550781250 
-0.8286854029  0.1993864179  -0.4486083984 
-0.8325928450  0.1944895983  -0.4421386719 
-0.8362950087  0.1895908713  -0.4354248047 
-0.8397372961  0.1846777201  -0.4287109375 
-0.8428755999  0.1797401309  -0.4217529297 
-0.8456712961  0.1747629642  -0.4146728516 
-0.8480874300  0.1697345972  -0.4075927734 
-0.8500963449  0.1646459103  -0.4003906250 
-0.8516737223  0.1594856381  -0.3930664062 
-0.8527959585  0.1542490721  -0.3858642578 
-0.8534353971  0.1489345431  -0.3785400391 
-0.8535579443  0.1435533166  -0.3712158203 
-0.8531399965  0.1381273866  -0.3640136719 
-0.8521682024  0.1326845884  -0.3568115234 
-0.8506222963  0.1272563934  -0.3497314453 
-0.8484779596  0.1218765974  -0.3427734375 
-0.8457103968  0.1165918112  -0.3359375000 
-0.8423012495  0.1114583611  -0.3293457031 
-0.8382469416  0.1065375209  -0.3228759766 
-0.8335613012  0.1018801332  -0.3166503906 
-0.8282696009  0.0975230932  -0.3107910156 
-0.8224042654  0.0934852958  -0.3051757812 
-0.8159993887  0.0897783637  -0.2999267578 
-0.8090933561  0.0864018202  -0.2951660156 
-0.8017276525  0.0833526254  -0.2908935547 
-0.7939492464  0.0806257725  -0.2871093750 
-0.7858129740  0.0782049894  -0.2839355469 
-0.7773808241  0.0760703087  -0.2814941406 
-0.7687164545  0.0742027760  -0.2796630859 
-0.7598828077  0.0725937486  -0.2784423828 
-0.7509452105  0.0712290406  -0.2779541016 
-0.7419630289  0.0700909495  -0.2780761719 
-0.7329865694  0.0691629648  -0.2788085938 
-0.7240535021  0.0684334040  -0.2801513672 
-0.7151888609  0.0678790808  -0.2818603516 
-0.7064055204  0.0674692988  -0.2840576172 
-0.6977072954  0.0671674609  -0.2866210938 
-0.6890934706  0.0669350028  -0.2893066406 
-0.6805602312  0.0667330027  -0.2923583984 
-0.6721001863  0.0665233135  -0.2955322266 
-0.6637021303  0.0662695765  -0.2989501953 
-0.6553550959  0.0659383535  -0.3024902344 
-0.6470543146  0.0655015707  -0.3060302734 
-0.6387957335  0.0649368763  -0.3096923828 
-0.6305748224  0.0642286539  -0.3134765625 
-0.6223899126  0.0633695126  -0.3172607422 
-0.6142364740  0.0623468161  -0.3210449219 
-0.6061059237  0.0611373186  -0.3248291016 
-0.5979868174  0.0597338080  -0.3286132812 
-0.5898686647  0.0581651926  -0.3322753906 
-0.5817459822  0.0564618707  -0.3359375000 
-0.5736171007  0.0546562672  -0.3394775391 
-0.5654844046  0.0527800322  -0.3430175781 
-0.5573500395  0.0508667231  -0.3464355469 
