-1.2088211775  0.2440779209  -0.8786621094 
-1.2058461905  0.2359767556  -0.8758544922 
-1.2028218508  0.2279186249  -0.8730468750 
-1.1996959448  0.2199527621  -0.8701171875 
-1.1964195967  0.2121334672  -0.8669433594 
-1.1929491758  0.2045224905  -0.8634033203 
-1.1892598867  0.1971787214  -0.8596191406 
-1.1853417158  0.1901573539  -0.8554687500 
-1.1811977625  0.1835121512  -0.8509521484 
-1.1768399477  0.1772870421  -0.8460693359 
-1.1722747087  0.1715336442  -0.8406982422 
-1.1675113440  0.1663057804  -0.8350830078 
-1.1625615358  0.1616637707  -0.8291015625 
-1.1574324369  0.1576592922  -0.8227539062 
-1.1521440744  0.1543331742  -0.8161621094 
-1.1467305422  0.1517068744  -0.8094482422 
-1.1412335634  0.1497890353  -0.8024902344 
-1.1356850863  0.1485832334  -0.7954101562 
-1.1301106215  0.1480905414  -0.7883300781 
-1.1245242357  0.1483097076  -0.7812500000 
-1.1189399958  0.1492373347  -0.7741699219 
-1.1133660078  0.1508660913  -0.7672119141 
-1.1078044176  0.1531811953  -0.7604980469 
-1.1022573709  0.1561541557  -0.7539062500 
-1.0967305899  0.1597408056  -0.7476806641 
-1.0912286043  0.1638870835  -0.7418212891 
-1.0857521296  0.1685289145  -0.7363281250 
-1.0802987814  0.1735992432  -0.7312011719 
-1.0748614073  0.1790323853  -0.7264404297 
-1.0694297552  0.1847657561  -0.7219238281 
-1.0639899969  0.1907401085  -0.7178955078 
-1.0585271120  0.1968986392  -0.7141113281 
-1.0530310869  0.2031973004  -0.7105712891 
-1.0474900007  0.2095946670  -0.7073974609 
-1.0418866873  0.2160508633  -0.7044677734 
-1.0362077951  0.2225304246  -0.7016601562 
-1.0304409266  0.2290041447  -0.6989746094 
-1.0245743990  0.2354469895  -0.6965332031 
-1.0185986757  0.2418352962  -0.6942138672 
-1.0125039816  0.2481474876  -0.6920166016 
-1.0062819719  0.2543608546  -0.6898193359 
-0.9999238253  0.2604522705  -0.6877441406 
-0.9934207201  0.2663993835  -0.6856689453 
-0.9867650270  0.2721788287  -0.6835937500 
-0.9799519777  0.2777664065  -0.6815185547 
-0.9729796648  0.2831392288  -0.6793212891 
-0.9658485651  0.2882787585  -0.6771240234 
-0.9585658312  0.2931721807  -0.6749267578 
-0.9511357546  0.2978017330  -0.6726074219 
-0.9435609579  0.3021417856  -0.6701660156 
-0.9358464479  0.3061658144  -0.6677246094 
-0.9279996157  0.3098441362  -0.6650390625 
-0.9200307131  0.3131459355  -0.6623535156 
-0.9119561911  0.3160378337  -0.6594238281 
-0.9038001299  0.3184895515  -0.6563720703 
-0.8955947161  0.3204728365  -0.6530761719 
-0.8873816729  0.3219540715  -0.6495361328 
-0.8792110682  0.3229102492  -0.6457519531 
-0.8711448908  0.3233268857  -0.6417236328 
-0.8632527590  0.3231977820  -0.6372070312 
-0.8556045294  0.3225250244  -0.6324462891 
-0.8482669592  0.3213200569  -0.6273193359 
-0.8413020372  0.3196054101  -0.6217041016 
-0.8347553015  0.3174144626  -0.6158447266 
-0.8286525011  0.3147920370  -0.6097412109 
-0.8230108023  0.3117764592  -0.6032714844 
-0.8178383112  0.3084056973  -0.5966796875 
-0.8131359816  0.3047083020  -0.5898437500 
-0.8089064360  0.3007087708  -0.5830078125 
-0.8051503897  0.2964377403  -0.5759277344 
-0.8018766642  0.2919230461  -0.5687255859 
-0.7990998030  0.2871876359  -0.5615234375 
-0.7968269587  0.2822598815  -0.5543212891 
-0.7950664759  0.2771676779  -0.5469970703 
-0.7938169241  0.2719354630  -0.5397949219 
-0.7930678129  0.2665914297  -0.5324707031 
-0.7928053141  0.2611630559  -0.5252685547 
-0.7930139303  0.2556737661  -0.5180664062 
-0.7936772108  0.2501398921  -0.5108642578 
-0.7947772741  0.2445799708  -0.5039062500 
-0.7962938547  0.2390118837  -0.4968261719 
-0.7982007265  0.2334500551  -0.4899902344 
-0.8004595041  0.2279024720  -0.4831542969 
-0.8030301332  0.2223773599  -0.4764404297 
-0.8058713675  0.2168837786  -0.4698486328 
-0.8089336157  0.2114284039  -0.4633789062 
-0.8121665716  0.2060158849  -0.4567871094 
-0.8155273199  0.2006495595  -0.4503173828 
-0.8189705610  0.1953276396  -0.4438476562 
-0.8224481344  0.1900448799  -0.4373779297 
-0.8259145021  0.1847923994  -0.4309082031 
-0.8293226957  0.1795641780  -0.4243164062 
-0.8326274157  0.1743578315  -0.4177246094 
-0.8357769251  0.1691709757  -0.4110107422 
-0.8387173414  0.1640004516  -0.4041748047 
-0.8413850069  0.1588389874  -0.3972167969 
-0.8437124491  0.1536749005  -0.3901367188 
-0.8456295729  0.1484948397  -0.3829345703 
-0.8470715284  0.1432871819  -0.3757324219 
-0.8479722738  0.1380535364  -0.3684082031 
-0.8482607603  0.1328066587  -0.3609619141 
-0.8478780985  0.1275691986  -0.3536376953 
-0.8467770815  0.1223699450  -0.3463134766 
-0.8449252844  0.1172394156  -0.3391113281 
-0.8423088789  0.1122166514  -0.3320312500 
-0.8389195204  0.1073464751  -0.3251953125 
-0.8347629309  0.1026741862  -0.3186035156 
-0.8298536539  0.0982425213  -0.3123779297 
-0.8242224455  0.0940973163  -0.3066406250 
-0.8179260492  0.0902748108  -0.3013916016 
-0.8110371828  0.0868065357  -0.2966308594 
-0.8036342859  0.0837136507  -0.2924804688 
-0.7957931757  0.0810129046  -0.2888183594 
-0.7875903845  0.0787085295  -0.2857666016 
-0.7790962458  0.0767967701  -0.2833251953 
-0.7703784704  0.0752724409  -0.2813720703 
-0.7615023851  0.0741155148  -0.2800292969 
-0.7525259256  0.0732930899  -0.2791748047 
-0.7434948683  0.0727655292  -0.2786865234 
-0.7344440222  0.0724894404  -0.2788085938 
-0.7253969908  0.0724211931  -0.2791748047 
-0.7163692713  0.0725188851  -0.2797851562 
-0.7073689699  0.0727459788  -0.2807617188 
-0.6983982325  0.0730701685  -0.2819824219 
-0.6894549131  0.0734638572  -0.2833251953 
-0.6805325747  0.0739039779  -0.2847900391 
-0.6716240644  0.0743722916  -0.2863769531 
-0.6627229452  0.0748534203  -0.2879638672 
