-1.3175317049  0.3285131454  -0.8726806641 
-1.3101128340  0.3236978054  -0.8746337891 
-1.3027015924  0.3188559413  -0.8765869141 
-1.2953094244  0.3139547706  -0.8784179688 
-1.2879525423  0.3089567423  -0.8800048828 
-1.2806543112  0.3038202524  -0.8815917969 
-1.2734376192  0.2985131741  -0.8829345703 
-1.2663229704  0.2930148840  -0.8840332031 
-1.2593287230  0.2873150706  -0.8847656250 
-1.2524744272  0.2814132571  -0.8851318359 
-1.2457786798  0.2753173709  -0.8852539062 
-1.2392584085  0.2690441012  -0.8848876953 
-1.2329276800  0.2626170516  -0.8840332031 
-1.2267962694  0.2560666203  -0.8828125000 
-1.2208670378  0.2494283915  -0.8812255859 
-1.2151404619  0.2427388430  -0.8791503906 
-1.2096124887  0.2360358834  -0.8765869141 
-1.2042661905  0.2293635607  -0.8735351562 
-1.1990708113  0.2227723002  -0.8701171875 
-1.1939872503  0.2163131237  -0.8663330078 
-1.1889690161  0.2100373507  -0.8621826172 
-1.1839648485  0.2039978504  -0.8576660156 
-1.1789277792  0.1982466578  -0.8527832031 
-1.1738225222  0.1928250194  -0.8476562500 
-1.1686176062  0.1877709031  -0.8422851562 
-1.1632863283  0.1831111312  -0.8365478516 
-1.1578058004  0.1788764596  -0.8308105469 
-1.1521688700  0.1751008630  -0.8247070312 
-1.1463886499  0.1718105078  -0.8186035156 
-1.1404849291  0.1690251231  -0.8123779297 
-1.1344848871  0.1667612791  -0.8059082031 
-1.1284264326  0.1650309563  -0.7994384766 
-1.1223472357  0.1638360620  -0.7928466797 
-1.1162813902  0.1631695032  -0.7861328125 
-1.1102534533  0.1630178690  -0.7794189453 
-1.1042696238  0.1633689404  -0.7725830078 
-1.0983153582  0.1642118096  -0.7658691406 
-1.0923808813  0.1655299067  -0.7591552734 
-1.0864607096  0.1673104167  -0.7525634766 
-1.0805524588  0.1695415378  -0.7459716797 
-1.0746551752  0.1722094417  -0.7397460938 
-1.0687688589  0.1752942204  -0.7335205078 
-1.0628923178  0.1787741780  -0.7275390625 
-1.0570257902  0.1826274991  -0.7219238281 
-1.0511671305  0.1868275404  -0.7164306641 
-1.0453139544  0.1913467050  -0.7111816406 
-1.0394593477  0.1961507797  -0.7061767578 
-1.0335947275  0.2012016177  -0.7015380859 
-1.0277084112  0.2064591646  -0.6970214844 
-1.0217872858  0.2118816376  -0.6928710938 
-1.0158177614  0.2174267173  -0.6889648438 
-1.0097829103  0.2230544686  -0.6851806641 
-1.0036667585  0.2287269235  -0.6816406250 
-0.9974523783  0.2344076037  -0.6783447266 
-0.9911259413  0.2400611639  -0.6751708984 
-0.9846738577  0.2456557751  -0.6721191406 
-0.9780863523  0.2511623502  -0.6693115234 
-0.9713569880  0.2565569282  -0.6665039062 
-0.9644845724  0.2618212104  -0.6638183594 
-0.9574683905  0.2669376135  -0.6612548828 
-0.9503105879  0.2718904614  -0.6588134766 
-0.9430125952  0.2766610384  -0.6563720703 
-0.9355772734  0.2812293172  -0.6539306641 
-0.9280115366  0.2855777740  -0.6514892578 
-0.9203215837  0.2896872163  -0.6490478516 
-0.9125176668  0.2935398221  -0.6466064453 
-0.9046109915  0.2971149087  -0.6440429688 
-0.8966122866  0.3003850579  -0.6413574219 
-0.8885365725  0.3033207655  -0.6384277344 
-0.8804017305  0.3058869839  -0.6353759766 
-0.8722342253  0.3080500960  -0.6322021484 
-0.8640671968  0.3097732663  -0.6286621094 
-0.8559399843  0.3110170960  -0.6248779297 
-0.8479036093  0.3117488623  -0.6207275391 
-0.8400195837  0.3119416237  -0.6163330078 
-0.8323594332  0.3115772009  -0.6114501953 
-0.8250006437  0.3106479645  -0.6063232422 
-0.8180240393  0.3091588020  -0.6007080078 
-0.8115063906  0.3071275949  -0.5947265625 
-0.8055149317  0.3045856953  -0.5885009766 
-0.8001042604  0.3015776873  -0.5817871094 
-0.7953127623  0.2981519103  -0.5749511719 
-0.7911630869  0.2943570614  -0.5678710938 
-0.7876647711  0.2902362347  -0.5605468750 
-0.7848197222  0.2858313918  -0.5532226562 
-0.7826277018  0.2811872363  -0.5457763672 
-0.7810817957  0.2763482332  -0.5382080078 
-0.7801731825  0.2713552117  -0.5307617188 
-0.7798832655  0.2662426233  -0.5233154297 
-0.7801841497  0.2610432506  -0.5158691406 
-0.7810417414  0.2557851672  -0.5085449219 
-0.7824143171  0.2504890561  -0.5013427734 
-0.7842649221  0.2451747060  -0.4942626953 
-0.7865589857  0.2398599982  -0.4873046875 
-0.7892621756  0.2345592380  -0.4804687500 
-0.7923356295  0.2292807698  -0.4737548828 
-0.7957345247  0.2240321040  -0.4672851562 
-0.7994140387  0.2188195586  -0.4608154297 
-0.8033241034  0.2136457562  -0.4544677734 
-0.8074125051  0.2085094452  -0.4482421875 
-0.8116244078  0.2034053802  -0.4420166016 
-0.8158987761  0.1983230710  -0.4359130859 
-0.8201702833  0.1932464838  -0.4298095703 
-0.8243721724  0.1881619692  -0.4235839844 
-0.8284400702  0.1830590963  -0.4172363281 
-0.8323115110  0.1779306531  -0.4108886719 
-0.8359216452  0.1727703810  -0.4044189453 
-0.8392025232  0.1675742865  -0.3977050781 
-0.8420854807  0.1623399854  -0.3909912109 
-0.8445068598  0.1570675969  -0.3840332031 
-0.8464049101  0.1517655849  -0.3768310547 
-0.8477269411  0.1464502215  -0.3696289062 
-0.8484266996  0.1411432028  -0.3624267578 
-0.8484741449  0.1358695030  -0.3549804688 
-0.8478556871  0.1306534410  -0.3476562500 
-0.8465737104  0.1255216599  -0.3403320312 
-0.8446475267  0.1204984784  -0.3330078125 
-0.8421066999  0.1156054139  -0.3258056641 
-0.8389879465  0.1108612418  -0.3187255859 
-0.8353396654  0.1062778831  -0.3118896484 
-0.8312162161  0.1018614173  -0.3051757812 
-0.8266738653  0.0976112485  -0.2985839844 
-0.8217705488  0.0935187936  -0.2921142578 
-0.8165632486  0.0895686746  -0.2858886719 
-0.8111113310  0.0857397914  -0.2796630859 
-0.8054755926  0.0820055008  -0.2736816406 
-0.7997204065  0.0783343911  -0.2677001953 
-0.7939080000  0.0746928453  -0.2618408203 
