-1.0767551661  0.1608068347  -0.7532958984 
-1.0722206831  0.1671939492  -0.7487792969 
-1.0676847696  0.1736035943  -0.7442626953 
-1.0631495714  0.1800573468  -0.7398681641 
-1.0586153269  0.1865721941  -0.7354736328 
-1.0540791750  0.1931607723  -0.7312011719 
-1.0495344400  0.1998292208  -0.7270507812 
-1.0449725389  0.2065777183  -0.7231445312 
-1.0403786898  0.2133977413  -0.7193603516 
-1.0357352495  0.2202758789  -0.7156982422 
-1.0310229063  0.2271943092  -0.7122802734 
-1.0262185335  0.2341314554  -0.7089843750 
-1.0212956667  0.2410612106  -0.7059326172 
-1.0162254572  0.2479545474  -0.7028808594 
-1.0109778643  0.2547797561  -0.7000732422 
-1.0055218935  0.2615019083  -0.6975097656 
-0.9998303652  0.2680844069  -0.6949462891 
-0.9938791990  0.2744866610  -0.6926269531 
-0.9876548052  0.2806700468  -0.6903076172 
-0.9811464548  0.2865913510  -0.6882324219 
-0.9743486643  0.2922081947  -0.6861572266 
-0.9672685862  0.2974862456  -0.6842041016 
-0.9599229097  0.3023981452  -0.6821289062 
-0.9523273706  0.3069129586  -0.6801757812 
-0.9445027113  0.3110019565  -0.6782226562 
-0.9364730120  0.3146415353  -0.6761474609 
-0.9282680750  0.3178117871  -0.6739501953 
-0.9199196100  0.3204896450  -0.6717529297 
-0.9114643335  0.3226509094  -0.6693115234 
-0.9029451609  0.3242783546  -0.6666259766 
-0.8944116831  0.3253612518  -0.6638183594 
-0.8859177828  0.3259012103  -0.6607666016 
-0.8775192499  0.3259061575  -0.6573486328 
-0.8692735434  0.3253892064  -0.6536865234 
-0.8612366915  0.3243696094  -0.6496582031 
-0.8534635305  0.3228750825  -0.6452636719 
-0.8460055590  0.3209416866  -0.6405029297 
-0.8389075994  0.3186072111  -0.6353759766 
-0.8322073221  0.3159115911  -0.6298828125 
-0.8259304762  0.3128928542  -0.6241455078 
-0.8200947046  0.3095846176  -0.6180419922 
-0.8147162199  0.3060212135  -0.6116943359 
-0.8098102808  0.3022376895  -0.6051025391 
-0.8053947687  0.2982657552  -0.5982666016 
-0.8014892340  0.2941373587  -0.5911865234 
-0.7981091738  0.2898854613  -0.5839843750 
-0.7952643633  0.2855384350  -0.5765380859 
-0.7929667234  0.2811150551  -0.5689697266 
-0.7912274599  0.2766305208  -0.5612792969 
-0.7900551558  0.2720981240  -0.5535888672 
-0.7894550562  0.2675249577  -0.5457763672 
-0.7894271612  0.2629141808  -0.5379638672 
-0.7899638414  0.2582677007  -0.5301513672 
-0.7910515070  0.2535893321  -0.5224609375 
-0.7926710844  0.2488813400  -0.5150146484 
-0.7947975397  0.2441486716  -0.5075683594 
-0.7974008322  0.2394042611  -0.5002441406 
-0.8004428148  0.2346611619  -0.4931640625 
-0.8038824797  0.2299327850  -0.4863281250 
-0.8076733351  0.2252301574  -0.4794921875 
-0.8117610216  0.2205634117  -0.4729003906 
-0.8160878420  0.2159383893  -0.4664306641 
-0.8205927610  0.2113561034  -0.4600830078 
-0.8252128363  0.2068138123  -0.4537353516 
-0.8298836946  0.2023045421  -0.4473876953 
-0.8345392942  0.1978168488  -0.4411621094 
-0.8391159773  0.1933371425  -0.4346923828 
-0.8435512781  0.1888514161  -0.4282226562 
-0.8477827311  0.1843465567  -0.4216308594 
-0.8517490625  0.1798096895  -0.4147949219 
-0.8553858995  0.1752268076  -0.4079589844 
-0.8586267233  0.1705822945  -0.4008789062 
-0.8614073992  0.1658591628  -0.3936767578 
-0.8636633158  0.1610425115  -0.3863525391 
-0.8653360605  0.1561244130  -0.3789062500 
-0.8663724661  0.1511024833  -0.3714599609 
-0.8667234182  0.1459836960  -0.3640136719 
-0.8663522005  0.1407832503  -0.3565673828 
-0.8652356863  0.1355226040  -0.3492431641 
-0.8633590937  0.1302306652  -0.3421630859 
-0.8607178926  0.1249430180  -0.3353271484 
-0.8573178053  0.1196998358  -0.3287353516 
-0.8531752825  0.1145473123  -0.3226318359 
-0.8483165503  0.1095361114  -0.3167724609 
-0.8427807093  0.1047172546  -0.3115234375 
-0.8366185427  0.1001389027  -0.3067626953 
-0.8298872709  0.0958482623  -0.3024902344 
-0.8226538897  0.0918834805  -0.2987060547 
-0.8149904013  0.0882684588  -0.2955322266 
-0.8069704771  0.0850104690  -0.2928466797 
-0.7986637354  0.0821051598  -0.2906494141 
-0.7901340723  0.0795388222  -0.2890625000 
-0.7814375162  0.0772908330  -0.2879638672 
-0.7726229429  0.0753340125  -0.2872314453 
-0.7637315989  0.0736370087  -0.2869873047 
-0.7547980547  0.0721681118  -0.2872314453 
-0.7458506823  0.0708911419  -0.2877197266 
-0.7369130850  0.0697679520  -0.2886962891 
-0.7280038595  0.0687614679  -0.2899169922 
-0.7191368341  0.0678371787  -0.2915039062 
-0.7103239298  0.0669656992  -0.2934570312 
-0.7015727758  0.0661166310  -0.2955322266 
-0.6928886175  0.0652598739  -0.2979736328 
-0.6842724085  0.0643669963  -0.3006591797 
-0.6757222414  0.0634124279  -0.3034667969 
-0.6672331095  0.0623767972  -0.3063964844 
-0.6587992907  0.0612455606  -0.3095703125 
-0.6504141092  0.0600094795  -0.3127441406 
-0.6420696974  0.0586593747  -0.3159179688 
-0.6337567568  0.0571867228  -0.3192138672 
-0.6254652739  0.0555854440  -0.3225097656 
-0.6171849966  0.0538536906  -0.3256835938 
-0.6089080572  0.0519956946  -0.3288574219 
-0.6006265879  0.0500196815  -0.3320312500 
-0.5923367739  0.0479305983  -0.3349609375 
-0.5840383768  0.0457308292  -0.3378906250 
-0.5757321119  0.0434226990  -0.3405761719 
-0.5674194098  0.0410098433  -0.3432617188 
-0.5590997934  0.0384998322  -0.3458251953 
-0.5507735014  0.0359010100  -0.3482666016 
-0.5424395800  0.0332237482  -0.3505859375 
-0.5340992212  0.0304769874  -0.3527832031 
-0.5257531404  0.0276700258  -0.3548583984 
-0.5174022913  0.0248142481  -0.3569335938 
-0.5090488195  0.0219194293  -0.3588867188 
-0.5006932020  0.0189977288  -0.3608398438 
-0.4923356771  0.0160612464  -0.3626708984 
-0.4839774370  0.0131178498  -0.3645019531 
