-0.0262429714  -0.0293167830  -0.1696777344 
-0.0248245001  -0.0279762149  -0.1608886719 
-0.0234332085  -0.0266273022  -0.1520996094 
-0.0221031904  -0.0252716541  -0.1431884766 
-0.0208617449  -0.0239118338  -0.1342773438 
-0.0197349787  -0.0225479603  -0.1254882812 
-0.0187305212  -0.0211766958  -0.1165771484 
-0.0178449154  -0.0197848082  -0.1076660156 
-0.0170686245  -0.0183545351  -0.0987548828 
-0.0163813829  -0.0168664455  -0.0898437500 
-0.0157554150  -0.0153025389  -0.0809326172 
-0.0151563883  -0.0136489868  -0.0720214844 
-0.0145530701  -0.0118890405  -0.0632324219 
-0.0139180422  -0.0100044608  -0.0543212891 
-0.0132284164  -0.0079767108  -0.0455322266 
-0.0124663115  -0.0057885647  -0.0368652344 
-0.0116101503  -0.0034141541  -0.0280761719 
-0.0106347799  -0.0008224249  -0.0195312500 
-0.0095138550  0.0020145774  -0.0109863281 
-0.0082210302  0.0051316023  -0.0025634766 
-0.0067316294  0.0085646510  0.0057373047 
-0.0050255060  0.0123435855  0.0136718750 
-0.0030773878  0.0164947510  0.0214843750 
-0.0008566380  0.0210326314  0.0290527344 
0.0016660690  0.0259642005  0.0362548828 
0.0045142174  0.0312807560  0.0429687500 
0.0077133179  0.0369587541  0.0493164062 
0.0112828016  0.0429621339  0.0550537109 
0.0152274370  0.0492454171  0.0601806641 
0.0195425749  0.0557541251  0.0648193359 
0.0242145061  0.0624277592  0.0687255859 
0.0292242765  0.0692015886  0.0720214844 
0.0345470905  0.0760166049  0.0747070312 
0.0401558876  0.0828199387  0.0767822266 
0.0460237265  0.0895626545  0.0782470703 
0.0521255732  0.0961972475  0.0791015625 
0.0584412813  0.1026787758  0.0794677734 
0.0649486780  0.1089722514  0.0792236328 
0.0716248751  0.1150527596  0.0786132812 
0.0784461498  0.1209051609  0.0775146484 
0.0853887796  0.1265251637  0.0759277344 
0.0924344063  0.1319110990  0.0740966797 
0.0995700359  0.1370651126  0.0720214844 
0.1067841053  0.1419934034  0.0697021484 
0.1140642166  0.1467095017  0.0670166016 
0.1214028597  0.1512269378  0.0642089844 
0.1287919283  0.1555615664  0.0612792969 
0.1362292767  0.1597214341  0.0582275391 
0.1437145472  0.1637094021  0.0550537109 
0.1512496471  0.1675209403  0.0518798828 
0.1588381529  0.1711487174  0.0484619141 
0.1664831638  0.1745848656  0.0450439453 
0.1741877794  0.1778191328  0.0415039062 
0.1819574833  0.1808440685  0.0380859375 
0.1897994280  0.1836487055  0.0344238281 
0.1977208853  0.1862283349  0.0308837891 
0.2057279348  0.1885790229  0.0274658203 
0.2138284445  0.1906938553  0.0239257812 
0.2220258713  0.1925727725  0.0206298828 
0.2303224802  0.1942197084  0.0173339844 
0.2387169600  0.1956382990  0.0142822266 
0.2472069263  0.1968313456  0.0113525391 
0.2557905912  0.1978099346  0.0086669922 
0.2644648552  0.1985947490  0.0062255859 
0.2732217312  0.1992144585  0.0039062500 
0.2820504904  0.1997000575  0.0019531250 
0.2909400463  0.2000830770  0.0003662109 
0.2998802662  0.2003945708  -0.0010986328 
0.3088613749  0.2006648183  -0.0021972656 
0.3178745508  0.2009220719  -0.0030517578 
0.3269106150  0.2011927962  -0.0035400391 
0.3359584808  0.2015015483  -0.0037841797 
0.3450042009  0.2018708587  -0.0035400391 
0.3540285826  0.2023206353  -0.0029296875 
0.3630043268  0.2028683424  -0.0019531250 
0.3718942404  0.2035293579  -0.0003662109 
0.3806489706  0.2043163180  0.0018310547 
0.3892059326  0.2052409053  0.0046386719 
0.3974902630  0.2063252330  0.0081787109 
0.4054205418  0.2076008916  0.0123291016 
0.4129122496  0.2091034055  0.0172119141 
0.4198887348  0.2108666301  0.0227050781 
0.4262794256  0.2129165530  0.0288085938 
0.4320328236  0.2152674198  0.0354003906 
0.4371154308  0.2179136276  0.0423583984 
0.4415135384  0.2208179235  0.0496826172 
0.4452232122  0.2239421010  0.0573730469 
0.4482555389  0.2272526026  0.0653076172 
0.4506224394  0.2307229042  0.0732421875 
0.4523462057  0.2343294024  0.0814208984 
0.4534561634  0.2380493283  0.0895996094 
0.4539798498  0.2418657541  0.0977783203 
0.4539408684  0.2457593083  0.1059570312 
0.4533731937  0.2497150898  0.1141357422 
0.4523190260  0.2537176013  0.1220703125 
0.4508286715  0.2577582002  0.1301269531 
0.4489455223  0.2618277669  0.1379394531 
0.4467127323  0.2659181952  0.1457519531 
0.4441716671  0.2700217366  0.1534423828 
0.4413559437  0.2741294503  0.1610107422 
0.4382997751  0.2782370448  0.1684570312 
0.4350423813  0.2823387384  0.1757812500 
0.4316214323  0.2864317298  0.1831054688 
0.4280785322  0.2905099988  0.1904296875 
0.4244540930  0.2945684195  0.1976318359 
0.4207954407  0.2986094952  0.2048339844 
0.4171506166  0.3026345372  0.2121582031 
0.4135637283  0.3066474199  0.2193603516 
0.4100810289  0.3106490970  0.2266845703 
0.4067471027  0.3146412969  0.2341308594 
0.4036104679  0.3186218143  0.2416992188 
0.4007188082  0.3225895166  0.2492675781 
0.3981242180  0.3265384436  0.2569580078 
0.3958771229  0.3304613233  0.2647705078 
0.3940150738  0.3343427181  0.2728271484 
0.3925679922  0.3381646872  0.2808837891 
0.3915594816  0.3419013023  0.2890625000 
0.3909918070  0.3455232978  0.2973632812 
0.3908519745  0.3490021229  0.3056640625 
0.3911111355  0.3523124456  0.3140869141 
0.3917263746  0.3554332852  0.3226318359 
0.3926552534  0.3583559394  0.3310546875 
0.3938571215  0.3610863090  0.3397216797 
0.3952916861  0.3636462092  0.3482666016 
0.3969155550  0.3660671115  0.3568115234 
0.3986811638  0.3683832288  0.3653564453 
0.4005345106  0.3706272840  0.3739013672 
0.4024270773  0.3728409410  0.3825683594 
