-1.1851693392  0.1906503439  -0.8586425781 
-1.1799386740  0.1860529184  -0.8529052734 
-1.1746920347  0.1815269589  -0.8470458984 
-1.1694196463  0.1771383286  -0.8411865234 
-1.1641153097  0.1729491949  -0.8350830078 
-1.1587766409  0.1690229774  -0.8289794922 
-1.1534091234  0.1654179096  -0.8226318359 
-1.1480256319  0.1621887088  -0.8161621094 
-1.1426428556  0.1593835950  -0.8094482422 
-1.1372791529  0.1570540071  -0.8024902344 
-1.1319361925  0.1552516222  -0.7954101562 
-1.1266006231  0.1540318131  -0.7882080078 
-1.1212507486  0.1534474492  -0.7808837891 
-1.1158615351  0.1535396576  -0.7735595703 
-1.1104129553  0.1543383002  -0.7664794922 
-1.1048916578  0.1558535695  -0.7593994141 
-1.0993028879  0.1580792069  -0.7526855469 
-1.0936614275  0.1609953642  -0.7462158203 
-1.0879887342  0.1645641923  -0.7401123047 
-1.0823134184  0.1687411666  -0.7343750000 
-1.0766605139  0.1734660268  -0.7291259766 
-1.0710483789  0.1786718369  -0.7243652344 
-1.0654834509  0.1842870116  -0.7198486328 
-1.0599528551  0.1902332902  -0.7159423828 
-1.0544403791  0.1964405179  -0.7122802734 
-1.0489314795  0.2028483748  -0.7089843750 
-1.0434116125  0.2094034553  -0.7060546875 
-1.0378648043  0.2160591483  -0.7034912109 
-1.0322731733  0.2227711678  -0.7010498047 
-1.0266131163  0.2294962406  -0.6988525391 
-1.0208657980  0.2361988425  -0.6968994141 
-1.0150133371  0.2428491116  -0.6950683594 
-1.0090404749  0.2494185567  -0.6932373047 
-1.0029319525  0.2558790445  -0.6915283203 
-0.9966715574  0.2622019649  -0.6898193359 
-0.9902433157  0.2683569193  -0.6882324219 
-0.9836350679  0.2743117809  -0.6865234375 
-0.9768449068  0.2800413370  -0.6846923828 
-0.9698725939  0.2855191231  -0.6828613281 
-0.9627202749  0.2907194495  -0.6809082031 
-0.9553941488  0.2956218123  -0.6788330078 
-0.9479073286  0.3002134562  -0.6766357422 
-0.9402731657  0.3044828773  -0.6743164062 
-0.9325109720  0.3084238768  -0.6718750000 
-0.9246383905  0.3120270967  -0.6691894531 
-0.9166711569  0.3152764440  -0.6663818359 
-0.9086283445  0.3181523681  -0.6633300781 
-0.9005299807  0.3206288815  -0.6601562500 
-0.8924018145  0.3226774931  -0.6567382812 
-0.8842765093  0.3242675662  -0.6530761719 
-0.8761957884  0.3253772855  -0.6491699219 
-0.8682075739  0.3259899020  -0.6448974609 
-0.8603662252  0.3260915875  -0.6403808594 
-0.8527296782  0.3256713152  -0.6354980469 
-0.8453627825  0.3247210979  -0.6303710938 
-0.8383320570  0.3232440948  -0.6248779297 
-0.8317040205  0.3212501407  -0.6190185547 
-0.8255351782  0.3187604547  -0.6129150391 
-0.8198729753  0.3157942295  -0.6064453125 
-0.8147503138  0.3123747706  -0.5998535156 
-0.8101936579  0.3085347414  -0.5930175781 
-0.8062258959  0.3043094873  -0.5860595703 
-0.8028680086  0.2997390032  -0.5789794922 
-0.8001326323  0.2948628068  -0.5718994141 
-0.7980302572  0.2897269130  -0.5646972656 
-0.7965608835  0.2843803167  -0.5574951172 
-0.7957011461  0.2788704038  -0.5504150391 
-0.7954090834  0.2732374668  -0.5433349609 
-0.7956389189  0.2675200105  -0.5362548828 
-0.7963465452  0.2617553473  -0.5292968750 
-0.7974895239  0.2559785843  -0.5224609375 
-0.7990244627  0.2502219081  -0.5156250000 
-0.8009039164  0.2445130944  -0.5089111328 
-0.8030892611  0.2388763428  -0.5021972656 
-0.8055435419  0.2333309650  -0.4953613281 
-0.8082250357  0.2278885245  -0.4886474609 
-0.8110882044  0.2225546837  -0.4819335938 
-0.8140918016  0.2173277736  -0.4752197266 
-0.8171910048  0.2121953368  -0.4683837891 
-0.8203448057  0.2071331143  -0.4615478516 
-0.8235076666  0.2021140456  -0.4547119141 
-0.8266347647  0.1971133947  -0.4478759766 
-0.8296803236  0.1921093464  -0.4410400391 
-0.8326042891  0.1870843768  -0.4340820312 
-0.8353670835  0.1820281744  -0.4270019531 
-0.8379367590  0.1769382954  -0.4200439453 
-0.8402813673  0.1718156934  -0.4129638672 
-0.8423601389  0.1666601300  -0.4057617188 
-0.8441339731  0.1614692211  -0.3985595703 
-0.8455613852  0.1562471390  -0.3913574219 
-0.8465925455  0.1510013938  -0.3840332031 
-0.8471814394  0.1457413435  -0.3767089844 
-0.8472841978  0.1404753327  -0.3692626953 
-0.8468576670  0.1352196932  -0.3619384766 
-0.8458753824  0.1299950480  -0.3546142578 
-0.8443123102  0.1248228550  -0.3472900391 
-0.8421460390  0.1197220087  -0.3402099609 
-0.8393594027  0.1147177219  -0.3331298828 
-0.8359295130  0.1098412871  -0.3262939453 
-0.8318351507  0.1051273942  -0.3198242188 
-0.8270674944  0.1006092429  -0.3135986328 
-0.8216346502  0.0963192582  -0.3077392578 
-0.8155616522  0.0922893882  -0.3023681641 
-0.8088892698  0.0885447264  -0.2974853516 
-0.8016704321  0.0851117969  -0.2932128906 
-0.7939718962  0.0820091963  -0.2896728516 
-0.7858713865  0.0792519450  -0.2866210938 
-0.7774473429  0.0768541694  -0.2844238281 
-0.7687805891  0.0748170018  -0.2827148438 
-0.7599438429  0.0731358528  -0.2817382812 
-0.7509993315  0.0718055964  -0.2812500000 
-0.7419997454  0.0708071589  -0.2812500000 
-0.7329870462  0.0701122880  -0.2817382812 
-0.7239943743  0.0696888566  -0.2827148438 
-0.7150453329  0.0695042610  -0.2841796875 
-0.7061563730  0.0695271492  -0.2858886719 
-0.6973365545  0.0697301626  -0.2879638672 
-0.6885873079  0.0700896382  -0.2901611328 
-0.6799060106  0.0705855489  -0.2927246094 
-0.6712867022  0.0712015033  -0.2954101562 
-0.6627248526  0.0719240904  -0.2983398438 
-0.6542154551  0.0727409124  -0.3012695312 
-0.6457513571  0.0736395121  -0.3043212891 
-0.6373263597  0.0746049285  -0.3074951172 
-0.6289345026  0.0756185055  -0.3107910156 
-0.6205672026  0.0766558647  -0.3140869141 
-0.6122170687  0.0777035356  -0.3175048828 
-0.6038755178  0.0787545443  -0.3208007812 
