-0.8480595350  0.3095169663  -0.6374511719 
-0.8455849886  0.3048924208  -0.6300048828 
-0.8431495428  0.3002766967  -0.6226806641 
-0.8407961130  0.2956765294  -0.6152343750 
-0.8385623693  0.2910948396  -0.6076660156 
-0.8364857435  0.2865352631  -0.6002197266 
-0.8346010447  0.2820035815  -0.5925292969 
-0.8329380751  0.2775098085  -0.5848388672 
-0.8315204382  0.2730609775  -0.5771484375 
-0.8303567171  0.2686575651  -0.5693359375 
-0.8294531107  0.2642977834  -0.5614013672 
-0.8288151026  0.2599815726  -0.5534667969 
-0.8284424543  0.2557073832  -0.5455322266 
-0.8283303976  0.2514759302  -0.5374755859 
-0.8284784555  0.2472869158  -0.5294189453 
-0.8288882971  0.2431377769  -0.5213623047 
-0.8295549154  0.2390277386  -0.5134277344 
-0.8304723501  0.2349541187  -0.5053710938 
-0.8316324949  0.2309098840  -0.4973144531 
-0.8330177069  0.2268862724  -0.4893798828 
-0.8346160650  0.2228759527  -0.4813232422 
-0.8364075422  0.2188765407  -0.4733886719 
-0.8383618593  0.2148842812  -0.4655761719 
-0.8404327631  0.2108963132  -0.4576416016 
-0.8425680399  0.2069170475  -0.4498291016 
-0.8447169065  0.2029495835  -0.4420166016 
-0.8468240499  0.1989930272  -0.4340820312 
-0.8488360643  0.1950420737  -0.4262695312 
-0.8507000208  0.1910860538  -0.4183349609 
-0.8523579836  0.1871029735  -0.4104003906 
-0.8537558317  0.1830667257  -0.4023437500 
-0.8548392057  0.1789578199  -0.3944091797 
-0.8555527925  0.1747630239  -0.3863525391 
-0.8558446169  0.1704678535  -0.3784179688 
-0.8556689024  0.1660601497  -0.3704833984 
-0.8549844027  0.1615370512  -0.3626708984 
-0.8537520170  0.1569016576  -0.3549804688 
-0.8519381285  0.1521600485  -0.3475341797 
-0.8495174646  0.1473298669  -0.3402099609 
-0.8464776278  0.1424367428  -0.3332519531 
-0.8428114653  0.1375120878  -0.3265380859 
-0.8385180235  0.1325943470  -0.3203125000 
-0.8336130381  0.1277272701  -0.3144531250 
-0.8281244040  0.1229562759  -0.3090820312 
-0.8220902681  0.1183249950  -0.3041992188 
-0.8155544996  0.1138740778  -0.2998046875 
-0.8085683584  0.1096373200  -0.2958984375 
-0.8011912107  0.1056366563  -0.2924804688 
-0.7934831381  0.1018763185  -0.2895507812 
-0.7855018377  0.0983532667  -0.2871093750 
-0.7772973776  0.0950627327  -0.2851562500 
-0.7689148188  0.0919920802  -0.2836914062 
-0.7603927851  0.0891271830  -0.2825927734 
-0.7517668009  0.0864486694  -0.2818603516 
-0.7430692911  0.0839383602  -0.2817382812 
-0.7343317270  0.0815708041  -0.2818603516 
-0.7255841494  0.0793165565  -0.2825927734 
-0.7168520689  0.0771464705  -0.2835693359 
-0.7081538439  0.0750369430  -0.2849121094 
-0.6995037794  0.0729625821  -0.2866210938 
-0.6909118891  0.0708972216  -0.2885742188 
-0.6823860407  0.0688197017  -0.2908935547 
-0.6739321947  0.0667191744  -0.2933349609 
-0.6655546427  0.0645846128  -0.2960205078 
-0.6572548151  0.0624080300  -0.2989501953 
-0.6490329504  0.0601808429  -0.3020019531 
-0.6408892870  0.0578917861  -0.3051757812 
-0.6328207254  0.0555307865  -0.3085937500 
-0.6248172522  0.0530945063  -0.3120117188 
-0.6168652773  0.0505777597  -0.3155517578 
-0.6089547873  0.0479654074  -0.3190917969 
-0.6010750532  0.0452362299  -0.3226318359 
-0.5932189226  0.0423680544  -0.3260498047 
-0.5853778124  0.0393417478  -0.3294677734 
-0.5775455236  0.0361369252  -0.3326416016 
-0.5697189569  0.0327352881  -0.3356933594 
-0.5618997812  0.0291173458  -0.3385009766 
-0.5540922880  0.0252678990  -0.3409423828 
-0.5463086367  0.0211716294  -0.3431396484 
-0.5385662317  0.0168188214  -0.3449707031 
-0.5308834314  0.0122114420  -0.3461914062 
-0.5232838392  0.0073593259  -0.3470458984 
-0.5157960653  0.0022769570  -0.3474121094 
-0.5084527731  -0.0030157566  -0.3471679688 
-0.5012868643  -0.0084902644  -0.3463134766 
-0.4943298101  -0.0141082406  -0.3448486328 
-0.4876095057  -0.0198246241  -0.3428955078 
-0.4811507463  -0.0255910754  -0.3402099609 
-0.4749737978  -0.0313566923  -0.3369140625 
-0.4690943956  -0.0370694399  -0.3331298828 
-0.4635246992  -0.0426772833  -0.3287353516 
-0.4582701921  -0.0481313467  -0.3237304688 
-0.4533356428  -0.0533934236  -0.3182373047 
-0.4487234354  -0.0584340692  -0.3122558594 
-0.4444335699  -0.0632361770  -0.3059082031 
-0.4404565096  -0.0677860081  -0.2991943359 
-0.4367712736  -0.0720754862  -0.2921142578 
-0.4333552122  -0.0761043131  -0.2847900391 
-0.4301866293  -0.0798768401  -0.2772216797 
-0.4272409678  -0.0834020376  -0.2694091797 
-0.4244936705  -0.0866911113  -0.2613525391 
-0.4219137430  -0.0897597075  -0.2532958984 
-0.4194692373  -0.0926213264  -0.2449951172 
-0.4171191454  -0.0952939689  -0.2366943359 
-0.4148150682  -0.0977958143  -0.2282714844 
-0.4125052691  -0.1001405120  -0.2198486328 
-0.4101399183  -0.1023435891  -0.2114257812 
-0.4076741934  -0.1044171751  -0.2030029297 
-0.4050582647  -0.1063790321  -0.1944580078 
-0.4022403955  -0.1082487106  -0.1861572266 
-0.3991709948  -0.1100440025  -0.1777343750 
-0.3958081007  -0.1117751896  -0.1695556641 
-0.3921095133  -0.1134547889  -0.1614990234 
-0.3880380392  -0.1150946617  -0.1535644531 
-0.3835705519  -0.1167033315  -0.1458740234 
-0.3786917925  -0.1182811260  -0.1384277344 
-0.3733965158  -0.1198199987  -0.1312255859 
-0.3676894903  -0.1213132143  -0.1242675781 
-0.3615831137  -0.1227526367  -0.1177978516 
-0.3550966978  -0.1241291165  -0.1115722656 
-0.3482593298  -0.1254289448  -0.1058349609 
-0.3411070108  -0.1266459525  -0.1004638672 
-0.3336776495  -0.1277782023  -0.0953369141 
-0.3260091543  -0.1288279295  -0.0906982422 
-0.3181394339  -0.1297991872  -0.0863037109 
-0.3101116419  -0.1306947768  -0.0821533203 
-0.3019813299  -0.1315314770  -0.0782470703 
-0.2937992811  -0.1323358119  -0.0744628906 
