-1.0985168219  0.1534180641  -0.7825927734 
-1.0938574076  0.1575883031  -0.7761230469 
-1.0891970396  0.1618092656  -0.7695312500 
-1.0845328569  0.1661307812  -0.7631835938 
-1.0798596144  0.1706007123  -0.7568359375 
-1.0751703978  0.1752586365  -0.7506103516 
-1.0704594851  0.1801335216  -0.7446289062 
-1.0657206774  0.1852415204  -0.7387695312 
-1.0609484911  0.1905896068  -0.7332763672 
-1.0561376810  0.1961731315  -0.7280273438 
-1.0512813330  0.2019770145  -0.7230224609 
-1.0463706255  0.2079789639  -0.7183837891 
-1.0413955450  0.2141509056  -0.7139892578 
-1.0363467932  0.2204614282  -0.7099609375 
-1.0312148333  0.2268773913  -0.7060546875 
-1.0259872675  0.2333655953  -0.7025146484 
-1.0206507444  0.2398943305  -0.6992187500 
-1.0151923895  0.2464353442  -0.6961669922 
-1.0095986128  0.2529624104  -0.6933593750 
-1.0038567781  0.2594457865  -0.6906738281 
-0.9979509115  0.2658556700  -0.6882324219 
-0.9918638468  0.2721592784  -0.6859130859 
-0.9855793715  0.2783209682  -0.6838378906 
-0.9790810347  0.2843036056  -0.6818847656 
-0.9723504782  0.2900632620  -0.6799316406 
-0.9653724432  0.2955535054  -0.6782226562 
-0.9581393003  0.3007283807  -0.6765136719 
-0.9506529570  0.3055457473  -0.6748046875 
-0.9429219961  0.3099634051  -0.6732177734 
-0.9349604845  0.3139407039  -0.6715087891 
-0.9267915487  0.3174430728  -0.6697998047 
-0.9184452295  0.3204377890  -0.6679687500 
-0.9099594355  0.3228990436  -0.6660156250 
-0.9013804197  0.3248068094  -0.6638183594 
-0.8927603960  0.3261528015  -0.6613769531 
-0.8841589689  0.3269385099  -0.6586914062 
-0.8756397963  0.3271762729  -0.6555175781 
-0.8672689199  0.3268888593  -0.6520996094 
-0.8591109514  0.3261103630  -0.6483154297 
-0.8512274027  0.3248775601  -0.6440429688 
-0.8436778784  0.3232303858  -0.6392822266 
-0.8365136385  0.3212097883  -0.6341552734 
-0.8297768831  0.3188605905  -0.6285400391 
-0.8234957457  0.3162182570  -0.6225585938 
-0.8176850080  0.3133081794  -0.6163330078 
-0.8123508692  0.3101526499  -0.6096191406 
-0.8074949980  0.3067716956  -0.6027832031 
-0.8031238317  0.3031798005  -0.5957031250 
-0.7992500067  0.2993891239  -0.5885009766 
-0.7958873510  0.2954063416  -0.5810546875 
-0.7930473089  0.2912393212  -0.5736083984 
-0.7907336950  0.2868996859  -0.5659179688 
-0.7889631987  0.2823963165  -0.5583496094 
-0.7877432108  0.2777419686  -0.5506591797 
-0.7870792150  0.2729510665  -0.5429687500 
-0.7869747877  0.2680347562  -0.5354003906 
-0.7874270678  0.2630079389  -0.5278320312 
-0.7884238958  0.2578858733  -0.5205078125 
-0.7899492979  0.2526882291  -0.5131835938 
-0.7919842005  0.2474396229  -0.5061035156 
-0.7945050001  0.2421663404  -0.4991455078 
-0.7974802256  0.2368988991  -0.4924316406 
-0.8008686304  0.2316682935  -0.4858398438 
-0.8046230078  0.2264998555  -0.4794921875 
-0.8086904287  0.2214127779  -0.4731445312 
-0.8130124807  0.2164191604  -0.4670410156 
-0.8175255060  0.2115234137  -0.4608154297 
-0.8221620321  0.2067226768  -0.4547119141 
-0.8268522024  0.2020067573  -0.4486083984 
-0.8315256834  0.1973638535  -0.4423828125 
-0.8361119032  0.1927804947  -0.4360351562 
-0.8405400515  0.1882409453  -0.4295654297 
-0.8447393179  0.1837281585  -0.4229736328 
-0.8486419916  0.1792236567  -0.4161376953 
-0.8521815538  0.1747093797  -0.4091796875 
-0.8552974463  0.1701651812  -0.4019775391 
-0.8579379320  0.1655764580  -0.3946533203 
-0.8600584269  0.1609323621  -0.3870849609 
-0.8616186380  0.1562294364  -0.3795166016 
-0.8625835180  0.1514695883  -0.3719482422 
-0.8629204035  0.1466584206  -0.3642578125 
-0.8626068830  0.1418039203  -0.3565673828 
-0.8616317511  0.1369184852  -0.3489990234 
-0.8599873781  0.1320170760  -0.3415527344 
-0.8576728106  0.1271152496  -0.3343505859 
-0.8546932936  0.1222326756  -0.3272705078 
-0.8510621786  0.1173920631  -0.3205566406 
-0.8467978239  0.1126187444  -0.3142089844 
-0.8419197798  0.1079419255  -0.3081054688 
-0.8364528418  0.1033936143  -0.3026123047 
-0.8304275274  0.0990064740  -0.2973632812 
-0.8238826990  0.0948117971  -0.2927246094 
-0.8168636560  0.0908375382  -0.2886962891 
-0.8094223738  0.0871050358  -0.2850341797 
-0.8016151190  0.0836311579  -0.2821044922 
-0.7934998274  0.0804273486  -0.2796630859 
-0.7851327658  0.0775035024  -0.2778320312 
-0.7765685320  0.0748647451  -0.2764892578 
-0.7678581476  0.0725077391  -0.2757568359 
-0.7590495348  0.0704230070  -0.2755126953 
-0.7501841784  0.0685972571  -0.2757568359 
-0.7412971258  0.0670175552  -0.2764892578 
-0.7324179411  0.0656670928  -0.2777099609 
-0.7235707045  0.0645207167  -0.2791748047 
-0.7147740126  0.0635467768  -0.2811279297 
-0.7060405016  0.0627087951  -0.2833251953 
-0.6973763704  0.0619675517  -0.2858886719 
-0.6887840033  0.0612832308  -0.2886962891 
-0.6802612543  0.0606161952  -0.2916259766 
-0.6718021631  0.0599285960  -0.2947998047 
-0.6633993387  0.0591863394  -0.2980957031 
-0.6550439596  0.0583593249  -0.3015136719 
-0.6467274427  0.0574228764  -0.3049316406 
-0.6384419203  0.0563588738  -0.3084716797 
-0.6301807165  0.0551567078  -0.3120117188 
-0.6219381094  0.0538094044  -0.3154296875 
-0.6137090921  0.0523141026  -0.3189697266 
-0.6054893732  0.0506724715  -0.3223876953 
-0.5972763300  0.0488855243  -0.3256835938 
-0.5890678167  0.0469563007  -0.3289794922 
-0.5808626413  0.0448899865  -0.3322753906 
-0.5726603270  0.0426957011  -0.3354492188 
-0.5644594431  0.0403892994  -0.3385009766 
-0.5562583208  0.0379917026  -0.3414306641 
-0.5480569601  0.0355225801  -0.3443603516 
-0.5398551226  0.0330016017  -0.3472900391 
-0.5316528082  0.0304483175  -0.3500976562 
-0.5234502554  0.0278808475  -0.3530273438 
