-0.9875465631  0.2860073447  -0.6892089844 
-0.9791024923  0.2889696360  -0.6878662109 
-0.9706577063  0.2919178605  -0.6865234375 
-0.9622076750  0.2948271036  -0.6850585938 
-0.9537419081  0.2976567149  -0.6834716797 
-0.9452508688  0.3003584743  -0.6818847656 
-0.9367297888  0.3028861284  -0.6801757812 
-0.9281772375  0.3051906228  -0.6782226562 
-0.9195986986  0.3072316051  -0.6761474609 
-0.9110068083  0.3089686036  -0.6739501953 
-0.9024211168  0.3103584647  -0.6713867188 
-0.8938678503  0.3113536239  -0.6685791016 
-0.8853875399  0.3119156361  -0.6655273438 
-0.8770312071  0.3120164871  -0.6619873047 
-0.8688632250  0.3116371036  -0.6580810547 
-0.8609586954  0.3107736111  -0.6538085938 
-0.8534001112  0.3094407320  -0.6489257812 
-0.8462702036  0.3076717854  -0.6436767578 
-0.8396281004  0.3055075407  -0.6379394531 
-0.8335145712  0.3029851913  -0.6317138672 
-0.8279577494  0.3001434803  -0.6251220703 
-0.8229802847  0.2970148325  -0.6182861328 
-0.8186012506  0.2936325073  -0.6110839844 
-0.8148368597  0.2900325060  -0.6037597656 
-0.8117004633  0.2862423658  -0.5960693359 
-0.8091977835  0.2822896242  -0.5883789062 
-0.8073209524  0.2781917453  -0.5804443359 
-0.8060549498  0.2739643455  -0.5726318359 
-0.8053919077  0.2696217895  -0.5646972656 
-0.8053172827  0.2651852369  -0.5567626953 
-0.8058093786  0.2606808543  -0.5489501953 
-0.8068398237  0.2561354041  -0.5411376953 
-0.8083721399  0.2515698075  -0.5334472656 
-0.8103550673  0.2470064163  -0.5258789062 
-0.8127344847  0.2424700856  -0.5184326172 
-0.8154491186  0.2379817963  -0.5111083984 
-0.8184391260  0.2335588336  -0.5037841797 
-0.8216434717  0.2292125821  -0.4964599609 
-0.8250018358  0.2249478698  -0.4892578125 
-0.8284553289  0.2207674980  -0.4820556641 
-0.8319450617  0.2166706324  -0.4747314453 
-0.8354142904  0.2126556039  -0.4674072266 
-0.8388091326  0.2087196708  -0.4599609375 
-0.8420771360  0.2048607469  -0.4525146484 
-0.8451734781  0.2010729909  -0.4448242188 
-0.8480519056  0.1973399520  -0.4371337891 
-0.8506735563  0.1936469674  -0.4293212891 
-0.8530019522  0.1899812818  -0.4212646484 
-0.8550130129  0.1863272786  -0.4133300781 
-0.8566879034  0.1826611161  -0.4051513672 
-0.8580073118  0.1789592505  -0.3969726562 
-0.8589490652  0.1751917005  -0.3887939453 
-0.8594843149  0.1713290811  -0.3806152344 
-0.8595856428  0.1673416495  -0.3725585938 
-0.8592318296  0.1632067561  -0.3645019531 
-0.8584073782  0.1589160562  -0.3565673828 
-0.8571037054  0.1544687748  -0.3487548828 
-0.8553055525  0.1498677135  -0.3411865234 
-0.8529945612  0.1451267600  -0.3338623047 
-0.8501528502  0.1402666569  -0.3267822266 
-0.8467694521  0.1353110075  -0.3199462891 
-0.8428434134  0.1302912831  -0.3134765625 
-0.8383914232  0.1252403259  -0.3074951172 
-0.8334375620  0.1201885939  -0.3017578125 
-0.8280068636  0.1151675582  -0.2966308594 
-0.8221203089  0.1102100611  -0.2918701172 
-0.8157974482  0.1053513885  -0.2874755859 
-0.8090599775  0.1006287932  -0.2836914062 
-0.8019315004  0.0960821509  -0.2805175781 
-0.7944422960  0.0917521715  -0.2778320312 
-0.7866314650  0.0876764059  -0.2757568359 
-0.7785476446  0.0838805437  -0.2742919922 
-0.7702437639  0.0803837776  -0.2733154297 
-0.7617775202  0.0771889687  -0.2730712891 
-0.7532027960  0.0742871165  -0.2731933594 
-0.7445675135  0.0716631413  -0.2739257812 
-0.7359143496  0.0692913532  -0.2751464844 
-0.7272769213  0.0671420097  -0.2768554688 
-0.7186805010  0.0651866794  -0.2789306641 
-0.7101424932  0.0633886456  -0.2813720703 
-0.7016698122  0.0617098808  -0.2840576172 
-0.6932612658  0.0601163507  -0.2869873047 
-0.6849132776  0.0585822463  -0.2901611328 
-0.6766206026  0.0570792556  -0.2934570312 
-0.6683765650  0.0555793047  -0.2968750000 
-0.6601759195  0.0540606380  -0.3004150391 
-0.6520103216  0.0525113940  -0.3040771484 
-0.6438745260  0.0509181023  -0.3077392578 
-0.6357635260  0.0492686033  -0.3114013672 
-0.6276692152  0.0475547910  -0.3150634766 
-0.6195870638  0.0457615852  -0.3187255859 
-0.6115120649  0.0438692570  -0.3223876953 
-0.6034392118  0.0418614745  -0.3259277344 
-0.5953613520  0.0397283435  -0.3294677734 
-0.5872691870  0.0374552011  -0.3327636719 
-0.5791543722  0.0350281000  -0.3359375000 
-0.5710166693  0.0324243903  -0.3389892578 
-0.5628606081  0.0296173096  -0.3416748047 
-0.5546938181  0.0265814066  -0.3442382812 
-0.5465317965  0.0232890844  -0.3463134766 
-0.5383955240  0.0197170973  -0.3480224609 
-0.5303100348  0.0158530474  -0.3493652344 
-0.5223094225  0.0116897821  -0.3502197266 
-0.5144313574  0.0072337985  -0.3504638672 
-0.5067156553  0.0025034547  -0.3500976562 
-0.4992061853  -0.0024757385  -0.3492431641 
-0.4919430017  -0.0076650381  -0.3477783203 
-0.4849649668  -0.0130156279  -0.3455810547 
-0.4783107042  -0.0184711218  -0.3427734375 
-0.4720169306  -0.0239711404  -0.3392333984 
-0.4661172628  -0.0294535756  -0.3350830078 
-0.4606388807  -0.0348586440  -0.3303222656 
-0.4556030035  -0.0401324034  -0.3249511719 
-0.4510241747  -0.0452283621  -0.3190917969 
-0.4469083548  -0.0501097441  -0.3126220703 
-0.4432533979  -0.0547504425  -0.3057861328 
-0.4400485754  -0.0591340065  -0.2985839844 
-0.4372814894  -0.0632456541  -0.2910156250 
-0.4349330664  -0.0670743585  -0.2830810547 
-0.4329754114  -0.0706138015  -0.2750244141 
-0.4313701391  -0.0738603175  -0.2667236328 
-0.4300726652  -0.0768206120  -0.2581787109 
-0.4290345907  -0.0795062482  -0.2496337891 
-0.4282070398  -0.0819444060  -0.2409667969 
-0.4275439978  -0.0841679275  -0.2321777344 
-0.4270027876  -0.0862101018  -0.2233886719 
-0.4265450239  -0.0881137252  -0.2145996094 
-0.4261261225  -0.0899480581  -0.2056884766 
