-1.0673724413  0.1624057889  -0.7456054688 
-1.0631724596  0.1693215966  -0.7414550781 
-1.0589565039  0.1762478948  -0.7374267578 
-1.0547150373  0.1831954122  -0.7335205078 
-1.0504411459  0.1901725531  -0.7296142578 
-1.0461252928  0.1971821785  -0.7258300781 
-1.0417536497  0.2042217255  -0.7221679688 
-1.0373097658  0.2112841010  -0.7186279297 
-1.0327771902  0.2183588147  -0.7153320312 
-1.0281349421  0.2254301310  -0.7120361328 
-1.0233620405  0.2324783206  -0.7089843750 
-1.0184329748  0.2394791842  -0.7060546875 
-1.0133229494  0.2464064956  -0.7032470703 
-1.0080131292  0.2532360554  -0.7005615234 
-1.0024839640  0.2599411011  -0.6979980469 
-0.9967201948  0.2664956450  -0.6955566406 
-0.9907139540  0.2728758454  -0.6933593750 
-0.9844614267  0.2790570259  -0.6911621094 
-0.9779583216  0.2850115299  -0.6890869141 
-0.9712029696  0.2907085419  -0.6871337891 
-0.9641939402  0.2961130738  -0.6851806641 
-0.9569336176  0.3011902571  -0.6833496094 
-0.9494279623  0.3059052229  -0.6815185547 
-0.9416903257  0.3102219701  -0.6795654297 
-0.9337366819  0.3141016364  -0.6777343750 
-0.9255892038  0.3175066113  -0.6756591797 
-0.9172807932  0.3204083443  -0.6735839844 
-0.9088524580  0.3227801919  -0.6712646484 
-0.9003514051  0.3245974183  -0.6687011719 
-0.8918334246  0.3258410096  -0.6658935547 
-0.8833624125  0.3265041709  -0.6627197266 
-0.8750077486  0.3265916705  -0.6593017578 
-0.8668426275  0.3261188865  -0.6553955078 
-0.8589380980  0.3251137137  -0.6511230469 
-0.8513597250  0.3236183524  -0.6463623047 
-0.8441580534  0.3216825724  -0.6412353516 
-0.8373695612  0.3193532228  -0.6357421875 
-0.8310085535  0.3166675568  -0.6298828125 
-0.8250778913  0.3136549592  -0.6236572266 
-0.8195747137  0.3103434443  -0.6173095703 
-0.8144994974  0.3067620397  -0.6107177734 
-0.8098555803  0.3029393554  -0.6040039062 
-0.8056534529  0.2989047766  -0.5970458984 
-0.8019114733  0.2946898341  -0.5899658203 
-0.7986453772  0.2903258801  -0.5827636719 
-0.7958720922  0.2858460546  -0.5753173828 
-0.7936092615  0.2812818289  -0.5678710938 
-0.7918704748  0.2766607404  -0.5603027344 
-0.7906626463  0.2719954848  -0.5526123047 
-0.7899957895  0.2672932744  -0.5449218750 
-0.7898701429  0.2625585794  -0.5372314453 
-0.7902818918  0.2577918172  -0.5295410156 
-0.7912250757  0.2529958487  -0.5218505859 
-0.7926896811  0.2481741309  -0.5142822266 
-0.7946590185  0.2433297634  -0.5069580078 
-0.7971087694  0.2384671569  -0.4997558594 
-0.8000062704  0.2336037755  -0.4926757812 
-0.8033138514  0.2287596464  -0.4857177734 
-0.8069897890  0.2239522934  -0.4790039062 
-0.8109849691  0.2191945314  -0.4724121094 
-0.8152462244  0.2144935131  -0.4659423828 
-0.8197160959  0.2098531127  -0.4595947266 
-0.8243330717  0.2052742243  -0.4532470703 
-0.8290334940  0.2007544041  -0.4470214844 
-0.8337503672  0.1962870955  -0.4406738281 
-0.8384157419  0.1918634176  -0.4343261719 
-0.8429590464  0.1874709129  -0.4278564453 
-0.8473075628  0.1830928326  -0.4212646484 
-0.8513883352  0.1787076592  -0.4144287109 
-0.8551319838  0.1742949486  -0.4074707031 
-0.8584674597  0.1698330641  -0.4002685547 
-0.8613287210  0.1653051972  -0.3930664062 
-0.8636518717  0.1606969833  -0.3856201172 
-0.8653818369  0.1560025215  -0.3780517578 
-0.8664718866  0.1512215137  -0.3703613281 
-0.8668833971  0.1463634968  -0.3627929688 
-0.8665860891  0.1414452195  -0.3552246094 
-0.8655580282  0.1364880204  -0.3476562500 
-0.8637872934  0.1315152645  -0.3403320312 
-0.8612750769  0.1265553236  -0.3331298828 
-0.8580359221  0.1216375828  -0.3262939453 
-0.8540924788  0.1167959571  -0.3197021484 
-0.8494709730  0.1120678186  -0.3135986328 
-0.8442059755  0.1074898243  -0.3077392578 
-0.8383408785  0.1030945778  -0.3024902344 
-0.8319259882  0.0989078283  -0.2976074219 
-0.8250132799  0.0949547887  -0.2933349609 
-0.8176580667  0.0912585855  -0.2895507812 
-0.8099192381  0.0878364444  -0.2863769531 
-0.8018566370  0.0846974850  -0.2836914062 
-0.7935293913  0.0818398595  -0.2814941406 
-0.7849932909  0.0792573690  -0.2800292969 
-0.7763000727  0.0769432187  -0.2789306641 
-0.7674974203  0.0748844743  -0.2784423828 
-0.7586270571  0.0730649233  -0.2784423828 
-0.7497254610  0.0714634061  -0.2788085938 
-0.7408236265  0.0700545907  -0.2796630859 
-0.7319475412  0.0688118339  -0.2810058594 
-0.7231189013  0.0677098036  -0.2827148438 
-0.7143553495  0.0667171478  -0.2847900391 
-0.7056699991  0.0657995343  -0.2871093750 
-0.6970719099  0.0649213791  -0.2897949219 
-0.6885637045  0.0640473962  -0.2928466797 
-0.6801437140  0.0631449819  -0.2960205078 
-0.6718047857  0.0621860623  -0.2994384766 
-0.6635378599  0.0611485243  -0.3029785156 
-0.6553295851  0.0600175858  -0.3066406250 
-0.6471666098  0.0587784052  -0.3103027344 
-0.6390341520  0.0574173331  -0.3140869141 
-0.6309190989  0.0559239388  -0.3177490234 
-0.6228073835  0.0542937517  -0.3214111328 
-0.6146849394  0.0525305867  -0.3250732422 
-0.6065412760  0.0506397486  -0.3284912109 
-0.5983680487  0.0486279130  -0.3319091797 
-0.5901633501  0.0464975238  -0.3350830078 
-0.5819283724  0.0442499518  -0.3381347656 
-0.5736650229  0.0418880582  -0.3409423828 
-0.5653744936  0.0394171476  -0.3436279297 
-0.5570601225  0.0368412137  -0.3460693359 
-0.5487247705  0.0341662169  -0.3483886719 
-0.5403712988  0.0314031243  -0.3505859375 
-0.5320032835  0.0285614729  -0.3525390625 
-0.5236235857  0.0256534815  -0.3543701172 
-0.5152331591  0.0226938725  -0.3560791016 
-0.5068346262  0.0196967125  -0.3576660156 
-0.4984306097  0.0166720748  -0.3591308594 
-0.4900227785  0.0136322975  -0.3605957031 
-0.4816123247  0.0105872154  -0.3619384766 
