-0.9242924452  0.3126970530  -0.6824951172 
-0.9163106680  0.3131033182  -0.6783447266 
-0.9083360434  0.3134351969  -0.6740722656 
-0.9003790617  0.3136209249  -0.6696777344 
-0.8924578428  0.3135924935  -0.6652832031 
-0.8845974207  0.3132870197  -0.6608886719 
-0.8768326044  0.3126513362  -0.6562500000 
-0.8692032099  0.3116561174  -0.6514892578 
-0.8617569208  0.3102821708  -0.6464843750 
-0.8545404673  0.3085204959  -0.6412353516 
-0.8476003408  0.3063765764  -0.6358642578 
-0.8409847021  0.3038584590  -0.6302490234 
-0.8347469568  0.3009843230  -0.6243896484 
-0.8289409876  0.2977895737  -0.6181640625 
-0.8236256838  0.2943188548  -0.6116943359 
-0.8188604116  0.2906208038  -0.6049804688 
-0.8147069216  0.2867395878  -0.5979003906 
-0.8112171888  0.2827310562  -0.5905761719 
-0.8084136248  0.2786490321  -0.5830078125 
-0.8063045740  0.2745190859  -0.5751953125 
-0.8048828840  0.2703520060  -0.5672607422 
-0.8041309118  0.2661527395  -0.5593261719 
-0.8040243387  0.2619277835  -0.5512695312 
-0.8045338392  0.2576819062  -0.5433349609 
-0.8056224585  0.2534123659  -0.5354003906 
-0.8072482347  0.2491142154  -0.5275878906 
-0.8093591928  0.2447808385  -0.5198974609 
-0.8118993044  0.2404100895  -0.5124511719 
-0.8148146868  0.2360208035  -0.5051269531 
-0.8180450201  0.2316421866  -0.4978027344 
-0.8215290308  0.2272997499  -0.4907226562 
-0.8251999617  0.2230221629  -0.4836425781 
-0.8289886713  0.2188314795  -0.4765625000 
-0.8328262568  0.2147425413  -0.4694824219 
-0.8366426229  0.2107616067  -0.4622802734 
-0.8403683901  0.2068874836  -0.4549560547 
-0.8439451456  0.2031157613  -0.4475097656 
-0.8473161459  0.1994331479  -0.4399414062 
-0.8504213095  0.1958236098  -0.4322509766 
-0.8532043695  0.1922633648  -0.4244384766 
-0.8556090593  0.1887267232  -0.4165039062 
-0.8575884104  0.1851809621  -0.4083251953 
-0.8591026068  0.1815924644  -0.4001464844 
-0.8601154089  0.1779335141  -0.3919677734 
-0.8605912924  0.1741756797  -0.3837890625 
-0.8605109453  0.1703026295  -0.3756103516 
-0.8598684072  0.1663022637  -0.3674316406 
-0.8586732149  0.1621717215  -0.3594970703 
-0.8569346666  0.1579107046  -0.3516845703 
-0.8546630144  0.1535290480  -0.3441162109 
-0.8518718481  0.1490411162  -0.3367919922 
-0.8485680819  0.1444613934  -0.3297119141 
-0.8447571993  0.1398122907  -0.3228759766 
-0.8404492140  0.1351170540  -0.3164062500 
-0.8356558084  0.1303976774  -0.3104248047 
-0.8303941488  0.1256808043  -0.3046875000 
-0.8246854544  0.1209950447  -0.2994384766 
-0.8185561895  0.1163680553  -0.2946777344 
-0.8120363951  0.1118260026  -0.2904052734 
-0.8051596880  0.1073904037  -0.2864990234 
-0.7979561090  0.1030848026  -0.2830810547 
-0.7904549837  0.0989325047  -0.2801513672 
-0.7826868296  0.0949507952  -0.2777099609 
-0.7746826410  0.0911607146  -0.2758789062 
-0.7664753199  0.0875800848  -0.2745361328 
-0.7581018209  0.0842249990  -0.2736816406 
-0.7496031523  0.0811074376  -0.2735595703 
-0.7410255671  0.0782250166  -0.2738037109 
-0.7324138880  0.0755652189  -0.2747802734 
-0.7238034010  0.0731143355  -0.2761230469 
-0.7152246237  0.0708473921  -0.2778320312 
-0.7067013979  0.0687343478  -0.2801513672 
-0.6982463598  0.0667507648  -0.2827148438 
-0.6898640394  0.0648748875  -0.2855224609 
-0.6815549135  0.0630834699  -0.2886962891 
-0.6733142138  0.0613567829  -0.2919921875 
-0.6651376486  0.0596672297  -0.2955322266 
-0.6570214033  0.0579836965  -0.2990722656 
-0.6489576101  0.0562758446  -0.3028564453 
-0.6409369707  0.0545213819  -0.3066406250 
-0.6329475641  0.0527040958  -0.3105468750 
-0.6249815226  0.0508069396  -0.3144531250 
-0.6170278788  0.0488164425  -0.3182373047 
-0.6090711355  0.0467262864  -0.3220214844 
-0.6010974646  0.0445262790  -0.3256835938 
-0.5931004286  0.0421926975  -0.3292236328 
-0.5850802660  0.0396922231  -0.3326416016 
-0.5770429373  0.0369909406  -0.3358154297 
-0.5689970255  0.0340611339  -0.3387451172 
-0.5609546900  0.0308720469  -0.3414306641 
-0.5529299974  0.0273960233  -0.3437500000 
-0.5449393988  0.0236192942  -0.3458251953 
-0.5370053053  0.0195382833  -0.3472900391 
-0.5291534662  0.0151605606  -0.3483886719 
-0.5214143991  0.0104969740  -0.3489990234 
-0.5138272047  0.0055552721  -0.3491210938 
-0.5064269304  0.0003548861  -0.3486328125 
-0.4992471933  -0.0050778985  -0.3476562500 
-0.4923113585  -0.0107039809  -0.3461914062 
-0.4856344461  -0.0164742470  -0.3441162109 
-0.4792257547  -0.0223318338  -0.3415527344 
-0.4730874300  -0.0282146335  -0.3385009766 
-0.4672232866  -0.0340657234  -0.3348388672 
-0.4616411924  -0.0398315787  -0.3306884766 
-0.4563494921  -0.0454649329  -0.3259277344 
-0.4513581991  -0.0509243608  -0.3206787109 
-0.4466766119  -0.0561740398  -0.3149414062 
-0.4423128366  -0.0611845851  -0.3088378906 
-0.4382737875  -0.0659339428  -0.3022460938 
-0.4345587492  -0.0704100132  -0.2952880859 
-0.4311655760  -0.0746049881  -0.2880859375 
-0.4280849695  -0.0785190463  -0.2805175781 
-0.4253047705  -0.0821541548  -0.2727050781 
-0.4228187799  -0.0855204761  -0.2646484375 
-0.4206150770  -0.0886279345  -0.2564697266 
-0.4186815023  -0.0914794803  -0.2480468750 
-0.4170111418  -0.0940789580  -0.2395019531 
-0.4155915976  -0.0964321792  -0.2309570312 
-0.4144102335  -0.0985456705  -0.2221679688 
-0.4134539366  -0.1004217565  -0.2133789062 
-0.4127134085  -0.1020539105  -0.2044677734 
-0.4121757746  -0.1034454703  -0.1955566406 
-0.4118262529  -0.1046021879  -0.1866455078 
-0.4116414785  -0.1055242121  -0.1776123047 
-0.4115842581  -0.1062264442  -0.1685791016 
-0.4116240740  -0.1067333519  -0.1595458984 
-0.4117201567  -0.1070956886  -0.1505126953 
-0.4118410349  -0.1073845327  -0.1414794922 
