-1.2806502581  0.3148242831  -0.8798828125 
-1.2740265131  0.3086502552  -0.8798828125 
-1.2674347162  0.3024427295  -0.8797607422 
-1.2609058619  0.2961698771  -0.8796386719 
-1.2544711828  0.2898029685  -0.8793945312 
-1.2481566668  0.2833226919  -0.8790283203 
-1.2419825792  0.2767189145  -0.8785400391 
-1.2359637022  0.2699921131  -0.8778076172 
-1.2301028967  0.2631570101  -0.8768310547 
-1.2243911028  0.2562419176  -0.8756103516 
-1.2188135386  0.2492808104  -0.8740234375 
-1.2133537531  0.2423100471  -0.8720703125 
-1.2079912424  0.2353678942  -0.8698730469 
-1.2026959658  0.2284990549  -0.8673095703 
-1.1974381208  0.2217509747  -0.8642578125 
-1.1921912432  0.2151687741  -0.8609619141 
-1.1869338751  0.2087928057  -0.8572998047 
-1.1816557646  0.2026478648  -0.8532714844 
-1.1763552427  0.1967569590  -0.8488769531 
-1.1710361242  0.1911453605  -0.8441162109 
-1.1657019854  0.1858404875  -0.8391113281 
-1.1603537798  0.1808759570  -0.8337402344 
-1.1549919844  0.1762921810  -0.8280029297 
-1.1496108770  0.1721361876  -0.8220214844 
-1.1442083120  0.1684551239  -0.8157958984 
-1.1387759447  0.1652930975  -0.8093261719 
-1.1333140135  0.1626881361  -0.8024902344 
-1.1278356314  0.1606607437  -0.7956542969 
-1.1223529577  0.1592256427  -0.7885742188 
-1.1168555021  0.1584011912  -0.7813720703 
-1.1113315821  0.1582024097  -0.7742919922 
-1.1057764292  0.1586304903  -0.7670898438 
-1.1001881361  0.1596719623  -0.7600097656 
-1.0945667028  0.1613112092  -0.7531738281 
-1.0889171362  0.1635285020  -0.7464599609 
-1.0832458735  0.1662979126  -0.7399902344 
-1.0775600672  0.1695841551  -0.7336425781 
-1.0718640089  0.1733497977  -0.7277832031 
-1.0661591291  0.1775504351  -0.7221679688 
-1.0604425669  0.1821393371  -0.7167968750 
-1.0547114611  0.1870652437  -0.7117919922 
-1.0489641428  0.1922754645  -0.7071533203 
-1.0431958437  0.1977218390  -0.7027587891 
-1.0374001265  0.2033594251  -0.6987304688 
-1.0315698385  0.2091484070  -0.6949462891 
-1.0256925821  0.2150486708  -0.6912841797 
-1.0197511911  0.2210198641  -0.6879882812 
-1.0137261152  0.2270211577  -0.6849365234 
-1.0075989962  0.2330158949  -0.6820068359 
-1.0013569593  0.2389712930  -0.6791992188 
-0.9949892759  0.2448603511  -0.6766357422 
-0.9884866476  0.2506570220  -0.6741943359 
-0.9818385839  0.2563344240  -0.6717529297 
-0.9750374556  0.2618645430  -0.6695556641 
-0.9680773020  0.2672201395  -0.6673583984 
-0.9609602690  0.2723829746  -0.6651611328 
-0.9536956549  0.2773423195  -0.6629638672 
-0.9462918043  0.2820873260  -0.6608886719 
-0.9387546778  0.2866018414  -0.6586914062 
-0.9310902357  0.2908661366  -0.6563720703 
-0.9233075380  0.2948616743  -0.6540527344 
-0.9154149294  0.2985661030  -0.6516113281 
-0.9074245691  0.3019577861  -0.6490478516 
-0.8993507624  0.3050116301  -0.6463623047 
-0.8912142515  0.3077046871  -0.6434326172 
-0.8830395937  0.3100108504  -0.6402587891 
-0.8748587370  0.3119083643  -0.6368408203 
-0.8667107821  0.3133805394  -0.6331787109 
-0.8586424589  0.3144099712  -0.6292724609 
-0.8507062197  0.3149800301  -0.6248779297 
-0.8429564238  0.3150750399  -0.6202392578 
-0.8354505301  0.3146805167  -0.6151123047 
-0.8282476664  0.3137956262  -0.6097412109 
-0.8214102983  0.3124224544  -0.6040039062 
-0.8150013685  0.3105687499  -0.5979003906 
-0.8090788126  0.3082488179  -0.5914306641 
-0.8036898375  0.3054854870  -0.5847167969 
-0.7988709211  0.3023006320  -0.5776367188 
-0.7946501970  0.2987168431  -0.5705566406 
-0.7910448313  0.2947612405  -0.5632324219 
-0.7880643606  0.2904670238  -0.5557861328 
-0.7857083082  0.2858685255  -0.5483398438 
-0.7839688063  0.2810043097  -0.5410156250 
-0.7828415632  0.2759143114  -0.5335693359 
-0.7823132277  0.2706406116  -0.5262451172 
-0.7823640108  0.2652271986  -0.5189208984 
-0.7829695940  0.2597171664  -0.5118408203 
-0.7841018438  0.2541503310  -0.5047607422 
-0.7857288122  0.2485613823  -0.4978027344 
-0.7878130674  0.2429781556  -0.4909667969 
-0.7903202772  0.2374213338  -0.4842529297 
-0.7932156324  0.2319031954  -0.4777832031 
-0.7964607477  0.2264335155  -0.4713134766 
-0.8000103235  0.2210167646  -0.4649658203 
-0.8038157225  0.2156524062  -0.4587402344 
-0.8078233004  0.2103399634  -0.4526367188 
-0.8119779825  0.2050795555  -0.4465332031 
-0.8162189722  0.1998644471  -0.4404296875 
-0.8204845190  0.1946818233  -0.4343261719 
-0.8247152567  0.1895215511  -0.4282226562 
-0.8288470507  0.1843733191  -0.4219970703 
-0.8328131437  0.1792274117  -0.4157714844 
-0.8365467787  0.1740756035  -0.4093017578 
-0.8399802446  0.1689117551  -0.4027099609 
-0.8430486917  0.1637321711  -0.3958740234 
-0.8456853628  0.1585331559  -0.3890380859 
-0.8478256464  0.1533114314  -0.3819580078 
-0.8494068384  0.1480699778  -0.3747558594 
-0.8503750563  0.1428177357  -0.3674316406 
-0.8506854773  0.1375666857  -0.3599853516 
-0.8503009081  0.1323376298  -0.3526611328 
-0.8491925001  0.1271579266  -0.3453369141 
-0.8473404646  0.1220584512  -0.3380126953 
-0.8447386026  0.1170703173  -0.3309326172 
-0.8413947821  0.1122286916  -0.3240966797 
-0.8373380899  0.1075667143  -0.3173828125 
-0.8326114416  0.1031150818  -0.3111572266 
-0.8272708654  0.0988987684  -0.3051757812 
-0.8213800192  0.0949321389  -0.2995605469 
-0.8150080442  0.0912145376  -0.2943115234 
-0.8082238436  0.0877361298  -0.2894287109 
-0.8010922670  0.0844842792  -0.2849121094 
-0.7936767340  0.0814395547  -0.2806396484 
-0.7860325575  0.0785799026  -0.2767333984 
-0.7782109976  0.0758764744  -0.2730712891 
-0.7702559233  0.0732983351  -0.2695312500 
-0.7622154951  0.0708045363  -0.2662353516 
-0.7541352510  0.0683507323  -0.2629394531 
