-0.0354170799  -0.0533612967  -0.1864013672 
-0.0329822302  -0.0497986078  -0.1784667969 
-0.0305621624  -0.0462529063  -0.1704101562 
-0.0281815529  -0.0427446961  -0.1624755859 
-0.0258706808  -0.0392935276  -0.1544189453 
-0.0236630440  -0.0359210968  -0.1463623047 
-0.0215834379  -0.0326542854  -0.1381835938 
-0.0196508169  -0.0295173526  -0.1298828125 
-0.0178807974  -0.0265237689  -0.1214599609 
-0.0162848234  -0.0236865282  -0.1130371094 
-0.0148607492  -0.0210101008  -0.1044921875 
-0.0135995150  -0.0184878111  -0.0959472656 
-0.0124903917  -0.0161017179  -0.0872802734 
-0.0115218163  -0.0138296485  -0.0784912109 
-0.0106838942  -0.0116475821  -0.0698242188 
-0.0099602938  -0.0095124245  -0.0610351562 
-0.0093185902  -0.0073714852  -0.0522460938 
-0.0087180138  -0.0051700473  -0.0434570312 
-0.0081125498  -0.0028587580  -0.0347900391 
-0.0074464083  -0.0003958344  -0.0260009766 
-0.0066707134  0.0022633076  -0.0174560547 
-0.0057439804  0.0051608682  -0.0089111328 
-0.0046329498  0.0083318949  -0.0004882812 
-0.0032981634  0.0118131042  0.0078125000 
-0.0016953945  0.0156363845  0.0158691406 
0.0002200603  0.0198312998  0.0235595703 
0.0024886131  0.0244143605  0.0311279297 
0.0051407814  0.0293928981  0.0382080078 
0.0081914663  0.0347568393  0.0447998047 
0.0116474628  0.0404806733  0.0509033203 
0.0154994726  0.0465274453  0.0563964844 
0.0197279453  0.0528504848  0.0612792969 
0.0243037939  0.0593965650  0.0655517578 
0.0291955471  0.0661076307  0.0692138672 
0.0343741179  0.0729209185  0.0721435547 
0.0398086309  0.0797798038  0.0744628906 
0.0454720259  0.0866341591  0.0761718750 
0.0513420105  0.0934364796  0.0773925781 
0.0574027300  0.1001394987  0.0778808594 
0.0636380911  0.1067051888  0.0780029297 
0.0700347424  0.1131045222  0.0776367188 
0.0765813589  0.1193162203  0.0769042969 
0.0832669735  0.1253247261  0.0758056641 
0.0900797844  0.1311198473  0.0743408203 
0.0970057249  0.1366975307  0.0726318359 
0.1040341854  0.1420516968  0.0706787109 
0.1111575365  0.1471761465  0.0684814453 
0.1183693409  0.1520683169  0.0660400391 
0.1256606579  0.1567306519  0.0633544922 
0.1330243349  0.1611649990  0.0605468750 
0.1404544115  0.1653770804  0.0574951172 
0.1479511261  0.1693701744  0.0543212891 
0.1555157900  0.1731491089  0.0511474609 
0.1631549597  0.1767143607  0.0478515625 
0.1708736420  0.1800670624  0.0444335938 
0.1786799431  0.1832038760  0.0411376953 
0.1865781546  0.1861235499  0.0378417969 
0.1945737600  0.1888197660  0.0345458984 
0.2026691437  0.1912876964  0.0312500000 
0.2108641863  0.1935231090  0.0281982422 
0.2191584110  0.1955205202  0.0251464844 
0.2275470495  0.1972801685  0.0222167969 
0.2360249758  0.1988038421  0.0194091797 
0.2445887327  0.2000918388  0.0167236328 
0.2532337904  0.2011502981  0.0142822266 
0.2619544268  0.2019943595  0.0119628906 
0.2707412243  0.2026452422  0.0098876953 
0.2795842886  0.2031275630  0.0080566406 
0.2884745598  0.2034680843  0.0063476562 
0.2974047661  0.2036942840  0.0048828125 
0.3063691854  0.2038335800  0.0035400391 
0.3153637648  0.2039130330  0.0025634766 
0.3243843317  0.2039593458  0.0017089844 
0.3334261179  0.2039986849  0.0012207031 
0.3424801826  0.2040579915  0.0010986328 
0.3515295982  0.2041659355  0.0014648438 
0.3605475426  0.2043535113  0.0021972656 
0.3694987297  0.2046536207  0.0035400391 
0.3783407211  0.2051002979  0.0054931641 
0.3870214224  0.2057281733  0.0079345703 
0.3954777718  0.2065714002  0.0111083984 
0.4036390781  0.2076616287  0.0148925781 
0.4114269018  0.2090242505  0.0192871094 
0.4187599421  0.2106782794  0.0242919922 
0.4255543947  0.2126461864  0.0299072266 
0.4317312241  0.2149450779  0.0361328125 
0.4372229576  0.2175794840  0.0428466797 
0.4419839382  0.2205246091  0.0500488281 
0.4459950924  0.2237300873  0.0574951172 
0.4492604733  0.2271429896  0.0651855469 
0.4517954588  0.2307202220  0.0731201172 
0.4536175728  0.2344344854  0.0811767578 
0.4547491074  0.2382737398  0.0892333984 
0.4552265406  0.2422213554  0.0974121094 
0.4550967216  0.2462511063  0.1054687500 
0.4544128180  0.2503350973  0.1135253906 
0.4532330036  0.2544513941  0.1215820312 
0.4516197443  0.2585775852  0.1293945312 
0.4496260881  0.2626963258  0.1372070312 
0.4473004341  0.2668011189  0.1450195312 
0.4446915388  0.2708886862  0.1525878906 
0.4418427944  0.2749579549  0.1601562500 
0.4387919903  0.2790096402  0.1677246094 
0.4355670214  0.2830458879  0.1751708984 
0.4321937561  0.2870623469  0.1824951172 
0.4287045002  0.2910558581  0.1898193359 
0.4251322746  0.2950285077  0.1971435547 
0.4215164185  0.2989821434  0.2044677734 
0.4178980589  0.3029222488  0.2117919922 
0.4143267870  0.3068522811  0.2191162109 
0.4108560085  0.3107780814  0.2265625000 
0.4075355530  0.3146985173  0.2340087891 
0.4044066668  0.3186102509  0.2414550781 
0.4015074968  0.3225018978  0.2491455078 
0.3988659382  0.3263588548  0.2569580078 
0.3965038061  0.3301579356  0.2647705078 
0.3944436312  0.3338745832  0.2728271484 
0.3927136660  0.3374772072  0.2808837891 
0.3913381100  0.3409328461  0.2891845703 
0.3903244734  0.3442142606  0.2974853516 
0.3896658421  0.3472951651  0.3060302734 
0.3893407583  0.3501561284  0.3145751953 
0.3893167973  0.3527851105  0.3232421875 
0.3895512819  0.3551870584  0.3320312500 
0.3899923563  0.3573867083  0.3408203125 
0.3905795813  0.3594241142  0.3496093750 
0.3912570477  0.3613502383  0.3583984375 
0.3919765949  0.3632200360  0.3671875000 
