-1.1744049788  0.1666356921  -0.8393554688 
-1.1680747271  0.1651197672  -0.8330078125 
-1.1617571115  0.1636465192  -0.8267822266 
-1.1554614305  0.1622610092  -0.8204345703 
-1.1492041349  0.1610006094  -0.8139648438 
-1.1429964304  0.1599113941  -0.8074951172 
-1.1368466616  0.1590368152  -0.8009033203 
-1.1307610273  0.1584215760  -0.7941894531 
-1.1247371435  0.1581138968  -0.7874755859 
-1.1187657118  0.1581672430  -0.7806396484 
-1.1128321886  0.1586412191  -0.7738037109 
-1.1069182158  0.1595841050  -0.7669677734 
-1.1010144949  0.1610332131  -0.7602539062 
-1.0951167345  0.1630115509  -0.7537841797 
-1.0892244577  0.1655376554  -0.7473144531 
-1.0833379030  0.1686128974  -0.7412109375 
-1.0774685144  0.1722340584  -0.7353515625 
-1.0716344118  0.1763930917  -0.7297363281 
-1.0658549070  0.1810650826  -0.7246093750 
-1.0601426363  0.1862058043  -0.7198486328 
-1.0545035601  0.1917610765  -0.7154541016 
-1.0489410162  0.1976711750  -0.7114257812 
-1.0434514284  0.2038770914  -0.7077636719 
-1.0380271673  0.2103282809  -0.7044677734 
-1.0326491594  0.2169714570  -0.7014160156 
-1.0272883177  0.2237519622  -0.6987304688 
-1.0219088793  0.2306181192  -0.6962890625 
-1.0164712667  0.2375192046  -0.6940917969 
-1.0109299421  0.2444033027  -0.6921386719 
-1.0052436590  0.2512193918  -0.6903076172 
-0.9993816614  0.2579224706  -0.6887207031 
-0.9933220148  0.2644729614  -0.6871337891 
-0.9870458841  0.2708327770  -0.6856689453 
-0.9805415869  0.2769675851  -0.6843261719 
-0.9738017321  0.2828429937  -0.6828613281 
-0.9668253660  0.2884258032  -0.6813964844 
-0.9596201181  0.2936893106  -0.6798095703 
-0.9522031546  0.2986171842  -0.6782226562 
-0.9445925951  0.3031950593  -0.6763916016 
-0.9368070364  0.3074053526  -0.6745605469 
-0.9288686514  0.3112321496  -0.6724853516 
-0.9208034277  0.3146674037  -0.6701660156 
-0.9126404524  0.3177033663  -0.6677246094 
-0.9044073820  0.3203294277  -0.6649169922 
-0.8961337805  0.3225275278  -0.6619873047 
-0.8878520727  0.3242766857  -0.6588134766 
-0.8796020746  0.3255587816  -0.6552734375 
-0.8714307547  0.3263623118  -0.6514892578 
-0.8633927107  0.3266755342  -0.6473388672 
-0.8555487394  0.3264867067  -0.6428222656 
-0.8479632139  0.3257908225  -0.6379394531 
-0.8407014608  0.3245935440  -0.6326904297 
-0.8338273764  0.3229100108  -0.6269531250 
-0.8273948431  0.3207647800  -0.6209716797 
-0.8214470148  0.3181797862  -0.6146240234 
-0.8160139322  0.3151771426  -0.6080322266 
-0.8111189604  0.3117803335  -0.6011962891 
-0.8067744970  0.3080192208  -0.5942382812 
-0.8029941320  0.3039200902  -0.5871582031 
-0.7997857332  0.2995133400  -0.5798339844 
-0.7971493006  0.2948287129  -0.5726318359 
-0.7950805426  0.2898998260  -0.5653076172 
-0.7935804129  0.2847619653  -0.5579833984 
-0.7926460505  0.2794547677  -0.5506591797 
-0.7922719717  0.2740180492  -0.5434570312 
-0.7924522161  0.2684929967  -0.5362548828 
-0.7931803465  0.2629203200  -0.5291748047 
-0.7944353819  0.2573366165  -0.5222167969 
-0.7961810827  0.2517709136  -0.5152587891 
-0.7983783484  0.2462431192  -0.5084228516 
-0.8009833097  0.2407711148  -0.5017089844 
-0.8039430380  0.2353681922  -0.4951171875 
-0.8072048426  0.2300430536  -0.4885253906 
-0.8107081652  0.2247973084  -0.4820556641 
-0.8143910170  0.2196251750  -0.4755859375 
-0.8181933165  0.2145155072  -0.4691162109 
-0.8220518827  0.2094552517  -0.4626464844 
-0.8259035349  0.2044307590  -0.4561767578 
-0.8296836615  0.1994287968  -0.4497070312 
-0.8333295584  0.1944359541  -0.4431152344 
-0.8367835283  0.1894384623  -0.4364013672 
-0.8399959803  0.1844212413  -0.4295654297 
-0.8429228067  0.1793736815  -0.4226074219 
-0.8455165625  0.1742860079  -0.4155273438 
-0.8477338552  0.1691481471  -0.4084472656 
-0.8495315313  0.1639565825  -0.4012451172 
-0.8508766890  0.1587129235  -0.3940429688 
-0.8517416716  0.1534199715  -0.3867187500 
-0.8521035910  0.1480886340  -0.3793945312 
-0.8519414663  0.1427350640  -0.3720703125 
-0.8512355089  0.1373777986  -0.3648681641 
-0.8499675989  0.1320359707  -0.3576660156 
-0.8481220007  0.1267362237  -0.3504638672 
-0.8456875086  0.1215103865  -0.3435058594 
-0.8426476717  0.1163949966  -0.3366699219 
-0.8389872313  0.1114299297  -0.3300781250 
-0.8346992731  0.1066548228  -0.3237304688 
-0.8297835588  0.1021076441  -0.3176269531 
-0.8242548704  0.0978136063  -0.3118896484 
-0.8181372881  0.0937975645  -0.3065185547 
-0.8114639521  0.0900842547  -0.3016357422 
-0.8042784929  0.0866926312  -0.2973632812 
-0.7966357470  0.0836292505  -0.2935791016 
-0.7886003256  0.0808932781  -0.2904052734 
-0.7802428007  0.0784800649  -0.2878417969 
-0.7716351748  0.0763900876  -0.2860107422 
-0.7628461123  0.0746149421  -0.2847900391 
-0.7539376020  0.0731405020  -0.2840576172 
-0.7449618578  0.0719506741  -0.2839355469 
-0.7359627485  0.0710209608  -0.2843017578 
-0.7269760370  0.0703195333  -0.2851562500 
-0.7180289030  0.0698098540  -0.2864990234 
-0.7091413736  0.0694528818  -0.2882080078 
-0.7003253698  0.0692101121  -0.2902832031 
-0.6915854216  0.0690444112  -0.2926025391 
-0.6829220057  0.0689208508  -0.2951660156 
-0.6743317842  0.0688074231  -0.2980957031 
-0.6658118963  0.0686775446  -0.3011474609 
-0.6573578119  0.0685089827  -0.3044433594 
-0.6489633322  0.0682845116  -0.3077392578 
-0.6406232119  0.0679922700  -0.3112792969 
-0.6323319674  0.0676265359  -0.3149414062 
-0.6240841150  0.0671906471  -0.3186035156 
-0.6158701181  0.0666947961  -0.3223876953 
-0.6076809168  0.0661435127  -0.3261718750 
-0.5995091200  0.0655472279  -0.3300781250 
-0.5913482904  0.0649208426  -0.3339843750 
-0.5831912756  0.0642828345  -0.3378906250 
