-1.1933902502  0.2125379443  -0.8671875000 
-1.1893979311  0.2058889270  -0.8624267578 
-1.1853650808  0.1993013620  -0.8577880859 
-1.1812580824  0.1928306818  -0.8529052734 
-1.1770504713  0.1865336299  -0.8479003906 
-1.1727241278  0.1804655790  -0.8427734375 
-1.1682668924  0.1746832132  -0.8374023438 
-1.1636735201  0.1692444682  -0.8319091797 
-1.1589440107  0.1642034650  -0.8260498047 
-1.1540797949  0.1596266031  -0.8199462891 
-1.1490963697  0.1555734873  -0.8134765625 
-1.1440209150  0.1520963311  -0.8068847656 
-1.1388839483  0.1492395997  -0.7999267578 
-1.1336947680  0.1470593214  -0.7928466797 
-1.1284576654  0.1456097364  -0.7856445312 
-1.1231766939  0.1449402571  -0.7783203125 
-1.1178501844  0.1450979114  -0.7709960938 
-1.1124724150  0.1461036205  -0.7637939453 
-1.1070443392  0.1479505301  -0.7568359375 
-1.1015802622  0.1506102681  -0.7501220703 
-1.0961030722  0.1540348530  -0.7437744141 
-1.0906337500  0.1581514478  -0.7377929688 
-1.0851870775  0.1628741026  -0.7322998047 
-1.0797690153  0.1681125760  -0.7272949219 
-1.0743771791  0.1737774014  -0.7227783203 
-1.0690010786  0.1797839999  -0.7186279297 
-1.0636233091  0.1860530376  -0.7148437500 
-1.0582319498  0.1925157905  -0.7115478516 
-1.0528169870  0.1991161704  -0.7084960938 
-1.0473684072  0.2058103681  -0.7058105469 
-1.0418757200  0.2125613689  -0.7032470703 
-1.0363265276  0.2193377018  -0.7010498047 
-1.0307093859  0.2261140943  -0.6988525391 
-1.0250104666  0.2328675389  -0.6968994141 
-1.0192118883  0.2395732999  -0.6950683594 
-1.0132931471  0.2462010980  -0.6933593750 
-1.0072377920  0.2527229786  -0.6916503906 
-1.0010331869  0.2591125965  -0.6899414062 
-0.9946690798  0.2653449178  -0.6883544922 
-0.9881364107  0.2713967562  -0.6867675781 
-0.9814306498  0.2772450447  -0.6850585938 
-0.9745506048  0.2828688025  -0.6833496094 
-0.9675005674  0.2882521152  -0.6815185547 
-0.9602879286  0.2933833003  -0.6795654297 
-0.9529222250  0.2982513905  -0.6776123047 
-0.9454087019  0.3028362393  -0.6754150391 
-0.9377533197  0.3071113229  -0.6732177734 
-0.9299672842  0.3110498786  -0.6707763672 
-0.9220679998  0.3146332502  -0.6682128906 
-0.9140778780  0.3178433180  -0.6654052734 
-0.9060221910  0.3206570148  -0.6623535156 
-0.8979262114  0.3230410814  -0.6590576172 
-0.8898226023  0.3249620199  -0.6555175781 
-0.8817492723  0.3263829947  -0.6516113281 
-0.8737555742  0.3272770047  -0.6474609375 
-0.8658915758  0.3276238441  -0.6430664062 
-0.8582099676  0.3274089694  -0.6381835938 
-0.8507655859  0.3266245723  -0.6331787109 
-0.8436185122  0.3252713084  -0.6276855469 
-0.8368293047  0.3233591914  -0.6220703125 
-0.8304561377  0.3209117651  -0.6160888672 
-0.8245483637  0.3179693222  -0.6098632812 
-0.8191472292  0.3145774007  -0.6035156250 
-0.8142842054  0.3107846379  -0.5968017578 
-0.8099819422  0.3066347837  -0.5900878906 
-0.8062485456  0.3021736145  -0.5831298828 
-0.8030880690  0.2974399328  -0.5760498047 
-0.8004931211  0.2924748659  -0.5689697266 
-0.7984553576  0.2873167396  -0.5617675781 
-0.7969578505  0.2820039392  -0.5545654297 
-0.7959753275  0.2765755653  -0.5474853516 
-0.7954794168  0.2710672617  -0.5402832031 
-0.7954417467  0.2655087709  -0.5330810547 
-0.7958365679  0.2599223256  -0.5260009766 
-0.7966398001  0.2543208003  -0.5189208984 
-0.7978297472  0.2487171292  -0.5119628906 
-0.7993847132  0.2431241274  -0.5050048828 
-0.8012768030  0.2375586033  -0.4980468750 
-0.8034733534  0.2320392728  -0.4912109375 
-0.8059443235  0.2265778184  -0.4844970703 
-0.8086565733  0.2211753726  -0.4776611328 
-0.8115717173  0.2158299088  -0.4710693359 
-0.8146530390  0.2105370164  -0.4643554688 
-0.8178585768  0.2052854300  -0.4576416016 
-0.8211365938  0.2000652552  -0.4510498047 
-0.8244310617  0.1948673129  -0.4444580078 
-0.8276895285  0.1896833181  -0.4377441406 
-0.8308607340  0.1845059395  -0.4310302734 
-0.8339029551  0.1793289781  -0.4243164062 
-0.8367732763  0.1741433740  -0.4173583984 
-0.8394314051  0.1689432263  -0.4105224609 
-0.8418389559  0.1637264490  -0.4034423828 
-0.8439542055  0.1584908366  -0.3963623047 
-0.8457182646  0.1532316804  -0.3892822266 
-0.8470696211  0.1479493976  -0.3820800781 
-0.8479417562  0.1426509023  -0.3747558594 
-0.8482774496  0.1373488307  -0.3674316406 
-0.8480259180  0.1320582032  -0.3601074219 
-0.8471440077  0.1267935634  -0.3527832031 
-0.8455957174  0.1215772033  -0.3454589844 
-0.8433543444  0.1164360642  -0.3383789062 
-0.8404077291  0.1113971472  -0.3314208984 
-0.8367441893  0.1064983010  -0.3248291016 
-0.8323596716  0.1017844081  -0.3184814453 
-0.8272675276  0.0973016620  -0.3123779297 
-0.8214973211  0.0930919647  -0.3068847656 
-0.8150936365  0.0891981721  -0.3017578125 
-0.8081170321  0.0856559277  -0.2972412109 
-0.8006383181  0.0824891329  -0.2932128906 
-0.7927316427  0.0797088742  -0.2897949219 
-0.7844725847  0.0773208141  -0.2869873047 
-0.7759379148  0.0753176808  -0.2846679688 
-0.7671962976  0.0736845136  -0.2829589844 
-0.7583080530  0.0724042058  -0.2818603516 
-0.7493242025  0.0714634657  -0.2811279297 
-0.7402912378  0.0708409548  -0.2810058594 
-0.7312496901  0.0705090761  -0.2813720703 
-0.7222312689  0.0704372525  -0.2822265625 
-0.7132576704  0.0705938339  -0.2834472656 
-0.7043424845  0.0709470510  -0.2850341797 
-0.6954902411  0.0714651346  -0.2868652344 
-0.6867018938  0.0721165538  -0.2889404297 
-0.6779748201  0.0728697181  -0.2912597656 
-0.6693035364  0.0736913085  -0.2937011719 
-0.6606773138  0.0745446682  -0.2962646484 
-0.6520868540  0.0754061341  -0.2990722656 
-0.6435230970  0.0762631893  -0.3018798828 
-0.6349748373  0.0771144629  -0.3046875000 
