-1.1928302050  0.2198273540  -0.8728027344 
-1.1887565851  0.2131784558  -0.8681640625 
-1.1846634150  0.2065683603  -0.8635253906 
-1.1805361509  0.2000396252  -0.8587646484 
-1.1763597727  0.1936380863  -0.8540039062 
-1.1721175909  0.1874127388  -0.8488769531 
-1.1677933931  0.1814187169  -0.8437500000 
-1.1633750200  0.1757149696  -0.8382568359 
-1.1588543653  0.1703668833  -0.8325195312 
-1.1542268991  0.1654372215  -0.8264160156 
-1.1495040655  0.1609880328  -0.8201904297 
-1.1446915865  0.1570863724  -0.8134765625 
-1.1398054361  0.1538056135  -0.8066406250 
-1.1348510981  0.1512209773  -0.7995605469 
-1.1298190355  0.1493955851  -0.7922363281 
-1.1247061491  0.1483823061  -0.7847900391 
-1.1195112467  0.1482188702  -0.7773437500 
-1.1142379045  0.1489173174  -0.7700195312 
-1.1088958979  0.1504712701  -0.7629394531 
-1.1035019159  0.1528558731  -0.7561035156 
-1.0980814695  0.1560247540  -0.7495117188 
-1.0926605463  0.1599124670  -0.7434082031 
-1.0872615576  0.1644394398  -0.7376708984 
-1.0819002390  0.1695210338  -0.7325439453 
-1.0765832663  0.1750741601  -0.7276611328 
-1.0713099241  0.1810171008  -0.7233886719 
-1.0660661459  0.1872676015  -0.7194824219 
-1.0608302355  0.1937470436  -0.7159423828 
-1.0555809736  0.2003918886  -0.7126464844 
-1.0502997637  0.2071484327  -0.7097167969 
-1.0449665785  0.2139716744  -0.7071533203 
-1.0395601988  0.2208195329  -0.7047119141 
-1.0340548754  0.2276513577  -0.7025146484 
-1.0284289122  0.2344333529  -0.7003173828 
-1.0226644278  0.2411343455  -0.6983642578 
-1.0167452097  0.2477247119  -0.6965332031 
-1.0106590986  0.2541779876  -0.6947021484 
-1.0044025183  0.2604771852  -0.6928710938 
-0.9979728460  0.2666037083  -0.6911621094 
-0.9913679361  0.2725378275  -0.6893310547 
-0.9845856428  0.2782598138  -0.6876220703 
-0.9776273966  0.2837492228  -0.6856689453 
-0.9704989195  0.2889879346  -0.6838378906 
-0.9632107019  0.2939645052  -0.6817626953 
-0.9557725191  0.2986665964  -0.6796875000 
-0.9481965303  0.3030842543  -0.6773681641 
-0.9404927492  0.3072022200  -0.6750488281 
-0.9326754808  0.3110048175  -0.6724853516 
-0.9247592688  0.3144689202  -0.6697998047 
-0.9167615175  0.3175725937  -0.6668701172 
-0.9087039232  0.3202874660  -0.6636962891 
-0.9006112814  0.3225824833  -0.6604003906 
-0.8925107718  0.3244271278  -0.6567382812 
-0.8844367266  0.3257862926  -0.6529541016 
-0.8764325380  0.3266324401  -0.6488037109 
-0.8685468435  0.3269438148  -0.6442871094 
-0.8608325720  0.3267042637  -0.6396484375 
-0.8533514738  0.3259043097  -0.6345214844 
-0.8461748362  0.3245442510  -0.6291503906 
-0.8393756151  0.3226370811  -0.6235351562 
-0.8330191374  0.3202091455  -0.6175537109 
-0.8271585703  0.3173016310  -0.6113281250 
-0.8218353987  0.3139574528  -0.6047363281 
-0.8170787096  0.3102115989  -0.5980224609 
-0.8129001856  0.3060979843  -0.5911865234 
-0.8093007803  0.3016558290  -0.5841064453 
-0.8062757254  0.2969286442  -0.5770263672 
-0.8038109541  0.2919623852  -0.5698242188 
-0.8018933535  0.2867994905  -0.5626220703 
-0.8004988432  0.2814767957  -0.5555419922 
-0.7995978594  0.2760333419  -0.5483398438 
-0.7991598845  0.2705066204  -0.5411376953 
-0.7991555929  0.2649307251  -0.5340576172 
-0.7995587587  0.2593346238  -0.5268554688 
-0.8003460169  0.2537405491  -0.5197753906 
-0.8014959097  0.2481625080  -0.5128173828 
-0.8029857874  0.2426149845  -0.5057373047 
-0.8047901392  0.2371107340  -0.4987792969 
-0.8068755865  0.2316577435  -0.4919433594 
-0.8092135191  0.2262583375  -0.4849853516 
-0.8117727041  0.2209066749  -0.4781494141 
-0.8145164251  0.2155960798  -0.4714355469 
-0.8174115419  0.2103191018  -0.4645996094 
-0.8204199076  0.2050638199  -0.4578857422 
-0.8234945536  0.1998216510  -0.4511718750 
-0.8265875578  0.1945866942  -0.4444580078 
-0.8296557665  0.1893559694  -0.4377441406 
-0.8326543570  0.1841253638  -0.4310302734 
-0.8355354071  0.1788899899  -0.4241943359 
-0.8382557631  0.1736449599  -0.4173583984 
-0.8407634497  0.1683881283  -0.4104003906 
-0.8430007696  0.1631209850  -0.4033203125 
-0.8449100256  0.1578484774  -0.3962402344 
-0.8464452028  0.1525780559  -0.3890380859 
-0.8475655317  0.1473156810  -0.3817138672 
-0.8482335806  0.1420620084  -0.3743896484 
-0.8484116793  0.1368212700  -0.3670654297 
-0.8480597734  0.1315985322  -0.3596191406 
-0.8471366167  0.1263974905  -0.3522949219 
-0.8455981016  0.1212304831  -0.3449707031 
-0.8434013128  0.1161168814  -0.3378906250 
-0.8405090570  0.1110810637  -0.3309326172 
-0.8368939161  0.1061605215  -0.3242187500 
-0.8325446844  0.1014015079  -0.3178710938 
-0.8274754286  0.0968507528  -0.3118896484 
-0.8217188120  0.0925503969  -0.3063964844 
-0.8153196573  0.0885460973  -0.3013916016 
-0.8083335161  0.0848820806  -0.2969970703 
-0.8008288145  0.0815932751  -0.2930908203 
-0.7928837538  0.0787106752  -0.2897949219 
-0.7845796347  0.0762474537  -0.2872314453 
-0.7759956121  0.0742030144  -0.2851562500 
-0.7672055960  0.0725712776  -0.2836914062 
-0.7582758665  0.0713430643  -0.2828369141 
-0.7492665052  0.0704960227  -0.2825927734 
-0.7402263880  0.0699994564  -0.2827148438 
-0.7311931849  0.0698172450  -0.2833251953 
-0.7221914530  0.0699124932  -0.2843017578 
-0.7132352591  0.0702484846  -0.2856445312 
-0.7043277025  0.0707901120  -0.2871093750 
-0.6954644918  0.0715036988  -0.2888183594 
-0.6866377592  0.0723577738  -0.2906494141 
-0.6778393984  0.0733209848  -0.2926025391 
-0.6690608263  0.0743603110  -0.2945556641 
-0.6602944136  0.0754399300  -0.2965087891 
-0.6515334845  0.0765377283  -0.2985839844 
-0.6427732706  0.0776418447  -0.3005371094 
-0.6340123415  0.0787469745  -0.3026123047 
