-1.2460547686  0.2994071245  -0.8769531250 
-1.2418764830  0.2913777232  -0.8771972656 
-1.2376877069  0.2833520770  -0.8774414062 
-1.2334846258  0.2753317952  -0.8775634766 
-1.2292629480  0.2673217058  -0.8774414062 
-1.2250124216  0.2593330741  -0.8770751953 
-1.2207156420  0.2513856292  -0.8764648438 
-1.2163537741  0.2435048819  -0.8754882812 
-1.2119132280  0.2357188463  -0.8742675781 
-1.2073916197  0.2280544043  -0.8725585938 
-1.2027889490  0.2205406427  -0.8704833984 
-1.1981047392  0.2132089138  -0.8680419922 
-1.1933387518  0.2060920596  -0.8649902344 
-1.1884838343  0.1992319226  -0.8616943359 
-1.1835354567  0.1926702261  -0.8579101562 
-1.1784952879  0.1864463091  -0.8536376953 
-1.1733645201  0.1806059480  -0.8489990234 
-1.1681550741  0.1751919985  -0.8439941406 
-1.1628850698  0.1702501178  -0.8385009766 
-1.1575826406  0.1658170819  -0.8326416016 
-1.1522735357  0.1619290113  -0.8264160156 
-1.1469672918  0.1586228013  -0.8198242188 
-1.1416710615  0.1559187770  -0.8129882812 
-1.1364008188  0.1538208723  -0.8060302734 
-1.1311546564  0.1523336172  -0.7987060547 
-1.1259216070  0.1514589787  -0.7913818359 
-1.1206907034  0.1511948109  -0.7840576172 
-1.1154476404  0.1515359879  -0.7766113281 
-1.1101740599  0.1524749398  -0.7694091797 
-1.1048520803  0.1540012956  -0.7622070312 
-1.0994685888  0.1561003327  -0.7552490234 
-1.0940157175  0.1587492228  -0.7485351562 
-1.0884908438  0.1619222760  -0.7420654297 
-1.0828996897  0.1655907035  -0.7359619141 
-1.0772546530  0.1697146893  -0.7302246094 
-1.0715693235  0.1742521524  -0.7248535156 
-1.0658570528  0.1791626811  -0.7197265625 
-1.0601283312  0.1844003797  -0.7150878906 
-1.0543891191  0.1899170280  -0.7108154297 
-1.0486415625  0.1956629753  -0.7067871094 
-1.0428813696  0.2015916705  -0.7031250000 
-1.0370990038  0.2076582909  -0.6997070312 
-1.0312813520  0.2138184905  -0.6965332031 
-1.0254174471  0.2200346589  -0.6934814453 
-1.0194977522  0.2262769938  -0.6906738281 
-1.0135067701  0.2325167060  -0.6879882812 
-1.0074259043  0.2387235165  -0.6854248047 
-1.0012334585  0.2448633313  -0.6829833984 
-0.9949117899  0.2509046793  -0.6806640625 
-0.9884463549  0.2568195462  -0.6783447266 
-0.9818278551  0.2625823617  -0.6761474609 
-0.9750508070  0.2681716084  -0.6739501953 
-0.9681092501  0.2735641003  -0.6717529297 
-0.9609986544  0.2787348628  -0.6695556641 
-0.9537166357  0.2836599350  -0.6674804688 
-0.9462670088  0.2883182168  -0.6652832031 
-0.9386547804  0.2926861048  -0.6629638672 
-0.9308885336  0.2967424393  -0.6607666016 
-0.9229785204  0.3004615903  -0.6583251953 
-0.9149395227  0.3038194776  -0.6558837891 
-0.9067956209  0.3067990541  -0.6533203125 
-0.8985761404  0.3093868494  -0.6505126953 
-0.8903135061  0.3115677834  -0.6474609375 
-0.8820465803  0.3133316636  -0.6442871094 
-0.8738192320  0.3146722317  -0.6407470703 
-0.8656769991  0.3155857921  -0.6368408203 
-0.8576697111  0.3160693645  -0.6326904297 
-0.8498462439  0.3161185980  -0.6280517578 
-0.8422549963  0.3157290816  -0.6231689453 
-0.8349424601  0.3148988485  -0.6179199219 
-0.8279534578  0.3136269450  -0.6123046875 
-0.8213297129  0.3119142056  -0.6063232422 
-0.8151105642  0.3097650409  -0.6000976562 
-0.8093320131  0.3071902990  -0.5936279297 
-0.8040243387  0.3042100668  -0.5869140625 
-0.7992118597  0.3008459210  -0.5800781250 
-0.7949169874  0.2971232533  -0.5729980469 
-0.7911607027  0.2930668592  -0.5657958984 
-0.7879651785  0.2887047529  -0.5585937500 
-0.7853513956  0.2840654850  -0.5512695312 
-0.7833412886  0.2791831493  -0.5439453125 
-0.7819515467  0.2740947008  -0.5364990234 
-0.7811840773  0.2688366771  -0.5291748047 
-0.7810260057  0.2634487152  -0.5219726562 
-0.7814530134  0.2579691410  -0.5147705078 
-0.7824293375  0.2524318695  -0.5076904297 
-0.7839206457  0.2468645573  -0.5006103516 
-0.7858911753  0.2412875891  -0.4937744141 
-0.7883020639  0.2357205153  -0.4870605469 
-0.7911094427  0.2301799655  -0.4804687500 
-0.7942696810  0.2246798277  -0.4739990234 
-0.7977362871  0.2192292213  -0.4676513672 
-0.8014587164  0.2138327360  -0.4614257812 
-0.8053892851  0.2084912062  -0.4552001953 
-0.8094750643  0.2031988502  -0.4490966797 
-0.8136614561  0.1979439855  -0.4431152344 
-0.8178888559  0.1927146316  -0.4370117188 
-0.8220938444  0.1874989867  -0.4309082031 
-0.8262113333  0.1822862625  -0.4248046875 
-0.8301750422  0.1770675778  -0.4185791016 
-0.8339184523  0.1718364954  -0.4121093750 
-0.8373779058  0.1665897369  -0.4056396484 
-0.8404849768  0.1613245606  -0.3989257812 
-0.8431719542  0.1560393572  -0.3920898438 
-0.8453708887  0.1507354379  -0.3851318359 
-0.8470200300  0.1454204917  -0.3779296875 
-0.8480588198  0.1401080489  -0.3707275391 
-0.8484278917  0.1348186135  -0.3634033203 
-0.8480798006  0.1295787096  -0.3559570312 
-0.8469787836  0.1244174242  -0.3486328125 
-0.8451024294  0.1193671823  -0.3413085938 
-0.8424459696  0.1144611835  -0.3342285156 
-0.8390227556  0.1097369194  -0.3272705078 
-0.8348575830  0.1052314639  -0.3206787109 
-0.8299833536  0.1009787321  -0.3143310547 
-0.8244436979  0.0970121026  -0.3083496094 
-0.8182915449  0.0933597684  -0.3027343750 
-0.8115917444  0.0900454521  -0.2977294922 
-0.8044139147  0.0870845914  -0.2929687500 
-0.7968283892  0.0844833255  -0.2888183594 
-0.7889062166  0.0822321773  -0.2850341797 
-0.7807127237  0.0803127289  -0.2817382812 
-0.7723070383  0.0786991715  -0.2786865234 
-0.7637416124  0.0773508549  -0.2761230469 
-0.7550641298  0.0762176514  -0.2738037109 
-0.7463124990  0.0752439499  -0.2717285156 
-0.7375174761  0.0743721724  -0.2697753906 
-0.7287029028  0.0735485554  -0.2678222656 
