-1.0207425356  0.2523697615  -0.6982421875 
-1.0143262148  0.2585387826  -0.6965332031 
-1.0078552961  0.2646535039  -0.6949462891 
-1.0012706518  0.2706519961  -0.6932373047 
-0.9945341349  0.2764893174  -0.6916503906 
-0.9876180887  0.2821276188  -0.6901855469 
-0.9805029631  0.2875297666  -0.6885986328 
-0.9731768370  0.2926591039  -0.6872558594 
-0.9656382799  0.2974843383  -0.6859130859 
-0.9578932524  0.3019779921  -0.6845703125 
-0.9499572515  0.3061204553  -0.6831054688 
-0.9418476820  0.3098908663  -0.6817626953 
-0.9335809946  0.3132576942  -0.6801757812 
-0.9251774549  0.3161829114  -0.6785888672 
-0.9166640043  0.3186316490  -0.6766357422 
-0.9080787897  0.3205680847  -0.6745605469 
-0.8994711637  0.3219684958  -0.6721191406 
-0.8909002542  0.3228197694  -0.6693115234 
-0.8824311495  0.3231194615  -0.6661376953 
-0.8741282225  0.3228729963  -0.6624755859 
-0.8660553694  0.3220929503  -0.6584472656 
-0.8582762480  0.3208000064  -0.6540527344 
-0.8508464098  0.3190243840  -0.6491699219 
-0.8438135386  0.3167932630  -0.6439208984 
-0.8372167349  0.3141323328  -0.6383056641 
-0.8310910463  0.3110659719  -0.6323242188 
-0.8254636526  0.3076244593  -0.6262207031 
-0.8203638792  0.3038443923  -0.6197509766 
-0.8158165216  0.2997699380  -0.6130371094 
-0.8118470907  0.2954533100  -0.6060791016 
-0.8084803820  0.2909473181  -0.5989990234 
-0.8057361841  0.2862964272  -0.5917968750 
-0.8036125898  0.2815380692  -0.5843505859 
-0.8021012545  0.2766990066  -0.5769042969 
-0.8011938334  0.2718073130  -0.5693359375 
-0.8008688688  0.2668904066  -0.5616455078 
-0.8010996580  0.2619755268  -0.5540771484 
-0.8018528223  0.2570905685  -0.5465087891 
-0.8030866385  0.2522597909  -0.5389404297 
-0.8047491312  0.2475047708  -0.5313720703 
-0.8067771196  0.2428454161  -0.5239257812 
-0.8091076612  0.2382974625  -0.5164794922 
-0.8116847277  0.2338708639  -0.5090332031 
-0.8144596815  0.2295762897  -0.5014648438 
-0.8173824549  0.2254204750  -0.4940185547 
-0.8204094172  0.2214031816  -0.4864501953 
-0.8235014677  0.2175154686  -0.4788818359 
-0.8266273737  0.2137428522  -0.4713134766 
-0.8297599554  0.2100707293  -0.4636230469 
-0.8328689337  0.2064772248  -0.4559326172 
-0.8359295130  0.2029409409  -0.4481201172 
-0.8389159441  0.1994332671  -0.4404296875 
-0.8418101072  0.1959260702  -0.4324951172 
-0.8445967436  0.1923967600  -0.4246826172 
-0.8472555876  0.1888216138  -0.4168701172 
-0.8497654200  0.1851756573  -0.4089355469 
-0.8521014452  0.1814367175  -0.4010009766 
-0.8542288542  0.1775798202  -0.3930664062 
-0.8560990095  0.1735835671  -0.3851318359 
-0.8576544523  0.1694306135  -0.3773193359 
-0.8588303328  0.1651111245  -0.3693847656 
-0.8595682383  0.1606193781  -0.3615722656 
-0.8598145247  0.1559605598  -0.3538818359 
-0.8595186472  0.1511465907  -0.3461914062 
-0.8586357832  0.1461923718  -0.3386230469 
-0.8571265936  0.1411127448  -0.3312988281 
-0.8549641371  0.1359245181  -0.3242187500 
-0.8521350622  0.1306480765  -0.3173828125 
-0.8486355543  0.1253103614  -0.3110351562 
-0.8444722891  0.1199460626  -0.3049316406 
-0.8396586180  0.1145968437  -0.2994384766 
-0.8342186213  0.1093156934  -0.2945556641 
-0.8281856775  0.1041649580  -0.2901611328 
-0.8216005564  0.0992137194  -0.2863769531 
-0.8145176172  0.0945237875  -0.2833251953 
-0.8070029020  0.0901444554  -0.2807617188 
-0.7991241217  0.0861153007  -0.2788085938 
-0.7909489870  0.0824596882  -0.2774658203 
-0.7825418711  0.0791922212  -0.2767333984 
-0.7739621401  0.0763119459  -0.2763671875 
-0.7652612925  0.0738087296  -0.2766113281 
-0.7564843893  0.0716570020  -0.2770996094 
-0.7476686239  0.0698263049  -0.2780761719 
-0.7388454676  0.0682719350  -0.2794189453 
-0.7300411463  0.0669399500  -0.2810058594 
-0.7212764025  0.0657722354  -0.2829589844 
-0.7125657797  0.0647124052  -0.2852783203 
-0.7039180994  0.0637087822  -0.2877197266 
-0.6953345537  0.0627198219  -0.2904052734 
-0.6868122816  0.0617163181  -0.2933349609 
-0.6783491373  0.0606691241  -0.2963867188 
-0.6699432135  0.0595518351  -0.2995605469 
-0.6615916491  0.0583426952  -0.3028564453 
-0.6532872915  0.0570288897  -0.3061523438 
-0.6450232267  0.0555956960  -0.3095703125 
-0.6367920637  0.0540257692  -0.3131103516 
-0.6285892725  0.0523045659  -0.3165283203 
-0.6204086542  0.0504232645  -0.3198242188 
-0.6122401953  0.0483815670  -0.3232421875 
-0.6040755510  0.0461772680  -0.3264160156 
-0.5959063768  0.0438091755  -0.3295898438 
-0.5877279043  0.0412692428  -0.3325195312 
-0.5795365572  0.0385490656  -0.3352050781 
-0.5713366270  0.0356320143  -0.3377685547 
-0.5631374121  0.0324981213  -0.3399658203 
-0.5549522638  0.0291293263  -0.3419189453 
-0.5468045473  0.0255025029  -0.3433837891 
-0.5387214422  0.0215998292  -0.3446044922 
-0.5307310820  0.0174155235  -0.3454589844 
-0.5228627920  0.0129496455  -0.3458251953 
-0.5151447058  0.0082144141  -0.3457031250 
-0.5076040030  0.0032289624  -0.3452148438 
-0.5002628565  -0.0019746423  -0.3442382812 
-0.4931396246  -0.0073559284  -0.3426513672 
-0.4862505198  -0.0128698945  -0.3406982422 
-0.4796096087  -0.0184697509  -0.3381347656 
-0.4732280970  -0.0241107345  -0.3350830078 
-0.4671174288  -0.0297515988  -0.3314208984 
-0.4612776041  -0.0353467464  -0.3273925781 
-0.4557040930  -0.0408559442  -0.3228759766 
-0.4503911734  -0.0462461710  -0.3178710938 
-0.4453309774  -0.0514925122  -0.3125000000 
-0.4405046701  -0.0565750003  -0.3067626953 
-0.4358872175  -0.0614885092  -0.3006591797 
-0.4314459562  -0.0662450194  -0.2944335938 
-0.4271405935  -0.0708711743  -0.2879638672 
-0.4229301214  -0.0754017830  -0.2813720703 
-0.4187670946  -0.0798831284  -0.2746582031 
