-1.2162994146  0.2483075261  -0.8831787109 
-1.2121211290  0.2408151627  -0.8802490234 
-1.2079213858  0.2333590984  -0.8773193359 
-1.2036768198  0.2259767056  -0.8742675781 
-1.1993743181  0.2186986208  -0.8709716797 
-1.1949981451  0.2115622163  -0.8675537109 
-1.1905344725  0.2046057582  -0.8638916016 
-1.1859728098  0.1978679895  -0.8598632812 
-1.1813086271  0.1913898587  -0.8555908203 
-1.1765443087  0.1852129102  -0.8510742188 
-1.1716841459  0.1793852448  -0.8460693359 
-1.1667309999  0.1739583015  -0.8408203125 
-1.1616929770  0.1689773202  -0.8352050781 
-1.1565798521  0.1644897461  -0.8292236328 
-1.1514118910  0.1605382562  -0.8228759766 
-1.1462184191  0.1571655273  -0.8162841797 
-1.1410368681  0.1544076800  -0.8093261719 
-1.1358896494  0.1522939801  -0.8022460938 
-1.1307681799  0.1508520246  -0.7949218750 
-1.1256586313  0.1501040459  -0.7874755859 
-1.1205486059  0.1500656009  -0.7800292969 
-1.1154252291  0.1507465243  -0.7725830078 
-1.1102751493  0.1521509290  -0.7652587891 
-1.1050881147  0.1542721987  -0.7581787109 
-1.0998610258  0.1570903063  -0.7513427734 
-1.0945943594  0.1605629325  -0.7447509766 
-1.0892914534  0.1646353602  -0.7386474609 
-1.0839575529  0.1692405343  -0.7330322266 
-1.0785969496  0.1743065119  -0.7277832031 
-1.0732117891  0.1797613502  -0.7229003906 
-1.0678015947  0.1855359077  -0.7185058594 
-1.0623637438  0.1915649176  -0.7144775391 
-1.0568927526  0.1977871656  -0.7108154297 
-1.0513786077  0.2041482329  -0.7075195312 
-1.0458072424  0.2105968595  -0.7044677734 
-1.0401669741  0.2170916200  -0.7016601562 
-1.0344480276  0.2236003280  -0.6989746094 
-1.0286422968  0.2300964594  -0.6965332031 
-1.0227426291  0.2365584970  -0.6942138672 
-1.0167423487  0.2429669499  -0.6920166016 
-1.0106366873  0.2493042350  -0.6898193359 
-1.0044199228  0.2555540204  -0.6877441406 
-0.9980808496  0.2616945505  -0.6857910156 
-0.9916042089  0.2676963806  -0.6837158203 
-0.9849737883  0.2735297084  -0.6817626953 
-0.9781786203  0.2791647911  -0.6796875000 
-0.9712113142  0.2845736742  -0.6777343750 
-0.9640702009  0.2897312045  -0.6755371094 
-0.9567562342  0.2946112156  -0.6734619141 
-0.9492748976  0.2991893291  -0.6711425781 
-0.9416350126  0.3034427762  -0.6688232422 
-0.9338499308  0.3073502183  -0.6663818359 
-0.9259332418  0.3108845353  -0.6636962891 
-0.9179052114  0.3140187263  -0.6610107422 
-0.9097906351  0.3167216778  -0.6579589844 
-0.9016197920  0.3189682364  -0.6547851562 
-0.8934305906  0.3207345009  -0.6513671875 
-0.8852659464  0.3219959140  -0.6477050781 
-0.8771783113  0.3227386475  -0.6436767578 
-0.8692253828  0.3229585886  -0.6392822266 
-0.8614693880  0.3226591349  -0.6346435547 
-0.8539704084  0.3218522072  -0.6296386719 
-0.8467851877  0.3205583096  -0.6242675781 
-0.8399595022  0.3188061118  -0.6186523438 
-0.8335264921  0.3166324496  -0.6126708984 
-0.8275071383  0.3140699863  -0.6063232422 
-0.8219190836  0.3111481071  -0.5998535156 
-0.8167749643  0.3078978658  -0.5931396484 
-0.8120843172  0.3043451309  -0.5863037109 
-0.8078607321  0.3005145788  -0.5792236328 
-0.8041208982  0.2964257598  -0.5720214844 
-0.8008786440  0.2921010256  -0.5648193359 
-0.7981394529  0.2875612378  -0.5574951172 
-0.7959035635  0.2828305960  -0.5500488281 
-0.7941735983  0.2779316306  -0.5426025391 
-0.7929443121  0.2728823423  -0.5352783203 
-0.7922052145  0.2677024007  -0.5278320312 
-0.7919436693  0.2624090910  -0.5205078125 
-0.7921470404  0.2570145130  -0.5131835938 
-0.7928026915  0.2515327334  -0.5061035156 
-0.7938989401  0.2459796667  -0.4990234375 
-0.7954217196  0.2403755188  -0.4920654297 
-0.7973505259  0.2347422838  -0.4852294922 
-0.7996610403  0.2291025519  -0.4785156250 
-0.8023201227  0.2234773636  -0.4719238281 
-0.8052810431  0.2178831697  -0.4654541016 
-0.8084927797  0.2123319507  -0.4591064453 
-0.8119047880  0.2068320513  -0.4527587891 
-0.8154610395  0.2013857365  -0.4464111328 
-0.8191035986  0.1959908009  -0.4401855469 
-0.8227735758  0.1906403899  -0.4338378906 
-0.8264118433  0.1853242517  -0.4274902344 
-0.8299571276  0.1800344586  -0.4210205078 
-0.8333467245  0.1747649908  -0.4145507812 
-0.8365184069  0.1695056558  -0.4078369141 
-0.8394056559  0.1642454863  -0.4011230469 
-0.8419436216  0.1589747667  -0.3941650391 
-0.8440669775  0.1536864042  -0.3870849609 
-0.8457185030  0.1483746171  -0.3800048828 
-0.8468433619  0.1430372596  -0.3728027344 
-0.8473829031  0.1376754642  -0.3654785156 
-0.8472756147  0.1323025823  -0.3581542969 
-0.8464699984  0.1269432306  -0.3509521484 
-0.8449276686  0.1216307282  -0.3437500000 
-0.8426254988  0.1164029241  -0.3366699219 
-0.8395479918  0.1113002896  -0.3299560547 
-0.8356877565  0.1063680649  -0.3233642578 
-0.8310583830  0.1016531587  -0.3171386719 
-0.8256880045  0.0972030759  -0.3114013672 
-0.8196252584  0.0930671096  -0.3061523438 
-0.8129357100  0.0892897844  -0.3012695312 
-0.8056994677  0.0859017372  -0.2969970703 
-0.7980004549  0.0829206705  -0.2933349609 
-0.7899211645  0.0803571343  -0.2901611328 
-0.7815405130  0.0782054663  -0.2874755859 
-0.7729288340  0.0764535666  -0.2852783203 
-0.7641462088  0.0750834346  -0.2835693359 
-0.7552462816  0.0740639567  -0.2822265625 
-0.7462712526  0.0733558536  -0.2812500000 
-0.7372518778  0.0729153752  -0.2806396484 
-0.7282093763  0.0726985335  -0.2801513672 
-0.7191573381  0.0726629496  -0.2799072266 
-0.7101031542  0.0727694035  -0.2799072266 
-0.7010506392  0.0729838610  -0.2799072266 
-0.6920009851  0.0732767582  -0.2800292969 
-0.6829537153  0.0736228228  -0.2801513672 
-0.6739085913  0.0740007758  -0.2802734375 
-0.6648639441  0.0743933916  -0.2805175781 
