-1.2174996138  0.2751603127  -0.8798828125 
-1.2153307199  0.2663787603  -0.8793945312 
-1.2130926847  0.2576214075  -0.8787841797 
-1.2107301950  0.2489117384  -0.8780517578 
-1.2081879377  0.2402798533  -0.8769531250 
-1.2054151297  0.2317630053  -0.8756103516 
-1.2023671865  0.2234062552  -0.8739013672 
-1.1990133524  0.2152581215  -0.8718261719 
-1.1953431368  0.2073692083  -0.8693847656 
-1.1913641691  0.1997904778  -0.8663330078 
-1.1871031523  0.1925653219  -0.8629150391 
-1.1825970411  0.1857303977  -0.8591308594 
-1.1778811216  0.1793274879  -0.8547363281 
-1.1729918718  0.1734015942  -0.8499755859 
-1.1679660082  0.1680038571  -0.8447265625 
-1.1628383398  0.1631885767  -0.8389892578 
-1.1576439142  0.1589988470  -0.8328857422 
-1.1524175406  0.1554589272  -0.8264160156 
-1.1471959352  0.1525824666  -0.8195800781 
-1.1420217752  0.1503725648  -0.8125000000 
-1.1369005442  0.1488414407  -0.8051757812 
-1.1318162680  0.1479959488  -0.7977294922 
-1.1267598867  0.1478352547  -0.7902832031 
-1.1217192411  0.1483527422  -0.7827148438 
-1.1166757345  0.1495364308  -0.7752685547 
-1.1116100550  0.1513675451  -0.7680664062 
-1.1065107584  0.1538199186  -0.7609863281 
-1.1013661623  0.1568567157  -0.7541503906 
-1.0961631536  0.1604409218  -0.7476806641 
-1.0908969641  0.1645311713  -0.7415771484 
-1.0855723619  0.1690846086  -0.7358398438 
-1.0801981688  0.1740486026  -0.7304687500 
-1.0747834444  0.1793661118  -0.7254638672 
-1.0693331957  0.1849807501  -0.7209472656 
-1.0638481379  0.1908391118  -0.7167968750 
-1.0583239794  0.1968907118  -0.7128906250 
-1.0527533293  0.2030862570  -0.7093505859 
-1.0471249819  0.2093783617  -0.7060546875 
-1.0414317846  0.2157262564  -0.7030029297 
-1.0356677771  0.2220976353  -0.7001953125 
-1.0298272371  0.2284686565  -0.6975097656 
-1.0239044428  0.2348192334  -0.6949462891 
-1.0178943872  0.2411327362  -0.6925048828 
-1.0117849112  0.2473864555  -0.6900634766 
-1.0055595636  0.2535525560  -0.6878662109 
-0.9991954565  0.2595970631  -0.6855468750 
-0.9926716089  0.2654845119  -0.6834716797 
-0.9859718084  0.2711817622  -0.6812744141 
-0.9790834188  0.2766573429  -0.6790771484 
-0.9720016718  0.2818825245  -0.6770019531 
-0.9647291899  0.2868351340  -0.6748046875 
-0.9572762251  0.2915045619  -0.6727294922 
-0.9496561289  0.2958811522  -0.6705322266 
-0.9418810606  0.2999524474  -0.6683349609 
-0.9339634180  0.3036975861  -0.6660156250 
-0.9259191751  0.3070960641  -0.6635742188 
-0.9177635908  0.3101223707  -0.6611328125 
-0.9095185995  0.3127542734  -0.6584472656 
-0.9012097120  0.3149688840  -0.6555175781 
-0.8928719759  0.3167531490  -0.6524658203 
-0.8845468760  0.3181013465  -0.6491699219 
-0.8762842417  0.3190115094  -0.6456298828 
-0.8681398630  0.3194814324  -0.6417236328 
-0.8601707220  0.3195102811  -0.6374511719 
-0.8524295092  0.3190982938  -0.6326904297 
-0.8449651003  0.3182466030  -0.6276855469 
-0.8378227949  0.3169577122  -0.6223144531 
-0.8310440779  0.3152373433  -0.6164550781 
-0.8246670961  0.3130974174  -0.6104736328 
-0.8187237978  0.3105597496  -0.6041259766 
-0.8132396936  0.3076469302  -0.5975341797 
-0.8082355261  0.3043795824  -0.5906982422 
-0.8037236929  0.3007824421  -0.5837402344 
-0.7997068167  0.2968759537  -0.5766601562 
-0.7961891890  0.2926822901  -0.5694580078 
-0.7931720018  0.2882249951  -0.5621337891 
-0.7906562090  0.2835292816  -0.5548095703 
-0.7886554003  0.2786172628  -0.5474853516 
-0.7871831656  0.2735130191  -0.5401611328 
-0.7862552404  0.2682428360  -0.5328369141 
-0.7858756781  0.2628334761  -0.5255126953 
-0.7860418558  0.2573142648  -0.5184326172 
-0.7867428064  0.2517151833  -0.5113525391 
-0.7879606485  0.2460641861  -0.5043945312 
-0.7896689177  0.2403854132  -0.4975585938 
-0.7918277979  0.2347022891  -0.4908447266 
-0.7943953276  0.2290360928  -0.4842529297 
-0.7973290682  0.2234067321  -0.4777832031 
-0.8005791903  0.2178305984  -0.4714355469 
-0.8040977716  0.2123210430  -0.4650878906 
-0.8078309298  0.2068856359  -0.4589843750 
-0.8117240667  0.2015267015  -0.4527587891 
-0.8157223463  0.1962429285  -0.4465332031 
-0.8197747469  0.1910295486  -0.4404296875 
-0.8238247633  0.1858745813  -0.4340820312 
-0.8278135061  0.1807593703  -0.4278564453 
-0.8316742182  0.1756651998  -0.4213867188 
-0.8353358507  0.1705743074  -0.4149169922 
-0.8387261629  0.1654697061  -0.4082031250 
-0.8417721987  0.1603369117  -0.4013671875 
-0.8444014788  0.1551697254  -0.3944091797 
-0.8465474844  0.1499700546  -0.3873291016 
-0.8481479883  0.1447461247  -0.3801269531 
-0.8491443396  0.1395122409  -0.3728027344 
-0.8494766951  0.1342862248  -0.3653564453 
-0.8490985632  0.1290876269  -0.3580322266 
-0.8479760885  0.1239395738  -0.3505859375 
-0.8460899591  0.1188695431  -0.3433837891 
-0.8434249163  0.1139128804  -0.3363037109 
-0.8399757147  0.1091105938  -0.3294677734 
-0.8357483149  0.1045081019  -0.3228759766 
-0.8307653666  0.1001514792  -0.3166503906 
-0.8250674009  0.0960844159  -0.3109130859 
-0.8187109232  0.0923451781  -0.3056640625 
-0.8117660284  0.0889604688  -0.3010253906 
-0.8043099642  0.0859521031  -0.2967529297 
-0.7964257002  0.0833283067  -0.2932128906 
-0.7881978750  0.0810889006  -0.2901611328 
-0.7797049284  0.0792136788  -0.2875976562 
-0.7710179090  0.0776715875  -0.2856445312 
-0.7621933222  0.0764260292  -0.2840576172 
-0.7532755136  0.0754403472  -0.2828369141 
-0.7442954779  0.0746833682  -0.2818603516 
-0.7352780104  0.0741178393  -0.2812500000 
-0.7262400389  0.0737033486  -0.2808837891 
-0.7171922922  0.0733986497  -0.2807617188 
-0.7081407309  0.0731639266  -0.2806396484 
-0.6990879774  0.0729622245  -0.2806396484 
