-1.0259100199  0.2802072763  -0.6894531250 
-1.0175825357  0.2837007046  -0.6887207031 
-1.0092598200  0.2872065902  -0.6881103516 
-1.0009433031  0.2907304764  -0.6875000000 
-0.9926282167  0.2942630649  -0.6868896484 
-0.9843164682  0.2978115082  -0.6862792969 
-0.9760061502  0.3013700247  -0.6857910156 
-0.9676853418  0.3049079180  -0.6853027344 
-0.9593375921  0.3083813787  -0.6848144531 
-0.9509478807  0.3117453456  -0.6842041016 
-0.9425007105  0.3149452806  -0.6835937500 
-0.9339839220  0.3179191351  -0.6828613281 
-0.9253908396  0.3205978274  -0.6817626953 
-0.9167281389  0.3229171038  -0.6805419922 
-0.9080141783  0.3248134851  -0.6789550781 
-0.8992840052  0.3262206912  -0.6770019531 
-0.8905943632  0.3270918727  -0.6746826172 
-0.8820198774  0.3274000883  -0.6717529297 
-0.8736444712  0.3271364570  -0.6683349609 
-0.8655484915  0.3263101578  -0.6643066406 
-0.8578029871  0.3249465227  -0.6599121094 
-0.8504689932  0.3230862021  -0.6549072266 
-0.8435894251  0.3207610250  -0.6495361328 
-0.8371945620  0.3179965019  -0.6436767578 
-0.8313099146  0.3148245215  -0.6375732422 
-0.8259564638  0.3112820387  -0.6312255859 
-0.8211568594  0.3074018359  -0.6245117188 
-0.8169327974  0.3032250404  -0.6177978516 
-0.8133009672  0.2987946868  -0.6107177734 
-0.8102673292  0.2941505909  -0.6035156250 
-0.8078323603  0.2893362045  -0.5963134766 
-0.8059796095  0.2843942046  -0.5889892578 
-0.8046773672  0.2793635130  -0.5815429688 
-0.8038836718  0.2742829919  -0.5740966797 
-0.8035560846  0.2691864371  -0.5666503906 
-0.8036559820  0.2640984654  -0.5590820312 
-0.8041466475  0.2590305209  -0.5516357422 
-0.8049947023  0.2539925575  -0.5441894531 
-0.8061674833  0.2490050197  -0.5366210938 
-0.8076316118  0.2440933585  -0.5291748047 
-0.8093479872  0.2392827272  -0.5217285156 
-0.8112896681  0.2345942259  -0.5142822266 
-0.8134354353  0.2300381660  -0.5067138672 
-0.8157643080  0.2256244421  -0.4991455078 
-0.8182491064  0.2213545442  -0.4915771484 
-0.8208688498  0.2172157168  -0.4838867188 
-0.8236047029  0.2131901979  -0.4763183594 
-0.8264323473  0.2092651725  -0.4686279297 
-0.8293360472  0.2054287791  -0.4609375000 
-0.8322905302  0.2016654611  -0.4532470703 
-0.8352633715  0.1979572177  -0.4455566406 
-0.8382173777  0.1942808032  -0.4378662109 
-0.8411117792  0.1906115413  -0.4300537109 
-0.8439060450  0.1869202256  -0.4223632812 
-0.8465503454  0.1831849217  -0.4145507812 
-0.8489993811  0.1793832183  -0.4066162109 
-0.8512045145  0.1755012870  -0.3988037109 
-0.8531283140  0.1715259552  -0.3908691406 
-0.8547393084  0.1674537659  -0.3829345703 
-0.8560060263  0.1632806063  -0.3750000000 
-0.8568891287  0.1589931846  -0.3670654297 
-0.8573390245  0.1545801759  -0.3592529297 
-0.8573149443  0.1500330567  -0.3513183594 
-0.8567837477  0.1453493237  -0.3436279297 
-0.8557151556  0.1405251622  -0.3360595703 
-0.8540652990  0.1355617046  -0.3286132812 
-0.8517843485  0.1304631233  -0.3215332031 
-0.8488241434  0.1252511740  -0.3146972656 
-0.8451498747  0.1199617386  -0.3083496094 
-0.8407484293  0.1146532893  -0.3024902344 
-0.8356231451  0.1094034314  -0.2972412109 
-0.8298069239  0.1042967439  -0.2924804688 
-0.8233591318  0.0994149446  -0.2884521484 
-0.8163555861  0.0948214531  -0.2850341797 
-0.8088735342  0.0905668139  -0.2822265625 
-0.8009949923  0.0866837502  -0.2800292969 
-0.7927953005  0.0831955075  -0.2783203125 
-0.7843488455  0.0801078081  -0.2773437500 
-0.7757204771  0.0774170756  -0.2767333984 
-0.7669676542  0.0750988722  -0.2766113281 
-0.7581375837  0.0731174946  -0.2769775391 
-0.7492691278  0.0714213252  -0.2775878906 
-0.7403942347  0.0699477196  -0.2786865234 
-0.7315388918  0.0686303377  -0.2800292969 
-0.7227236032  0.0674058795  -0.2817382812 
-0.7139650583  0.0662237406  -0.2836914062 
-0.7052747011  0.0650503635  -0.2858886719 
-0.6966606379  0.0638496876  -0.2884521484 
-0.6881242990  0.0625864267  -0.2911376953 
-0.6796659231  0.0612326860  -0.2940673828 
-0.6712824106  0.0597708821  -0.2972412109 
-0.6629692316  0.0582008958  -0.3004150391 
-0.6547166109  0.0565439463  -0.3038330078 
-0.6465095282  0.0548227429  -0.3072509766 
-0.6383367777  0.0530442595  -0.3106689453 
-0.6301862001  0.0512021780  -0.3142089844 
-0.6220475435  0.0492898226  -0.3176269531 
-0.6139065027  0.0473048091  -0.3210449219 
-0.6057552099  0.0452334285  -0.3244628906 
-0.5975879431  0.0430557728  -0.3276367188 
-0.5893973112  0.0407514572  -0.3308105469 
-0.5811787844  0.0383070707  -0.3337402344 
-0.5729323626  0.0356999636  -0.3364257812 
-0.5646632910  0.0329116583  -0.3387451172 
-0.5563842058  0.0299143195  -0.3409423828 
-0.5481163263  0.0266804695  -0.3426513672 
-0.5398858786  0.0231899619  -0.3441162109 
-0.5317257643  0.0194173455  -0.3452148438 
-0.5236679316  0.0153489113  -0.3459472656 
-0.5157474279  0.0109733343  -0.3463134766 
-0.5079964399  0.0062919855  -0.3461914062 
-0.5004490614  0.0013111234  -0.3457031250 
-0.4931331873  -0.0039478540  -0.3448486328 
-0.4860721827  -0.0094516873  -0.3435058594 
-0.4792877436  -0.0151628256  -0.3416748047 
-0.4728020430  -0.0210446715  -0.3393554688 
-0.4666372538  -0.0270664096  -0.3365478516 
-0.4608174562  -0.0332022309  -0.3333740234 
-0.4553655386  -0.0394339561  -0.3295898438 
-0.4502927065  -0.0457364321  -0.3255615234 
-0.4455913305  -0.0520825386  -0.3211669922 
-0.4412435293  -0.0584590435  -0.3164062500 
-0.4372202158  -0.0648635030  -0.3114013672 
-0.4334675074  -0.0712887049  -0.3062744141 
-0.4299231768  -0.0777249336  -0.3010253906 
-0.4265309572  -0.0841600299  -0.2955322266 
-0.4232410192  -0.0905908346  -0.2901611328 
-0.4200004339  -0.0970201790  -0.2846679688 
