-1.0504139662  0.1874326468  -0.7203369141 
-1.0470949411  0.1956149936  -0.7182617188 
-1.0437668562  0.2037969828  -0.7163085938 
-1.0404125452  0.2119746804  -0.7143554688 
-1.0370019674  0.2201376557  -0.7124023438 
-1.0334941149  0.2282683253  -0.7105712891 
-1.0298398733  0.2363432050  -0.7086181641 
-1.0259898901  0.2443351746  -0.7069091797 
-1.0218938589  0.2522134185  -0.7050781250 
-1.0175031424  0.2599402070  -0.7033691406 
-1.0127772093  0.2674735785  -0.7016601562 
-1.0076771975  0.2747641802  -0.6999511719 
-1.0021802187  0.2817638516  -0.6982421875 
-0.9962834120  0.2884311080  -0.6966552734 
-0.9899982214  0.2947326899  -0.6949462891 
-0.9833387136  0.3006337881  -0.6932373047 
-0.9763213396  0.3060985804  -0.6915283203 
-0.9689670801  0.3110907078  -0.6898193359 
-0.9613047838  0.3155770302  -0.6881103516 
-0.9533711672  0.3195331097  -0.6862792969 
-0.9452069998  0.3229374886  -0.6843261719 
-0.9368563890  0.3257662654  -0.6822509766 
-0.9283689260  0.3280010223  -0.6799316406 
-0.9197987318  0.3296385407  -0.6776123047 
-0.9112049341  0.3306864500  -0.6749267578 
-0.9026461840  0.3311589360  -0.6719970703 
-0.8941808939  0.3310756683  -0.6688232422 
-0.8858660460  0.3304604292  -0.6652832031 
-0.8777567148  0.3293429613  -0.6613769531 
-0.8699008226  0.3277583718  -0.6571044922 
-0.8623398542  0.3257486820  -0.6525878906 
-0.8551067114  0.3233492374  -0.6477050781 
-0.8482254744  0.3205878735  -0.6424560547 
-0.8417125940  0.3174943328  -0.6370849609 
-0.8355799913  0.3140929937  -0.6313476562 
-0.8298336267  0.3104091883  -0.6253662109 
-0.8244765997  0.3064645529  -0.6192626953 
-0.8195129633  0.3022813201  -0.6129150391 
-0.8149563074  0.2978803515  -0.6064453125 
-0.8108309507  0.2932955027  -0.5998535156 
-0.8071533442  0.2885696292  -0.5930175781 
-0.8039325476  0.2837534547  -0.5860595703 
-0.8011716604  0.2788943052  -0.5789794922 
-0.7988752127  0.2740284801  -0.5716552734 
-0.7970463037  0.2691702247  -0.5642089844 
-0.7957109213  0.2643215060  -0.5566406250 
-0.7948771715  0.2594799995  -0.5490722656 
-0.7945507765  0.2546459436  -0.5413818359 
-0.7947350740  0.2498232126  -0.5338134766 
-0.7954314947  0.2450208664  -0.5261230469 
-0.7966378927  0.2402485013  -0.5185546875 
-0.7983468771  0.2355226874  -0.5109863281 
-0.8005436659  0.2308619022  -0.5035400391 
-0.8032013178  0.2262814045  -0.4962158203 
-0.8062907457  0.2217897773  -0.4890136719 
-0.8097740412  0.2173835635  -0.4819335938 
-0.8136006594  0.2130522728  -0.4748535156 
-0.8177171946  0.2087864280  -0.4680175781 
-0.8220587969  0.2045719624  -0.4613037109 
-0.8265575171  0.2003986835  -0.4547119141 
-0.8311427832  0.1962575912  -0.4479980469 
-0.8357437849  0.1921387315  -0.4414062500 
-0.8402892351  0.1880320311  -0.4346923828 
-0.8447052240  0.1839253306  -0.4279785156 
-0.8489135504  0.1798065305  -0.4211425781 
-0.8528324366  0.1756621599  -0.4140625000 
-0.8563874960  0.1714800596  -0.4068603516 
-0.8595122099  0.1672506928  -0.3995361328 
-0.8621536493  0.1629667282  -0.3919677734 
-0.8642653227  0.1586181521  -0.3842773438 
-0.8658035994  0.1541987658  -0.3765869141 
-0.8667248487  0.1497015357  -0.3687744141 
-0.8669830561  0.1451261640  -0.3609619141 
-0.8665434122  0.1404763460  -0.3531494141 
-0.8653815985  0.1357648969  -0.3455810547 
-0.8634871244  0.1310147643  -0.3381347656 
-0.8608528376  0.1262555122  -0.3308105469 
-0.8574820757  0.1215196252  -0.3238525391 
-0.8533896208  0.1168420911  -0.3172607422 
-0.8485976458  0.1122609377  -0.3111572266 
-0.8431402445  0.1078171730  -0.3054199219 
-0.8370589018  0.1035501361  -0.3002929688 
-0.8304067850  0.0994968414  -0.2956542969 
-0.8232482672  0.0956872106  -0.2916259766 
-0.8156572580  0.0921402574  -0.2882080078 
-0.8077064753  0.0888674855  -0.2854003906 
-0.7994691133  0.0858661532  -0.2830810547 
-0.7910107374  0.0831267238  -0.2813720703 
-0.7823885679  0.0806283951  -0.2801513672 
-0.7736521959  0.0783453584  -0.2795410156 
-0.7648440599  0.0762537122  -0.2792968750 
-0.7559987307  0.0743361115  -0.2796630859 
-0.7471462488  0.0725724697  -0.2802734375 
-0.7383092642  0.0709462762  -0.2814941406 
-0.7295073271  0.0694350004  -0.2829589844 
-0.7207549810  0.0680137873  -0.2847900391 
-0.7120627165  0.0666583776  -0.2868652344 
-0.7034362555  0.0653480291  -0.2893066406 
-0.6948791742  0.0640592575  -0.2919921875 
-0.6863943338  0.0627661943  -0.2949218750 
-0.6779807806  0.0614430904  -0.2979736328 
-0.6696332693  0.0600666404  -0.3011474609 
-0.6613446474  0.0586209297  -0.3045654297 
-0.6531022787  0.0571001768  -0.3079833984 
-0.6448935270  0.0554975271  -0.3114013672 
-0.6367026567  0.0538078547  -0.3149414062 
-0.6285156012  0.0520313382  -0.3183593750 
-0.6203244925  0.0501630902  -0.3217773438 
-0.6121250391  0.0481958985  -0.3250732422 
-0.6039124727  0.0461263657  -0.3282470703 
-0.5956784487  0.0439576507  -0.3312988281 
-0.5874170065  0.0416904688  -0.3342285156 
-0.5791219473  0.0393263698  -0.3370361328 
-0.5707892179  0.0368722081  -0.3395996094 
-0.5624152422  0.0343362689  -0.3419189453 
-0.5539954901  0.0317300558  -0.3439941406 
-0.5455311537  0.0290603638  -0.3458251953 
-0.5370255709  0.0263333917  -0.3472900391 
-0.5284835100  0.0235588551  -0.3483886719 
-0.5199106932  0.0207573771  -0.3492431641 
-0.5113130808  0.0179527402  -0.3497314453 
-0.5026973486  0.0151687860  -0.3497314453 
-0.4940716028  0.0124198794  -0.3496093750 
-0.4854408503  0.0097210407  -0.3491210938 
-0.4768067598  0.0070847869  -0.3483886719 
-0.4681679010  0.0045206547  -0.3475341797 
-0.4595237970  0.0020207167  -0.3465576172 
-0.4508770704  -0.0004431605  -0.3454589844 
