-0.1356173754  -0.1138542593  -0.2048339844 
-0.1272264719  -0.1104781330  -0.2043457031 
-0.1188588142  -0.1070501804  -0.2038574219 
-0.1105436087  -0.1035085618  -0.2033691406 
-0.1023031473  -0.0998203456  -0.2026367188 
-0.0941644907  -0.0959539711  -0.2017822266 
-0.0861575603  -0.0918873847  -0.2005615234 
-0.0783176422  -0.0876054168  -0.1990966797 
-0.0706834793  -0.0831035674  -0.1972656250 
-0.0632981062  -0.0783905685  -0.1949462891 
-0.0562065840  -0.0734913349  -0.1921386719 
-0.0494520664  -0.0684472919  -0.1888427734 
-0.0430790186  -0.0633103848  -0.1850585938 
-0.0371314287  -0.0581403971  -0.1805419922 
-0.0316500664  -0.0530086160  -0.1755371094 
-0.0266640186  -0.0479928255  -0.1697998047 
-0.0221861601  -0.0431571007  -0.1636962891 
-0.0182192326  -0.0385494828  -0.1569824219 
-0.0147489309  -0.0342050195  -0.1497802734 
-0.0117386580  -0.0301444530  -0.1422119141 
-0.0091533661  -0.0263651013  -0.1343994141 
-0.0069514513  -0.0228446126  -0.1264648438 
-0.0050871372  -0.0195487142  -0.1181640625 
-0.0035151243  -0.0164416432  -0.1098632812 
-0.0021955967  -0.0134819746  -0.1013183594 
-0.0010888577  -0.0106285810  -0.0928955078 
-0.0001535416  -0.0078460574  -0.0842285156 
0.0006519556  -0.0050982833  -0.0756835938 
0.0013645887  -0.0023559332  -0.0671386719 
0.0020196438  0.0004125237  -0.0584716797 
0.0026543140  0.0032404065  -0.0499267578 
0.0033062696  0.0061556697  -0.0413818359 
0.0040131807  0.0091881156  -0.0328369141 
0.0048125982  0.0123651624  -0.0244140625 
0.0057402849  0.0157184005  -0.0161132812 
0.0068296194  0.0192788243  -0.0078125000 
0.0081098080  0.0230783820  0.0003662109 
0.0096157789  0.0271443129  0.0083007812 
0.0113861561  0.0315025449  0.0159912109 
0.0134599209  0.0361714959  0.0234375000 
0.0158730745  0.0411638618  0.0306396484 
0.0186525583  0.0464879274  0.0373535156 
0.0218231678  0.0521383286  0.0437011719 
0.0254020691  0.0580895543  0.0495605469 
0.0293943882  0.0643001795  0.0548095703 
0.0337916613  0.0707194209  0.0594482422 
0.0385724306  0.0772920847  0.0634765625 
0.0437065363  0.0839601755  0.0667724609 
0.0491598845  0.0906652808  0.0694580078 
0.0548995733  0.0973523259  0.0715332031 
0.0608962774  0.1039710641  0.0729980469 
0.0671249628  0.1104754806  0.0739746094 
0.0735676289  0.1168230772  0.0744628906 
0.0802087784  0.1229785681  0.0744628906 
0.0870345831  0.1289142966  0.0739746094 
0.0940313339  0.1346105337  0.0732421875 
0.1011855602  0.1400548816  0.0721435547 
0.1084824800  0.1452428102  0.0708007812 
0.1159110069  0.1501712799  0.0692138672 
0.1234612465  0.1548402309  0.0673828125 
0.1311215162  0.1592540741  0.0654296875 
0.1388801336  0.1634188294  0.0633544922 
0.1467251778  0.1673413515  0.0610351562 
0.1546490192  0.1710212231  0.0587158203 
0.1626439095  0.1744543314  0.0561523438 
0.1706995964  0.1776388884  0.0535888672 
0.1788059473  0.1805716753  0.0507812500 
0.1869547367  0.1832440495  0.0478515625 
0.1951392889  0.1856482029  0.0447998047 
0.2033519745  0.1877813339  0.0417480469 
0.2115849257  0.1896466613  0.0384521484 
0.2198332548  0.1912484169  0.0350341797 
0.2280968428  0.1925894618  0.0316162109 
0.2363791466  0.1936794519  0.0280761719 
0.2446869612  0.1945346594  0.0245361328 
0.2530324459  0.1951757669  0.0211181641 
0.2614291906  0.1956261992  0.0178222656 
0.2698941231  0.1959109306  0.0145263672 
0.2784432173  0.1960558891  0.0115966797 
0.2870877981  0.1960886717  0.0089111328 
0.2958333492  0.1960382462  0.0065917969 
0.3046756983  0.1959356070  0.0046386719 
0.3136034012  0.1958135962  0.0030517578 
0.3225984573  0.1957085729  0.0020751953 
0.3316380978  0.1956593394  0.0015869141 
0.3406929970  0.1957054138  0.0015869141 
0.3497281075  0.1958870292  0.0020751953 
0.3587018251  0.1962454319  0.0032958984 
0.3675650358  0.1968259811  0.0050048828 
0.3762571812  0.1976754665  0.0074462891 
0.3847055435  0.1988413930  0.0104980469 
0.3928308487  0.2003679276  0.0141601562 
0.4005525112  0.2022919655  0.0184326172 
0.4077923298  0.2046362162  0.0234375000 
0.4144824743  0.2074044347  0.0288085938 
0.4205702543  0.2105767727  0.0347900391 
0.4260213375  0.2141141295  0.0410156250 
0.4308192730  0.2179623246  0.0477294922 
0.4349586964  0.2220568061  0.0545654297 
0.4384398460  0.2263387442  0.0617675781 
0.4412707090  0.2307544351  0.0692138672 
0.4434682131  0.2352551818  0.0767822266 
0.4450576305  0.2397983074  0.0843505859 
0.4460704327  0.2443493009  0.0921630859 
0.4465397596  0.2488859296  0.0999755859 
0.4464977980  0.2533929944  0.1077880859 
0.4459850788  0.2578571439  0.1157226562 
0.4450371265  0.2622702122  0.1235351562 
0.4436855316  0.2666297555  0.1313476562 
0.4419595003  0.2709373832  0.1391601562 
0.4398884773  0.2751973867  0.1468505859 
0.4375061989  0.2794209123  0.1545410156 
0.4348415136  0.2836197615  0.1621093750 
0.4319218397  0.2878013253  0.1695556641 
0.4287773371  0.2919735909  0.1770019531 
0.4254338741  0.2961384058  0.1843261719 
0.4219186306  0.3002964854  0.1915283203 
0.4182553291  0.3044502735  0.1986083984 
0.4144687653  0.3085994124  0.2058105469 
0.4105812311  0.3127434254  0.2127685547 
0.4066094160  0.3168846369  0.2198486328 
0.4025692940  0.3210237026  0.2268066406 
0.3984733820  0.3251622915  0.2337646484 
0.3943349123  0.3292992711  0.2406005859 
0.3901658058  0.3334331512  0.2475585938 
0.3859742880  0.3375646472  0.2543945312 
0.3817695379  0.3416928053  0.2612304688 
0.3775596619  0.3458172679  0.2681884766 
