-0.1245055199  -0.1095853448  -0.2038574219 
-0.1165822744  -0.1053227484  -0.2028808594 
-0.1086770296  -0.1010422409  -0.2017822266 
-0.1008117199  -0.0967217684  -0.2005615234 
-0.0930136442  -0.0923366547  -0.1992187500 
-0.0853080750  -0.0878747106  -0.1975097656 
-0.0777237415  -0.0833271742  -0.1955566406 
-0.0702961683  -0.0786876678  -0.1932373047 
-0.0630654097  -0.0739566386  -0.1905517578 
-0.0560770035  -0.0691433847  -0.1873779297 
-0.0493799448  -0.0642661452  -0.1837158203 
-0.0430222750  -0.0593545437  -0.1795654297 
-0.0370457172  -0.0544479489  -0.1749267578 
-0.0314882994  -0.0495930910  -0.1696777344 
-0.0263847113  -0.0448358059  -0.1638183594 
-0.0217605829  -0.0402263403  -0.1575927734 
-0.0176308155  -0.0358054042  -0.1508789062 
-0.0139979124  -0.0316023827  -0.1436767578 
-0.0108535290  -0.0276345015  -0.1362304688 
-0.0081727505  -0.0239117742  -0.1284179688 
-0.0059190989  -0.0204329491  -0.1203613281 
-0.0040556192  -0.0171797872  -0.1120605469 
-0.0025427341  -0.0141267776  -0.1037597656 
-0.0013276339  -0.0112433434  -0.0952148438 
-0.0003517866  -0.0084871054  -0.0866699219 
0.0004431009  -0.0058120489  -0.0780029297 
0.0011134148  -0.0031769872  -0.0693359375 
0.0017125607  -0.0005414486  -0.0607910156 
0.0022821426  0.0021318793  -0.0521240234 
0.0028631687  0.0048815608  -0.0434570312 
0.0034962893  0.0077443123  -0.0349121094 
0.0042208433  0.0107606649  -0.0263671875 
0.0050753355  0.0139718652  -0.0179443359 
0.0060958862  0.0174146295  -0.0096435547 
0.0073152781  0.0211240649  -0.0014648438 
0.0087616444  0.0251286030  0.0064697266 
0.0104657412  0.0294530392  0.0142822266 
0.0124593973  0.0341130495  0.0217285156 
0.0147719383  0.0391169190  0.0289306641 
0.0174255371  0.0444665551  0.0357666016 
0.0204415321  0.0501507521  0.0421142578 
0.0238342285  0.0561457276  0.0479736328 
0.0276144743  0.0624148846  0.0533447266 
0.0317825079  0.0689103007  0.0581054688 
0.0363278389  0.0755758286  0.0621337891 
0.0412333012  0.0823494196  0.0656738281 
0.0464781523  0.0891651511  0.0684814453 
0.0520372391  0.0959612727  0.0706787109 
0.0578846931  0.1026827693  0.0722656250 
0.0639957190  0.1092801094  0.0733642578 
0.0703487396  0.1157096624  0.0738525391 
0.0769211054  0.1219381690  0.0739746094 
0.0836898088  0.1279422641  0.0736083984 
0.0906341076  0.1337041259  0.0728759766 
0.0977364779  0.1392114758  0.0717773438 
0.1049828529  0.1444565654  0.0703125000 
0.1123613119  0.1494365931  0.0687255859 
0.1198602915  0.1541550159  0.0667724609 
0.1274695396  0.1586192846  0.0648193359 
0.1351783276  0.1628395915  0.0626220703 
0.1429798603  0.1668213606  0.0603027344 
0.1508698463  0.1705656648  0.0578613281 
0.1588430405  0.1740729809  0.0554199219 
0.1668930054  0.1773424745  0.0528564453 
0.1750121117  0.1803758740  0.0502929688 
0.1831936836  0.1831737757  0.0476074219 
0.1914312840  0.1857321858  0.0447998047 
0.1997165680  0.1880486608  0.0419921875 
0.2080415487  0.1901198626  0.0390625000 
0.2163980007  0.1919482946  0.0361328125 
0.2247798443  0.1935398579  0.0330810547 
0.2331856489  0.1949003339  0.0300292969 
0.2416168451  0.1960330009  0.0268554688 
0.2500772476  0.1969471574  0.0238037109 
0.2585706711  0.1976571679  0.0207519531 
0.2671017647  0.1981817484  0.0177001953 
0.2756775618  0.1985421777  0.0148925781 
0.2843065262  0.1987628937  0.0120849609 
0.2929977179  0.1988701820  0.0096435547 
0.3017573357  0.1988933086  0.0073242188 
0.3105883598  0.1988633275  0.0052490234 
0.3194905519  0.1988138556  0.0036621094 
0.3284560442  0.1987811923  0.0023193359 
0.3374720812  0.1988030672  0.0015869141 
0.3465192318  0.1989194155  0.0012207031 
0.3555693626  0.1991703510  0.0013427734 
0.3645842075  0.1995886564  0.0020751953 
0.3735153675  0.2001997828  0.0034179688 
0.3823022842  0.2010281086  0.0054931641 
0.3908712864  0.2020984888  0.0081787109 
0.3991372585  0.2034367323  0.0115966797 
0.4070057869  0.2050650120  0.0158691406 
0.4143788815  0.2069982886  0.0207519531 
0.4211597443  0.2092385292  0.0262451172 
0.4272636175  0.2117754817  0.0324707031 
0.4326287508  0.2145895958  0.0391845703 
0.4372217655  0.2176520228  0.0463867188 
0.4410377741  0.2209261656  0.0539550781 
0.4440959692  0.2243740559  0.0616455078 
0.4464336634  0.2279614806  0.0697021484 
0.4480969906  0.2316530347  0.0777587891 
0.4491356611  0.2354198098  0.0859375000 
0.4495983124  0.2392398715  0.0941162109 
0.4495329857  0.2431083918  0.1022949219 
0.4489872456  0.2470266819  0.1104736328 
0.4480068684  0.2510011792  0.1185302734 
0.4466362000  0.2550408244  0.1265869141 
0.4449182749  0.2591546774  0.1343994141 
0.4428955317  0.2633504272  0.1422119141 
0.4406077862  0.2676310539  0.1497802734 
0.4380924702  0.2719929814  0.1573486328 
0.4353814125  0.2764297128  0.1647949219 
0.4325035810  0.2809330225  0.1721191406 
0.4294865131  0.2854951024  0.1793212891 
0.4263542891  0.2901063561  0.1864013672 
0.4231297970  0.2947562337  0.1934814453 
0.4198329449  0.2994338870  0.2005615234 
0.4164818525  0.3041291833  0.2075195312 
0.4130905867  0.3088328838  0.2144775391 
0.4096729755  0.3135387897  0.2214355469 
0.4062390327  0.3182411790  0.2282714844 
0.4027986526  0.3229359984  0.2352294922 
0.3993595839  0.3276213408  0.2421875000 
0.3959258795  0.3322950006  0.2491455078 
0.3925002813  0.3369558454  0.2561035156 
0.3890827894  0.3416042328  0.2630615234 
0.3856724501  0.3462416530  0.2701416016 
0.3822660446  0.3508719206  0.2770996094 
