-0.2295697927  -0.1112278402  -0.1749267578 
-0.2212191820  -0.1116377413  -0.1784667969 
-0.2128651142  -0.1120479703  -0.1818847656 
-0.2045003176  -0.1124590337  -0.1854248047 
-0.1961125135  -0.1128361523  -0.1887207031 
-0.1876933575  -0.1131395400  -0.1920166016 
-0.1792393923  -0.1133277118  -0.1953125000 
-0.1707508564  -0.1133761108  -0.1984863281 
-0.1622258425  -0.1132611036  -0.2015380859 
-0.1536598206  -0.1129562259  -0.2044677734 
-0.1450506449  -0.1124325097  -0.2071533203 
-0.1363979578  -0.1116594672  -0.2097167969 
-0.1277030706  -0.1106058061  -0.2120361328 
-0.1189744473  -0.1092415750  -0.2139892578 
-0.1102265120  -0.1075423062  -0.2156982422 
-0.1014837027  -0.1054934561  -0.2167968750 
-0.0927829742  -0.1030761600  -0.2175292969 
-0.0841736794  -0.1002724767  -0.2176513672 
-0.0757149458  -0.0970763862  -0.2171630859 
-0.0674712658  -0.0935015082  -0.2159423828 
-0.0595115423  -0.0895716846  -0.2142333984 
-0.0518996716  -0.0853272974  -0.2117919922 
-0.0446941853  -0.0808176398  -0.2086181641 
-0.0379525423  -0.0760953724  -0.2048339844 
-0.0317209959  -0.0712232590  -0.2004394531 
-0.0260360241  -0.0662696362  -0.1954345703 
-0.0209202766  -0.0613055825  -0.1898193359 
-0.0163878202  -0.0564021468  -0.1837158203 
-0.0124372244  -0.0516200066  -0.1771240234 
-0.0090494156  -0.0470048189  -0.1701660156 
-0.0061957836  -0.0425934792  -0.1627197266 
-0.0038341284  -0.0384106636  -0.1550292969 
-0.0019193888  -0.0344623327  -0.1470947266 
-0.0003942251  -0.0307304859  -0.1390380859 
0.0008053780  -0.0271815658  -0.1307373047 
0.0017445087  -0.0237769485  -0.1224365234 
0.0024857521  -0.0204818249  -0.1140136719 
0.0030866861  -0.0172618628  -0.1055908203 
0.0035971403  -0.0140736699  -0.0971679688 
0.0040594339  -0.0108718872  -0.0887451172 
0.0045049191  -0.0076195598  -0.0802001953 
0.0049577951  -0.0042809844  -0.0718994141 
0.0054299831  -0.0008296371  -0.0634765625 
0.0059226751  0.0027616620  -0.0551757812 
0.0064448118  0.0065134764  -0.0469970703 
0.0070126057  0.0104323030  -0.0388183594 
0.0076484680  0.0145197511  -0.0307617188 
0.0083795786  0.0187805295  -0.0228271484 
0.0092371702  0.0232148170  -0.0150146484 
0.0102552176  0.0278186798  -0.0072021484 
0.0114661455  0.0325886011  0.0003662109 
0.0129004717  0.0375223756  0.0078125000 
0.0145821571  0.0426147580  0.0151367188 
0.0165243149  0.0478622913  0.0222167969 
0.0187425613  0.0532653332  0.0291748047 
0.0212577581  0.0588242412  0.0358886719 
0.0241011381  0.0645329356  0.0422363281 
0.0273052454  0.0703804493  0.0483398438 
0.0308934450  0.0763512850  0.0541992188 
0.0348782539  0.0824269652  0.0595703125 
0.0392675400  0.0885840654  0.0645751953 
0.0440678596  0.0947914124  0.0690917969 
0.0492798090  0.1010104418  0.0731201172 
0.0548943281  0.1071962118  0.0766601562 
0.0608907938  0.1133016348  0.0795898438 
0.0672407150  0.1192869544  0.0820312500 
0.0739097595  0.1251160502  0.0838623047 
0.0808603764  0.1307604313  0.0852050781 
0.0880527496  0.1361995935  0.0860595703 
0.0954467058  0.1414181590  0.0863037109 
0.1030043364  0.1464004517  0.0860595703 
0.1106859446  0.1511332989  0.0853271484 
0.1184492111  0.1556119919  0.0841064453 
0.1262562275  0.1598320603  0.0822753906 
0.1340717077  0.1637962461  0.0799560547 
0.1418700218  0.1675065160  0.0772705078 
0.1496406794  0.1709562540  0.0740966797 
0.1573805809  0.1741367579  0.0706787109 
0.1650972366  0.1770296097  0.0668945312 
0.1728005409  0.1796150208  0.0628662109 
0.1805070639  0.1818756461  0.0587158203 
0.1882359982  0.1838034391  0.0544433594 
0.1959981918  0.1854053736  0.0500488281 
0.2038041353  0.1866980195  0.0456542969 
0.2116688490  0.1877037883  0.0412597656 
0.2196065187  0.1884471178  0.0369873047 
0.2276318073  0.1889528036  0.0328369141 
0.2357611656  0.1892428398  0.0288085938 
0.2440094948  0.1893348098  0.0251464844 
0.2523841858  0.1892623305  0.0216064453 
0.2608902454  0.1890742779  0.0185546875 
0.2695242167  0.1888167858  0.0158691406 
0.2782742977  0.1885328889  0.0135498047 
0.2871222496  0.1882641315  0.0115966797 
0.2960486412  0.1880476475  0.0101318359 
0.3050312996  0.1879221797  0.0090332031 
0.3140521049  0.1879220009  0.0081787109 
0.3230947256  0.1880771518  0.0076904297 
0.3321429491  0.1884139776  0.0076904297 
0.3411780596  0.1889553666  0.0079345703 
0.3501760960  0.1897205710  0.0085449219 
0.3591046333  0.1907244325  0.0096435547 
0.3679189682  0.1919750571  0.0113525391 
0.3765568733  0.1934904456  0.0135498047 
0.3849436045  0.1952977180  0.0164794922 
0.3929926157  0.1974267364  0.0200195312 
0.4006175995  0.1999039650  0.0242919922 
0.4077373743  0.2027441859  0.0290527344 
0.4142724276  0.2059602737  0.0344238281 
0.4201546907  0.2095581889  0.0402832031 
0.4253346920  0.2135221362  0.0466308594 
0.4297881126  0.2178084254  0.0532226562 
0.4335172176  0.2223556638  0.0601806641 
0.4365510941  0.2270984054  0.0672607422 
0.4389350414  0.2319661379  0.0744628906 
0.4407184124  0.2368898988  0.0819091797 
0.4419595003  0.2418110967  0.0893554688 
0.4427193403  0.2466902137  0.0969238281 
0.4430568218  0.2515074015  0.1046142578 
0.4430260658  0.2562700510  0.1123046875 
0.4426774979  0.2609909773  0.1199951172 
0.4420578480  0.2656791806  0.1278076172 
0.4412113428  0.2703416348  0.1354980469 
0.4401794672  0.2749850750  0.1431884766 
0.4390029907  0.2796179056  0.1508789062 
0.4377220869  0.2842464447  0.1585693359 
0.4363743067  0.2888756990  0.1662597656 
0.4349945784  0.2935051918  0.1738281250 
