-0.2422908545  -0.0993303955  -0.1607666016 
-0.2344352007  -0.1009350717  -0.1650390625 
-0.2265672684  -0.1025069654  -0.1691894531 
-0.2186738253  -0.1040094495  -0.1733398438 
-0.2107439041  -0.1054058075  -0.1774902344 
-0.2027685642  -0.1066618264  -0.1816406250 
-0.1947352886  -0.1077437401  -0.1856689453 
-0.1866350174  -0.1086244583  -0.1895751953 
-0.1784622669  -0.1092812121  -0.1934814453 
-0.1702138186  -0.1096948385  -0.1971435547 
-0.1618860960  -0.1098492146  -0.2006835938 
-0.1534763575  -0.1097291112  -0.2041015625 
-0.1449829340  -0.1093197465  -0.2071533203 
-0.1364079714  -0.1086066663  -0.2099609375 
-0.1277580261  -0.1075783372  -0.2124023438 
-0.1190468073  -0.1062269211  -0.2144775391 
-0.1102941036  -0.1045518816  -0.2161865234 
-0.1015299559  -0.1025509536  -0.2171630859 
-0.0927944183  -0.1002228856  -0.2177734375 
-0.0841372013  -0.0975701213  -0.2176513672 
-0.0756189823  -0.0945923328  -0.2169189453 
-0.0673099756  -0.0912923813  -0.2154541016 
-0.0592861176  -0.0876798928  -0.2132568359 
-0.0516229868  -0.0837754607  -0.2104492188 
-0.0443940163  -0.0796069801  -0.2069091797 
-0.0376664400  -0.0752090812  -0.2027587891 
-0.0314961672  -0.0706300735  -0.1979980469 
-0.0259244442  -0.0659277439  -0.1926269531 
-0.0209639072  -0.0611678958  -0.1867675781 
-0.0165985823  -0.0564180613  -0.1804199219 
-0.0127921104  -0.0517396927  -0.1735839844 
-0.0095038414  -0.0471757650  -0.1665039062 
-0.0066882372  -0.0427513719  -0.1591796875 
-0.0042887926  -0.0384745598  -0.1514892578 
-0.0022498369  -0.0343376994  -0.1437988281 
-0.0005223751  -0.0303246379  -0.1358642578 
0.0009382963  -0.0264151692  -0.1278076172 
0.0021793842  -0.0225834250  -0.1196289062 
0.0032401085  -0.0188115239  -0.1114501953 
0.0041577816  -0.0150800347  -0.1032714844 
0.0049654245  -0.0113760829  -0.0950927734 
0.0056917667  -0.0076884627  -0.0867919922 
0.0063596964  -0.0040034056  -0.0786132812 
0.0069857836  -0.0003083348  -0.0703125000 
0.0075896978  0.0034121275  -0.0621337891 
0.0081948042  0.0071715117  -0.0539550781 
0.0088261366  0.0109830499  -0.0457763672 
0.0095096827  0.0148553252  -0.0375976562 
0.0102719069  0.0187972784  -0.0294189453 
0.0111389160  0.0228132606  -0.0213623047 
0.0121351480  0.0269079804  -0.0133056641 
0.0132820606  0.0310901403  -0.0053710938 
0.0145974159  0.0353682637  0.0024414062 
0.0160927773  0.0397545099  0.0102539062 
0.0177819729  0.0442644358  0.0179443359 
0.0196796656  0.0489150286  0.0253906250 
0.0217988491  0.0537276268  0.0328369141 
0.0241594315  0.0587213039  0.0400390625 
0.0267839432  0.0639113784  0.0468750000 
0.0296940804  0.0693066716  0.0535888672 
0.0329164267  0.0749093294  0.0599365234 
0.0364770889  0.0807151198  0.0659179688 
0.0404036045  0.0867113471  0.0714111328 
0.0447169542  0.0928761363  0.0764160156 
0.0494279861  0.0991771817  0.0809326172 
0.0545386076  0.1055711508  0.0848388672 
0.0600416660  0.1120043397  0.0880126953 
0.0659185648  0.1184142828  0.0905761719 
0.0721437931  0.1247329712  0.0924072266 
0.0786851645  0.1308945417  0.0935058594 
0.0855021477  0.1368396878  0.0938720703 
0.0925513506  0.1425184011  0.0936279297 
0.0997884274  0.1478924751  0.0927734375 
0.1071704626  0.1529370546  0.0914306641 
0.1146605015  0.1576347947  0.0894775391 
0.1222268343  0.1619769335  0.0870361328 
0.1298427582  0.1659655571  0.0842285156 
0.1374912262  0.1696056724  0.0809326172 
0.1451615095  0.1729070544  0.0775146484 
0.1528493166  0.1758819222  0.0737304688 
0.1605550051  0.1785352230  0.0698242188 
0.1682802439  0.1808718443  0.0656738281 
0.1760288477  0.1828892827  0.0614013672 
0.1838065386  0.1845873594  0.0571289062 
0.1916173697  0.1859753132  0.0527343750 
0.1994665861  0.1870701909  0.0483398438 
0.2073634863  0.1878949404  0.0440673828 
0.2153191566  0.1884761453  0.0397949219 
0.2233412266  0.1888425946  0.0355224609 
0.2314381599  0.1890233159  0.0314941406 
0.2396199703  0.1890474558  0.0275878906 
0.2478963137  0.1889438033  0.0239257812 
0.2562720776  0.1887407899  0.0205078125 
0.2647477388  0.1884673238  0.0173339844 
0.2733241320  0.1881513000  0.0144042969 
0.2820014954  0.1878209710  0.0118408203 
0.2907761335  0.1875067949  0.0096435547 
0.2996392250  0.1872408390  0.0078125000 
0.3085777760  0.1870586276  0.0063476562 
0.3175750971  0.1869978309  0.0053710938 
0.3266110420  0.1871004105  0.0047607422 
0.3356599808  0.1874108911  0.0046386719 
0.3446900845  0.1879762411  0.0050048828 
0.3536608219  0.1888469458  0.0058593750 
0.3625223637  0.1900722384  0.0073242188 
0.3712158203  0.1916971207  0.0092773438 
0.3796732426  0.1937612891  0.0117187500 
0.3878210783  0.1962939501  0.0147705078 
0.3955817223  0.1993166208  0.0183105469 
0.4028775692  0.2028390765  0.0223388672 
0.4096380472  0.2068494558  0.0268554688 
0.4158065319  0.2113167048  0.0317382812 
0.4213414192  0.2161945701  0.0369873047 
0.4262208939  0.2214187980  0.0426025391 
0.4304397106  0.2269175649  0.0484619141 
0.4340095520  0.2326202989  0.0544433594 
0.4369571209  0.2384607196  0.0607910156 
0.4393229485  0.2443794012  0.0671386719 
0.4411624670  0.2503250241  0.0737304688 
0.4425392151  0.2562562823  0.0804443359 
0.4435192347  0.2621422410  0.0872802734 
0.4441679716  0.2679622769  0.0941162109 
0.4445482492  0.2737057209  0.1011962891 
0.4447202682  0.2793694139  0.1082763672 
0.4447400570  0.2849595547  0.1153564453 
0.4446598291  0.2904890180  0.1225585938 
0.4445248842  0.2959733009  0.1297607422 
0.4443675280  0.3014326692  0.1369628906 
