-0.3675886393  -0.1235760450  -0.1121826172 
-0.3588911295  -0.1212303638  -0.1130371094 
-0.3501864672  -0.1189291477  -0.1140136719 
-0.3414686918  -0.1167158186  -0.1151123047 
-0.3327375650  -0.1146261394  -0.1162109375 
-0.3240007162  -0.1126810014  -0.1176757812 
-0.3152707815  -0.1108905375  -0.1192626953 
-0.3065639734  -0.1092583239  -0.1210937500 
-0.2979000807  -0.1077865958  -0.1232910156 
-0.2892991304  -0.1064789891  -0.1258544922 
-0.2807785273  -0.1053405404  -0.1286621094 
-0.2723494768  -0.1043682098  -0.1318359375 
-0.2640188932  -0.1035531163  -0.1352539062 
-0.2557901144  -0.1028829813  -0.1390380859 
-0.2476619482  -0.1023435295  -0.1429443359 
-0.2396327257  -0.1019195020  -0.1470947266 
-0.2316960096  -0.1015958786  -0.1514892578 
-0.2238433361  -0.1013589203  -0.1560058594 
-0.2160592079  -0.1011966765  -0.1606445312 
-0.2083168030  -0.1010993123  -0.1652832031 
-0.2005820274  -0.1010595262  -0.1700439453 
-0.1928179264  -0.1010547876  -0.1746826172 
-0.1849901676  -0.1010471284  -0.1791992188 
-0.1770704985  -0.1010006964  -0.1835937500 
-0.1690421104  -0.1008814871  -0.1877441406 
-0.1608949900  -0.1006570756  -0.1917724609 
-0.1526248455  -0.1002965569  -0.1954345703 
-0.1442331076  -0.0997715294  -0.1987304688 
-0.1357244253  -0.0990564823  -0.2017822266 
-0.1271101236  -0.0981300473  -0.2043457031 
-0.1184070110  -0.0969775021  -0.2066650391 
-0.1096340418  -0.0955927372  -0.2083740234 
-0.1008179188  -0.0939641893  -0.2097167969 
-0.0919934511  -0.0920775235  -0.2104492188 
-0.0832018852  -0.0899189711  -0.2105712891 
-0.0744891167  -0.0874788761  -0.2102050781 
-0.0659086704  -0.0847408772  -0.2093505859 
-0.0575174093  -0.0816901326  -0.2077636719 
-0.0493716002  -0.0783190131  -0.2056884766 
-0.0415182114  -0.0746352077  -0.2031250000 
-0.0339931250  -0.0706611574  -0.2000732422 
-0.0268253088  -0.0664235950  -0.1965332031 
-0.0200376511  -0.0619511008  -0.1925048828 
-0.0136464834  -0.0572829843  -0.1881103516 
-0.0076682568  -0.0524660349  -0.1833496094 
-0.0021187067  -0.0475486517  -0.1781005859 
0.0029846430  -0.0425792933  -0.1724853516 
0.0076240301  -0.0376071334  -0.1665039062 
0.0117796659  -0.0326808095  -0.1601562500 
0.0154320002  -0.0278470516  -0.1534423828 
0.0185693502  -0.0231487751  -0.1463623047 
0.0211882591  -0.0186247230  -0.1389160156 
0.0233014822  -0.0143042803  -0.1313476562 
0.0249315500  -0.0102119446  -0.1234130859 
0.0261039734  -0.0063609481  -0.1152343750 
0.0268588066  -0.0027513504  -0.1070556641 
0.0272454023  0.0006204844  -0.0986328125 
0.0273197889  0.0037699342  -0.0900878906 
0.0271431208  0.0067175627  -0.0815429688 
0.0267813206  0.0094819665  -0.0729980469 
0.0262883902  0.0120892525  -0.0643310547 
0.0257061720  0.0145819187  -0.0556640625 
0.0250692368  0.0170102119  -0.0468750000 
0.0244063139  0.0194267035  -0.0382080078 
0.0237418413  0.0218802691  -0.0295410156 
0.0231008530  0.0244243145  -0.0208740234 
0.0225112438  0.0271121264  -0.0122070312 
0.0220052004  0.0299915671  -0.0036621094 
0.0216223001  0.0331153274  0.0048828125 
0.0214135647  0.0365343094  0.0131835938 
0.0214422941  0.0403008461  0.0214843750 
0.0217682123  0.0444594622  0.0295410156 
0.0224463940  0.0490379333  0.0372314453 
0.0235248804  0.0540513396  0.0446777344 
0.0250600576  0.0594921708  0.0517578125 
0.0271104574  0.0653312206  0.0584716797 
0.0297303200  0.0715186596  0.0644531250 
0.0329591036  0.0779845715  0.0699462891 
0.0368101597  0.0846428871  0.0747070312 
0.0412752628  0.0913944244  0.0787353516 
0.0463277102  0.0981362462  0.0821533203 
0.0519206524  0.1047726274  0.0847167969 
0.0579949617  0.1112198830  0.0865478516 
0.0644866228  0.1174119115  0.0877685547 
0.0713347197  0.1233009696  0.0885009766 
0.0784833431  0.1288576126  0.0886230469 
0.0858823061  0.1340671778  0.0882568359 
0.0934853554  0.1389293075  0.0875244141 
0.1012542248  0.1434465051  0.0864257812 
0.1091549397  0.1476265192  0.0849609375 
0.1171544790  0.1514862180  0.0831298828 
0.1252237558  0.1550431848  0.0811767578 
0.1333359480  0.1583222151  0.0787353516 
0.1414722204  0.1613427401  0.0761718750 
0.1496148109  0.1641266942  0.0733642578 
0.1577496529  0.1666932106  0.0703125000 
0.1658710241  0.1690499783  0.0671386719 
0.1739751101  0.1712032557  0.0637207031 
0.1820613146  0.1731553078  0.0600585938 
0.1901284456  0.1749124527  0.0563964844 
0.1981770992  0.1764849424  0.0526123047 
0.2062137127  0.1778824329  0.0485839844 
0.2142474651  0.1791105270  0.0446777344 
0.2222927809  0.1801681519  0.0406494141 
0.2303639650  0.1810616851  0.0366210938 
0.2384761572  0.1818036437  0.0325927734 
0.2466433048  0.1824106574  0.0288085938 
0.2548823357  0.1829010844  0.0250244141 
0.2632095814  0.1832933426  0.0214843750 
0.2716345787  0.1836230159  0.0181884766 
0.2801638842  0.1839248538  0.0152587891 
0.2888017893  0.1842328906  0.0124511719 
0.2975474596  0.1845797896  0.0101318359 
0.3063894510  0.1849979758  0.0083007812 
0.3153095245  0.1855176687  0.0068359375 
0.3242841959  0.1861672401  0.0057373047 
0.3332867622  0.1869697571  0.0052490234 
0.3422892094  0.1879410744  0.0051269531 
0.3512635231  0.1890887022  0.0054931641 
0.3601822853  0.1904101372  0.0063476562 
0.3690190315  0.1918861866  0.0076904297 
0.3777519464  0.1934987903  0.0093994141 
0.3863672018  0.1952267885  0.0115966797 
0.3948626518  0.1970432997  0.0141601562 
0.4032447338  0.1989266872  0.0170898438 
0.4115291834  0.2008582950  0.0201416016 
0.4197423458  0.2028250098  0.0234375000 
0.4279189110  0.2048112750  0.0267333984 
