-0.4462202787  -0.1200369596  -0.1894531250 
-0.4418464899  -0.1204867661  -0.1815185547 
-0.4373890162  -0.1209477484  -0.1737060547 
-0.4327653646  -0.1214258075  -0.1658935547 
-0.4278985262  -0.1219210029  -0.1583251953 
-0.4227219820  -0.1224244833  -0.1508789062 
-0.4171813726  -0.1229264438  -0.1436767578 
-0.4112309217  -0.1234101355  -0.1369628906 
-0.4048398733  -0.1238529980  -0.1304931641 
-0.3979946375  -0.1242335737  -0.1246337891 
-0.3906937838  -0.1245312691  -0.1192626953 
-0.3829566240  -0.1247162223  -0.1145019531 
-0.3748306036  -0.1247636676  -0.1105957031 
-0.3663765192  -0.1246598661  -0.1072998047 
-0.3576666117  -0.1244043708  -0.1048583984 
-0.3487759829  -0.1239996552  -0.1031494141 
-0.3397799730  -0.1234505773  -0.1022949219 
-0.3307510614  -0.1227673888  -0.1021728516 
-0.3217545748  -0.1219660342  -0.1029052734 
-0.3128448725  -0.1210709512  -0.1042480469 
-0.3040646315  -0.1201111376  -0.1062011719 
-0.2954427004  -0.1191126406  -0.1087646484 
-0.2869952917  -0.1180956960  -0.1118164062 
-0.2787297964  -0.1170725226  -0.1154785156 
-0.2706464529  -0.1160522103  -0.1193847656 
-0.2627395391  -0.1150411963  -0.1236572266 
-0.2549945116  -0.1140439808  -0.1282958984 
-0.2473875284  -0.1130650043  -0.1330566406 
-0.2398856878  -0.1120921969  -0.1380615234 
-0.2324452400  -0.1111014783  -0.1430664062 
-0.2250220776  -0.1100747287  -0.1481933594 
-0.2175744772  -0.1089996099  -0.1531982422 
-0.2100666761  -0.1078684628  -0.1582031250 
-0.2024728060  -0.1066696942  -0.1629638672 
-0.1947792768  -0.1053899825  -0.1676025391 
-0.1869828701  -0.1040175557  -0.1719970703 
-0.1790875196  -0.1025450230  -0.1761474609 
-0.1710982323  -0.1009703279  -0.1800537109 
-0.1630171537  -0.0992988050  -0.1838378906 
-0.1548488140  -0.0975317955  -0.1872558594 
-0.1465965509  -0.0956694186  -0.1905517578 
-0.1382637024  -0.0937159956  -0.1934814453 
-0.1298549175  -0.0916689038  -0.1961669922 
-0.1213747263  -0.0895213783  -0.1984863281 
-0.1128313541  -0.0872664750  -0.2004394531 
-0.1042355299  -0.0849002004  -0.2020263672 
-0.0956022739  -0.0824160278  -0.2032470703 
-0.0869544744  -0.0798076391  -0.2038574219 
-0.0783227682  -0.0770729184  -0.2039794922 
-0.0697485209  -0.0742045045  -0.2034912109 
-0.0612847805  -0.0711942613  -0.2022705078 
-0.0529936552  -0.0680394769  -0.2004394531 
-0.0449476242  -0.0647373199  -0.1979980469 
-0.0372225046  -0.0612896085  -0.1947021484 
-0.0298857689  -0.0577151179  -0.1907958984 
-0.0229978561  -0.0540398955  -0.1861572266 
-0.0166051388  -0.0502979755  -0.1810302734 
-0.0107406378  -0.0465252399  -0.1751708984 
-0.0054244995  -0.0427535772  -0.1689453125 
-0.0006641150  -0.0390107632  -0.1622314453 
0.0035440922  -0.0353147984  -0.1551513672 
0.0072141886  -0.0316689610  -0.1477050781 
0.0103753805  -0.0280686617  -0.1400146484 
0.0130650997  -0.0245065093  -0.1320800781 
0.0153298378  -0.0209710002  -0.1240234375 
0.0172218084  -0.0174539089  -0.1159667969 
0.0187929869  -0.0139548182  -0.1077880859 
0.0200905800  -0.0104739666  -0.0994873047 
0.0211544037  -0.0070050955  -0.0911865234 
0.0220123529  -0.0035426021  -0.0828857422 
0.0226942301  -0.0000786185  -0.0745849609 
0.0232328176  0.0033923984  -0.0661621094 
0.0236620903  0.0068810582  -0.0578613281 
0.0240170956  0.0103973150  -0.0495605469 
0.0243339539  0.0139578581  -0.0411376953 
0.0246497393  0.0175809860  -0.0328369141 
0.0250028372  0.0212811232  -0.0246582031 
0.0254333019  0.0250712633  -0.0164794922 
0.0259827375  0.0289685726  -0.0083007812 
0.0266940594  0.0329887867  -0.0002441406 
0.0276112556  0.0371521115  0.0078125000 
0.0287792683  0.0414765477  0.0156250000 
0.0302423239  0.0459833741  0.0234375000 
0.0320414305  0.0506881475  0.0308837891 
0.0342110395  0.0556008816  0.0382080078 
0.0367870331  0.0607274175  0.0451660156 
0.0398041010  0.0660613775  0.0518798828 
0.0432876348  0.0715869665  0.0581054688 
0.0472570658  0.0772807002  0.0639648438 
0.0517246723  0.0831082463  0.0692138672 
0.0566860437  0.0890300274  0.0739746094 
0.0621230602  0.0949999094  0.0781250000 
0.0680058002  0.1009662747  0.0815429688 
0.0742939711  0.1068741679  0.0842285156 
0.0809415579  0.1126698256  0.0863037109 
0.0878992081  0.1183028817  0.0876464844 
0.0951161385  0.1237281561  0.0883789062 
0.1025427580  0.1289087534  0.0883789062 
0.1101306677  0.1338186860  0.0878906250 
0.1178321838  0.1384455562  0.0867919922 
0.1256047487  0.1427831054  0.0850830078 
0.1334092617  0.1468341947  0.0828857422 
0.1412104368  0.1506133080  0.0803222656 
0.1489833593  0.1541376710  0.0772705078 
0.1567169428  0.1574216485  0.0738525391 
0.1644082069  0.1604823470  0.0701904297 
0.1720610857  0.1633324027  0.0662841797 
0.1796780825  0.1659868956  0.0621337891 
0.1872644424  0.1684586406  0.0578613281 
0.1948311329  0.1707549691  0.0534667969 
0.2023891211  0.1728853583  0.0489501953 
0.2099539042  0.1748585105  0.0444335938 
0.2175430059  0.1766773462  0.0397949219 
0.2251708508  0.1783496141  0.0352783203 
0.2328573465  0.1798821688  0.0307617188 
0.2406245470  0.1812778711  0.0262451172 
0.2484915257  0.1825468540  0.0219726562 
0.2564706802  0.1837040782  0.0178222656 
0.2645716667  0.1847680807  0.0139160156 
0.2727971077  0.1857590079  0.0102539062 
0.2811467648  0.1866976023  0.0069580078 
0.2896150351  0.1876029968  0.0037841797 
0.2981907129  0.1884903312  0.0010986328 
0.3068593740  0.1893678308  -0.0013427734 
0.3155983686  0.1902387142  -0.0036621094 
0.3243895769  0.1910972595  -0.0056152344 
0.3332139254  0.1919452548  -0.0074462891 
0.3420530558  0.1927873492  -0.0092773438 
