-0.4489904642  -0.1153235734  -0.2083740234 
-0.4467345476  -0.1162209809  -0.1997070312 
-0.4444049597  -0.1171371341  -0.1909179688 
-0.4419177771  -0.1180808544  -0.1822509766 
-0.4391855001  -0.1190651357  -0.1737060547 
-0.4361232519  -0.1200877130  -0.1652832031 
-0.4326463938  -0.1211358607  -0.1569824219 
-0.4286769629  -0.1221905649  -0.1489257812 
-0.4241453409  -0.1232287586  -0.1411132812 
-0.4189900160  -0.1242138147  -0.1337890625 
-0.4131788015  -0.1251243353  -0.1268310547 
-0.4067088366  -0.1259266138  -0.1206054688 
-0.3996127844  -0.1265779436  -0.1149902344 
-0.3919583559  -0.1270306110  -0.1102294922 
-0.3838366270  -0.1272474825  -0.1062011719 
-0.3753508329  -0.1272053123  -0.1030273438 
-0.3666049242  -0.1268965900  -0.1007080078 
-0.3576952219  -0.1263301075  -0.0991210938 
-0.3487046957  -0.1255300641  -0.0983886719 
-0.3397041559  -0.1245376766  -0.0985107422 
-0.3307501078  -0.1233932078  -0.0992431641 
-0.3218861818  -0.1221371889  -0.1005859375 
-0.3131419420  -0.1208089888  -0.1025390625 
-0.3045345545  -0.1194503009  -0.1049804688 
-0.2960747480  -0.1180905700  -0.1079101562 
-0.2877670527  -0.1167483926  -0.1112060547 
-0.2796093225  -0.1154311001  -0.1148681641 
-0.2715948820  -0.1141416430  -0.1188964844 
-0.2637087107  -0.1128801405  -0.1231689453 
-0.2559317350  -0.1116466820  -0.1276855469 
-0.2482453585  -0.1104439497  -0.1323242188 
-0.2406336069  -0.1092779040  -0.1370849609 
-0.2330833673  -0.1081451476  -0.1419677734 
-0.2255799770  -0.1070343852  -0.1468505859 
-0.2181110382  -0.1059293151  -0.1518554688 
-0.2106592655  -0.1048095822  -0.1568603516 
-0.2032024860  -0.1036556065  -0.1618652344 
-0.1957168579  -0.1024511755  -0.1668701172 
-0.1881774664  -0.1011885405  -0.1717529297 
-0.1805636883  -0.0998669863  -0.1763916016 
-0.1728594303  -0.0984951556  -0.1810302734 
-0.1650556326  -0.0970784724  -0.1853027344 
-0.1571437120  -0.0956221819  -0.1895751953 
-0.1491128206  -0.0941335261  -0.1934814453 
-0.1409560442  -0.0926086009  -0.1970214844 
-0.1326667070  -0.0910331011  -0.2003173828 
-0.1242432594  -0.0893896818  -0.2032470703 
-0.1156911850  -0.0876587629  -0.2056884766 
-0.1070268154  -0.0858195126  -0.2075195312 
-0.0982789993  -0.0838557780  -0.2087402344 
-0.0894937515  -0.0817437172  -0.2093505859 
-0.0807330608  -0.0794570744  -0.2092285156 
-0.0720686913  -0.0769731402  -0.2083740234 
-0.0635752678  -0.0742802024  -0.2067871094 
-0.0553208590  -0.0713824928  -0.2044677734 
-0.0473667383  -0.0682904124  -0.2014160156 
-0.0397720337  -0.0650120974  -0.1977539062 
-0.0325886011  -0.0615588427  -0.1934814453 
-0.0258538723  -0.0579493046  -0.1885986328 
-0.0195935965  -0.0542019606  -0.1832275391 
-0.0138224363  -0.0503428578  -0.1773681641 
-0.0085470676  -0.0464000106  -0.1711425781 
-0.0037661791  -0.0423991680  -0.1646728516 
0.0005249977  -0.0383628011  -0.1577148438 
0.0043386221  -0.0343191028  -0.1506347656 
0.0076959133  -0.0302969217  -0.1431884766 
0.0106322765  -0.0263205171  -0.1356201172 
0.0131883621  -0.0224017501  -0.1279296875 
0.0154054165  -0.0185462832  -0.1199951172 
0.0173190832  -0.0147605538  -0.1119384766 
0.0189695358  -0.0110460520  -0.1038818359 
0.0203981400  -0.0074059367  -0.0957031250 
0.0216406584  -0.0038377047  -0.0875244141 
0.0227266550  -0.0003374219  -0.0792236328 
0.0236750841  0.0030999184  -0.0709228516 
0.0245094299  0.0064884424  -0.0625000000 
0.0252557993  0.0098455548  -0.0541992188 
0.0259420872  0.0131858587  -0.0457763672 
0.0265965462  0.0165296197  -0.0373535156 
0.0272471905  0.0198971033  -0.0290527344 
0.0279195309  0.0233134031  -0.0206298828 
0.0286364555  0.0268005729  -0.0123291016 
0.0294170380  0.0303856134  -0.0040283203 
0.0302925110  0.0340944529  0.0041503906 
0.0313055515  0.0379595160  0.0123291016 
0.0324934721  0.0420072675  0.0202636719 
0.0339008570  0.0462638736  0.0281982422 
0.0355758667  0.0507602692  0.0358886719 
0.0375680923  0.0555227995  0.0433349609 
0.0399248600  0.0605645180  0.0504150391 
0.0427005291  0.0658859015  0.0572509766 
0.0459483862  0.0714758039  0.0635986328 
0.0497130156  0.0773009062  0.0693359375 
0.0540184975  0.0833110809  0.0745849609 
0.0588713884  0.0894382596  0.0792236328 
0.0642542839  0.0956102014  0.0830078125 
0.0701291561  0.1017535925  0.0861816406 
0.0764421225  0.1077978015  0.0885009766 
0.0831303596  0.1136828065  0.0902099609 
0.0901271105  0.1193607450  0.0910644531 
0.0973652601  0.1247978210  0.0913085938 
0.1047805548  0.1299765110  0.0908203125 
0.1123124361  0.1348966956  0.0898437500 
0.1199092865  0.1395664811  0.0882568359 
0.1275305748  0.1439970136  0.0861816406 
0.1351505518  0.1481934190  0.0836181641 
0.1427515745  0.1521575451  0.0806884766 
0.1503202915  0.1558935642  0.0773925781 
0.1578520536  0.1594017148  0.0738525391 
0.1653442383  0.1626835465  0.0699462891 
0.1728003025  0.1657361388  0.0657958984 
0.1802226305  0.1685589552  0.0615234375 
0.1876182556  0.1711489558  0.0568847656 
0.1949918270  0.1735088825  0.0522460938 
0.2023515701  0.1756435037  0.0473632812 
0.2097067833  0.1775529981  0.0424804688 
0.2170625925  0.1792441010  0.0374755859 
0.2244256735  0.1807265878  0.0324707031 
0.2318054438  0.1820070744  0.0273437500 
0.2392125130  0.1830896735  0.0222167969 
0.2466564178  0.1839876771  0.0172119141 
0.2541422844  0.1847209334  0.0120849609 
0.2616705894  0.1853129864  0.0070800781 
0.2692357302  0.1857893467  0.0021972656 
0.2768352032  0.1861762404  -0.0026855469 
0.2844649553  0.1864991784  -0.0075683594 
0.2921199799  0.1867821813  -0.0124511719 
0.2997895479  0.1870468259  -0.0172119141 
