-0.4481307268  -0.1252613068  -0.1977539062 
-0.4453161955  -0.1252874732  -0.1892089844 
-0.4424141645  -0.1253317893  -0.1805419922 
-0.4393326044  -0.1254170537  -0.1721191406 
-0.4359797239  -0.1255611181  -0.1636962891 
-0.4322687387  -0.1257731616  -0.1553955078 
-0.4281243086  -0.1260470152  -0.1473388672 
-0.4234789610  -0.1263672113  -0.1396484375 
-0.4182699919  -0.1267052591  -0.1322021484 
-0.4124492407  -0.1270348132  -0.1252441406 
-0.4060064554  -0.1273081005  -0.1188964844 
-0.3989604712  -0.1274907589  -0.1132812500 
-0.3913577795  -0.1275537908  -0.1082763672 
-0.3832744360  -0.1274698079  -0.1042480469 
-0.3748062849  -0.1272149682  -0.1010742188 
-0.3660582304  -0.1267841160  -0.0987548828 
-0.3571339846  -0.1261782348  -0.0972900391 
-0.3481281996  -0.1254055500  -0.0968017578 
-0.3391243219  -0.1244819462  -0.0970458984 
-0.3301869631  -0.1234323978  -0.0980224609 
-0.3213645220  -0.1222903430  -0.0997314453 
-0.3126877546  -0.1210845709  -0.1020507812 
-0.3041719198  -0.1198388338  -0.1048583984 
-0.2958196402  -0.1185742915  -0.1081542969 
-0.2876223326  -0.1173098087  -0.1116943359 
-0.2795652151  -0.1160636246  -0.1157226562 
-0.2716339827  -0.1148556173  -0.1198730469 
-0.2638128996  -0.1136927307  -0.1242675781 
-0.2560867071  -0.1125762165  -0.1289062500 
-0.2484422922  -0.1114997268  -0.1336669922 
-0.2408691645  -0.1104515791  -0.1384277344 
-0.2333554029  -0.1094174981  -0.1434326172 
-0.2258821726  -0.1083818376  -0.1484375000 
-0.2184268236  -0.1073299944  -0.1534423828 
-0.2109670639  -0.1062355638  -0.1584472656 
-0.2034829855  -0.1050775647  -0.1634521484 
-0.1959592104  -0.1038425863  -0.1683349609 
-0.1883795261  -0.1025287211  -0.1730957031 
-0.1807262897  -0.1011472642  -0.1777343750 
-0.1729841232  -0.0997106731  -0.1822509766 
-0.1651412249  -0.0982327163  -0.1865234375 
-0.1571912766  -0.0967159569  -0.1905517578 
-0.1491291523  -0.0951564014  -0.1943359375 
-0.1409540176  -0.0935465395  -0.1978759766 
-0.1326670647  -0.0918775499  -0.2011718750 
-0.1242684126  -0.0901422501  -0.2041015625 
-0.1157581806  -0.0883335471  -0.2065429688 
-0.1071441174  -0.0864381790  -0.2086181641 
-0.0984436274  -0.0844386816  -0.2100830078 
-0.0896877050  -0.0823177695  -0.2110595703 
-0.0809215307  -0.0800609291  -0.2113037109 
-0.0722081661  -0.0776453614  -0.2108154297 
-0.0636230707  -0.0750496984  -0.2095947266 
-0.0552489758  -0.0722609460  -0.2075195312 
-0.0471678972  -0.0692790151  -0.2047119141 
-0.0394585133  -0.0661077499  -0.2011718750 
-0.0321874619  -0.0627598763  -0.1970214844 
-0.0254081488  -0.0592529178  -0.1921386719 
-0.0191551447  -0.0556097031  -0.1866455078 
-0.0134464502  -0.0518515110  -0.1806640625 
-0.0082826614  -0.0480051041  -0.1743164062 
-0.0036474466  -0.0440967083  -0.1676025391 
0.0004872084  -0.0401517749  -0.1606445312 
0.0041594505  -0.0361900330  -0.1533203125 
0.0074083805  -0.0322308540  -0.1458740234 
0.0102763176  -0.0282892585  -0.1381835938 
0.0128016472  -0.0243818164  -0.1304931641 
0.0150253773  -0.0205221772  -0.1225585938 
0.0169848204  -0.0167166591  -0.1146240234 
0.0187072754  -0.0129717588  -0.1065673828 
0.0202198029  -0.0092910528  -0.0983886719 
0.0215501785  -0.0056755543  -0.0902099609 
0.0227193832  -0.0021197796  -0.0819091797 
0.0237417221  0.0013802648  -0.0737304688 
0.0246373415  0.0048339367  -0.0653076172 
0.0254302025  0.0082507133  -0.0570068359 
0.0261472464  0.0116474032  -0.0485839844 
0.0268166065  0.0150429010  -0.0402832031 
0.0274662971  0.0184628963  -0.0318603516 
0.0281232595  0.0219319463  -0.0235595703 
0.0288130045  0.0254812241  -0.0152587891 
0.0295585394  0.0291424394  -0.0070800781 
0.0303798914  0.0329428315  0.0010986328 
0.0313100815  0.0369065404  0.0092773438 
0.0323909521  0.0410599709  0.0172119141 
0.0336717367  0.0454249978  0.0250244141 
0.0352073908  0.0500228405  0.0327148438 
0.0370557308  0.0548665524  0.0401611328 
0.0392740965  0.0599640012  0.0472412109 
0.0419154167  0.0653092861  0.0540771484 
0.0450215340  0.0708880424  0.0605468750 
0.0486289263  0.0766739845  0.0664062500 
0.0527580976  0.0826327801  0.0718994141 
0.0574163198  0.0887184739  0.0766601562 
0.0625935793  0.0948747396  0.0808105469 
0.0682656765  0.1010360122  0.0843505859 
0.0743963718  0.1071295142  0.0870361328 
0.0809340477  0.1130881310  0.0889892578 
0.0878162384  0.1188535690  0.0900878906 
0.0949747562  0.1243813038  0.0905761719 
0.1023396254  0.1296432018  0.0903320312 
0.1098495722  0.1346214414  0.0893554688 
0.1174526215  0.1393107176  0.0878906250 
0.1251032352  0.1437189579  0.0859375000 
0.1327642202  0.1478590369  0.0833740234 
0.1404088736  0.1517446041  0.0805664062 
0.1480209827  0.1553886533  0.0772705078 
0.1555904150  0.1588049531  0.0736083984 
0.1631141901  0.1620044708  0.0697021484 
0.1705920696  0.1649982333  0.0655517578 
0.1780309677  0.1677927375  0.0612792969 
0.1854389906  0.1703970432  0.0567626953 
0.1928294897  0.1728191376  0.0521240234 
0.2002191544  0.1750600934  0.0473632812 
0.2076222897  0.1771228313  0.0426025391 
0.2150553465  0.1790090203  0.0378417969 
0.2225344181  0.1807149053  0.0329589844 
0.2300703526  0.1822411418  0.0281982422 
0.2376736403  0.1835908890  0.0234375000 
0.2453495264  0.1847665310  0.0187988281 
0.2530966997  0.1857663393  0.0142822266 
0.2609105110  0.1865979433  0.0097656250 
0.2687810659  0.1872757673  0.0052490234 
0.2767008543  0.1878203154  0.0009765625 
0.2846623659  0.1882555485  -0.0032958984 
0.2926547527  0.1886073947  -0.0075683594 
0.3006676435  0.1889038086  -0.0118408203 
0.3086874485  0.1891736984  -0.0159912109 
